timestamp,vm_id,hypervisor_name,hypervisor_group,scaphandre_vm_power_total_watts
2025-01-16T08:27:00Z,147abc6a,8bab4dff,a6177608,0.0
2025-01-16T08:30:00Z,147abc6a,8bab4dff,a6177608,0.0
2025-01-16T08:33:00Z,147abc6a,8bab4dff,a6177608,0.0
2025-01-16T08:36:00Z,147abc6a,8bab4dff,a6177608,0.0
2025-01-16T08:39:00Z,147abc6a,8bab4dff,a6177608,0.0
2025-01-16T08:42:00Z,147abc6a,8bab4dff,a6177608,0.0
2025-01-16T08:45:00Z,147abc6a,8bab4dff,a6177608,0.0
2025-01-16T08:48:00Z,147abc6a,8bab4dff,a6177608,0.0
2025-01-16T08:51:00Z,147abc6a,8bab4dff,a6177608,0.0
2025-01-16T08:54:00Z,147abc6a,8bab4dff,a6177608,0.0
2025-01-16T08:57:00Z,147abc6a,8bab4dff,a6177608,0.0
2025-01-16T09:00:00Z,147abc6a,8bab4dff,a6177608,0.01
2025-01-16T09:03:00Z,147abc6a,8bab4dff,a6177608,0.01
2025-01-16T09:06:00Z,147abc6a,8bab4dff,a6177608,0.0
2025-01-16T09:09:00Z,147abc6a,8bab4dff,a6177608,0.05
2025-01-16T09:12:00Z,147abc6a,8bab4dff,a6177608,0.0
2025-01-16T09:15:00Z,147abc6a,8bab4dff,a6177608,0.0
2025-01-16T09:18:00Z,147abc6a,8bab4dff,a6177608,0.0
2025-01-16T09:21:00Z,147abc6a,8bab4dff,a6177608,0.0
2025-01-16T09:24:00Z,147abc6a,8bab4dff,a6177608,0.0
2025-01-16T09:27:00Z,147abc6a,8bab4dff,a6177608,0.0
2025-01-16T09:30:00Z,147abc6a,8bab4dff,a6177608,0.0
2025-01-16T09:33:00Z,147abc6a,8bab4dff,a6177608,0.18
2025-01-16T09:36:00Z,147abc6a,8bab4dff,a6177608,0.0
2025-01-16T09:39:00Z,147abc6a,8bab4dff,a6177608,0.0
2025-01-16T09:42:00Z,147abc6a,8bab4dff,a6177608,0.01
2025-01-16T09:45:00Z,147abc6a,8bab4dff,a6177608,0.0
2025-01-16T09:48:00Z,147abc6a,8bab4dff,a6177608,0.0
2025-01-16T09:51:00Z,147abc6a,8bab4dff,a6177608,0.0
2025-01-16T09:54:00Z,147abc6a,8bab4dff,a6177608,0.0
2025-01-16T09:57:00Z,147abc6a,8bab4dff,a6177608,0.0
2025-01-16T10:00:00Z,147abc6a,8bab4dff,a6177608,0.0
2025-01-16T10:03:00Z,147abc6a,8bab4dff,a6177608,0.0
2025-01-16T10:06:00Z,147abc6a,8bab4dff,a6177608,0.0
2025-01-16T10:09:00Z,147abc6a,8bab4dff,a6177608,0.0
2025-01-16T10:12:00Z,147abc6a,8bab4dff,a6177608,0.0
2025-01-16T10:15:00Z,147abc6a,8bab4dff,a6177608,0.0
2025-01-16T10:18:00Z,147abc6a,8bab4dff,a6177608,0.0
2025-01-16T10:21:00Z,147abc6a,8bab4dff,a6177608,0.0
2025-01-16T10:24:00Z,147abc6a,8bab4dff,a6177608,0.0
2025-01-16T10:27:00Z,147abc6a,8bab4dff,a6177608,0.0
2025-01-16T10:30:00Z,147abc6a,8bab4dff,a6177608,0.0
2025-01-16T10:33:00Z,147abc6a,8bab4dff,a6177608,0.0
2025-01-16T10:36:00Z,147abc6a,8bab4dff,a6177608,0.0
2025-01-16T10:39:00Z,147abc6a,8bab4dff,a6177608,0.0
2025-01-16T10:42:00Z,147abc6a,8bab4dff,a6177608,0.0
2025-01-16T10:45:00Z,147abc6a,8bab4dff,a6177608,0.0
2025-01-16T10:48:00Z,147abc6a,8bab4dff,a6177608,0.0
2025-01-16T10:51:00Z,147abc6a,8bab4dff,a6177608,0.0
2025-01-16T10:54:00Z,147abc6a,8bab4dff,a6177608,0.0
2025-01-16T10:57:00Z,147abc6a,8bab4dff,a6177608,0.0
2025-01-16T11:00:00Z,147abc6a,8bab4dff,a6177608,0.0
2025-01-16T11:03:00Z,147abc6a,8bab4dff,a6177608,0.0
2025-01-16T11:06:00Z,147abc6a,8bab4dff,a6177608,0.01
2025-01-16T11:09:00Z,147abc6a,8bab4dff,a6177608,0.01
2025-01-16T11:12:00Z,147abc6a,8bab4dff,a6177608,0.01
2025-01-16T11:15:00Z,147abc6a,8bab4dff,a6177608,0.0
2025-01-16T11:18:00Z,147abc6a,8bab4dff,a6177608,0.0
2025-01-16T11:21:00Z,147abc6a,8bab4dff,a6177608,0.0
2025-01-16T11:24:00Z,147abc6a,8bab4dff,a6177608,0.0
2025-01-16T11:27:00Z,147abc6a,8bab4dff,a6177608,0.01
2025-01-16T11:30:00Z,147abc6a,8bab4dff,a6177608,0.01
2025-01-16T11:33:00Z,147abc6a,8bab4dff,a6177608,0.0
2025-01-16T11:36:00Z,147abc6a,8bab4dff,a6177608,0.0
2025-01-16T11:39:00Z,147abc6a,8bab4dff,a6177608,0.0
2025-01-16T11:42:00Z,147abc6a,8bab4dff,a6177608,0.0
2025-01-16T11:45:00Z,147abc6a,8bab4dff,a6177608,0.0
2025-01-16T11:48:00Z,147abc6a,8bab4dff,a6177608,0.01
2025-01-16T11:51:00Z,147abc6a,8bab4dff,a6177608,0.0
2025-01-16T11:54:00Z,147abc6a,8bab4dff,a6177608,0.0
2025-01-16T11:57:00Z,147abc6a,8bab4dff,a6177608,0.0
2025-01-16T12:00:00Z,147abc6a,8bab4dff,a6177608,0.0
2025-01-16T12:03:00Z,147abc6a,8bab4dff,a6177608,0.0
2025-01-16T12:06:00Z,147abc6a,8bab4dff,a6177608,0.0
2025-01-16T12:09:00Z,147abc6a,8bab4dff,a6177608,0.0
2025-01-16T12:12:00Z,147abc6a,8bab4dff,a6177608,0.0
2025-01-16T12:15:00Z,147abc6a,8bab4dff,a6177608,0.0
2025-01-16T12:18:00Z,147abc6a,8bab4dff,a6177608,0.0
2025-01-16T12:21:00Z,147abc6a,8bab4dff,a6177608,0.0
2025-01-16T12:24:00Z,147abc6a,8bab4dff,a6177608,0.0
2025-01-16T12:27:00Z,147abc6a,8bab4dff,a6177608,0.0
2025-01-16T12:30:00Z,147abc6a,8bab4dff,a6177608,0.01
2025-01-16T12:33:00Z,147abc6a,8bab4dff,a6177608,0.01
2025-01-16T12:36:00Z,147abc6a,8bab4dff,a6177608,0.0
2025-01-16T12:39:00Z,147abc6a,8bab4dff,a6177608,0.0
2025-01-16T12:42:00Z,147abc6a,8bab4dff,a6177608,0.0
2025-01-16T12:45:00Z,147abc6a,8bab4dff,a6177608,0.0
2025-01-16T12:48:00Z,147abc6a,8bab4dff,a6177608,0.0
2025-01-16T12:51:00Z,147abc6a,8bab4dff,a6177608,0.0
2025-01-16T12:54:00Z,147abc6a,8bab4dff,a6177608,0.01
2025-01-16T12:57:00Z,147abc6a,8bab4dff,a6177608,0.01
2025-01-16T13:00:00Z,147abc6a,8bab4dff,a6177608,0.0
2025-01-16T13:03:00Z,147abc6a,8bab4dff,a6177608,0.0
2025-01-16T13:06:00Z,147abc6a,8bab4dff,a6177608,0.01
2025-01-16T13:09:00Z,147abc6a,8bab4dff,a6177608,0.01
2025-01-16T13:12:00Z,147abc6a,8bab4dff,a6177608,0.01
2025-01-16T13:15:00Z,147abc6a,8bab4dff,a6177608,0.0
2025-01-16T13:18:00Z,147abc6a,8bab4dff,a6177608,0.0
2025-01-16T13:21:00Z,147abc6a,8bab4dff,a6177608,0.0
2025-01-16T13:24:00Z,147abc6a,8bab4dff,a6177608,0.0
2025-01-16T13:27:00Z,147abc6a,8bab4dff,a6177608,0.0
2025-01-16T13:30:00Z,147abc6a,8bab4dff,a6177608,0.0
2025-01-16T13:33:00Z,147abc6a,8bab4dff,a6177608,0.0
2025-01-16T13:36:00Z,147abc6a,8bab4dff,a6177608,0.0
2025-01-16T13:39:00Z,147abc6a,8bab4dff,a6177608,0.0
2025-01-16T13:42:00Z,147abc6a,8bab4dff,a6177608,0.0
2025-01-16T13:45:00Z,147abc6a,8bab4dff,a6177608,0.0
2025-01-16T13:48:00Z,147abc6a,8bab4dff,a6177608,0.0
2025-01-16T13:51:00Z,147abc6a,8bab4dff,a6177608,0.0
2025-01-16T13:54:00Z,147abc6a,8bab4dff,a6177608,0.0
2025-01-16T13:57:00Z,147abc6a,8bab4dff,a6177608,0.0
2025-01-16T14:00:00Z,147abc6a,8bab4dff,a6177608,0.0
2025-01-16T14:03:00Z,147abc6a,8bab4dff,a6177608,0.0
2025-01-16T14:06:00Z,147abc6a,8bab4dff,a6177608,0.0
2025-01-16T14:09:00Z,147abc6a,8bab4dff,a6177608,0.0
2025-01-16T14:12:00Z,147abc6a,8bab4dff,a6177608,0.0
2025-01-16T14:15:00Z,147abc6a,8bab4dff,a6177608,0.0
2025-01-16T14:18:00Z,147abc6a,8bab4dff,a6177608,0.0
2025-01-16T14:21:00Z,147abc6a,8bab4dff,a6177608,0.0
2025-01-16T14:24:00Z,147abc6a,8bab4dff,a6177608,0.0
2025-01-16T14:27:00Z,147abc6a,8bab4dff,a6177608,0.0
2025-01-16T14:30:00Z,147abc6a,8bab4dff,a6177608,0.0
2025-01-16T14:33:00Z,147abc6a,8bab4dff,a6177608,0.0
2025-01-16T14:36:00Z,147abc6a,8bab4dff,a6177608,0.0
2025-01-16T14:39:00Z,147abc6a,8bab4dff,a6177608,0.0
2025-01-16T14:42:00Z,147abc6a,8bab4dff,a6177608,0.0
2025-01-16T14:45:00Z,147abc6a,8bab4dff,a6177608,0.0
2025-01-16T14:48:00Z,147abc6a,8bab4dff,a6177608,0.0
2025-01-16T14:51:00Z,147abc6a,8bab4dff,a6177608,0.0
2025-01-16T14:54:00Z,147abc6a,8bab4dff,a6177608,0.0
2025-01-16T14:57:00Z,147abc6a,8bab4dff,a6177608,0.0
2025-01-16T15:00:00Z,147abc6a,8bab4dff,a6177608,0.0
2025-01-16T15:03:00Z,147abc6a,8bab4dff,a6177608,0.0
2025-01-16T15:06:00Z,147abc6a,8bab4dff,a6177608,0.0
2025-01-16T15:09:00Z,147abc6a,8bab4dff,a6177608,0.0
2025-01-16T15:12:00Z,147abc6a,8bab4dff,a6177608,0.0
2025-01-16T15:15:00Z,147abc6a,8bab4dff,a6177608,0.0
2025-01-16T15:18:00Z,147abc6a,8bab4dff,a6177608,0.0
2025-01-16T15:21:00Z,147abc6a,8bab4dff,a6177608,0.0
2025-01-16T15:24:00Z,147abc6a,8bab4dff,a6177608,0.0
2025-01-16T15:27:00Z,147abc6a,8bab4dff,a6177608,0.0
2025-01-16T15:30:00Z,147abc6a,8bab4dff,a6177608,0.0
2025-01-16T15:33:00Z,147abc6a,8bab4dff,a6177608,0.0
2025-01-16T15:36:00Z,147abc6a,8bab4dff,a6177608,0.0
2025-01-16T15:39:00Z,147abc6a,8bab4dff,a6177608,0.0
2025-01-16T15:42:00Z,147abc6a,8bab4dff,a6177608,0.0
2025-01-16T15:45:00Z,147abc6a,8bab4dff,a6177608,0.0
2025-01-16T15:48:00Z,147abc6a,8bab4dff,a6177608,0.0
2025-01-16T15:51:00Z,147abc6a,8bab4dff,a6177608,0.0
2025-01-16T15:54:00Z,147abc6a,8bab4dff,a6177608,0.0
2025-01-16T15:57:00Z,147abc6a,8bab4dff,a6177608,0.0
2025-01-16T16:00:00Z,147abc6a,8bab4dff,a6177608,0.0
2025-01-16T16:03:00Z,147abc6a,8bab4dff,a6177608,0.0
2025-01-16T16:06:00Z,147abc6a,8bab4dff,a6177608,0.0
2025-01-16T16:09:00Z,147abc6a,8bab4dff,a6177608,0.0
2025-01-16T16:12:00Z,147abc6a,8bab4dff,a6177608,0.01
2025-01-16T16:15:00Z,147abc6a,8bab4dff,a6177608,0.0
2025-01-16T16:18:00Z,147abc6a,8bab4dff,a6177608,0.0
2025-01-16T16:21:00Z,147abc6a,8bab4dff,a6177608,0.0
2025-01-16T16:24:00Z,147abc6a,8bab4dff,a6177608,0.0
2025-01-16T16:27:00Z,147abc6a,8bab4dff,a6177608,0.0
2025-01-16T16:30:00Z,147abc6a,8bab4dff,a6177608,0.0
2025-01-16T16:33:00Z,147abc6a,8bab4dff,a6177608,0.0
2025-01-16T16:36:00Z,147abc6a,8bab4dff,a6177608,0.0
2025-01-16T16:39:00Z,147abc6a,8bab4dff,a6177608,0.0
2025-01-16T16:42:00Z,147abc6a,8bab4dff,a6177608,0.0
2025-01-16T16:45:00Z,147abc6a,8bab4dff,a6177608,0.0
2025-01-16T16:48:00Z,147abc6a,8bab4dff,a6177608,0.01
2025-01-16T16:51:00Z,147abc6a,8bab4dff,a6177608,0.0
2025-01-16T16:54:00Z,147abc6a,8bab4dff,a6177608,0.0
2025-01-16T16:57:00Z,147abc6a,8bab4dff,a6177608,0.0
2025-01-16T17:00:00Z,147abc6a,8bab4dff,a6177608,0.0
2025-01-16T17:03:00Z,147abc6a,8bab4dff,a6177608,0.0
2025-01-16T17:06:00Z,147abc6a,8bab4dff,a6177608,0.0
2025-01-16T17:09:00Z,147abc6a,8bab4dff,a6177608,0.0
2025-01-16T17:12:00Z,147abc6a,8bab4dff,a6177608,0.0
2025-01-16T17:15:00Z,147abc6a,8bab4dff,a6177608,0.0
2025-01-16T17:18:00Z,147abc6a,8bab4dff,a6177608,0.0
2025-01-16T17:21:00Z,147abc6a,8bab4dff,a6177608,0.0
2025-01-16T17:24:00Z,147abc6a,8bab4dff,a6177608,0.0
2025-01-16T17:27:00Z,147abc6a,8bab4dff,a6177608,0.0
2025-01-16T17:30:00Z,147abc6a,8bab4dff,a6177608,0.0
2025-01-16T17:33:00Z,147abc6a,8bab4dff,a6177608,0.0
2025-01-16T17:36:00Z,147abc6a,8bab4dff,a6177608,0.0
2025-01-16T17:39:00Z,147abc6a,8bab4dff,a6177608,0.0
2025-01-16T17:42:00Z,147abc6a,8bab4dff,a6177608,0.0
2025-01-16T17:45:00Z,147abc6a,8bab4dff,a6177608,0.0
2025-01-16T17:48:00Z,147abc6a,8bab4dff,a6177608,0.0
2025-01-16T17:51:00Z,147abc6a,8bab4dff,a6177608,0.0
2025-01-16T17:54:00Z,147abc6a,8bab4dff,a6177608,0.0
2025-01-16T17:57:00Z,147abc6a,8bab4dff,a6177608,0.0
2025-01-16T18:00:00Z,147abc6a,8bab4dff,a6177608,0.0
2025-01-16T18:03:00Z,147abc6a,8bab4dff,a6177608,0.0
2025-01-16T18:06:00Z,147abc6a,8bab4dff,a6177608,0.0
2025-01-16T18:09:00Z,147abc6a,8bab4dff,a6177608,0.0
2025-01-16T18:12:00Z,147abc6a,8bab4dff,a6177608,0.0
2025-01-16T18:15:00Z,147abc6a,8bab4dff,a6177608,0.01
2025-01-16T18:18:00Z,147abc6a,8bab4dff,a6177608,0.0
2025-01-16T18:21:00Z,147abc6a,8bab4dff,a6177608,0.0
2025-01-16T18:24:00Z,147abc6a,8bab4dff,a6177608,0.0
2025-01-16T18:27:00Z,147abc6a,8bab4dff,a6177608,0.0
2025-01-16T18:30:00Z,147abc6a,8bab4dff,a6177608,0.0
2025-01-16T18:33:00Z,147abc6a,8bab4dff,a6177608,0.0
2025-01-16T18:36:00Z,147abc6a,8bab4dff,a6177608,0.0
2025-01-16T18:39:00Z,147abc6a,8bab4dff,a6177608,0.0
2025-01-16T18:42:00Z,147abc6a,8bab4dff,a6177608,0.0
2025-01-16T18:45:00Z,147abc6a,8bab4dff,a6177608,0.0
2025-01-16T18:48:00Z,147abc6a,8bab4dff,a6177608,0.0
2025-01-16T18:51:00Z,147abc6a,8bab4dff,a6177608,0.0
2025-01-16T18:54:00Z,147abc6a,8bab4dff,a6177608,0.0
2025-01-16T18:57:00Z,147abc6a,8bab4dff,a6177608,0.0
2025-01-16T19:00:00Z,147abc6a,8bab4dff,a6177608,0.0
2025-01-16T19:03:00Z,147abc6a,8bab4dff,a6177608,0.0
2025-01-16T19:06:00Z,147abc6a,8bab4dff,a6177608,0.01
2025-01-16T19:09:00Z,147abc6a,8bab4dff,a6177608,0.01
2025-01-16T19:12:00Z,147abc6a,8bab4dff,a6177608,0.0
2025-01-16T19:15:00Z,147abc6a,8bab4dff,a6177608,0.0
2025-01-16T19:18:00Z,147abc6a,8bab4dff,a6177608,0.0
2025-01-16T19:21:00Z,147abc6a,8bab4dff,a6177608,0.0
2025-01-16T19:24:00Z,147abc6a,8bab4dff,a6177608,0.0
2025-01-16T19:27:00Z,147abc6a,8bab4dff,a6177608,0.0
2025-01-16T19:30:00Z,147abc6a,8bab4dff,a6177608,0.0
2025-01-16T19:33:00Z,147abc6a,8bab4dff,a6177608,0.0
2025-01-16T19:36:00Z,147abc6a,8bab4dff,a6177608,0.0
2025-01-16T19:39:00Z,147abc6a,8bab4dff,a6177608,0.0
2025-01-16T19:42:00Z,147abc6a,8bab4dff,a6177608,0.0
2025-01-16T19:45:00Z,147abc6a,8bab4dff,a6177608,0.0
2025-01-16T19:48:00Z,147abc6a,8bab4dff,a6177608,0.0
2025-01-16T19:51:00Z,147abc6a,8bab4dff,a6177608,0.0
2025-01-16T19:54:00Z,147abc6a,8bab4dff,a6177608,0.0
2025-01-16T19:57:00Z,147abc6a,8bab4dff,a6177608,0.0
2025-01-16T20:00:00Z,147abc6a,8bab4dff,a6177608,0.0
2025-01-16T20:03:00Z,147abc6a,8bab4dff,a6177608,0.0
2025-01-16T20:06:00Z,147abc6a,8bab4dff,a6177608,0.0
2025-01-16T20:09:00Z,147abc6a,8bab4dff,a6177608,0.0
2025-01-16T20:12:00Z,147abc6a,8bab4dff,a6177608,0.0
2025-01-16T20:15:00Z,147abc6a,8bab4dff,a6177608,0.0
2025-01-16T20:18:00Z,147abc6a,8bab4dff,a6177608,0.0
2025-01-16T20:21:00Z,147abc6a,8bab4dff,a6177608,0.0
2025-01-16T20:24:00Z,147abc6a,8bab4dff,a6177608,0.0
2025-01-16T20:27:00Z,147abc6a,8bab4dff,a6177608,0.0
2025-01-16T20:30:00Z,147abc6a,8bab4dff,a6177608,0.0
2025-01-16T20:33:00Z,147abc6a,8bab4dff,a6177608,0.0
2025-01-16T20:36:00Z,147abc6a,8bab4dff,a6177608,0.0
2025-01-16T20:39:00Z,147abc6a,8bab4dff,a6177608,0.0
2025-01-16T20:42:00Z,147abc6a,8bab4dff,a6177608,0.0
2025-01-16T20:45:00Z,147abc6a,8bab4dff,a6177608,0.0
2025-01-16T20:48:00Z,147abc6a,8bab4dff,a6177608,0.0
2025-01-16T20:51:00Z,147abc6a,8bab4dff,a6177608,0.0
2025-01-16T20:54:00Z,147abc6a,8bab4dff,a6177608,0.0
2025-01-16T20:57:00Z,147abc6a,8bab4dff,a6177608,0.0
2025-01-16T21:00:00Z,147abc6a,8bab4dff,a6177608,0.0
2025-01-16T21:03:00Z,147abc6a,8bab4dff,a6177608,0.0
2025-01-16T21:06:00Z,147abc6a,8bab4dff,a6177608,0.0
2025-01-16T21:09:00Z,147abc6a,8bab4dff,a6177608,0.0
2025-01-16T21:12:00Z,147abc6a,8bab4dff,a6177608,0.0
2025-01-16T21:15:00Z,147abc6a,8bab4dff,a6177608,0.0
2025-01-16T21:18:00Z,147abc6a,8bab4dff,a6177608,0.0
2025-01-16T21:21:00Z,147abc6a,8bab4dff,a6177608,0.0
2025-01-16T21:24:00Z,147abc6a,8bab4dff,a6177608,0.0
2025-01-16T21:27:00Z,147abc6a,8bab4dff,a6177608,0.0
2025-01-16T21:30:00Z,147abc6a,8bab4dff,a6177608,0.0
2025-01-16T21:33:00Z,147abc6a,8bab4dff,a6177608,0.0
2025-01-16T21:36:00Z,147abc6a,8bab4dff,a6177608,0.0
2025-01-16T21:39:00Z,147abc6a,8bab4dff,a6177608,0.0
2025-01-16T21:42:00Z,147abc6a,8bab4dff,a6177608,0.0
2025-01-16T21:45:00Z,147abc6a,8bab4dff,a6177608,0.0
2025-01-16T21:48:00Z,147abc6a,8bab4dff,a6177608,0.0
2025-01-16T21:51:00Z,147abc6a,8bab4dff,a6177608,0.0
2025-01-16T21:54:00Z,147abc6a,8bab4dff,a6177608,0.0
2025-01-16T21:57:00Z,147abc6a,8bab4dff,a6177608,0.0
2025-01-16T22:00:00Z,147abc6a,8bab4dff,a6177608,0.0
2025-01-16T22:03:00Z,147abc6a,8bab4dff,a6177608,0.0
2025-01-16T22:06:00Z,147abc6a,8bab4dff,a6177608,0.0
2025-01-16T22:09:00Z,147abc6a,8bab4dff,a6177608,0.0
2025-01-16T22:12:00Z,147abc6a,8bab4dff,a6177608,0.0
2025-01-16T22:15:00Z,147abc6a,8bab4dff,a6177608,0.0
2025-01-16T22:18:00Z,147abc6a,8bab4dff,a6177608,0.0
2025-01-16T22:21:00Z,147abc6a,8bab4dff,a6177608,0.01
2025-01-16T22:24:00Z,147abc6a,8bab4dff,a6177608,0.0
2025-01-16T22:27:00Z,147abc6a,8bab4dff,a6177608,0.0
2025-01-16T22:30:00Z,147abc6a,8bab4dff,a6177608,0.0
2025-01-16T22:33:00Z,147abc6a,8bab4dff,a6177608,0.0
2025-01-16T22:36:00Z,147abc6a,8bab4dff,a6177608,0.0
2025-01-16T22:39:00Z,147abc6a,8bab4dff,a6177608,0.0
2025-01-16T22:42:00Z,147abc6a,8bab4dff,a6177608,0.0
2025-01-16T22:45:00Z,147abc6a,8bab4dff,a6177608,0.0
2025-01-16T22:48:00Z,147abc6a,8bab4dff,a6177608,0.0
2025-01-16T22:51:00Z,147abc6a,8bab4dff,a6177608,0.0
2025-01-16T22:54:00Z,147abc6a,8bab4dff,a6177608,0.0
2025-01-16T22:57:00Z,147abc6a,8bab4dff,a6177608,0.0
2025-01-16T23:00:00Z,147abc6a,8bab4dff,a6177608,0.0
2025-01-16T23:03:00Z,147abc6a,8bab4dff,a6177608,0.0
2025-01-16T23:06:00Z,147abc6a,8bab4dff,a6177608,0.0
2025-01-16T23:09:00Z,147abc6a,8bab4dff,a6177608,0.01
2025-01-16T23:12:00Z,147abc6a,8bab4dff,a6177608,0.0
2025-01-16T23:15:00Z,147abc6a,8bab4dff,a6177608,0.0
2025-01-16T23:18:00Z,147abc6a,8bab4dff,a6177608,0.0
2025-01-16T23:21:00Z,147abc6a,8bab4dff,a6177608,0.0
2025-01-16T23:24:00Z,147abc6a,8bab4dff,a6177608,0.0
2025-01-16T23:27:00Z,147abc6a,8bab4dff,a6177608,0.0
2025-01-16T23:30:00Z,147abc6a,8bab4dff,a6177608,0.0
2025-01-16T23:33:00Z,147abc6a,8bab4dff,a6177608,0.0
2025-01-16T23:36:00Z,147abc6a,8bab4dff,a6177608,0.0
2025-01-16T23:39:00Z,147abc6a,8bab4dff,a6177608,0.0
2025-01-16T23:42:00Z,147abc6a,8bab4dff,a6177608,0.01
2025-01-16T23:45:00Z,147abc6a,8bab4dff,a6177608,0.0
2025-01-16T23:48:00Z,147abc6a,8bab4dff,a6177608,0.0
2025-01-16T23:51:00Z,147abc6a,8bab4dff,a6177608,0.0
2025-01-16T23:54:00Z,147abc6a,8bab4dff,a6177608,0.0
2025-01-16T23:57:00Z,147abc6a,8bab4dff,a6177608,0.0
2025-01-17T00:00:00Z,147abc6a,8bab4dff,a6177608,0.01
2025-01-17T00:03:00Z,147abc6a,8bab4dff,a6177608,0.0
2025-01-17T00:06:00Z,147abc6a,8bab4dff,a6177608,0.0
2025-01-17T00:09:00Z,147abc6a,8bab4dff,a6177608,0.0
2025-01-17T00:12:00Z,147abc6a,8bab4dff,a6177608,0.0
2025-01-17T00:15:00Z,147abc6a,8bab4dff,a6177608,0.0
2025-01-17T00:18:00Z,147abc6a,8bab4dff,a6177608,0.0
2025-01-17T00:21:00Z,147abc6a,8bab4dff,a6177608,0.0
2025-01-17T00:24:00Z,147abc6a,8bab4dff,a6177608,0.0
2025-01-17T00:27:00Z,147abc6a,8bab4dff,a6177608,0.0
2025-01-17T00:30:00Z,147abc6a,8bab4dff,a6177608,0.0
2025-01-17T00:33:00Z,147abc6a,8bab4dff,a6177608,0.0
2025-01-17T00:36:00Z,147abc6a,8bab4dff,a6177608,0.0
2025-01-17T00:39:00Z,147abc6a,8bab4dff,a6177608,0.0
2025-01-17T00:42:00Z,147abc6a,8bab4dff,a6177608,0.0
2025-01-17T00:45:00Z,147abc6a,8bab4dff,a6177608,0.0
2025-01-17T00:48:00Z,147abc6a,8bab4dff,a6177608,0.0
2025-01-17T00:51:00Z,147abc6a,8bab4dff,a6177608,0.0
2025-01-17T00:54:00Z,147abc6a,8bab4dff,a6177608,0.0
2025-01-17T00:57:00Z,147abc6a,8bab4dff,a6177608,0.0
2025-01-17T01:00:00Z,147abc6a,8bab4dff,a6177608,0.0
2025-01-17T01:03:00Z,147abc6a,8bab4dff,a6177608,0.0
2025-01-17T01:06:00Z,147abc6a,8bab4dff,a6177608,0.0
2025-01-17T01:09:00Z,147abc6a,8bab4dff,a6177608,0.0
2025-01-17T01:12:00Z,147abc6a,8bab4dff,a6177608,0.0
2025-01-17T01:15:00Z,147abc6a,8bab4dff,a6177608,0.0
2025-01-17T01:18:00Z,147abc6a,8bab4dff,a6177608,0.0
2025-01-17T01:21:00Z,147abc6a,8bab4dff,a6177608,0.0
2025-01-17T01:24:00Z,147abc6a,8bab4dff,a6177608,0.01
2025-01-17T01:27:00Z,147abc6a,8bab4dff,a6177608,0.0
2025-01-17T01:30:00Z,147abc6a,8bab4dff,a6177608,0.0
2025-01-17T01:33:00Z,147abc6a,8bab4dff,a6177608,0.0
2025-01-17T01:36:00Z,147abc6a,8bab4dff,a6177608,0.0
2025-01-17T01:39:00Z,147abc6a,8bab4dff,a6177608,0.0
2025-01-17T01:42:00Z,147abc6a,8bab4dff,a6177608,0.01
2025-01-17T01:45:00Z,147abc6a,8bab4dff,a6177608,0.0
2025-01-17T01:48:00Z,147abc6a,8bab4dff,a6177608,0.0
2025-01-17T01:51:00Z,147abc6a,8bab4dff,a6177608,0.0
2025-01-17T01:54:00Z,147abc6a,8bab4dff,a6177608,0.0
2025-01-17T01:57:00Z,147abc6a,8bab4dff,a6177608,0.0
2025-01-17T02:00:00Z,147abc6a,8bab4dff,a6177608,0.0
2025-01-17T02:03:00Z,147abc6a,8bab4dff,a6177608,0.0
2025-01-17T02:06:00Z,147abc6a,8bab4dff,a6177608,0.0
2025-01-17T02:09:00Z,147abc6a,8bab4dff,a6177608,0.0
2025-01-17T02:12:00Z,147abc6a,8bab4dff,a6177608,0.0
2025-01-17T02:15:00Z,147abc6a,8bab4dff,a6177608,0.0
2025-01-17T02:18:00Z,147abc6a,8bab4dff,a6177608,0.0
2025-01-17T02:21:00Z,147abc6a,8bab4dff,a6177608,0.0
2025-01-17T02:24:00Z,147abc6a,8bab4dff,a6177608,0.0
2025-01-17T02:27:00Z,147abc6a,8bab4dff,a6177608,0.0
2025-01-17T02:30:00Z,147abc6a,8bab4dff,a6177608,0.0
2025-01-17T02:33:00Z,147abc6a,8bab4dff,a6177608,0.0
2025-01-17T02:36:00Z,147abc6a,8bab4dff,a6177608,0.05
2025-01-17T02:39:00Z,147abc6a,8bab4dff,a6177608,0.14
2025-01-17T02:42:00Z,147abc6a,8bab4dff,a6177608,0.0
2025-01-17T02:45:00Z,147abc6a,8bab4dff,a6177608,0.0
2025-01-17T02:48:00Z,147abc6a,8bab4dff,a6177608,0.0
2025-01-17T02:51:00Z,147abc6a,8bab4dff,a6177608,0.0
2025-01-17T02:54:00Z,147abc6a,8bab4dff,a6177608,0.01
2025-01-17T02:57:00Z,147abc6a,8bab4dff,a6177608,0.0
2025-01-17T03:00:00Z,147abc6a,8bab4dff,a6177608,0.0
2025-01-17T03:03:00Z,147abc6a,8bab4dff,a6177608,0.0
2025-01-17T03:06:00Z,147abc6a,8bab4dff,a6177608,0.0
2025-01-17T03:09:00Z,147abc6a,8bab4dff,a6177608,0.0
2025-01-17T03:12:00Z,147abc6a,8bab4dff,a6177608,0.0
2025-01-17T03:15:00Z,147abc6a,8bab4dff,a6177608,0.0
2025-01-17T03:18:00Z,147abc6a,8bab4dff,a6177608,0.01
2025-01-17T03:21:00Z,147abc6a,8bab4dff,a6177608,0.0
2025-01-17T03:24:00Z,147abc6a,8bab4dff,a6177608,0.01
2025-01-17T03:27:00Z,147abc6a,8bab4dff,a6177608,0.0
2025-01-17T03:30:00Z,147abc6a,8bab4dff,a6177608,0.0
2025-01-17T03:33:00Z,147abc6a,8bab4dff,a6177608,0.0
2025-01-17T03:36:00Z,147abc6a,8bab4dff,a6177608,0.0
2025-01-17T03:39:00Z,147abc6a,8bab4dff,a6177608,0.0
2025-01-17T03:42:00Z,147abc6a,8bab4dff,a6177608,0.0
2025-01-17T03:45:00Z,147abc6a,8bab4dff,a6177608,0.0
2025-01-17T03:48:00Z,147abc6a,8bab4dff,a6177608,0.0
2025-01-17T03:51:00Z,147abc6a,8bab4dff,a6177608,0.0
2025-01-17T03:54:00Z,147abc6a,8bab4dff,a6177608,0.01
2025-01-17T03:57:00Z,147abc6a,8bab4dff,a6177608,0.0
2025-01-17T04:00:00Z,147abc6a,8bab4dff,a6177608,0.0
2025-01-17T04:03:00Z,147abc6a,8bab4dff,a6177608,0.0
2025-01-17T04:06:00Z,147abc6a,8bab4dff,a6177608,0.0
2025-01-17T04:09:00Z,147abc6a,8bab4dff,a6177608,0.0
2025-01-17T04:12:00Z,147abc6a,8bab4dff,a6177608,0.0
2025-01-17T04:15:00Z,147abc6a,8bab4dff,a6177608,0.0
2025-01-17T04:18:00Z,147abc6a,8bab4dff,a6177608,0.0
2025-01-17T04:21:00Z,147abc6a,8bab4dff,a6177608,0.0
2025-01-17T04:24:00Z,147abc6a,8bab4dff,a6177608,0.0
2025-01-17T04:27:00Z,147abc6a,8bab4dff,a6177608,0.0
2025-01-17T04:30:00Z,147abc6a,8bab4dff,a6177608,0.0
2025-01-17T04:33:00Z,147abc6a,8bab4dff,a6177608,0.0
2025-01-17T04:36:00Z,147abc6a,8bab4dff,a6177608,0.0
2025-01-17T04:39:00Z,147abc6a,8bab4dff,a6177608,0.0
2025-01-17T04:42:00Z,147abc6a,8bab4dff,a6177608,0.0
2025-01-17T04:45:00Z,147abc6a,8bab4dff,a6177608,0.0
2025-01-17T04:48:00Z,147abc6a,8bab4dff,a6177608,0.0
2025-01-17T04:51:00Z,147abc6a,8bab4dff,a6177608,0.0
2025-01-17T04:54:00Z,147abc6a,8bab4dff,a6177608,0.0
2025-01-17T04:57:00Z,147abc6a,8bab4dff,a6177608,0.0
2025-01-17T05:00:00Z,147abc6a,8bab4dff,a6177608,0.0
2025-01-17T05:03:00Z,147abc6a,8bab4dff,a6177608,0.0
2025-01-17T05:06:00Z,147abc6a,8bab4dff,a6177608,0.0
2025-01-17T05:09:00Z,147abc6a,8bab4dff,a6177608,0.0
2025-01-17T05:12:00Z,147abc6a,8bab4dff,a6177608,0.0
2025-01-17T05:15:00Z,147abc6a,8bab4dff,a6177608,0.0
2025-01-17T05:18:00Z,147abc6a,8bab4dff,a6177608,0.0
2025-01-17T05:21:00Z,147abc6a,8bab4dff,a6177608,0.0
2025-01-17T05:24:00Z,147abc6a,8bab4dff,a6177608,0.0
2025-01-17T05:27:00Z,147abc6a,8bab4dff,a6177608,0.0
2025-01-17T05:30:00Z,147abc6a,8bab4dff,a6177608,0.0
2025-01-17T05:33:00Z,147abc6a,8bab4dff,a6177608,0.0
2025-01-17T05:36:00Z,147abc6a,8bab4dff,a6177608,0.0
2025-01-17T05:39:00Z,147abc6a,8bab4dff,a6177608,0.0
2025-01-17T05:42:00Z,147abc6a,8bab4dff,a6177608,0.0
2025-01-17T05:45:00Z,147abc6a,8bab4dff,a6177608,0.0
2025-01-17T05:48:00Z,147abc6a,8bab4dff,a6177608,0.0
2025-01-17T05:51:00Z,147abc6a,8bab4dff,a6177608,0.01
2025-01-17T05:54:00Z,147abc6a,8bab4dff,a6177608,0.0
2025-01-17T05:57:00Z,147abc6a,8bab4dff,a6177608,0.0
2025-01-17T06:00:00Z,147abc6a,8bab4dff,a6177608,0.0
2025-01-17T06:03:00Z,147abc6a,8bab4dff,a6177608,0.0
2025-01-17T06:06:00Z,147abc6a,8bab4dff,a6177608,0.0
2025-01-17T06:09:00Z,147abc6a,8bab4dff,a6177608,0.0
2025-01-17T06:12:00Z,147abc6a,8bab4dff,a6177608,0.0
2025-01-17T06:15:00Z,147abc6a,8bab4dff,a6177608,0.0
2025-01-17T06:18:00Z,147abc6a,8bab4dff,a6177608,0.0
2025-01-17T06:21:00Z,147abc6a,8bab4dff,a6177608,0.0
2025-01-17T06:24:00Z,147abc6a,8bab4dff,a6177608,0.0
2025-01-17T06:27:00Z,147abc6a,8bab4dff,a6177608,0.0
2025-01-17T06:30:00Z,147abc6a,8bab4dff,a6177608,0.0
2025-01-17T06:33:00Z,147abc6a,8bab4dff,a6177608,0.0
2025-01-17T06:36:00Z,147abc6a,8bab4dff,a6177608,0.0
2025-01-17T06:39:00Z,147abc6a,8bab4dff,a6177608,0.0
2025-01-17T06:42:00Z,147abc6a,8bab4dff,a6177608,0.0
2025-01-17T06:45:00Z,147abc6a,8bab4dff,a6177608,0.11
2025-01-17T06:48:00Z,147abc6a,8bab4dff,a6177608,0.0
2025-01-17T06:51:00Z,147abc6a,8bab4dff,a6177608,0.0
2025-01-17T06:54:00Z,147abc6a,8bab4dff,a6177608,0.0
2025-01-17T06:57:00Z,147abc6a,8bab4dff,a6177608,0.0
2025-01-17T07:00:00Z,147abc6a,8bab4dff,a6177608,0.0
2025-01-17T07:03:00Z,147abc6a,8bab4dff,a6177608,0.0
2025-01-17T07:06:00Z,147abc6a,8bab4dff,a6177608,0.0
2025-01-17T07:09:00Z,147abc6a,8bab4dff,a6177608,0.0
2025-01-17T07:12:00Z,147abc6a,8bab4dff,a6177608,0.0
2025-01-17T07:15:00Z,147abc6a,8bab4dff,a6177608,0.0
2025-01-17T07:18:00Z,147abc6a,8bab4dff,a6177608,0.0
2025-01-17T07:21:00Z,147abc6a,8bab4dff,a6177608,0.0
2025-01-17T07:24:00Z,147abc6a,8bab4dff,a6177608,0.0
2025-01-17T07:27:00Z,147abc6a,8bab4dff,a6177608,0.0
2025-01-17T07:30:00Z,147abc6a,8bab4dff,a6177608,0.0
2025-01-17T07:33:00Z,147abc6a,8bab4dff,a6177608,0.0
2025-01-17T07:36:00Z,147abc6a,8bab4dff,a6177608,0.0
2025-01-17T07:39:00Z,147abc6a,8bab4dff,a6177608,0.0
2025-01-17T07:42:00Z,147abc6a,8bab4dff,a6177608,0.01
2025-01-17T07:45:00Z,147abc6a,8bab4dff,a6177608,0.0
2025-01-17T07:48:00Z,147abc6a,8bab4dff,a6177608,0.0
2025-01-17T07:51:00Z,147abc6a,8bab4dff,a6177608,0.0
2025-01-17T07:54:00Z,147abc6a,8bab4dff,a6177608,0.0
2025-01-17T07:57:00Z,147abc6a,8bab4dff,a6177608,0.0
2025-01-17T08:00:00Z,147abc6a,8bab4dff,a6177608,0.0
2025-01-17T08:03:00Z,147abc6a,8bab4dff,a6177608,0.0
2025-01-17T08:06:00Z,147abc6a,8bab4dff,a6177608,0.0
2025-01-17T08:09:00Z,147abc6a,8bab4dff,a6177608,0.0
2025-01-17T08:12:00Z,147abc6a,8bab4dff,a6177608,0.0
2025-01-17T08:15:00Z,147abc6a,8bab4dff,a6177608,0.0
2025-01-17T08:18:00Z,147abc6a,8bab4dff,a6177608,0.0
2025-01-17T08:21:00Z,147abc6a,8bab4dff,a6177608,0.0
2025-01-17T08:24:00Z,147abc6a,8bab4dff,a6177608,0.0
2025-01-17T08:27:00Z,147abc6a,8bab4dff,a6177608,0.0
2025-01-17T08:30:00Z,147abc6a,8bab4dff,a6177608,0.0
2025-01-17T08:33:00Z,147abc6a,8bab4dff,a6177608,0.0
2025-01-17T08:36:00Z,147abc6a,8bab4dff,a6177608,0.0
2025-01-17T08:39:00Z,147abc6a,8bab4dff,a6177608,0.0
2025-01-17T08:42:00Z,147abc6a,8bab4dff,a6177608,0.0
2025-01-17T08:45:00Z,147abc6a,8bab4dff,a6177608,0.0
2025-01-17T08:48:00Z,147abc6a,8bab4dff,a6177608,0.0
2025-01-17T08:51:00Z,147abc6a,8bab4dff,a6177608,0.0
2025-01-17T08:54:00Z,147abc6a,8bab4dff,a6177608,0.0
2025-01-17T08:57:00Z,147abc6a,8bab4dff,a6177608,0.0
2025-01-17T09:00:00Z,147abc6a,8bab4dff,a6177608,0.0
2025-01-17T09:03:00Z,147abc6a,8bab4dff,a6177608,0.0
2025-01-17T09:06:00Z,147abc6a,8bab4dff,a6177608,0.0
2025-01-17T09:09:00Z,147abc6a,8bab4dff,a6177608,0.0
2025-01-17T09:12:00Z,147abc6a,8bab4dff,a6177608,0.0
2025-01-17T09:15:00Z,147abc6a,8bab4dff,a6177608,0.0
2025-01-17T09:18:00Z,147abc6a,8bab4dff,a6177608,0.0
2025-01-17T09:21:00Z,147abc6a,8bab4dff,a6177608,0.0
2025-01-17T09:24:00Z,147abc6a,8bab4dff,a6177608,0.0
2025-01-17T09:27:00Z,147abc6a,8bab4dff,a6177608,0.0
2025-01-17T09:30:00Z,147abc6a,8bab4dff,a6177608,0.0
2025-01-17T09:33:00Z,147abc6a,8bab4dff,a6177608,0.0
2025-01-17T09:36:00Z,147abc6a,8bab4dff,a6177608,0.0
2025-01-17T09:39:00Z,147abc6a,8bab4dff,a6177608,0.0
2025-01-17T09:42:00Z,147abc6a,8bab4dff,a6177608,0.0
2025-01-17T09:45:00Z,147abc6a,8bab4dff,a6177608,0.0
2025-01-17T09:48:00Z,147abc6a,8bab4dff,a6177608,0.0
2025-01-17T09:51:00Z,147abc6a,8bab4dff,a6177608,0.0
2025-01-17T09:54:00Z,147abc6a,8bab4dff,a6177608,0.0
2025-01-17T09:57:00Z,147abc6a,8bab4dff,a6177608,0.0
2025-01-17T10:00:00Z,147abc6a,8bab4dff,a6177608,0.0
2025-01-17T10:03:00Z,147abc6a,8bab4dff,a6177608,0.0
2025-01-17T10:06:00Z,147abc6a,8bab4dff,a6177608,0.0
2025-01-17T10:09:00Z,147abc6a,8bab4dff,a6177608,0.0
2025-01-17T10:12:00Z,147abc6a,8bab4dff,a6177608,0.0
2025-01-17T10:15:00Z,147abc6a,8bab4dff,a6177608,0.0
2025-01-17T10:18:00Z,147abc6a,8bab4dff,a6177608,0.0
2025-01-17T10:21:00Z,147abc6a,8bab4dff,a6177608,0.0
2025-01-17T10:24:00Z,147abc6a,8bab4dff,a6177608,0.0
2025-01-17T10:27:00Z,147abc6a,8bab4dff,a6177608,0.0
2025-01-17T10:30:00Z,147abc6a,8bab4dff,a6177608,0.0
2025-01-17T10:33:00Z,147abc6a,8bab4dff,a6177608,0.0
2025-01-17T10:36:00Z,147abc6a,8bab4dff,a6177608,0.0
2025-01-17T10:39:00Z,147abc6a,8bab4dff,a6177608,0.0
2025-01-17T10:42:00Z,147abc6a,8bab4dff,a6177608,0.0
2025-01-17T10:45:00Z,147abc6a,8bab4dff,a6177608,0.0
2025-01-17T10:48:00Z,147abc6a,8bab4dff,a6177608,0.0
2025-01-17T10:51:00Z,147abc6a,8bab4dff,a6177608,0.0
2025-01-17T10:54:00Z,147abc6a,8bab4dff,a6177608,0.0
2025-01-17T10:57:00Z,147abc6a,8bab4dff,a6177608,0.0
2025-01-17T11:00:00Z,147abc6a,8bab4dff,a6177608,0.0
2025-01-17T11:03:00Z,147abc6a,8bab4dff,a6177608,0.0
2025-01-17T11:06:00Z,147abc6a,8bab4dff,a6177608,0.0
2025-01-17T11:09:00Z,147abc6a,8bab4dff,a6177608,0.0
2025-01-17T11:12:00Z,147abc6a,8bab4dff,a6177608,0.0
2025-01-17T11:15:00Z,147abc6a,8bab4dff,a6177608,0.0
2025-01-17T11:18:00Z,147abc6a,8bab4dff,a6177608,0.0
2025-01-17T11:21:00Z,147abc6a,8bab4dff,a6177608,0.0
2025-01-17T11:24:00Z,147abc6a,8bab4dff,a6177608,0.0
2025-01-17T11:27:00Z,147abc6a,8bab4dff,a6177608,0.0
2025-01-17T11:30:00Z,147abc6a,8bab4dff,a6177608,0.0
2025-01-17T11:33:00Z,147abc6a,8bab4dff,a6177608,0.0
2025-01-17T11:36:00Z,147abc6a,8bab4dff,a6177608,0.0
2025-01-17T11:39:00Z,147abc6a,8bab4dff,a6177608,0.0
2025-01-17T11:42:00Z,147abc6a,8bab4dff,a6177608,0.0
2025-01-17T11:45:00Z,147abc6a,8bab4dff,a6177608,0.0
2025-01-17T11:48:00Z,147abc6a,8bab4dff,a6177608,0.0
2025-01-17T11:51:00Z,147abc6a,8bab4dff,a6177608,0.0
2025-01-17T11:54:00Z,147abc6a,8bab4dff,a6177608,0.0
2025-01-17T11:57:00Z,147abc6a,8bab4dff,a6177608,0.0
2025-01-17T12:00:00Z,147abc6a,8bab4dff,a6177608,0.0
2025-01-17T12:03:00Z,147abc6a,8bab4dff,a6177608,0.0
2025-01-17T12:06:00Z,147abc6a,8bab4dff,a6177608,0.0
2025-01-17T12:09:00Z,147abc6a,8bab4dff,a6177608,0.0
2025-01-17T12:12:00Z,147abc6a,8bab4dff,a6177608,0.0
2025-01-17T12:15:00Z,147abc6a,8bab4dff,a6177608,0.0
2025-01-17T12:18:00Z,147abc6a,8bab4dff,a6177608,0.0
2025-01-17T12:21:00Z,147abc6a,8bab4dff,a6177608,0.0
2025-01-17T12:24:00Z,147abc6a,8bab4dff,a6177608,0.0
2025-01-17T12:27:00Z,147abc6a,8bab4dff,a6177608,0.0
2025-01-17T12:30:00Z,147abc6a,8bab4dff,a6177608,0.0
2025-01-17T12:33:00Z,147abc6a,8bab4dff,a6177608,0.0
2025-01-17T12:36:00Z,147abc6a,8bab4dff,a6177608,0.0
2025-01-17T12:39:00Z,147abc6a,8bab4dff,a6177608,0.0
2025-01-17T12:42:00Z,147abc6a,8bab4dff,a6177608,0.0
2025-01-17T12:45:00Z,147abc6a,8bab4dff,a6177608,0.0
2025-01-17T12:48:00Z,147abc6a,8bab4dff,a6177608,0.0
2025-01-17T12:51:00Z,147abc6a,8bab4dff,a6177608,0.0
2025-01-17T12:54:00Z,147abc6a,8bab4dff,a6177608,0.0
2025-01-17T12:57:00Z,147abc6a,8bab4dff,a6177608,0.0
2025-01-17T13:00:00Z,147abc6a,8bab4dff,a6177608,0.0
2025-01-17T13:03:00Z,147abc6a,8bab4dff,a6177608,0.0
2025-01-17T13:06:00Z,147abc6a,8bab4dff,a6177608,0.0
2025-01-17T13:09:00Z,147abc6a,8bab4dff,a6177608,0.0
2025-01-17T13:12:00Z,147abc6a,8bab4dff,a6177608,0.0
2025-01-17T13:15:00Z,147abc6a,8bab4dff,a6177608,0.0
2025-01-17T13:18:00Z,147abc6a,8bab4dff,a6177608,0.0
2025-01-17T13:21:00Z,147abc6a,8bab4dff,a6177608,0.0
2025-01-17T13:24:00Z,147abc6a,8bab4dff,a6177608,0.0
2025-01-17T13:27:00Z,147abc6a,8bab4dff,a6177608,0.0
2025-01-17T13:30:00Z,147abc6a,8bab4dff,a6177608,0.01
2025-01-17T13:33:00Z,147abc6a,8bab4dff,a6177608,0.01
2025-01-17T13:36:00Z,147abc6a,8bab4dff,a6177608,0.0
2025-01-17T13:39:00Z,147abc6a,8bab4dff,a6177608,0.0
2025-01-17T13:42:00Z,147abc6a,8bab4dff,a6177608,0.0
2025-01-17T13:45:00Z,147abc6a,8bab4dff,a6177608,0.0
2025-01-17T13:48:00Z,147abc6a,8bab4dff,a6177608,0.0
2025-01-17T13:51:00Z,147abc6a,8bab4dff,a6177608,0.0
2025-01-17T13:54:00Z,147abc6a,8bab4dff,a6177608,0.0
2025-01-17T13:57:00Z,147abc6a,8bab4dff,a6177608,0.0
2025-01-17T14:00:00Z,147abc6a,8bab4dff,a6177608,0.0
2025-01-17T14:03:00Z,147abc6a,8bab4dff,a6177608,0.0
2025-01-17T14:06:00Z,147abc6a,8bab4dff,a6177608,0.0
2025-01-17T14:09:00Z,147abc6a,8bab4dff,a6177608,0.0
2025-01-17T14:12:00Z,147abc6a,8bab4dff,a6177608,0.0
2025-01-17T14:15:00Z,147abc6a,8bab4dff,a6177608,0.0
2025-01-17T14:18:00Z,147abc6a,8bab4dff,a6177608,0.0
2025-01-17T14:21:00Z,147abc6a,8bab4dff,a6177608,0.0
2025-01-17T14:24:00Z,147abc6a,8bab4dff,a6177608,0.0
2025-01-17T14:27:00Z,147abc6a,8bab4dff,a6177608,0.0
2025-01-17T14:30:00Z,147abc6a,8bab4dff,a6177608,0.0
2025-01-17T14:33:00Z,147abc6a,8bab4dff,a6177608,0.0
2025-01-17T14:36:00Z,147abc6a,8bab4dff,a6177608,0.0
2025-01-17T14:39:00Z,147abc6a,8bab4dff,a6177608,0.0
2025-01-17T14:42:00Z,147abc6a,8bab4dff,a6177608,0.0
2025-01-17T14:45:00Z,147abc6a,8bab4dff,a6177608,0.0
2025-01-17T14:48:00Z,147abc6a,8bab4dff,a6177608,0.0
2025-01-17T14:51:00Z,147abc6a,8bab4dff,a6177608,0.0
2025-01-17T14:54:00Z,147abc6a,8bab4dff,a6177608,0.0
2025-01-17T14:57:00Z,147abc6a,8bab4dff,a6177608,0.0
2025-01-17T15:00:00Z,147abc6a,8bab4dff,a6177608,0.0
2025-01-17T15:03:00Z,147abc6a,8bab4dff,a6177608,0.0
2025-01-17T15:06:00Z,147abc6a,8bab4dff,a6177608,0.0
2025-01-17T15:09:00Z,147abc6a,8bab4dff,a6177608,0.0
2025-01-17T15:12:00Z,147abc6a,8bab4dff,a6177608,0.0
2025-01-17T15:15:00Z,147abc6a,8bab4dff,a6177608,0.0
2025-01-17T15:18:00Z,147abc6a,8bab4dff,a6177608,0.0
2025-01-17T15:21:00Z,147abc6a,8bab4dff,a6177608,0.0
2025-01-17T15:24:00Z,147abc6a,8bab4dff,a6177608,0.0
2025-01-17T15:27:00Z,147abc6a,8bab4dff,a6177608,0.0
2025-01-17T15:30:00Z,147abc6a,8bab4dff,a6177608,0.0
2025-01-17T15:33:00Z,147abc6a,8bab4dff,a6177608,0.0
2025-01-17T15:36:00Z,147abc6a,8bab4dff,a6177608,0.0
2025-01-17T15:39:00Z,147abc6a,8bab4dff,a6177608,0.0
2025-01-17T15:42:00Z,147abc6a,8bab4dff,a6177608,0.0
2025-01-17T15:45:00Z,147abc6a,8bab4dff,a6177608,0.0
2025-01-17T15:48:00Z,147abc6a,8bab4dff,a6177608,0.0
2025-01-17T15:51:00Z,147abc6a,8bab4dff,a6177608,0.0
2025-01-17T15:54:00Z,147abc6a,8bab4dff,a6177608,0.0
2025-01-17T15:57:00Z,147abc6a,8bab4dff,a6177608,0.0
2025-01-17T16:00:00Z,147abc6a,8bab4dff,a6177608,0.0
2025-01-17T16:03:00Z,147abc6a,8bab4dff,a6177608,0.0
2025-01-17T16:06:00Z,147abc6a,8bab4dff,a6177608,0.0
2025-01-17T16:09:00Z,147abc6a,8bab4dff,a6177608,0.0
2025-01-17T16:12:00Z,147abc6a,8bab4dff,a6177608,0.0
2025-01-17T16:15:00Z,147abc6a,8bab4dff,a6177608,0.0
2025-01-17T16:18:00Z,147abc6a,8bab4dff,a6177608,0.01
2025-01-17T16:21:00Z,147abc6a,8bab4dff,a6177608,0.0
2025-01-17T16:24:00Z,147abc6a,8bab4dff,a6177608,0.0
2025-01-17T16:27:00Z,147abc6a,8bab4dff,a6177608,0.0
2025-01-17T16:30:00Z,147abc6a,8bab4dff,a6177608,0.01
2025-01-17T16:33:00Z,147abc6a,8bab4dff,a6177608,0.0
2025-01-17T16:36:00Z,147abc6a,8bab4dff,a6177608,0.0
2025-01-17T16:39:00Z,147abc6a,8bab4dff,a6177608,0.0
2025-01-17T16:42:00Z,147abc6a,8bab4dff,a6177608,0.0
2025-01-17T16:45:00Z,147abc6a,8bab4dff,a6177608,0.0
2025-01-17T16:48:00Z,147abc6a,8bab4dff,a6177608,0.0
2025-01-17T16:51:00Z,147abc6a,8bab4dff,a6177608,0.0
2025-01-17T16:54:00Z,147abc6a,8bab4dff,a6177608,0.0
2025-01-17T16:57:00Z,147abc6a,8bab4dff,a6177608,0.0
2025-01-17T17:00:00Z,147abc6a,8bab4dff,a6177608,0.0
2025-01-17T17:03:00Z,147abc6a,8bab4dff,a6177608,0.0
2025-01-17T17:06:00Z,147abc6a,8bab4dff,a6177608,0.0
2025-01-17T17:09:00Z,147abc6a,8bab4dff,a6177608,0.0
2025-01-17T17:12:00Z,147abc6a,8bab4dff,a6177608,0.0
2025-01-17T17:15:00Z,147abc6a,8bab4dff,a6177608,0.0
2025-01-17T17:18:00Z,147abc6a,8bab4dff,a6177608,0.0
2025-01-17T17:21:00Z,147abc6a,8bab4dff,a6177608,0.0
2025-01-17T17:24:00Z,147abc6a,8bab4dff,a6177608,0.0
2025-01-17T17:27:00Z,147abc6a,8bab4dff,a6177608,0.0
2025-01-17T17:30:00Z,147abc6a,8bab4dff,a6177608,0.0
2025-01-17T17:33:00Z,147abc6a,8bab4dff,a6177608,0.0
2025-01-17T17:36:00Z,147abc6a,8bab4dff,a6177608,0.0
2025-01-17T17:39:00Z,147abc6a,8bab4dff,a6177608,0.0
2025-01-17T17:42:00Z,147abc6a,8bab4dff,a6177608,0.0
2025-01-17T17:45:00Z,147abc6a,8bab4dff,a6177608,0.0
2025-01-17T17:48:00Z,147abc6a,8bab4dff,a6177608,0.01
2025-01-17T17:51:00Z,147abc6a,8bab4dff,a6177608,0.0
2025-01-17T17:54:00Z,147abc6a,8bab4dff,a6177608,0.0
2025-01-17T17:57:00Z,147abc6a,8bab4dff,a6177608,0.0
2025-01-17T18:00:00Z,147abc6a,8bab4dff,a6177608,0.0
2025-01-17T18:03:00Z,147abc6a,8bab4dff,a6177608,0.0
2025-01-17T18:06:00Z,147abc6a,8bab4dff,a6177608,0.0
2025-01-17T18:09:00Z,147abc6a,8bab4dff,a6177608,0.0
2025-01-17T18:12:00Z,147abc6a,8bab4dff,a6177608,0.0
2025-01-17T18:15:00Z,147abc6a,8bab4dff,a6177608,0.0
2025-01-17T18:18:00Z,147abc6a,8bab4dff,a6177608,0.0
2025-01-17T18:21:00Z,147abc6a,8bab4dff,a6177608,0.0
2025-01-17T18:24:00Z,147abc6a,8bab4dff,a6177608,0.0
2025-01-17T18:27:00Z,147abc6a,8bab4dff,a6177608,0.0
2025-01-17T18:30:00Z,147abc6a,8bab4dff,a6177608,0.0
2025-01-17T18:33:00Z,147abc6a,8bab4dff,a6177608,0.0
2025-01-17T18:36:00Z,147abc6a,8bab4dff,a6177608,0.0
2025-01-17T18:39:00Z,147abc6a,8bab4dff,a6177608,0.0
2025-01-17T18:42:00Z,147abc6a,8bab4dff,a6177608,0.0
2025-01-17T18:45:00Z,147abc6a,8bab4dff,a6177608,0.0
2025-01-17T18:48:00Z,147abc6a,8bab4dff,a6177608,0.0
2025-01-17T18:51:00Z,147abc6a,8bab4dff,a6177608,0.0
2025-01-17T18:54:00Z,147abc6a,8bab4dff,a6177608,0.0
2025-01-17T18:57:00Z,147abc6a,8bab4dff,a6177608,0.0
2025-01-17T19:00:00Z,147abc6a,8bab4dff,a6177608,0.0
2025-01-17T19:03:00Z,147abc6a,8bab4dff,a6177608,0.0
2025-01-17T19:06:00Z,147abc6a,8bab4dff,a6177608,0.0
2025-01-17T19:09:00Z,147abc6a,8bab4dff,a6177608,0.0
2025-01-17T19:12:00Z,147abc6a,8bab4dff,a6177608,0.0
2025-01-17T19:15:00Z,147abc6a,8bab4dff,a6177608,0.0
2025-01-17T19:18:00Z,147abc6a,8bab4dff,a6177608,0.0
2025-01-17T19:21:00Z,147abc6a,8bab4dff,a6177608,0.0
2025-01-17T19:24:00Z,147abc6a,8bab4dff,a6177608,0.0
2025-01-17T19:27:00Z,147abc6a,8bab4dff,a6177608,0.0
2025-01-17T19:30:00Z,147abc6a,8bab4dff,a6177608,0.0
2025-01-17T19:33:00Z,147abc6a,8bab4dff,a6177608,0.0
2025-01-17T19:36:00Z,147abc6a,8bab4dff,a6177608,0.0
2025-01-17T19:39:00Z,147abc6a,8bab4dff,a6177608,0.0
2025-01-17T19:42:00Z,147abc6a,8bab4dff,a6177608,0.0
2025-01-17T19:45:00Z,147abc6a,8bab4dff,a6177608,0.0
2025-01-17T19:48:00Z,147abc6a,8bab4dff,a6177608,0.0
2025-01-17T19:51:00Z,147abc6a,8bab4dff,a6177608,0.0
2025-01-17T19:54:00Z,147abc6a,8bab4dff,a6177608,0.0
2025-01-17T19:57:00Z,147abc6a,8bab4dff,a6177608,0.0
2025-01-17T20:00:00Z,147abc6a,8bab4dff,a6177608,0.0
2025-01-17T20:03:00Z,147abc6a,8bab4dff,a6177608,0.0
2025-01-17T20:06:00Z,147abc6a,8bab4dff,a6177608,0.0
2025-01-17T20:09:00Z,147abc6a,8bab4dff,a6177608,0.0
2025-01-17T20:12:00Z,147abc6a,8bab4dff,a6177608,0.0
2025-01-17T20:15:00Z,147abc6a,8bab4dff,a6177608,0.0
2025-01-17T20:18:00Z,147abc6a,8bab4dff,a6177608,0.0
2025-01-17T20:21:00Z,147abc6a,8bab4dff,a6177608,0.0
2025-01-17T20:24:00Z,147abc6a,8bab4dff,a6177608,0.0
2025-01-17T20:27:00Z,147abc6a,8bab4dff,a6177608,0.0
2025-01-17T20:30:00Z,147abc6a,8bab4dff,a6177608,0.0
2025-01-17T20:33:00Z,147abc6a,8bab4dff,a6177608,0.0
2025-01-17T20:36:00Z,147abc6a,8bab4dff,a6177608,0.0
2025-01-17T20:39:00Z,147abc6a,8bab4dff,a6177608,0.0
2025-01-17T20:42:00Z,147abc6a,8bab4dff,a6177608,0.0
2025-01-17T20:45:00Z,147abc6a,8bab4dff,a6177608,0.0
2025-01-17T20:48:00Z,147abc6a,8bab4dff,a6177608,0.0
2025-01-17T20:51:00Z,147abc6a,8bab4dff,a6177608,0.0
2025-01-17T20:54:00Z,147abc6a,8bab4dff,a6177608,0.0
2025-01-17T20:57:00Z,147abc6a,8bab4dff,a6177608,0.0
2025-01-17T21:00:00Z,147abc6a,8bab4dff,a6177608,0.0
2025-01-17T21:03:00Z,147abc6a,8bab4dff,a6177608,0.0
2025-01-17T21:06:00Z,147abc6a,8bab4dff,a6177608,0.0
2025-01-17T21:09:00Z,147abc6a,8bab4dff,a6177608,0.0
2025-01-17T21:12:00Z,147abc6a,8bab4dff,a6177608,0.0
2025-01-17T21:15:00Z,147abc6a,8bab4dff,a6177608,0.0
2025-01-17T21:18:00Z,147abc6a,8bab4dff,a6177608,0.0
2025-01-17T21:21:00Z,147abc6a,8bab4dff,a6177608,0.0
2025-01-17T21:24:00Z,147abc6a,8bab4dff,a6177608,0.0
2025-01-17T21:27:00Z,147abc6a,8bab4dff,a6177608,0.0
2025-01-17T21:30:00Z,147abc6a,8bab4dff,a6177608,0.0
2025-01-17T21:33:00Z,147abc6a,8bab4dff,a6177608,0.0
2025-01-17T21:36:00Z,147abc6a,8bab4dff,a6177608,0.0
2025-01-17T21:39:00Z,147abc6a,8bab4dff,a6177608,0.0
2025-01-17T21:42:00Z,147abc6a,8bab4dff,a6177608,0.0
2025-01-17T21:45:00Z,147abc6a,8bab4dff,a6177608,0.0
2025-01-17T21:48:00Z,147abc6a,8bab4dff,a6177608,0.0
2025-01-17T21:51:00Z,147abc6a,8bab4dff,a6177608,0.0
2025-01-17T21:54:00Z,147abc6a,8bab4dff,a6177608,0.0
2025-01-17T21:57:00Z,147abc6a,8bab4dff,a6177608,0.01
2025-01-17T22:00:00Z,147abc6a,8bab4dff,a6177608,0.0
2025-01-17T22:03:00Z,147abc6a,8bab4dff,a6177608,0.0
2025-01-17T22:06:00Z,147abc6a,8bab4dff,a6177608,0.0
2025-01-17T22:09:00Z,147abc6a,8bab4dff,a6177608,0.0
2025-01-17T22:12:00Z,147abc6a,8bab4dff,a6177608,0.0
2025-01-17T22:15:00Z,147abc6a,8bab4dff,a6177608,0.0
2025-01-17T22:18:00Z,147abc6a,8bab4dff,a6177608,0.0
2025-01-17T22:21:00Z,147abc6a,8bab4dff,a6177608,0.0
2025-01-17T22:24:00Z,147abc6a,8bab4dff,a6177608,0.0
2025-01-17T22:27:00Z,147abc6a,8bab4dff,a6177608,0.0
2025-01-17T22:30:00Z,147abc6a,8bab4dff,a6177608,0.0
2025-01-17T22:33:00Z,147abc6a,8bab4dff,a6177608,0.0
2025-01-17T22:36:00Z,147abc6a,8bab4dff,a6177608,0.0
2025-01-17T22:39:00Z,147abc6a,8bab4dff,a6177608,0.0
2025-01-17T22:42:00Z,147abc6a,8bab4dff,a6177608,0.0
2025-01-17T22:45:00Z,147abc6a,8bab4dff,a6177608,0.0
2025-01-17T22:48:00Z,147abc6a,8bab4dff,a6177608,0.0
2025-01-17T22:51:00Z,147abc6a,8bab4dff,a6177608,0.01
2025-01-17T22:54:00Z,147abc6a,8bab4dff,a6177608,0.0
2025-01-17T22:57:00Z,147abc6a,8bab4dff,a6177608,0.0
2025-01-17T23:00:00Z,147abc6a,8bab4dff,a6177608,0.0
2025-01-17T23:03:00Z,147abc6a,8bab4dff,a6177608,0.0
2025-01-17T23:06:00Z,147abc6a,8bab4dff,a6177608,0.0
2025-01-17T23:09:00Z,147abc6a,8bab4dff,a6177608,0.0
2025-01-17T23:12:00Z,147abc6a,8bab4dff,a6177608,0.0
2025-01-17T23:15:00Z,147abc6a,8bab4dff,a6177608,0.0
2025-01-17T23:18:00Z,147abc6a,8bab4dff,a6177608,0.01
2025-01-17T23:21:00Z,147abc6a,8bab4dff,a6177608,0.01
2025-01-17T23:24:00Z,147abc6a,8bab4dff,a6177608,0.0
2025-01-17T23:27:00Z,147abc6a,8bab4dff,a6177608,0.0
2025-01-17T23:30:00Z,147abc6a,8bab4dff,a6177608,0.0
2025-01-17T23:33:00Z,147abc6a,8bab4dff,a6177608,0.0
2025-01-17T23:36:00Z,147abc6a,8bab4dff,a6177608,0.0
2025-01-17T23:39:00Z,147abc6a,8bab4dff,a6177608,0.0
2025-01-17T23:42:00Z,147abc6a,8bab4dff,a6177608,0.0
2025-01-17T23:45:00Z,147abc6a,8bab4dff,a6177608,0.0
2025-01-17T23:48:00Z,147abc6a,8bab4dff,a6177608,0.0
2025-01-17T23:51:00Z,147abc6a,8bab4dff,a6177608,0.0
2025-01-17T23:54:00Z,147abc6a,8bab4dff,a6177608,0.0
2025-01-17T23:57:00Z,147abc6a,8bab4dff,a6177608,0.0
2025-01-18T00:00:00Z,147abc6a,8bab4dff,a6177608,0.01
2025-01-18T00:03:00Z,147abc6a,8bab4dff,a6177608,0.01
2025-01-18T00:06:00Z,147abc6a,8bab4dff,a6177608,0.0
2025-01-18T00:09:00Z,147abc6a,8bab4dff,a6177608,0.0
2025-01-18T00:12:00Z,147abc6a,8bab4dff,a6177608,0.0
2025-01-18T00:15:00Z,147abc6a,8bab4dff,a6177608,0.0
2025-01-18T00:18:00Z,147abc6a,8bab4dff,a6177608,0.0
2025-01-18T00:21:00Z,147abc6a,8bab4dff,a6177608,0.0
2025-01-18T00:24:00Z,147abc6a,8bab4dff,a6177608,0.0
2025-01-18T00:27:00Z,147abc6a,8bab4dff,a6177608,0.0
2025-01-18T00:30:00Z,147abc6a,8bab4dff,a6177608,0.0
2025-01-18T00:33:00Z,147abc6a,8bab4dff,a6177608,0.0
2025-01-18T00:36:00Z,147abc6a,8bab4dff,a6177608,0.0
2025-01-18T00:39:00Z,147abc6a,8bab4dff,a6177608,0.0
2025-01-18T00:42:00Z,147abc6a,8bab4dff,a6177608,0.0
2025-01-18T00:45:00Z,147abc6a,8bab4dff,a6177608,0.0
2025-01-18T00:48:00Z,147abc6a,8bab4dff,a6177608,0.0
2025-01-18T00:51:00Z,147abc6a,8bab4dff,a6177608,0.0
2025-01-18T00:54:00Z,147abc6a,8bab4dff,a6177608,0.0
2025-01-18T00:57:00Z,147abc6a,8bab4dff,a6177608,0.0
2025-01-18T01:00:00Z,147abc6a,8bab4dff,a6177608,0.0
2025-01-18T01:03:00Z,147abc6a,8bab4dff,a6177608,0.0
2025-01-18T01:06:00Z,147abc6a,8bab4dff,a6177608,0.0
2025-01-18T01:09:00Z,147abc6a,8bab4dff,a6177608,0.0
2025-01-18T01:12:00Z,147abc6a,8bab4dff,a6177608,0.0
2025-01-18T01:15:00Z,147abc6a,8bab4dff,a6177608,0.0
2025-01-18T01:18:00Z,147abc6a,8bab4dff,a6177608,0.0
2025-01-18T01:21:00Z,147abc6a,8bab4dff,a6177608,0.0
2025-01-18T01:24:00Z,147abc6a,8bab4dff,a6177608,0.0
2025-01-18T01:27:00Z,147abc6a,8bab4dff,a6177608,0.0
2025-01-18T01:30:00Z,147abc6a,8bab4dff,a6177608,0.0
2025-01-18T01:33:00Z,147abc6a,8bab4dff,a6177608,0.0
2025-01-18T01:36:00Z,147abc6a,8bab4dff,a6177608,0.0
2025-01-18T01:39:00Z,147abc6a,8bab4dff,a6177608,0.0
2025-01-18T01:42:00Z,147abc6a,8bab4dff,a6177608,0.0
2025-01-18T01:45:00Z,147abc6a,8bab4dff,a6177608,0.0
2025-01-18T01:48:00Z,147abc6a,8bab4dff,a6177608,0.0
2025-01-18T01:51:00Z,147abc6a,8bab4dff,a6177608,0.0
2025-01-18T01:54:00Z,147abc6a,8bab4dff,a6177608,0.0
2025-01-18T01:57:00Z,147abc6a,8bab4dff,a6177608,0.0
2025-01-18T02:00:00Z,147abc6a,8bab4dff,a6177608,0.0
2025-01-18T02:03:00Z,147abc6a,8bab4dff,a6177608,0.01
2025-01-18T02:06:00Z,147abc6a,8bab4dff,a6177608,0.0
2025-01-18T02:09:00Z,147abc6a,8bab4dff,a6177608,0.0
2025-01-18T02:12:00Z,147abc6a,8bab4dff,a6177608,0.0
2025-01-18T02:15:00Z,147abc6a,8bab4dff,a6177608,0.0
2025-01-18T02:18:00Z,147abc6a,8bab4dff,a6177608,0.0
2025-01-18T02:21:00Z,147abc6a,8bab4dff,a6177608,0.0
2025-01-18T02:24:00Z,147abc6a,8bab4dff,a6177608,0.0
2025-01-18T02:27:00Z,147abc6a,8bab4dff,a6177608,0.0
2025-01-18T02:30:00Z,147abc6a,8bab4dff,a6177608,0.0
2025-01-18T02:33:00Z,147abc6a,8bab4dff,a6177608,0.0
2025-01-18T02:36:00Z,147abc6a,8bab4dff,a6177608,0.0
2025-01-18T02:39:00Z,147abc6a,8bab4dff,a6177608,0.01
2025-01-18T02:42:00Z,147abc6a,8bab4dff,a6177608,0.01
2025-01-18T02:45:00Z,147abc6a,8bab4dff,a6177608,0.01
2025-01-18T02:48:00Z,147abc6a,8bab4dff,a6177608,0.0
2025-01-18T02:51:00Z,147abc6a,8bab4dff,a6177608,0.0
2025-01-18T02:54:00Z,147abc6a,8bab4dff,a6177608,0.01
2025-01-18T02:57:00Z,147abc6a,8bab4dff,a6177608,0.0
2025-01-18T03:00:00Z,147abc6a,8bab4dff,a6177608,0.0
2025-01-18T03:03:00Z,147abc6a,8bab4dff,a6177608,0.0
2025-01-18T03:06:00Z,147abc6a,8bab4dff,a6177608,0.0
2025-01-18T03:09:00Z,147abc6a,8bab4dff,a6177608,0.0
2025-01-18T03:12:00Z,147abc6a,8bab4dff,a6177608,0.0
2025-01-18T03:15:00Z,147abc6a,8bab4dff,a6177608,0.0
2025-01-18T03:18:00Z,147abc6a,8bab4dff,a6177608,0.0
2025-01-18T03:21:00Z,147abc6a,8bab4dff,a6177608,0.0
2025-01-18T03:24:00Z,147abc6a,8bab4dff,a6177608,0.0
2025-01-18T03:27:00Z,147abc6a,8bab4dff,a6177608,0.0
2025-01-18T03:30:00Z,147abc6a,8bab4dff,a6177608,0.0
2025-01-18T03:33:00Z,147abc6a,8bab4dff,a6177608,0.0
2025-01-18T03:36:00Z,147abc6a,8bab4dff,a6177608,0.0
2025-01-18T03:39:00Z,147abc6a,8bab4dff,a6177608,0.0
2025-01-18T03:42:00Z,147abc6a,8bab4dff,a6177608,0.0
2025-01-18T03:45:00Z,147abc6a,8bab4dff,a6177608,0.0
2025-01-18T03:48:00Z,147abc6a,8bab4dff,a6177608,0.0
2025-01-18T03:51:00Z,147abc6a,8bab4dff,a6177608,0.0
2025-01-18T03:54:00Z,147abc6a,8bab4dff,a6177608,0.0
2025-01-18T03:57:00Z,147abc6a,8bab4dff,a6177608,0.0
2025-01-18T04:00:00Z,147abc6a,8bab4dff,a6177608,0.0
2025-01-18T04:03:00Z,147abc6a,8bab4dff,a6177608,0.0
2025-01-18T04:06:00Z,147abc6a,8bab4dff,a6177608,0.0
2025-01-18T04:09:00Z,147abc6a,8bab4dff,a6177608,0.0
2025-01-18T04:12:00Z,147abc6a,8bab4dff,a6177608,0.0
2025-01-18T04:15:00Z,147abc6a,8bab4dff,a6177608,0.0
2025-01-18T04:18:00Z,147abc6a,8bab4dff,a6177608,0.0
2025-01-18T04:21:00Z,147abc6a,8bab4dff,a6177608,0.0
2025-01-18T04:24:00Z,147abc6a,8bab4dff,a6177608,0.0
2025-01-18T04:27:00Z,147abc6a,8bab4dff,a6177608,0.0
2025-01-18T04:30:00Z,147abc6a,8bab4dff,a6177608,0.0
2025-01-18T04:33:00Z,147abc6a,8bab4dff,a6177608,0.0
2025-01-18T04:36:00Z,147abc6a,8bab4dff,a6177608,0.0
2025-01-18T04:39:00Z,147abc6a,8bab4dff,a6177608,0.0
2025-01-18T04:42:00Z,147abc6a,8bab4dff,a6177608,0.01
2025-01-18T04:45:00Z,147abc6a,8bab4dff,a6177608,0.01
2025-01-18T04:48:00Z,147abc6a,8bab4dff,a6177608,0.0
2025-01-18T04:51:00Z,147abc6a,8bab4dff,a6177608,0.0
2025-01-18T04:54:00Z,147abc6a,8bab4dff,a6177608,0.0
2025-01-18T04:57:00Z,147abc6a,8bab4dff,a6177608,0.0
2025-01-18T05:00:00Z,147abc6a,8bab4dff,a6177608,0.0
2025-01-18T05:03:00Z,147abc6a,8bab4dff,a6177608,0.0
2025-01-18T05:06:00Z,147abc6a,8bab4dff,a6177608,0.0
2025-01-18T05:09:00Z,147abc6a,8bab4dff,a6177608,0.0
2025-01-18T05:12:00Z,147abc6a,8bab4dff,a6177608,0.0
2025-01-18T05:15:00Z,147abc6a,8bab4dff,a6177608,0.0
2025-01-18T05:18:00Z,147abc6a,8bab4dff,a6177608,0.0
2025-01-18T05:21:00Z,147abc6a,8bab4dff,a6177608,0.0
2025-01-18T05:24:00Z,147abc6a,8bab4dff,a6177608,0.0
2025-01-18T05:27:00Z,147abc6a,8bab4dff,a6177608,0.0
2025-01-18T05:30:00Z,147abc6a,8bab4dff,a6177608,0.0
2025-01-18T05:33:00Z,147abc6a,8bab4dff,a6177608,0.0
2025-01-18T05:36:00Z,147abc6a,8bab4dff,a6177608,0.0
2025-01-18T05:39:00Z,147abc6a,8bab4dff,a6177608,0.0
2025-01-18T05:42:00Z,147abc6a,8bab4dff,a6177608,0.0
2025-01-18T05:45:00Z,147abc6a,8bab4dff,a6177608,0.0
2025-01-18T05:48:00Z,147abc6a,8bab4dff,a6177608,0.0
2025-01-18T05:51:00Z,147abc6a,8bab4dff,a6177608,0.0
2025-01-18T05:54:00Z,147abc6a,8bab4dff,a6177608,0.0
2025-01-18T05:57:00Z,147abc6a,8bab4dff,a6177608,0.0
2025-01-18T06:00:00Z,147abc6a,8bab4dff,a6177608,0.06
2025-01-18T06:03:00Z,147abc6a,8bab4dff,a6177608,0.0
2025-01-18T06:06:00Z,147abc6a,8bab4dff,a6177608,0.0
2025-01-18T06:09:00Z,147abc6a,8bab4dff,a6177608,0.0
2025-01-18T06:12:00Z,147abc6a,8bab4dff,a6177608,0.0
2025-01-18T06:15:00Z,147abc6a,8bab4dff,a6177608,0.01
2025-01-18T06:18:00Z,147abc6a,8bab4dff,a6177608,0.0
2025-01-18T06:21:00Z,147abc6a,8bab4dff,a6177608,0.0
2025-01-18T06:24:00Z,147abc6a,8bab4dff,a6177608,0.0
2025-01-18T06:27:00Z,147abc6a,8bab4dff,a6177608,0.0
2025-01-18T06:30:00Z,147abc6a,8bab4dff,a6177608,0.0
2025-01-18T06:33:00Z,147abc6a,8bab4dff,a6177608,0.0
2025-01-18T06:36:00Z,147abc6a,8bab4dff,a6177608,0.0
2025-01-18T06:39:00Z,147abc6a,8bab4dff,a6177608,0.0
2025-01-18T06:42:00Z,147abc6a,8bab4dff,a6177608,0.0
2025-01-18T06:45:00Z,147abc6a,8bab4dff,a6177608,0.0
2025-01-18T06:48:00Z,147abc6a,8bab4dff,a6177608,0.0
2025-01-18T06:51:00Z,147abc6a,8bab4dff,a6177608,0.0
2025-01-18T06:54:00Z,147abc6a,8bab4dff,a6177608,0.0
2025-01-18T06:57:00Z,147abc6a,8bab4dff,a6177608,0.0
2025-01-18T07:00:00Z,147abc6a,8bab4dff,a6177608,0.0
2025-01-18T07:03:00Z,147abc6a,8bab4dff,a6177608,0.0
2025-01-18T07:06:00Z,147abc6a,8bab4dff,a6177608,0.0
2025-01-18T07:09:00Z,147abc6a,8bab4dff,a6177608,0.0
2025-01-18T07:12:00Z,147abc6a,8bab4dff,a6177608,0.0
2025-01-18T07:15:00Z,147abc6a,8bab4dff,a6177608,0.0
2025-01-18T07:18:00Z,147abc6a,8bab4dff,a6177608,0.0
2025-01-18T07:21:00Z,147abc6a,8bab4dff,a6177608,0.0
2025-01-18T07:24:00Z,147abc6a,8bab4dff,a6177608,0.0
2025-01-18T07:27:00Z,147abc6a,8bab4dff,a6177608,0.0
2025-01-18T07:30:00Z,147abc6a,8bab4dff,a6177608,0.0
2025-01-18T07:33:00Z,147abc6a,8bab4dff,a6177608,0.0
2025-01-18T07:36:00Z,147abc6a,8bab4dff,a6177608,0.0
2025-01-18T07:39:00Z,147abc6a,8bab4dff,a6177608,0.01
2025-01-18T07:42:00Z,147abc6a,8bab4dff,a6177608,0.01
2025-01-18T07:45:00Z,147abc6a,8bab4dff,a6177608,0.0
2025-01-18T07:48:00Z,147abc6a,8bab4dff,a6177608,0.0
2025-01-18T07:51:00Z,147abc6a,8bab4dff,a6177608,0.0
2025-01-18T07:54:00Z,147abc6a,8bab4dff,a6177608,0.0
2025-01-18T07:57:00Z,147abc6a,8bab4dff,a6177608,0.0
2025-01-18T08:00:00Z,147abc6a,8bab4dff,a6177608,0.0
2025-01-18T08:03:00Z,147abc6a,8bab4dff,a6177608,0.01
2025-01-18T08:06:00Z,147abc6a,8bab4dff,a6177608,0.01
2025-01-18T08:09:00Z,147abc6a,8bab4dff,a6177608,0.01
2025-01-18T08:12:00Z,147abc6a,8bab4dff,a6177608,0.0
2025-01-18T08:15:00Z,147abc6a,8bab4dff,a6177608,0.0
2025-01-18T08:18:00Z,147abc6a,8bab4dff,a6177608,0.0
2025-01-18T08:21:00Z,147abc6a,8bab4dff,a6177608,0.0
2025-01-18T08:24:00Z,147abc6a,8bab4dff,a6177608,0.0
2025-01-18T08:27:00Z,147abc6a,8bab4dff,a6177608,0.0
2025-01-18T08:30:00Z,147abc6a,8bab4dff,a6177608,0.0
2025-01-18T08:33:00Z,147abc6a,8bab4dff,a6177608,0.0
2025-01-18T08:36:00Z,147abc6a,8bab4dff,a6177608,0.0
2025-01-18T08:39:00Z,147abc6a,8bab4dff,a6177608,0.0
2025-01-18T08:42:00Z,147abc6a,8bab4dff,a6177608,0.0
2025-01-18T08:45:00Z,147abc6a,8bab4dff,a6177608,0.0
2025-01-18T08:48:00Z,147abc6a,8bab4dff,a6177608,0.0
2025-01-18T08:51:00Z,147abc6a,8bab4dff,a6177608,0.0
2025-01-18T08:54:00Z,147abc6a,8bab4dff,a6177608,0.0
2025-01-18T08:57:00Z,147abc6a,8bab4dff,a6177608,0.0
2025-01-18T09:00:00Z,147abc6a,8bab4dff,a6177608,0.0
2025-01-18T09:03:00Z,147abc6a,8bab4dff,a6177608,0.0
2025-01-18T09:06:00Z,147abc6a,8bab4dff,a6177608,0.0
2025-01-18T09:09:00Z,147abc6a,8bab4dff,a6177608,0.12
2025-01-18T09:12:00Z,147abc6a,8bab4dff,a6177608,0.0
2025-01-18T09:15:00Z,147abc6a,8bab4dff,a6177608,0.0
2025-01-18T09:18:00Z,147abc6a,8bab4dff,a6177608,0.0
2025-01-18T09:21:00Z,147abc6a,8bab4dff,a6177608,0.0
2025-01-18T09:24:00Z,147abc6a,8bab4dff,a6177608,0.01
2025-01-18T09:27:00Z,147abc6a,8bab4dff,a6177608,0.0
2025-01-18T09:30:00Z,147abc6a,8bab4dff,a6177608,0.0
2025-01-18T09:33:00Z,147abc6a,8bab4dff,a6177608,0.0
2025-01-18T09:36:00Z,147abc6a,8bab4dff,a6177608,0.0
2025-01-18T09:39:00Z,147abc6a,8bab4dff,a6177608,0.0
2025-01-18T09:42:00Z,147abc6a,8bab4dff,a6177608,0.0
2025-01-18T09:45:00Z,147abc6a,8bab4dff,a6177608,0.0
2025-01-18T09:48:00Z,147abc6a,8bab4dff,a6177608,0.0
2025-01-18T09:51:00Z,147abc6a,8bab4dff,a6177608,0.0
2025-01-18T09:54:00Z,147abc6a,8bab4dff,a6177608,0.0
2025-01-18T09:57:00Z,147abc6a,8bab4dff,a6177608,0.0
2025-01-18T10:00:00Z,147abc6a,8bab4dff,a6177608,0.0
2025-01-18T10:03:00Z,147abc6a,8bab4dff,a6177608,0.0
2025-01-18T10:06:00Z,147abc6a,8bab4dff,a6177608,0.0
2025-01-18T10:09:00Z,147abc6a,8bab4dff,a6177608,0.0
2025-01-18T10:12:00Z,147abc6a,8bab4dff,a6177608,0.0
2025-01-18T10:15:00Z,147abc6a,8bab4dff,a6177608,0.0
2025-01-18T10:18:00Z,147abc6a,8bab4dff,a6177608,0.0
2025-01-18T10:21:00Z,147abc6a,8bab4dff,a6177608,0.0
2025-01-18T10:24:00Z,147abc6a,8bab4dff,a6177608,0.0
2025-01-18T10:27:00Z,147abc6a,8bab4dff,a6177608,0.0
2025-01-18T10:30:00Z,147abc6a,8bab4dff,a6177608,0.0
2025-01-18T10:33:00Z,147abc6a,8bab4dff,a6177608,0.0
2025-01-18T10:36:00Z,147abc6a,8bab4dff,a6177608,0.0
2025-01-18T10:39:00Z,147abc6a,8bab4dff,a6177608,0.0
2025-01-18T10:42:00Z,147abc6a,8bab4dff,a6177608,0.0
2025-01-18T10:45:00Z,147abc6a,8bab4dff,a6177608,0.0
2025-01-18T10:48:00Z,147abc6a,8bab4dff,a6177608,0.0
2025-01-18T10:51:00Z,147abc6a,8bab4dff,a6177608,0.0
2025-01-18T10:54:00Z,147abc6a,8bab4dff,a6177608,0.0
2025-01-18T10:57:00Z,147abc6a,8bab4dff,a6177608,0.0
2025-01-18T11:00:00Z,147abc6a,8bab4dff,a6177608,0.0
2025-01-18T11:03:00Z,147abc6a,8bab4dff,a6177608,0.0
2025-01-18T11:06:00Z,147abc6a,8bab4dff,a6177608,0.0
2025-01-18T11:09:00Z,147abc6a,8bab4dff,a6177608,0.0
2025-01-18T11:12:00Z,147abc6a,8bab4dff,a6177608,0.0
2025-01-18T11:15:00Z,147abc6a,8bab4dff,a6177608,0.0
2025-01-18T11:18:00Z,147abc6a,8bab4dff,a6177608,0.0
2025-01-18T11:21:00Z,147abc6a,8bab4dff,a6177608,0.0
2025-01-18T11:24:00Z,147abc6a,8bab4dff,a6177608,0.0
2025-01-18T11:27:00Z,147abc6a,8bab4dff,a6177608,0.0
2025-01-18T11:30:00Z,147abc6a,8bab4dff,a6177608,0.0
2025-01-18T11:33:00Z,147abc6a,8bab4dff,a6177608,0.0
2025-01-18T11:36:00Z,147abc6a,8bab4dff,a6177608,0.0
2025-01-18T11:39:00Z,147abc6a,8bab4dff,a6177608,0.0
2025-01-18T11:42:00Z,147abc6a,8bab4dff,a6177608,0.0
2025-01-18T11:45:00Z,147abc6a,8bab4dff,a6177608,0.0
2025-01-18T11:48:00Z,147abc6a,8bab4dff,a6177608,0.0
2025-01-18T11:51:00Z,147abc6a,8bab4dff,a6177608,0.0
2025-01-18T11:54:00Z,147abc6a,8bab4dff,a6177608,0.0
2025-01-18T11:57:00Z,147abc6a,8bab4dff,a6177608,0.0
2025-01-18T12:00:00Z,147abc6a,8bab4dff,a6177608,0.0
2025-01-18T12:03:00Z,147abc6a,8bab4dff,a6177608,0.0
2025-01-18T12:06:00Z,147abc6a,8bab4dff,a6177608,0.0
2025-01-18T12:09:00Z,147abc6a,8bab4dff,a6177608,0.0
2025-01-18T12:12:00Z,147abc6a,8bab4dff,a6177608,0.01
2025-01-18T12:15:00Z,147abc6a,8bab4dff,a6177608,0.01
2025-01-18T12:18:00Z,147abc6a,8bab4dff,a6177608,0.0
2025-01-18T12:21:00Z,147abc6a,8bab4dff,a6177608,0.0
2025-01-18T12:24:00Z,147abc6a,8bab4dff,a6177608,0.0
2025-01-18T12:27:00Z,147abc6a,8bab4dff,a6177608,0.0
2025-01-18T12:30:00Z,147abc6a,8bab4dff,a6177608,0.0
2025-01-18T12:33:00Z,147abc6a,8bab4dff,a6177608,0.0
2025-01-18T12:36:00Z,147abc6a,8bab4dff,a6177608,0.0
2025-01-18T12:39:00Z,147abc6a,8bab4dff,a6177608,0.0
2025-01-18T12:42:00Z,147abc6a,8bab4dff,a6177608,0.0
2025-01-18T12:45:00Z,147abc6a,8bab4dff,a6177608,0.0
2025-01-18T12:48:00Z,147abc6a,8bab4dff,a6177608,0.0
2025-01-18T12:51:00Z,147abc6a,8bab4dff,a6177608,0.0
2025-01-18T12:54:00Z,147abc6a,8bab4dff,a6177608,0.0
2025-01-18T12:57:00Z,147abc6a,8bab4dff,a6177608,0.0
2025-01-18T13:00:00Z,147abc6a,8bab4dff,a6177608,0.0
2025-01-18T13:03:00Z,147abc6a,8bab4dff,a6177608,0.0
2025-01-18T13:06:00Z,147abc6a,8bab4dff,a6177608,0.0
2025-01-18T13:09:00Z,147abc6a,8bab4dff,a6177608,0.0
2025-01-18T13:12:00Z,147abc6a,8bab4dff,a6177608,0.0
2025-01-18T13:15:00Z,147abc6a,8bab4dff,a6177608,0.0
2025-01-18T13:18:00Z,147abc6a,8bab4dff,a6177608,0.0
2025-01-18T13:21:00Z,147abc6a,8bab4dff,a6177608,0.0
2025-01-18T13:24:00Z,147abc6a,8bab4dff,a6177608,0.0
2025-01-18T13:27:00Z,147abc6a,8bab4dff,a6177608,0.0
2025-01-18T13:30:00Z,147abc6a,8bab4dff,a6177608,0.0
2025-01-18T13:33:00Z,147abc6a,8bab4dff,a6177608,0.0
2025-01-18T13:36:00Z,147abc6a,8bab4dff,a6177608,0.0
2025-01-18T13:39:00Z,147abc6a,8bab4dff,a6177608,0.0
2025-01-18T13:42:00Z,147abc6a,8bab4dff,a6177608,0.0
2025-01-18T13:45:00Z,147abc6a,8bab4dff,a6177608,0.0
2025-01-18T13:48:00Z,147abc6a,8bab4dff,a6177608,0.0
2025-01-18T13:51:00Z,147abc6a,8bab4dff,a6177608,0.0
2025-01-18T13:54:00Z,147abc6a,8bab4dff,a6177608,0.0
2025-01-18T13:57:00Z,147abc6a,8bab4dff,a6177608,0.0
2025-01-18T14:00:00Z,147abc6a,8bab4dff,a6177608,0.0
2025-01-18T14:03:00Z,147abc6a,8bab4dff,a6177608,0.0
2025-01-18T14:06:00Z,147abc6a,8bab4dff,a6177608,0.0
2025-01-18T14:09:00Z,147abc6a,8bab4dff,a6177608,0.0
2025-01-18T14:12:00Z,147abc6a,8bab4dff,a6177608,0.0
2025-01-18T14:15:00Z,147abc6a,8bab4dff,a6177608,0.0
2025-01-18T14:18:00Z,147abc6a,8bab4dff,a6177608,0.0
2025-01-18T14:21:00Z,147abc6a,8bab4dff,a6177608,0.0
2025-01-18T14:24:00Z,147abc6a,8bab4dff,a6177608,0.0
2025-01-18T14:27:00Z,147abc6a,8bab4dff,a6177608,0.0
2025-01-18T14:30:00Z,147abc6a,8bab4dff,a6177608,0.0
2025-01-18T14:33:00Z,147abc6a,8bab4dff,a6177608,0.0
2025-01-18T14:36:00Z,147abc6a,8bab4dff,a6177608,0.0
2025-01-18T14:39:00Z,147abc6a,8bab4dff,a6177608,0.0
2025-01-18T14:42:00Z,147abc6a,8bab4dff,a6177608,0.0
2025-01-18T14:45:00Z,147abc6a,8bab4dff,a6177608,0.0
2025-01-18T14:48:00Z,147abc6a,8bab4dff,a6177608,0.0
2025-01-18T14:51:00Z,147abc6a,8bab4dff,a6177608,0.0
2025-01-18T14:54:00Z,147abc6a,8bab4dff,a6177608,0.0
2025-01-18T14:57:00Z,147abc6a,8bab4dff,a6177608,0.0
2025-01-18T15:00:00Z,147abc6a,8bab4dff,a6177608,0.0
2025-01-18T15:03:00Z,147abc6a,8bab4dff,a6177608,0.0
2025-01-18T15:06:00Z,147abc6a,8bab4dff,a6177608,0.0
2025-01-18T15:09:00Z,147abc6a,8bab4dff,a6177608,0.0
2025-01-18T15:12:00Z,147abc6a,8bab4dff,a6177608,0.0
2025-01-18T15:15:00Z,147abc6a,8bab4dff,a6177608,0.0
2025-01-18T15:18:00Z,147abc6a,8bab4dff,a6177608,0.0
2025-01-18T15:21:00Z,147abc6a,8bab4dff,a6177608,0.0
2025-01-18T15:24:00Z,147abc6a,8bab4dff,a6177608,0.0
2025-01-18T15:27:00Z,147abc6a,8bab4dff,a6177608,0.0
2025-01-18T15:30:00Z,147abc6a,8bab4dff,a6177608,0.0
2025-01-18T15:33:00Z,147abc6a,8bab4dff,a6177608,0.0
2025-01-18T15:36:00Z,147abc6a,8bab4dff,a6177608,0.0
2025-01-18T15:39:00Z,147abc6a,8bab4dff,a6177608,0.0
2025-01-18T15:42:00Z,147abc6a,8bab4dff,a6177608,0.0
2025-01-18T15:45:00Z,147abc6a,8bab4dff,a6177608,0.0
2025-01-18T15:48:00Z,147abc6a,8bab4dff,a6177608,0.0
2025-01-18T15:51:00Z,147abc6a,8bab4dff,a6177608,0.0
2025-01-18T15:54:00Z,147abc6a,8bab4dff,a6177608,0.0
2025-01-18T15:57:00Z,147abc6a,8bab4dff,a6177608,0.0
2025-01-18T16:00:00Z,147abc6a,8bab4dff,a6177608,0.0
2025-01-18T16:03:00Z,147abc6a,8bab4dff,a6177608,0.0
2025-01-18T16:06:00Z,147abc6a,8bab4dff,a6177608,0.0
2025-01-18T16:09:00Z,147abc6a,8bab4dff,a6177608,0.0
2025-01-18T16:12:00Z,147abc6a,8bab4dff,a6177608,0.0
2025-01-18T16:15:00Z,147abc6a,8bab4dff,a6177608,0.0
2025-01-18T16:18:00Z,147abc6a,8bab4dff,a6177608,0.0
2025-01-18T16:21:00Z,147abc6a,8bab4dff,a6177608,0.0
2025-01-18T16:24:00Z,147abc6a,8bab4dff,a6177608,0.0
2025-01-18T16:27:00Z,147abc6a,8bab4dff,a6177608,0.0
2025-01-18T16:30:00Z,147abc6a,8bab4dff,a6177608,0.0
2025-01-18T16:33:00Z,147abc6a,8bab4dff,a6177608,0.0
2025-01-18T16:36:00Z,147abc6a,8bab4dff,a6177608,0.0
2025-01-18T16:39:00Z,147abc6a,8bab4dff,a6177608,0.0
2025-01-18T16:42:00Z,147abc6a,8bab4dff,a6177608,0.0
2025-01-18T16:45:00Z,147abc6a,8bab4dff,a6177608,0.0
2025-01-18T16:48:00Z,147abc6a,8bab4dff,a6177608,0.0
2025-01-18T16:51:00Z,147abc6a,8bab4dff,a6177608,0.0
2025-01-18T16:54:00Z,147abc6a,8bab4dff,a6177608,0.0
2025-01-18T16:57:00Z,147abc6a,8bab4dff,a6177608,0.0
2025-01-18T17:00:00Z,147abc6a,8bab4dff,a6177608,0.0
2025-01-18T17:03:00Z,147abc6a,8bab4dff,a6177608,0.0
2025-01-18T17:06:00Z,147abc6a,8bab4dff,a6177608,0.0
2025-01-18T17:09:00Z,147abc6a,8bab4dff,a6177608,0.0
2025-01-18T17:12:00Z,147abc6a,8bab4dff,a6177608,0.0
2025-01-18T17:15:00Z,147abc6a,8bab4dff,a6177608,0.0
2025-01-18T17:18:00Z,147abc6a,8bab4dff,a6177608,0.0
2025-01-18T17:21:00Z,147abc6a,8bab4dff,a6177608,0.0
2025-01-18T17:24:00Z,147abc6a,8bab4dff,a6177608,0.0
2025-01-18T17:27:00Z,147abc6a,8bab4dff,a6177608,0.0
2025-01-18T17:30:00Z,147abc6a,8bab4dff,a6177608,0.0
2025-01-18T17:33:00Z,147abc6a,8bab4dff,a6177608,0.0
2025-01-18T17:36:00Z,147abc6a,8bab4dff,a6177608,0.0
2025-01-18T17:39:00Z,147abc6a,8bab4dff,a6177608,0.0
2025-01-18T17:42:00Z,147abc6a,8bab4dff,a6177608,0.0
2025-01-18T17:45:00Z,147abc6a,8bab4dff,a6177608,0.0
2025-01-18T17:48:00Z,147abc6a,8bab4dff,a6177608,0.0
2025-01-18T17:51:00Z,147abc6a,8bab4dff,a6177608,0.0
2025-01-18T17:54:00Z,147abc6a,8bab4dff,a6177608,0.0
2025-01-18T17:57:00Z,147abc6a,8bab4dff,a6177608,0.0
2025-01-18T18:00:00Z,147abc6a,8bab4dff,a6177608,0.0
2025-01-18T18:03:00Z,147abc6a,8bab4dff,a6177608,0.0
2025-01-18T18:06:00Z,147abc6a,8bab4dff,a6177608,0.0
2025-01-18T18:09:00Z,147abc6a,8bab4dff,a6177608,0.0
2025-01-18T18:12:00Z,147abc6a,8bab4dff,a6177608,0.0
2025-01-18T18:15:00Z,147abc6a,8bab4dff,a6177608,0.0
2025-01-18T18:18:00Z,147abc6a,8bab4dff,a6177608,0.0
2025-01-18T18:21:00Z,147abc6a,8bab4dff,a6177608,0.0
2025-01-18T18:24:00Z,147abc6a,8bab4dff,a6177608,0.0
2025-01-18T18:27:00Z,147abc6a,8bab4dff,a6177608,0.0
2025-01-18T18:30:00Z,147abc6a,8bab4dff,a6177608,0.0
2025-01-18T18:33:00Z,147abc6a,8bab4dff,a6177608,0.0
2025-01-18T18:36:00Z,147abc6a,8bab4dff,a6177608,0.0
2025-01-18T18:39:00Z,147abc6a,8bab4dff,a6177608,0.0
2025-01-18T18:42:00Z,147abc6a,8bab4dff,a6177608,0.0
2025-01-18T18:45:00Z,147abc6a,8bab4dff,a6177608,0.0
2025-01-18T18:48:00Z,147abc6a,8bab4dff,a6177608,0.0
2025-01-18T18:51:00Z,147abc6a,8bab4dff,a6177608,0.0
2025-01-18T18:54:00Z,147abc6a,8bab4dff,a6177608,0.0
2025-01-18T18:57:00Z,147abc6a,8bab4dff,a6177608,0.0
2025-01-18T19:00:00Z,147abc6a,8bab4dff,a6177608,0.0
2025-01-18T19:03:00Z,147abc6a,8bab4dff,a6177608,0.0
2025-01-18T19:06:00Z,147abc6a,8bab4dff,a6177608,0.0
2025-01-18T19:09:00Z,147abc6a,8bab4dff,a6177608,0.0
2025-01-18T19:12:00Z,147abc6a,8bab4dff,a6177608,0.0
2025-01-18T19:15:00Z,147abc6a,8bab4dff,a6177608,0.0
2025-01-18T19:18:00Z,147abc6a,8bab4dff,a6177608,0.0
2025-01-18T19:21:00Z,147abc6a,8bab4dff,a6177608,0.0
2025-01-18T19:24:00Z,147abc6a,8bab4dff,a6177608,0.0
2025-01-18T19:27:00Z,147abc6a,8bab4dff,a6177608,0.0
2025-01-18T19:30:00Z,147abc6a,8bab4dff,a6177608,0.0
2025-01-18T19:33:00Z,147abc6a,8bab4dff,a6177608,0.0
2025-01-18T19:36:00Z,147abc6a,8bab4dff,a6177608,0.0
2025-01-18T19:39:00Z,147abc6a,8bab4dff,a6177608,0.0
2025-01-18T19:42:00Z,147abc6a,8bab4dff,a6177608,0.0
2025-01-18T19:45:00Z,147abc6a,8bab4dff,a6177608,0.0
2025-01-18T19:48:00Z,147abc6a,8bab4dff,a6177608,0.01
2025-01-18T19:51:00Z,147abc6a,8bab4dff,a6177608,0.0
2025-01-18T19:54:00Z,147abc6a,8bab4dff,a6177608,0.0
2025-01-18T19:57:00Z,147abc6a,8bab4dff,a6177608,0.0
2025-01-18T20:00:00Z,147abc6a,8bab4dff,a6177608,0.0
2025-01-18T20:03:00Z,147abc6a,8bab4dff,a6177608,0.0
2025-01-18T20:06:00Z,147abc6a,8bab4dff,a6177608,0.0
2025-01-18T20:09:00Z,147abc6a,8bab4dff,a6177608,0.0
2025-01-18T20:12:00Z,147abc6a,8bab4dff,a6177608,0.0
2025-01-18T20:15:00Z,147abc6a,8bab4dff,a6177608,0.0
2025-01-18T20:18:00Z,147abc6a,8bab4dff,a6177608,0.0
2025-01-18T20:21:00Z,147abc6a,8bab4dff,a6177608,0.0
2025-01-18T20:24:00Z,147abc6a,8bab4dff,a6177608,0.0
2025-01-18T20:27:00Z,147abc6a,8bab4dff,a6177608,0.0
2025-01-18T20:30:00Z,147abc6a,8bab4dff,a6177608,0.0
2025-01-18T20:33:00Z,147abc6a,8bab4dff,a6177608,0.0
2025-01-18T20:36:00Z,147abc6a,8bab4dff,a6177608,0.0
2025-01-18T20:39:00Z,147abc6a,8bab4dff,a6177608,0.0
2025-01-18T20:42:00Z,147abc6a,8bab4dff,a6177608,0.0
2025-01-18T20:45:00Z,147abc6a,8bab4dff,a6177608,0.0
2025-01-18T20:48:00Z,147abc6a,8bab4dff,a6177608,0.0
2025-01-18T20:51:00Z,147abc6a,8bab4dff,a6177608,0.0
2025-01-18T20:54:00Z,147abc6a,8bab4dff,a6177608,0.0
2025-01-18T20:57:00Z,147abc6a,8bab4dff,a6177608,0.0
2025-01-18T21:00:00Z,147abc6a,8bab4dff,a6177608,0.0
2025-01-18T21:03:00Z,147abc6a,8bab4dff,a6177608,0.0
2025-01-18T21:06:00Z,147abc6a,8bab4dff,a6177608,0.0
2025-01-18T21:09:00Z,147abc6a,8bab4dff,a6177608,0.0
2025-01-18T21:12:00Z,147abc6a,8bab4dff,a6177608,0.0
2025-01-18T21:15:00Z,147abc6a,8bab4dff,a6177608,0.0
2025-01-18T21:18:00Z,147abc6a,8bab4dff,a6177608,0.0
2025-01-18T21:21:00Z,147abc6a,8bab4dff,a6177608,0.0
2025-01-18T21:24:00Z,147abc6a,8bab4dff,a6177608,0.0
2025-01-18T21:27:00Z,147abc6a,8bab4dff,a6177608,0.0
2025-01-18T21:30:00Z,147abc6a,8bab4dff,a6177608,0.0
2025-01-18T21:33:00Z,147abc6a,8bab4dff,a6177608,0.0
2025-01-18T21:36:00Z,147abc6a,8bab4dff,a6177608,0.0
2025-01-18T21:39:00Z,147abc6a,8bab4dff,a6177608,0.0
2025-01-18T21:42:00Z,147abc6a,8bab4dff,a6177608,0.0
2025-01-18T21:45:00Z,147abc6a,8bab4dff,a6177608,0.0
2025-01-18T21:48:00Z,147abc6a,8bab4dff,a6177608,0.0
2025-01-18T21:51:00Z,147abc6a,8bab4dff,a6177608,0.0
2025-01-18T21:54:00Z,147abc6a,8bab4dff,a6177608,0.0
2025-01-18T21:57:00Z,147abc6a,8bab4dff,a6177608,0.0
2025-01-18T22:00:00Z,147abc6a,8bab4dff,a6177608,0.0
2025-01-18T22:03:00Z,147abc6a,8bab4dff,a6177608,0.0
2025-01-18T22:06:00Z,147abc6a,8bab4dff,a6177608,0.0
2025-01-18T22:09:00Z,147abc6a,8bab4dff,a6177608,0.0
2025-01-18T22:12:00Z,147abc6a,8bab4dff,a6177608,0.0
2025-01-18T22:15:00Z,147abc6a,8bab4dff,a6177608,0.0
2025-01-18T22:18:00Z,147abc6a,8bab4dff,a6177608,0.0
2025-01-18T22:21:00Z,147abc6a,8bab4dff,a6177608,0.0
2025-01-18T22:24:00Z,147abc6a,8bab4dff,a6177608,0.0
2025-01-18T22:27:00Z,147abc6a,8bab4dff,a6177608,0.0
2025-01-18T22:30:00Z,147abc6a,8bab4dff,a6177608,0.0
2025-01-18T22:33:00Z,147abc6a,8bab4dff,a6177608,0.01
2025-01-18T22:36:00Z,147abc6a,8bab4dff,a6177608,0.0
2025-01-18T22:39:00Z,147abc6a,8bab4dff,a6177608,0.0
2025-01-18T22:42:00Z,147abc6a,8bab4dff,a6177608,0.0
2025-01-18T22:45:00Z,147abc6a,8bab4dff,a6177608,0.0
2025-01-18T22:48:00Z,147abc6a,8bab4dff,a6177608,0.0
2025-01-18T22:51:00Z,147abc6a,8bab4dff,a6177608,0.02
2025-01-18T22:54:00Z,147abc6a,8bab4dff,a6177608,0.0
2025-01-18T22:57:00Z,147abc6a,8bab4dff,a6177608,0.0
2025-01-18T23:00:00Z,147abc6a,8bab4dff,a6177608,0.0
2025-01-18T23:03:00Z,147abc6a,8bab4dff,a6177608,0.0
2025-01-18T23:06:00Z,147abc6a,8bab4dff,a6177608,0.0
2025-01-18T23:09:00Z,147abc6a,8bab4dff,a6177608,0.0
2025-01-18T23:12:00Z,147abc6a,8bab4dff,a6177608,0.0
2025-01-18T23:15:00Z,147abc6a,8bab4dff,a6177608,0.0
2025-01-18T23:18:00Z,147abc6a,8bab4dff,a6177608,0.0
2025-01-18T23:21:00Z,147abc6a,8bab4dff,a6177608,0.0
2025-01-18T23:24:00Z,147abc6a,8bab4dff,a6177608,0.0
2025-01-18T23:27:00Z,147abc6a,8bab4dff,a6177608,0.0
2025-01-18T23:30:00Z,147abc6a,8bab4dff,a6177608,0.0
2025-01-18T23:33:00Z,147abc6a,8bab4dff,a6177608,0.0
2025-01-18T23:36:00Z,147abc6a,8bab4dff,a6177608,0.0
2025-01-18T23:39:00Z,147abc6a,8bab4dff,a6177608,0.02
2025-01-18T23:42:00Z,147abc6a,8bab4dff,a6177608,0.0
2025-01-18T23:45:00Z,147abc6a,8bab4dff,a6177608,0.0
2025-01-18T23:48:00Z,147abc6a,8bab4dff,a6177608,0.0
2025-01-18T23:51:00Z,147abc6a,8bab4dff,a6177608,0.0
2025-01-18T23:54:00Z,147abc6a,8bab4dff,a6177608,0.0
2025-01-18T23:57:00Z,147abc6a,8bab4dff,a6177608,0.0
2025-01-19T00:00:00Z,147abc6a,8bab4dff,a6177608,0.0
2025-01-19T00:03:00Z,147abc6a,8bab4dff,a6177608,0.0
2025-01-19T00:06:00Z,147abc6a,8bab4dff,a6177608,0.0
2025-01-19T00:09:00Z,147abc6a,8bab4dff,a6177608,0.0
2025-01-19T00:12:00Z,147abc6a,8bab4dff,a6177608,0.0
2025-01-19T00:15:00Z,147abc6a,8bab4dff,a6177608,0.0
2025-01-19T00:18:00Z,147abc6a,8bab4dff,a6177608,0.0
2025-01-19T00:21:00Z,147abc6a,8bab4dff,a6177608,0.0
2025-01-19T00:24:00Z,147abc6a,8bab4dff,a6177608,0.0
2025-01-19T00:27:00Z,147abc6a,8bab4dff,a6177608,0.0
2025-01-19T00:30:00Z,147abc6a,8bab4dff,a6177608,0.0
2025-01-19T00:33:00Z,147abc6a,8bab4dff,a6177608,0.0
2025-01-19T00:36:00Z,147abc6a,8bab4dff,a6177608,0.0
2025-01-19T00:39:00Z,147abc6a,8bab4dff,a6177608,0.0
2025-01-19T00:42:00Z,147abc6a,8bab4dff,a6177608,0.0
2025-01-19T00:45:00Z,147abc6a,8bab4dff,a6177608,0.0
2025-01-19T00:48:00Z,147abc6a,8bab4dff,a6177608,0.0
2025-01-19T00:51:00Z,147abc6a,8bab4dff,a6177608,0.0
2025-01-19T00:54:00Z,147abc6a,8bab4dff,a6177608,0.0
2025-01-19T00:57:00Z,147abc6a,8bab4dff,a6177608,0.0
2025-01-19T01:00:00Z,147abc6a,8bab4dff,a6177608,0.0
2025-01-19T01:03:00Z,147abc6a,8bab4dff,a6177608,0.0
2025-01-19T01:06:00Z,147abc6a,8bab4dff,a6177608,0.0
2025-01-19T01:09:00Z,147abc6a,8bab4dff,a6177608,0.0
2025-01-19T01:12:00Z,147abc6a,8bab4dff,a6177608,0.0
2025-01-19T01:15:00Z,147abc6a,8bab4dff,a6177608,0.0
2025-01-19T01:18:00Z,147abc6a,8bab4dff,a6177608,0.0
2025-01-19T01:21:00Z,147abc6a,8bab4dff,a6177608,0.0
2025-01-19T01:24:00Z,147abc6a,8bab4dff,a6177608,0.0
2025-01-19T01:27:00Z,147abc6a,8bab4dff,a6177608,0.0
2025-01-19T01:30:00Z,147abc6a,8bab4dff,a6177608,0.0
2025-01-19T01:33:00Z,147abc6a,8bab4dff,a6177608,0.0
2025-01-19T01:36:00Z,147abc6a,8bab4dff,a6177608,0.0
2025-01-19T01:39:00Z,147abc6a,8bab4dff,a6177608,0.0
2025-01-19T01:42:00Z,147abc6a,8bab4dff,a6177608,0.0
2025-01-19T01:45:00Z,147abc6a,8bab4dff,a6177608,0.0
2025-01-19T01:48:00Z,147abc6a,8bab4dff,a6177608,0.0
2025-01-19T01:51:00Z,147abc6a,8bab4dff,a6177608,0.0
2025-01-19T01:54:00Z,147abc6a,8bab4dff,a6177608,0.0
2025-01-19T01:57:00Z,147abc6a,8bab4dff,a6177608,0.0
2025-01-19T02:00:00Z,147abc6a,8bab4dff,a6177608,0.0
2025-01-19T02:03:00Z,147abc6a,8bab4dff,a6177608,0.0
2025-01-19T02:06:00Z,147abc6a,8bab4dff,a6177608,0.0
2025-01-19T02:09:00Z,147abc6a,8bab4dff,a6177608,0.0
2025-01-19T02:12:00Z,147abc6a,8bab4dff,a6177608,0.0
2025-01-19T02:15:00Z,147abc6a,8bab4dff,a6177608,0.0
2025-01-19T02:18:00Z,147abc6a,8bab4dff,a6177608,0.0
2025-01-19T02:21:00Z,147abc6a,8bab4dff,a6177608,0.0
2025-01-19T02:24:00Z,147abc6a,8bab4dff,a6177608,0.0
2025-01-19T02:27:00Z,147abc6a,8bab4dff,a6177608,0.0
2025-01-19T02:30:00Z,147abc6a,8bab4dff,a6177608,0.0
2025-01-19T02:33:00Z,147abc6a,8bab4dff,a6177608,0.0
2025-01-19T02:36:00Z,147abc6a,8bab4dff,a6177608,0.0
2025-01-19T02:39:00Z,147abc6a,8bab4dff,a6177608,0.0
2025-01-19T02:42:00Z,147abc6a,8bab4dff,a6177608,0.0
2025-01-19T02:45:00Z,147abc6a,8bab4dff,a6177608,0.0
2025-01-19T02:48:00Z,147abc6a,8bab4dff,a6177608,0.0
2025-01-19T02:51:00Z,147abc6a,8bab4dff,a6177608,0.0
2025-01-19T02:54:00Z,147abc6a,8bab4dff,a6177608,0.0
2025-01-19T02:57:00Z,147abc6a,8bab4dff,a6177608,0.0
2025-01-19T03:00:00Z,147abc6a,8bab4dff,a6177608,0.0
2025-01-19T03:03:00Z,147abc6a,8bab4dff,a6177608,0.0
2025-01-19T03:06:00Z,147abc6a,8bab4dff,a6177608,0.0
2025-01-19T03:09:00Z,147abc6a,8bab4dff,a6177608,0.0
2025-01-19T03:12:00Z,147abc6a,8bab4dff,a6177608,0.0
2025-01-19T03:15:00Z,147abc6a,8bab4dff,a6177608,0.0
2025-01-19T03:18:00Z,147abc6a,8bab4dff,a6177608,0.0
2025-01-19T03:21:00Z,147abc6a,8bab4dff,a6177608,0.0
2025-01-19T03:24:00Z,147abc6a,8bab4dff,a6177608,0.0
2025-01-19T03:27:00Z,147abc6a,8bab4dff,a6177608,0.0
2025-01-19T03:30:00Z,147abc6a,8bab4dff,a6177608,0.0
2025-01-19T03:33:00Z,147abc6a,8bab4dff,a6177608,0.0
2025-01-19T03:36:00Z,147abc6a,8bab4dff,a6177608,0.0
2025-01-19T03:39:00Z,147abc6a,8bab4dff,a6177608,0.0
2025-01-19T03:42:00Z,147abc6a,8bab4dff,a6177608,0.0
2025-01-19T03:45:00Z,147abc6a,8bab4dff,a6177608,0.0
2025-01-19T03:48:00Z,147abc6a,8bab4dff,a6177608,0.0
2025-01-19T03:51:00Z,147abc6a,8bab4dff,a6177608,0.0
2025-01-19T03:54:00Z,147abc6a,8bab4dff,a6177608,0.0
2025-01-19T03:57:00Z,147abc6a,8bab4dff,a6177608,0.0
2025-01-19T04:00:00Z,147abc6a,8bab4dff,a6177608,0.0
2025-01-19T04:03:00Z,147abc6a,8bab4dff,a6177608,0.0
2025-01-19T04:06:00Z,147abc6a,8bab4dff,a6177608,0.0
2025-01-19T04:09:00Z,147abc6a,8bab4dff,a6177608,0.0
2025-01-19T04:12:00Z,147abc6a,8bab4dff,a6177608,0.0
2025-01-19T04:15:00Z,147abc6a,8bab4dff,a6177608,0.0
2025-01-19T04:18:00Z,147abc6a,8bab4dff,a6177608,0.0
2025-01-19T04:21:00Z,147abc6a,8bab4dff,a6177608,0.0
2025-01-19T04:24:00Z,147abc6a,8bab4dff,a6177608,0.0
2025-01-19T04:27:00Z,147abc6a,8bab4dff,a6177608,0.0
2025-01-19T04:30:00Z,147abc6a,8bab4dff,a6177608,0.0
2025-01-19T04:33:00Z,147abc6a,8bab4dff,a6177608,0.0
2025-01-19T04:36:00Z,147abc6a,8bab4dff,a6177608,0.0
2025-01-19T04:39:00Z,147abc6a,8bab4dff,a6177608,0.0
2025-01-19T04:42:00Z,147abc6a,8bab4dff,a6177608,0.0
2025-01-19T04:45:00Z,147abc6a,8bab4dff,a6177608,0.0
2025-01-19T04:48:00Z,147abc6a,8bab4dff,a6177608,0.0
2025-01-19T04:51:00Z,147abc6a,8bab4dff,a6177608,0.0
2025-01-19T04:54:00Z,147abc6a,8bab4dff,a6177608,0.0
2025-01-19T04:57:00Z,147abc6a,8bab4dff,a6177608,0.0
2025-01-19T05:00:00Z,147abc6a,8bab4dff,a6177608,0.0
2025-01-19T05:03:00Z,147abc6a,8bab4dff,a6177608,0.0
2025-01-19T05:06:00Z,147abc6a,8bab4dff,a6177608,0.0
2025-01-19T05:09:00Z,147abc6a,8bab4dff,a6177608,0.0
2025-01-19T05:12:00Z,147abc6a,8bab4dff,a6177608,0.0
2025-01-19T05:15:00Z,147abc6a,8bab4dff,a6177608,0.0
2025-01-19T05:18:00Z,147abc6a,8bab4dff,a6177608,0.0
2025-01-19T05:21:00Z,147abc6a,8bab4dff,a6177608,0.0
2025-01-19T05:24:00Z,147abc6a,8bab4dff,a6177608,0.0
2025-01-19T05:27:00Z,147abc6a,8bab4dff,a6177608,0.0
2025-01-19T05:30:00Z,147abc6a,8bab4dff,a6177608,0.0
2025-01-19T05:33:00Z,147abc6a,8bab4dff,a6177608,0.0
2025-01-19T05:36:00Z,147abc6a,8bab4dff,a6177608,0.0
2025-01-19T05:39:00Z,147abc6a,8bab4dff,a6177608,0.0
2025-01-19T05:42:00Z,147abc6a,8bab4dff,a6177608,0.0
2025-01-19T05:45:00Z,147abc6a,8bab4dff,a6177608,0.0
2025-01-19T05:48:00Z,147abc6a,8bab4dff,a6177608,0.0
2025-01-19T05:51:00Z,147abc6a,8bab4dff,a6177608,0.0
2025-01-19T05:54:00Z,147abc6a,8bab4dff,a6177608,0.0
2025-01-19T05:57:00Z,147abc6a,8bab4dff,a6177608,0.0
2025-01-19T06:00:00Z,147abc6a,8bab4dff,a6177608,0.0
2025-01-19T06:03:00Z,147abc6a,8bab4dff,a6177608,0.0
2025-01-19T06:06:00Z,147abc6a,8bab4dff,a6177608,0.0
2025-01-19T06:09:00Z,147abc6a,8bab4dff,a6177608,0.0
2025-01-19T06:12:00Z,147abc6a,8bab4dff,a6177608,0.0
2025-01-19T06:15:00Z,147abc6a,8bab4dff,a6177608,0.0
2025-01-19T06:18:00Z,147abc6a,8bab4dff,a6177608,0.0
2025-01-19T06:21:00Z,147abc6a,8bab4dff,a6177608,0.0
2025-01-19T06:24:00Z,147abc6a,8bab4dff,a6177608,0.0
2025-01-19T06:27:00Z,147abc6a,8bab4dff,a6177608,0.0
2025-01-19T06:30:00Z,147abc6a,8bab4dff,a6177608,0.0
2025-01-19T06:33:00Z,147abc6a,8bab4dff,a6177608,0.0
2025-01-19T06:36:00Z,147abc6a,8bab4dff,a6177608,0.0
2025-01-19T06:39:00Z,147abc6a,8bab4dff,a6177608,0.0
2025-01-19T06:42:00Z,147abc6a,8bab4dff,a6177608,0.0
2025-01-19T06:45:00Z,147abc6a,8bab4dff,a6177608,0.0
2025-01-19T06:48:00Z,147abc6a,8bab4dff,a6177608,0.02
2025-01-19T06:51:00Z,147abc6a,8bab4dff,a6177608,0.0
2025-01-19T06:54:00Z,147abc6a,8bab4dff,a6177608,0.0
2025-01-19T06:57:00Z,147abc6a,8bab4dff,a6177608,0.0
2025-01-19T07:00:00Z,147abc6a,8bab4dff,a6177608,0.0
2025-01-19T07:03:00Z,147abc6a,8bab4dff,a6177608,0.0
2025-01-19T07:06:00Z,147abc6a,8bab4dff,a6177608,0.0
2025-01-19T07:09:00Z,147abc6a,8bab4dff,a6177608,0.0
2025-01-19T07:12:00Z,147abc6a,8bab4dff,a6177608,0.01
2025-01-19T07:15:00Z,147abc6a,8bab4dff,a6177608,0.0
2025-01-19T07:18:00Z,147abc6a,8bab4dff,a6177608,0.0
2025-01-19T07:21:00Z,147abc6a,8bab4dff,a6177608,0.0
2025-01-19T07:24:00Z,147abc6a,8bab4dff,a6177608,0.0
2025-01-19T07:27:00Z,147abc6a,8bab4dff,a6177608,0.0
2025-01-19T07:30:00Z,147abc6a,8bab4dff,a6177608,0.0
2025-01-19T07:33:00Z,147abc6a,8bab4dff,a6177608,0.0
2025-01-19T07:36:00Z,147abc6a,8bab4dff,a6177608,0.0
2025-01-19T07:39:00Z,147abc6a,8bab4dff,a6177608,0.0
2025-01-19T07:42:00Z,147abc6a,8bab4dff,a6177608,0.0
2025-01-19T07:45:00Z,147abc6a,8bab4dff,a6177608,0.0
2025-01-19T07:48:00Z,147abc6a,8bab4dff,a6177608,0.0
2025-01-19T07:51:00Z,147abc6a,8bab4dff,a6177608,0.0
2025-01-19T07:54:00Z,147abc6a,8bab4dff,a6177608,0.0
2025-01-19T07:57:00Z,147abc6a,8bab4dff,a6177608,0.0
2025-01-19T08:00:00Z,147abc6a,8bab4dff,a6177608,0.0
2025-01-19T08:03:00Z,147abc6a,8bab4dff,a6177608,0.0
2025-01-19T08:06:00Z,147abc6a,8bab4dff,a6177608,0.0
2025-01-19T08:09:00Z,147abc6a,8bab4dff,a6177608,0.0
2025-01-19T08:12:00Z,147abc6a,8bab4dff,a6177608,0.0
2025-01-19T08:15:00Z,147abc6a,8bab4dff,a6177608,0.0
2025-01-19T08:18:00Z,147abc6a,8bab4dff,a6177608,0.0
2025-01-19T08:21:00Z,147abc6a,8bab4dff,a6177608,0.0
2025-01-19T08:24:00Z,147abc6a,8bab4dff,a6177608,0.0
2025-01-19T08:27:00Z,147abc6a,8bab4dff,a6177608,0.0
2025-01-19T08:30:00Z,147abc6a,8bab4dff,a6177608,0.0
2025-01-19T08:33:00Z,147abc6a,8bab4dff,a6177608,0.0
2025-01-19T08:36:00Z,147abc6a,8bab4dff,a6177608,0.0
2025-01-19T08:39:00Z,147abc6a,8bab4dff,a6177608,0.0
2025-01-19T08:42:00Z,147abc6a,8bab4dff,a6177608,0.0
2025-01-19T08:45:00Z,147abc6a,8bab4dff,a6177608,0.0
2025-01-19T08:48:00Z,147abc6a,8bab4dff,a6177608,0.0
2025-01-19T08:51:00Z,147abc6a,8bab4dff,a6177608,0.0
2025-01-19T08:54:00Z,147abc6a,8bab4dff,a6177608,0.0
2025-01-19T08:57:00Z,147abc6a,8bab4dff,a6177608,0.0
2025-01-19T09:00:00Z,147abc6a,8bab4dff,a6177608,0.0
2025-01-19T09:03:00Z,147abc6a,8bab4dff,a6177608,0.0
2025-01-19T09:06:00Z,147abc6a,8bab4dff,a6177608,0.0
2025-01-19T09:09:00Z,147abc6a,8bab4dff,a6177608,0.0
2025-01-19T09:12:00Z,147abc6a,8bab4dff,a6177608,0.0
2025-01-19T09:15:00Z,147abc6a,8bab4dff,a6177608,0.03
2025-01-19T09:18:00Z,147abc6a,8bab4dff,a6177608,0.0
2025-01-19T09:21:00Z,147abc6a,8bab4dff,a6177608,0.0
2025-01-19T09:24:00Z,147abc6a,8bab4dff,a6177608,0.0
2025-01-19T09:27:00Z,147abc6a,8bab4dff,a6177608,0.0
2025-01-19T09:30:00Z,147abc6a,8bab4dff,a6177608,0.0
2025-01-19T09:33:00Z,147abc6a,8bab4dff,a6177608,0.0
2025-01-19T09:36:00Z,147abc6a,8bab4dff,a6177608,0.0
2025-01-19T09:39:00Z,147abc6a,8bab4dff,a6177608,0.0
2025-01-19T09:42:00Z,147abc6a,8bab4dff,a6177608,0.0
2025-01-19T09:45:00Z,147abc6a,8bab4dff,a6177608,0.0
2025-01-19T09:48:00Z,147abc6a,8bab4dff,a6177608,0.0
2025-01-19T09:51:00Z,147abc6a,8bab4dff,a6177608,0.0
2025-01-19T09:54:00Z,147abc6a,8bab4dff,a6177608,0.0
2025-01-19T09:57:00Z,147abc6a,8bab4dff,a6177608,0.0
2025-01-19T10:00:00Z,147abc6a,8bab4dff,a6177608,0.0
2025-01-19T10:03:00Z,147abc6a,8bab4dff,a6177608,0.0
2025-01-19T10:06:00Z,147abc6a,8bab4dff,a6177608,0.0
2025-01-19T10:09:00Z,147abc6a,8bab4dff,a6177608,0.0
2025-01-19T10:12:00Z,147abc6a,8bab4dff,a6177608,0.0
2025-01-19T10:15:00Z,147abc6a,8bab4dff,a6177608,0.0
2025-01-19T10:18:00Z,147abc6a,8bab4dff,a6177608,0.0
2025-01-19T10:21:00Z,147abc6a,8bab4dff,a6177608,0.0
2025-01-19T10:24:00Z,147abc6a,8bab4dff,a6177608,0.0
2025-01-19T10:27:00Z,147abc6a,8bab4dff,a6177608,0.0
2025-01-19T10:30:00Z,147abc6a,8bab4dff,a6177608,0.0
2025-01-19T10:33:00Z,147abc6a,8bab4dff,a6177608,0.0
2025-01-19T10:36:00Z,147abc6a,8bab4dff,a6177608,0.0
2025-01-19T10:39:00Z,147abc6a,8bab4dff,a6177608,0.0
2025-01-19T10:42:00Z,147abc6a,8bab4dff,a6177608,0.0
2025-01-19T10:45:00Z,147abc6a,8bab4dff,a6177608,0.0
2025-01-19T10:48:00Z,147abc6a,8bab4dff,a6177608,0.0
2025-01-19T10:51:00Z,147abc6a,8bab4dff,a6177608,0.0
2025-01-19T10:54:00Z,147abc6a,8bab4dff,a6177608,0.0
2025-01-19T10:57:00Z,147abc6a,8bab4dff,a6177608,0.0
2025-01-19T11:00:00Z,147abc6a,8bab4dff,a6177608,0.0
2025-01-19T11:03:00Z,147abc6a,8bab4dff,a6177608,0.0
2025-01-19T11:06:00Z,147abc6a,8bab4dff,a6177608,0.0
2025-01-19T11:09:00Z,147abc6a,8bab4dff,a6177608,0.0
2025-01-19T11:12:00Z,147abc6a,8bab4dff,a6177608,0.0
2025-01-19T11:15:00Z,147abc6a,8bab4dff,a6177608,0.0
2025-01-19T11:18:00Z,147abc6a,8bab4dff,a6177608,0.0
2025-01-19T11:21:00Z,147abc6a,8bab4dff,a6177608,0.0
2025-01-19T11:24:00Z,147abc6a,8bab4dff,a6177608,0.0
2025-01-19T11:27:00Z,147abc6a,8bab4dff,a6177608,0.0
2025-01-19T11:30:00Z,147abc6a,8bab4dff,a6177608,0.0
2025-01-19T11:33:00Z,147abc6a,8bab4dff,a6177608,0.0
2025-01-19T11:36:00Z,147abc6a,8bab4dff,a6177608,0.0
2025-01-19T11:39:00Z,147abc6a,8bab4dff,a6177608,0.0
2025-01-19T11:42:00Z,147abc6a,8bab4dff,a6177608,0.0
2025-01-19T11:45:00Z,147abc6a,8bab4dff,a6177608,0.0
2025-01-19T11:48:00Z,147abc6a,8bab4dff,a6177608,0.0
2025-01-19T11:51:00Z,147abc6a,8bab4dff,a6177608,0.0
2025-01-19T11:54:00Z,147abc6a,8bab4dff,a6177608,0.0
2025-01-19T11:57:00Z,147abc6a,8bab4dff,a6177608,0.0
2025-01-19T12:00:00Z,147abc6a,8bab4dff,a6177608,0.0
2025-01-19T12:03:00Z,147abc6a,8bab4dff,a6177608,0.0
2025-01-19T12:06:00Z,147abc6a,8bab4dff,a6177608,0.0
2025-01-19T12:09:00Z,147abc6a,8bab4dff,a6177608,0.0
2025-01-19T12:12:00Z,147abc6a,8bab4dff,a6177608,0.0
2025-01-19T12:15:00Z,147abc6a,8bab4dff,a6177608,0.0
2025-01-19T12:18:00Z,147abc6a,8bab4dff,a6177608,0.0
2025-01-19T12:21:00Z,147abc6a,8bab4dff,a6177608,0.0
2025-01-19T12:24:00Z,147abc6a,8bab4dff,a6177608,0.0
2025-01-19T12:27:00Z,147abc6a,8bab4dff,a6177608,0.0
2025-01-19T12:30:00Z,147abc6a,8bab4dff,a6177608,0.0
2025-01-19T12:33:00Z,147abc6a,8bab4dff,a6177608,0.0
2025-01-19T12:36:00Z,147abc6a,8bab4dff,a6177608,0.0
2025-01-19T12:39:00Z,147abc6a,8bab4dff,a6177608,0.0
2025-01-19T12:42:00Z,147abc6a,8bab4dff,a6177608,0.0
2025-01-19T12:45:00Z,147abc6a,8bab4dff,a6177608,0.0
2025-01-19T12:48:00Z,147abc6a,8bab4dff,a6177608,0.0
2025-01-19T12:51:00Z,147abc6a,8bab4dff,a6177608,0.0
2025-01-19T12:54:00Z,147abc6a,8bab4dff,a6177608,0.0
2025-01-19T12:57:00Z,147abc6a,8bab4dff,a6177608,0.0
2025-01-19T13:00:00Z,147abc6a,8bab4dff,a6177608,0.0
2025-01-19T13:03:00Z,147abc6a,8bab4dff,a6177608,0.0
2025-01-19T13:06:00Z,147abc6a,8bab4dff,a6177608,0.0
2025-01-19T13:09:00Z,147abc6a,8bab4dff,a6177608,0.0
2025-01-19T13:12:00Z,147abc6a,8bab4dff,a6177608,0.0
2025-01-19T13:15:00Z,147abc6a,8bab4dff,a6177608,0.0
2025-01-19T13:18:00Z,147abc6a,8bab4dff,a6177608,0.0
2025-01-19T13:21:00Z,147abc6a,8bab4dff,a6177608,0.0
2025-01-19T13:24:00Z,147abc6a,8bab4dff,a6177608,0.0
2025-01-19T13:27:00Z,147abc6a,8bab4dff,a6177608,0.0
2025-01-19T13:30:00Z,147abc6a,8bab4dff,a6177608,0.0
2025-01-19T13:33:00Z,147abc6a,8bab4dff,a6177608,0.0
2025-01-19T13:36:00Z,147abc6a,8bab4dff,a6177608,0.0
2025-01-19T13:39:00Z,147abc6a,8bab4dff,a6177608,0.0
2025-01-19T13:42:00Z,147abc6a,8bab4dff,a6177608,0.0
2025-01-19T13:45:00Z,147abc6a,8bab4dff,a6177608,0.0
2025-01-19T13:48:00Z,147abc6a,8bab4dff,a6177608,0.0
2025-01-19T13:51:00Z,147abc6a,8bab4dff,a6177608,0.0
2025-01-19T13:54:00Z,147abc6a,8bab4dff,a6177608,0.0
2025-01-19T13:57:00Z,147abc6a,8bab4dff,a6177608,0.0
2025-01-19T14:00:00Z,147abc6a,8bab4dff,a6177608,0.0
2025-01-19T14:03:00Z,147abc6a,8bab4dff,a6177608,0.0
2025-01-19T14:06:00Z,147abc6a,8bab4dff,a6177608,0.0
2025-01-19T14:09:00Z,147abc6a,8bab4dff,a6177608,0.0
2025-01-19T14:12:00Z,147abc6a,8bab4dff,a6177608,0.0
2025-01-19T14:15:00Z,147abc6a,8bab4dff,a6177608,0.0
2025-01-19T14:18:00Z,147abc6a,8bab4dff,a6177608,0.0
2025-01-19T14:21:00Z,147abc6a,8bab4dff,a6177608,0.0
2025-01-19T14:24:00Z,147abc6a,8bab4dff,a6177608,0.0
2025-01-19T14:27:00Z,147abc6a,8bab4dff,a6177608,0.0
2025-01-19T14:30:00Z,147abc6a,8bab4dff,a6177608,0.0
2025-01-19T14:33:00Z,147abc6a,8bab4dff,a6177608,0.0
2025-01-19T14:36:00Z,147abc6a,8bab4dff,a6177608,0.0
2025-01-19T14:39:00Z,147abc6a,8bab4dff,a6177608,0.0
2025-01-19T14:42:00Z,147abc6a,8bab4dff,a6177608,0.0
2025-01-19T14:45:00Z,147abc6a,8bab4dff,a6177608,0.0
2025-01-19T14:48:00Z,147abc6a,8bab4dff,a6177608,0.0
2025-01-19T14:51:00Z,147abc6a,8bab4dff,a6177608,0.0
2025-01-19T14:54:00Z,147abc6a,8bab4dff,a6177608,0.0
2025-01-19T14:57:00Z,147abc6a,8bab4dff,a6177608,0.0
2025-01-19T15:00:00Z,147abc6a,8bab4dff,a6177608,0.0
2025-01-19T15:03:00Z,147abc6a,8bab4dff,a6177608,0.0
2025-01-19T15:06:00Z,147abc6a,8bab4dff,a6177608,0.0
2025-01-19T15:09:00Z,147abc6a,8bab4dff,a6177608,0.0
2025-01-19T15:12:00Z,147abc6a,8bab4dff,a6177608,0.0
2025-01-19T15:15:00Z,147abc6a,8bab4dff,a6177608,0.0
2025-01-19T15:18:00Z,147abc6a,8bab4dff,a6177608,0.0
2025-01-19T15:21:00Z,147abc6a,8bab4dff,a6177608,0.0
2025-01-19T15:24:00Z,147abc6a,8bab4dff,a6177608,0.0
2025-01-19T15:27:00Z,147abc6a,8bab4dff,a6177608,0.0
2025-01-19T15:30:00Z,147abc6a,8bab4dff,a6177608,0.0
2025-01-19T15:33:00Z,147abc6a,8bab4dff,a6177608,0.0
2025-01-19T15:36:00Z,147abc6a,8bab4dff,a6177608,0.0
2025-01-19T15:39:00Z,147abc6a,8bab4dff,a6177608,0.0
2025-01-19T15:42:00Z,147abc6a,8bab4dff,a6177608,0.0
2025-01-19T15:45:00Z,147abc6a,8bab4dff,a6177608,0.0
2025-01-19T15:48:00Z,147abc6a,8bab4dff,a6177608,0.0
2025-01-19T15:51:00Z,147abc6a,8bab4dff,a6177608,0.0
2025-01-19T15:54:00Z,147abc6a,8bab4dff,a6177608,0.0
2025-01-19T15:57:00Z,147abc6a,8bab4dff,a6177608,0.0
2025-01-19T16:00:00Z,147abc6a,8bab4dff,a6177608,0.0
2025-01-19T16:03:00Z,147abc6a,8bab4dff,a6177608,0.0
2025-01-19T16:06:00Z,147abc6a,8bab4dff,a6177608,0.0
2025-01-19T16:09:00Z,147abc6a,8bab4dff,a6177608,0.0
2025-01-19T16:12:00Z,147abc6a,8bab4dff,a6177608,0.0
2025-01-19T16:15:00Z,147abc6a,8bab4dff,a6177608,0.0
2025-01-19T16:18:00Z,147abc6a,8bab4dff,a6177608,0.0
2025-01-19T16:21:00Z,147abc6a,8bab4dff,a6177608,0.0
2025-01-19T16:24:00Z,147abc6a,8bab4dff,a6177608,0.0
2025-01-19T16:27:00Z,147abc6a,8bab4dff,a6177608,0.0
2025-01-19T16:30:00Z,147abc6a,8bab4dff,a6177608,0.0
2025-01-19T16:33:00Z,147abc6a,8bab4dff,a6177608,0.0
2025-01-19T16:36:00Z,147abc6a,8bab4dff,a6177608,0.0
2025-01-19T16:39:00Z,147abc6a,8bab4dff,a6177608,0.0
2025-01-19T16:42:00Z,147abc6a,8bab4dff,a6177608,0.0
2025-01-19T16:45:00Z,147abc6a,8bab4dff,a6177608,0.0
2025-01-19T16:48:00Z,147abc6a,8bab4dff,a6177608,0.0
2025-01-19T16:51:00Z,147abc6a,8bab4dff,a6177608,0.0
2025-01-19T16:54:00Z,147abc6a,8bab4dff,a6177608,0.0
2025-01-19T16:57:00Z,147abc6a,8bab4dff,a6177608,0.0
2025-01-19T17:00:00Z,147abc6a,8bab4dff,a6177608,0.0
2025-01-19T17:03:00Z,147abc6a,8bab4dff,a6177608,0.0
2025-01-19T17:06:00Z,147abc6a,8bab4dff,a6177608,0.0
2025-01-19T17:09:00Z,147abc6a,8bab4dff,a6177608,0.0
2025-01-19T17:12:00Z,147abc6a,8bab4dff,a6177608,0.0
2025-01-19T17:15:00Z,147abc6a,8bab4dff,a6177608,0.0
2025-01-19T17:18:00Z,147abc6a,8bab4dff,a6177608,0.0
2025-01-19T17:21:00Z,147abc6a,8bab4dff,a6177608,0.0
2025-01-19T17:24:00Z,147abc6a,8bab4dff,a6177608,0.0
2025-01-19T17:27:00Z,147abc6a,8bab4dff,a6177608,0.0
2025-01-19T17:30:00Z,147abc6a,8bab4dff,a6177608,0.0
2025-01-19T17:33:00Z,147abc6a,8bab4dff,a6177608,0.0
2025-01-19T17:36:00Z,147abc6a,8bab4dff,a6177608,0.0
2025-01-19T17:39:00Z,147abc6a,8bab4dff,a6177608,0.0
2025-01-19T17:42:00Z,147abc6a,8bab4dff,a6177608,0.0
2025-01-19T17:45:00Z,147abc6a,8bab4dff,a6177608,0.0
2025-01-19T17:48:00Z,147abc6a,8bab4dff,a6177608,0.0
2025-01-19T17:51:00Z,147abc6a,8bab4dff,a6177608,0.0
2025-01-19T17:54:00Z,147abc6a,8bab4dff,a6177608,0.0
2025-01-19T17:57:00Z,147abc6a,8bab4dff,a6177608,0.0
2025-01-19T18:00:00Z,147abc6a,8bab4dff,a6177608,0.0
2025-01-19T18:03:00Z,147abc6a,8bab4dff,a6177608,0.0
2025-01-19T18:06:00Z,147abc6a,8bab4dff,a6177608,0.0
2025-01-19T18:09:00Z,147abc6a,8bab4dff,a6177608,0.0
2025-01-19T18:12:00Z,147abc6a,8bab4dff,a6177608,0.0
2025-01-19T18:15:00Z,147abc6a,8bab4dff,a6177608,0.0
2025-01-19T18:18:00Z,147abc6a,8bab4dff,a6177608,0.0
2025-01-19T18:21:00Z,147abc6a,8bab4dff,a6177608,0.0
2025-01-19T18:24:00Z,147abc6a,8bab4dff,a6177608,0.0
2025-01-19T18:27:00Z,147abc6a,8bab4dff,a6177608,0.0
2025-01-19T18:30:00Z,147abc6a,8bab4dff,a6177608,0.0
2025-01-19T18:33:00Z,147abc6a,8bab4dff,a6177608,0.0
2025-01-19T18:36:00Z,147abc6a,8bab4dff,a6177608,0.0
2025-01-19T18:39:00Z,147abc6a,8bab4dff,a6177608,0.0
2025-01-19T18:42:00Z,147abc6a,8bab4dff,a6177608,0.0
2025-01-19T18:45:00Z,147abc6a,8bab4dff,a6177608,0.0
2025-01-19T18:48:00Z,147abc6a,8bab4dff,a6177608,0.0
2025-01-19T18:51:00Z,147abc6a,8bab4dff,a6177608,0.0
2025-01-19T18:54:00Z,147abc6a,8bab4dff,a6177608,0.0
2025-01-19T18:57:00Z,147abc6a,8bab4dff,a6177608,0.0
2025-01-19T19:00:00Z,147abc6a,8bab4dff,a6177608,0.0
2025-01-19T19:03:00Z,147abc6a,8bab4dff,a6177608,0.0
2025-01-19T19:06:00Z,147abc6a,8bab4dff,a6177608,0.0
2025-01-19T19:09:00Z,147abc6a,8bab4dff,a6177608,0.0
2025-01-19T19:12:00Z,147abc6a,8bab4dff,a6177608,0.0
2025-01-19T19:15:00Z,147abc6a,8bab4dff,a6177608,0.0
2025-01-19T19:18:00Z,147abc6a,8bab4dff,a6177608,0.0
2025-01-19T19:21:00Z,147abc6a,8bab4dff,a6177608,0.0
2025-01-19T19:24:00Z,147abc6a,8bab4dff,a6177608,0.0
2025-01-19T19:27:00Z,147abc6a,8bab4dff,a6177608,0.0
2025-01-19T19:30:00Z,147abc6a,8bab4dff,a6177608,0.0
2025-01-19T19:33:00Z,147abc6a,8bab4dff,a6177608,0.0
2025-01-19T19:36:00Z,147abc6a,8bab4dff,a6177608,0.0
2025-01-19T19:39:00Z,147abc6a,8bab4dff,a6177608,0.0
2025-01-19T19:42:00Z,147abc6a,8bab4dff,a6177608,0.0
2025-01-19T19:45:00Z,147abc6a,8bab4dff,a6177608,0.0
2025-01-19T19:48:00Z,147abc6a,8bab4dff,a6177608,0.0
2025-01-19T19:51:00Z,147abc6a,8bab4dff,a6177608,0.0
2025-01-19T19:54:00Z,147abc6a,8bab4dff,a6177608,0.0
2025-01-19T19:57:00Z,147abc6a,8bab4dff,a6177608,0.0
2025-01-19T20:00:00Z,147abc6a,8bab4dff,a6177608,0.0
2025-01-19T20:03:00Z,147abc6a,8bab4dff,a6177608,0.0
2025-01-19T20:06:00Z,147abc6a,8bab4dff,a6177608,0.0
2025-01-19T20:09:00Z,147abc6a,8bab4dff,a6177608,0.0
2025-01-19T20:12:00Z,147abc6a,8bab4dff,a6177608,0.0
2025-01-19T20:15:00Z,147abc6a,8bab4dff,a6177608,0.0
2025-01-19T20:18:00Z,147abc6a,8bab4dff,a6177608,0.0
2025-01-19T20:21:00Z,147abc6a,8bab4dff,a6177608,0.0
2025-01-19T20:24:00Z,147abc6a,8bab4dff,a6177608,0.0
2025-01-19T20:27:00Z,147abc6a,8bab4dff,a6177608,0.0
2025-01-19T20:30:00Z,147abc6a,8bab4dff,a6177608,0.0
2025-01-19T20:33:00Z,147abc6a,8bab4dff,a6177608,0.0
2025-01-19T20:36:00Z,147abc6a,8bab4dff,a6177608,0.0
2025-01-19T20:39:00Z,147abc6a,8bab4dff,a6177608,0.0
2025-01-19T20:42:00Z,147abc6a,8bab4dff,a6177608,0.0
2025-01-19T20:45:00Z,147abc6a,8bab4dff,a6177608,0.0
2025-01-19T20:48:00Z,147abc6a,8bab4dff,a6177608,0.0
2025-01-19T20:51:00Z,147abc6a,8bab4dff,a6177608,0.0
2025-01-19T20:54:00Z,147abc6a,8bab4dff,a6177608,0.0
2025-01-19T20:57:00Z,147abc6a,8bab4dff,a6177608,0.0
2025-01-19T21:00:00Z,147abc6a,8bab4dff,a6177608,0.0
2025-01-19T21:03:00Z,147abc6a,8bab4dff,a6177608,0.0
2025-01-19T21:06:00Z,147abc6a,8bab4dff,a6177608,0.0
2025-01-19T21:09:00Z,147abc6a,8bab4dff,a6177608,0.0
2025-01-19T21:12:00Z,147abc6a,8bab4dff,a6177608,0.0
2025-01-19T21:15:00Z,147abc6a,8bab4dff,a6177608,0.0
2025-01-19T21:18:00Z,147abc6a,8bab4dff,a6177608,0.0
2025-01-19T21:21:00Z,147abc6a,8bab4dff,a6177608,0.0
2025-01-19T21:24:00Z,147abc6a,8bab4dff,a6177608,0.0
2025-01-19T21:27:00Z,147abc6a,8bab4dff,a6177608,0.0
2025-01-19T21:30:00Z,147abc6a,8bab4dff,a6177608,0.0
2025-01-19T21:33:00Z,147abc6a,8bab4dff,a6177608,0.0
2025-01-19T21:36:00Z,147abc6a,8bab4dff,a6177608,0.0
2025-01-19T21:39:00Z,147abc6a,8bab4dff,a6177608,0.0
2025-01-19T21:42:00Z,147abc6a,8bab4dff,a6177608,0.0
2025-01-19T21:45:00Z,147abc6a,8bab4dff,a6177608,0.0
2025-01-19T21:48:00Z,147abc6a,8bab4dff,a6177608,0.0
2025-01-19T21:51:00Z,147abc6a,8bab4dff,a6177608,0.0
2025-01-19T21:54:00Z,147abc6a,8bab4dff,a6177608,0.0
2025-01-19T21:57:00Z,147abc6a,8bab4dff,a6177608,0.0
2025-01-19T22:00:00Z,147abc6a,8bab4dff,a6177608,0.0
2025-01-19T22:03:00Z,147abc6a,8bab4dff,a6177608,0.0
2025-01-19T22:06:00Z,147abc6a,8bab4dff,a6177608,0.0
2025-01-19T22:09:00Z,147abc6a,8bab4dff,a6177608,0.0
2025-01-19T22:12:00Z,147abc6a,8bab4dff,a6177608,0.0
2025-01-19T22:15:00Z,147abc6a,8bab4dff,a6177608,0.0
2025-01-19T22:18:00Z,147abc6a,8bab4dff,a6177608,0.0
2025-01-19T22:21:00Z,147abc6a,8bab4dff,a6177608,0.0
2025-01-19T22:24:00Z,147abc6a,8bab4dff,a6177608,0.0
2025-01-19T22:27:00Z,147abc6a,8bab4dff,a6177608,0.0
2025-01-19T22:30:00Z,147abc6a,8bab4dff,a6177608,0.0
2025-01-19T22:33:00Z,147abc6a,8bab4dff,a6177608,0.0
2025-01-19T22:36:00Z,147abc6a,8bab4dff,a6177608,0.0
2025-01-19T22:39:00Z,147abc6a,8bab4dff,a6177608,0.0
2025-01-19T22:42:00Z,147abc6a,8bab4dff,a6177608,0.0
2025-01-19T22:45:00Z,147abc6a,8bab4dff,a6177608,0.0
2025-01-19T22:48:00Z,147abc6a,8bab4dff,a6177608,0.0
2025-01-19T22:51:00Z,147abc6a,8bab4dff,a6177608,0.01
2025-01-19T22:54:00Z,147abc6a,8bab4dff,a6177608,0.0
2025-01-19T22:57:00Z,147abc6a,8bab4dff,a6177608,0.0
2025-01-19T23:00:00Z,147abc6a,8bab4dff,a6177608,0.0
2025-01-19T23:03:00Z,147abc6a,8bab4dff,a6177608,0.0
2025-01-19T23:06:00Z,147abc6a,8bab4dff,a6177608,0.0
2025-01-19T23:09:00Z,147abc6a,8bab4dff,a6177608,0.01
2025-01-19T23:12:00Z,147abc6a,8bab4dff,a6177608,0.0
2025-01-19T23:15:00Z,147abc6a,8bab4dff,a6177608,0.0
2025-01-19T23:18:00Z,147abc6a,8bab4dff,a6177608,0.0
2025-01-19T23:21:00Z,147abc6a,8bab4dff,a6177608,0.0
2025-01-19T23:24:00Z,147abc6a,8bab4dff,a6177608,0.0
2025-01-19T23:27:00Z,147abc6a,8bab4dff,a6177608,0.0
2025-01-19T23:30:00Z,147abc6a,8bab4dff,a6177608,0.0
2025-01-19T23:33:00Z,147abc6a,8bab4dff,a6177608,0.0
2025-01-19T23:36:00Z,147abc6a,8bab4dff,a6177608,0.0
2025-01-19T23:39:00Z,147abc6a,8bab4dff,a6177608,0.0
2025-01-19T23:42:00Z,147abc6a,8bab4dff,a6177608,0.0
2025-01-19T23:45:00Z,147abc6a,8bab4dff,a6177608,0.0
2025-01-19T23:48:00Z,147abc6a,8bab4dff,a6177608,0.0
2025-01-19T23:51:00Z,147abc6a,8bab4dff,a6177608,0.0
2025-01-19T23:54:00Z,147abc6a,8bab4dff,a6177608,0.0
2025-01-19T23:57:00Z,147abc6a,8bab4dff,a6177608,0.0
2025-01-20T00:00:00Z,147abc6a,8bab4dff,a6177608,0.0
2025-01-20T00:03:00Z,147abc6a,8bab4dff,a6177608,0.0
2025-01-20T00:06:00Z,147abc6a,8bab4dff,a6177608,0.0
2025-01-20T00:09:00Z,147abc6a,8bab4dff,a6177608,0.0
2025-01-20T00:12:00Z,147abc6a,8bab4dff,a6177608,0.0
2025-01-20T00:15:00Z,147abc6a,8bab4dff,a6177608,0.0
2025-01-20T00:18:00Z,147abc6a,8bab4dff,a6177608,0.0
2025-01-20T00:21:00Z,147abc6a,8bab4dff,a6177608,0.0
2025-01-20T00:24:00Z,147abc6a,8bab4dff,a6177608,0.0
2025-01-20T00:27:00Z,147abc6a,8bab4dff,a6177608,0.0
2025-01-20T00:30:00Z,147abc6a,8bab4dff,a6177608,0.01
2025-01-20T00:33:00Z,147abc6a,8bab4dff,a6177608,0.0
2025-01-20T00:36:00Z,147abc6a,8bab4dff,a6177608,0.0
2025-01-20T00:39:00Z,147abc6a,8bab4dff,a6177608,0.0
2025-01-20T00:42:00Z,147abc6a,8bab4dff,a6177608,0.0
2025-01-20T00:45:00Z,147abc6a,8bab4dff,a6177608,0.0
2025-01-20T00:48:00Z,147abc6a,8bab4dff,a6177608,0.0
2025-01-20T00:51:00Z,147abc6a,8bab4dff,a6177608,0.0
2025-01-20T00:54:00Z,147abc6a,8bab4dff,a6177608,0.0
2025-01-20T00:57:00Z,147abc6a,8bab4dff,a6177608,0.0
2025-01-20T01:00:00Z,147abc6a,8bab4dff,a6177608,0.0
2025-01-20T01:03:00Z,147abc6a,8bab4dff,a6177608,0.0
2025-01-20T01:06:00Z,147abc6a,8bab4dff,a6177608,0.0
2025-01-20T01:09:00Z,147abc6a,8bab4dff,a6177608,0.0
2025-01-20T01:12:00Z,147abc6a,8bab4dff,a6177608,0.0
2025-01-20T01:15:00Z,147abc6a,8bab4dff,a6177608,0.0
2025-01-20T01:18:00Z,147abc6a,8bab4dff,a6177608,0.0
2025-01-20T01:21:00Z,147abc6a,8bab4dff,a6177608,0.0
2025-01-20T01:24:00Z,147abc6a,8bab4dff,a6177608,0.0
2025-01-20T01:27:00Z,147abc6a,8bab4dff,a6177608,0.0
2025-01-20T01:30:00Z,147abc6a,8bab4dff,a6177608,0.0
2025-01-20T01:33:00Z,147abc6a,8bab4dff,a6177608,0.0
2025-01-20T01:36:00Z,147abc6a,8bab4dff,a6177608,0.0
2025-01-20T01:39:00Z,147abc6a,8bab4dff,a6177608,0.0
2025-01-20T01:42:00Z,147abc6a,8bab4dff,a6177608,0.0
2025-01-20T01:45:00Z,147abc6a,8bab4dff,a6177608,0.0
2025-01-20T01:48:00Z,147abc6a,8bab4dff,a6177608,0.0
2025-01-20T01:51:00Z,147abc6a,8bab4dff,a6177608,0.0
2025-01-20T01:54:00Z,147abc6a,8bab4dff,a6177608,0.0
2025-01-20T01:57:00Z,147abc6a,8bab4dff,a6177608,0.0
2025-01-20T02:00:00Z,147abc6a,8bab4dff,a6177608,0.0
2025-01-20T02:03:00Z,147abc6a,8bab4dff,a6177608,0.0
2025-01-20T02:06:00Z,147abc6a,8bab4dff,a6177608,0.0
2025-01-20T02:09:00Z,147abc6a,8bab4dff,a6177608,0.0
2025-01-20T02:12:00Z,147abc6a,8bab4dff,a6177608,0.0
2025-01-20T02:15:00Z,147abc6a,8bab4dff,a6177608,0.0
2025-01-20T02:18:00Z,147abc6a,8bab4dff,a6177608,0.0
2025-01-20T02:21:00Z,147abc6a,8bab4dff,a6177608,0.0
2025-01-20T02:24:00Z,147abc6a,8bab4dff,a6177608,0.0
2025-01-20T02:27:00Z,147abc6a,8bab4dff,a6177608,0.0
2025-01-20T02:30:00Z,147abc6a,8bab4dff,a6177608,0.0
2025-01-20T02:33:00Z,147abc6a,8bab4dff,a6177608,0.0
2025-01-20T02:36:00Z,147abc6a,8bab4dff,a6177608,0.0
2025-01-20T02:39:00Z,147abc6a,8bab4dff,a6177608,0.0
2025-01-20T02:42:00Z,147abc6a,8bab4dff,a6177608,0.0
2025-01-20T02:45:00Z,147abc6a,8bab4dff,a6177608,0.0
2025-01-20T02:48:00Z,147abc6a,8bab4dff,a6177608,0.0
2025-01-20T02:51:00Z,147abc6a,8bab4dff,a6177608,0.0
2025-01-20T02:54:00Z,147abc6a,8bab4dff,a6177608,0.0
2025-01-20T02:57:00Z,147abc6a,8bab4dff,a6177608,0.0
2025-01-20T03:00:00Z,147abc6a,8bab4dff,a6177608,0.0
2025-01-20T03:03:00Z,147abc6a,8bab4dff,a6177608,0.0
2025-01-20T03:06:00Z,147abc6a,8bab4dff,a6177608,0.0
2025-01-20T03:09:00Z,147abc6a,8bab4dff,a6177608,0.0
2025-01-20T03:12:00Z,147abc6a,8bab4dff,a6177608,0.0
2025-01-20T03:15:00Z,147abc6a,8bab4dff,a6177608,0.0
2025-01-20T03:18:00Z,147abc6a,8bab4dff,a6177608,0.0
2025-01-20T03:21:00Z,147abc6a,8bab4dff,a6177608,0.0
2025-01-20T03:24:00Z,147abc6a,8bab4dff,a6177608,0.0
2025-01-20T03:27:00Z,147abc6a,8bab4dff,a6177608,0.0
2025-01-20T03:30:00Z,147abc6a,8bab4dff,a6177608,0.0
2025-01-20T03:33:00Z,147abc6a,8bab4dff,a6177608,0.0
2025-01-20T03:36:00Z,147abc6a,8bab4dff,a6177608,0.0
2025-01-20T03:39:00Z,147abc6a,8bab4dff,a6177608,0.0
2025-01-20T03:42:00Z,147abc6a,8bab4dff,a6177608,0.0
2025-01-20T03:45:00Z,147abc6a,8bab4dff,a6177608,0.0
2025-01-20T03:48:00Z,147abc6a,8bab4dff,a6177608,0.0
2025-01-20T03:51:00Z,147abc6a,8bab4dff,a6177608,0.0
2025-01-20T03:54:00Z,147abc6a,8bab4dff,a6177608,0.0
2025-01-20T03:57:00Z,147abc6a,8bab4dff,a6177608,0.0
2025-01-20T04:00:00Z,147abc6a,8bab4dff,a6177608,0.0
2025-01-20T04:03:00Z,147abc6a,8bab4dff,a6177608,0.0
2025-01-20T04:06:00Z,147abc6a,8bab4dff,a6177608,0.0
2025-01-20T04:09:00Z,147abc6a,8bab4dff,a6177608,0.0
2025-01-20T04:12:00Z,147abc6a,8bab4dff,a6177608,0.0
2025-01-20T04:15:00Z,147abc6a,8bab4dff,a6177608,0.0
2025-01-20T04:18:00Z,147abc6a,8bab4dff,a6177608,0.0
2025-01-20T04:21:00Z,147abc6a,8bab4dff,a6177608,0.0
2025-01-20T04:24:00Z,147abc6a,8bab4dff,a6177608,0.0
2025-01-20T04:27:00Z,147abc6a,8bab4dff,a6177608,0.0
2025-01-20T04:30:00Z,147abc6a,8bab4dff,a6177608,0.0
2025-01-20T04:33:00Z,147abc6a,8bab4dff,a6177608,0.0
2025-01-20T04:36:00Z,147abc6a,8bab4dff,a6177608,0.0
2025-01-20T04:39:00Z,147abc6a,8bab4dff,a6177608,0.0
2025-01-20T04:42:00Z,147abc6a,8bab4dff,a6177608,0.0
2025-01-20T04:45:00Z,147abc6a,8bab4dff,a6177608,0.0
2025-01-20T04:48:00Z,147abc6a,8bab4dff,a6177608,0.0
2025-01-20T04:51:00Z,147abc6a,8bab4dff,a6177608,0.0
2025-01-20T04:54:00Z,147abc6a,8bab4dff,a6177608,0.0
2025-01-20T04:57:00Z,147abc6a,8bab4dff,a6177608,0.0
2025-01-20T05:00:00Z,147abc6a,8bab4dff,a6177608,0.0
2025-01-20T05:03:00Z,147abc6a,8bab4dff,a6177608,0.0
2025-01-20T05:06:00Z,147abc6a,8bab4dff,a6177608,0.0
2025-01-20T05:09:00Z,147abc6a,8bab4dff,a6177608,0.0
2025-01-20T05:12:00Z,147abc6a,8bab4dff,a6177608,0.0
2025-01-20T05:15:00Z,147abc6a,8bab4dff,a6177608,0.0
2025-01-20T05:18:00Z,147abc6a,8bab4dff,a6177608,0.0
2025-01-20T05:21:00Z,147abc6a,8bab4dff,a6177608,0.0
2025-01-20T05:24:00Z,147abc6a,8bab4dff,a6177608,0.0
2025-01-20T05:27:00Z,147abc6a,8bab4dff,a6177608,0.0
2025-01-20T05:30:00Z,147abc6a,8bab4dff,a6177608,0.0
2025-01-20T05:33:00Z,147abc6a,8bab4dff,a6177608,0.0
2025-01-20T05:36:00Z,147abc6a,8bab4dff,a6177608,0.0
2025-01-20T05:39:00Z,147abc6a,8bab4dff,a6177608,0.0
2025-01-20T05:42:00Z,147abc6a,8bab4dff,a6177608,0.0
2025-01-20T05:45:00Z,147abc6a,8bab4dff,a6177608,0.0
2025-01-20T05:48:00Z,147abc6a,8bab4dff,a6177608,0.0
2025-01-20T05:51:00Z,147abc6a,8bab4dff,a6177608,0.0
2025-01-20T05:54:00Z,147abc6a,8bab4dff,a6177608,0.0
2025-01-20T05:57:00Z,147abc6a,8bab4dff,a6177608,0.0
2025-01-20T06:00:00Z,147abc6a,8bab4dff,a6177608,0.0
2025-01-20T06:03:00Z,147abc6a,8bab4dff,a6177608,0.0
2025-01-20T06:06:00Z,147abc6a,8bab4dff,a6177608,0.0
2025-01-20T06:09:00Z,147abc6a,8bab4dff,a6177608,0.0
2025-01-20T06:12:00Z,147abc6a,8bab4dff,a6177608,0.0
2025-01-20T06:15:00Z,147abc6a,8bab4dff,a6177608,0.0
2025-01-20T06:18:00Z,147abc6a,8bab4dff,a6177608,0.0
2025-01-20T06:21:00Z,147abc6a,8bab4dff,a6177608,0.03
2025-01-20T06:24:00Z,147abc6a,8bab4dff,a6177608,0.0
2025-01-20T06:27:00Z,147abc6a,8bab4dff,a6177608,0.0
2025-01-20T06:30:00Z,147abc6a,8bab4dff,a6177608,0.0
2025-01-20T06:33:00Z,147abc6a,8bab4dff,a6177608,0.0
2025-01-20T06:36:00Z,147abc6a,8bab4dff,a6177608,0.0
2025-01-20T06:39:00Z,147abc6a,8bab4dff,a6177608,0.0
2025-01-20T06:42:00Z,147abc6a,8bab4dff,a6177608,0.0
2025-01-20T06:45:00Z,147abc6a,8bab4dff,a6177608,0.0
2025-01-20T06:48:00Z,147abc6a,8bab4dff,a6177608,0.0
2025-01-20T06:51:00Z,147abc6a,8bab4dff,a6177608,0.0
2025-01-20T06:54:00Z,147abc6a,8bab4dff,a6177608,0.0
2025-01-20T06:57:00Z,147abc6a,8bab4dff,a6177608,0.0
2025-01-20T07:00:00Z,147abc6a,8bab4dff,a6177608,0.0
2025-01-20T07:03:00Z,147abc6a,8bab4dff,a6177608,0.0
2025-01-20T07:06:00Z,147abc6a,8bab4dff,a6177608,0.0
2025-01-20T07:09:00Z,147abc6a,8bab4dff,a6177608,0.0
2025-01-20T07:12:00Z,147abc6a,8bab4dff,a6177608,0.0
2025-01-20T07:15:00Z,147abc6a,8bab4dff,a6177608,0.0
2025-01-20T07:18:00Z,147abc6a,8bab4dff,a6177608,0.0
2025-01-20T07:21:00Z,147abc6a,8bab4dff,a6177608,0.0
2025-01-20T07:24:00Z,147abc6a,8bab4dff,a6177608,0.0
2025-01-20T07:27:00Z,147abc6a,8bab4dff,a6177608,0.0
2025-01-20T07:30:00Z,147abc6a,8bab4dff,a6177608,0.0
2025-01-20T07:33:00Z,147abc6a,8bab4dff,a6177608,0.0
2025-01-20T07:36:00Z,147abc6a,8bab4dff,a6177608,0.0
2025-01-20T07:39:00Z,147abc6a,8bab4dff,a6177608,0.0
2025-01-20T07:42:00Z,147abc6a,8bab4dff,a6177608,0.0
2025-01-20T07:45:00Z,147abc6a,8bab4dff,a6177608,0.0
2025-01-20T07:48:00Z,147abc6a,8bab4dff,a6177608,0.0
2025-01-20T07:51:00Z,147abc6a,8bab4dff,a6177608,0.0
2025-01-20T07:54:00Z,147abc6a,8bab4dff,a6177608,0.0
2025-01-20T07:57:00Z,147abc6a,8bab4dff,a6177608,0.0
2025-01-20T08:00:00Z,147abc6a,8bab4dff,a6177608,0.0
2025-01-20T08:03:00Z,147abc6a,8bab4dff,a6177608,0.0
2025-01-20T08:06:00Z,147abc6a,8bab4dff,a6177608,0.0
2025-01-20T08:09:00Z,147abc6a,8bab4dff,a6177608,0.0
2025-01-20T08:12:00Z,147abc6a,8bab4dff,a6177608,0.0
2025-01-20T08:15:00Z,147abc6a,8bab4dff,a6177608,0.0
2025-01-20T08:18:00Z,147abc6a,8bab4dff,a6177608,0.0
2025-01-20T08:21:00Z,147abc6a,8bab4dff,a6177608,0.0
2025-01-20T08:24:00Z,147abc6a,8bab4dff,a6177608,0.0
2025-01-20T08:27:00Z,147abc6a,8bab4dff,a6177608,0.0
2025-01-20T08:30:00Z,147abc6a,8bab4dff,a6177608,0.0
2025-01-20T08:33:00Z,147abc6a,8bab4dff,a6177608,0.0
2025-01-20T08:36:00Z,147abc6a,8bab4dff,a6177608,0.0
2025-01-20T08:39:00Z,147abc6a,8bab4dff,a6177608,0.0
2025-01-20T08:42:00Z,147abc6a,8bab4dff,a6177608,0.0
2025-01-20T08:45:00Z,147abc6a,8bab4dff,a6177608,0.0
2025-01-20T08:48:00Z,147abc6a,8bab4dff,a6177608,0.0
2025-01-20T08:51:00Z,147abc6a,8bab4dff,a6177608,0.0
2025-01-20T08:54:00Z,147abc6a,8bab4dff,a6177608,0.0
2025-01-20T08:57:00Z,147abc6a,8bab4dff,a6177608,0.0
2025-01-20T09:00:00Z,147abc6a,8bab4dff,a6177608,0.0
2025-01-20T09:03:00Z,147abc6a,8bab4dff,a6177608,0.0
2025-01-20T09:06:00Z,147abc6a,8bab4dff,a6177608,0.0
2025-01-20T09:09:00Z,147abc6a,8bab4dff,a6177608,0.0
2025-01-20T09:12:00Z,147abc6a,8bab4dff,a6177608,0.0
2025-01-20T09:15:00Z,147abc6a,8bab4dff,a6177608,0.0
2025-01-20T09:18:00Z,147abc6a,8bab4dff,a6177608,0.08
2025-01-20T09:21:00Z,147abc6a,8bab4dff,a6177608,0.0
2025-01-20T09:24:00Z,147abc6a,8bab4dff,a6177608,0.0
2025-01-20T09:27:00Z,147abc6a,8bab4dff,a6177608,0.0
2025-01-20T09:30:00Z,147abc6a,8bab4dff,a6177608,0.0
2025-01-20T09:33:00Z,147abc6a,8bab4dff,a6177608,0.0
2025-01-20T09:36:00Z,147abc6a,8bab4dff,a6177608,0.0
2025-01-20T09:39:00Z,147abc6a,8bab4dff,a6177608,0.0
2025-01-20T09:42:00Z,147abc6a,8bab4dff,a6177608,0.0
2025-01-20T09:45:00Z,147abc6a,8bab4dff,a6177608,0.0
2025-01-20T09:48:00Z,147abc6a,8bab4dff,a6177608,0.0
2025-01-20T09:51:00Z,147abc6a,8bab4dff,a6177608,0.0
2025-01-20T09:54:00Z,147abc6a,8bab4dff,a6177608,0.0
2025-01-20T09:57:00Z,147abc6a,8bab4dff,a6177608,0.0
2025-01-20T10:00:00Z,147abc6a,8bab4dff,a6177608,0.0
2025-01-20T10:03:00Z,147abc6a,8bab4dff,a6177608,0.0
2025-01-20T10:06:00Z,147abc6a,8bab4dff,a6177608,0.0
2025-01-20T10:09:00Z,147abc6a,8bab4dff,a6177608,0.0
2025-01-20T10:12:00Z,147abc6a,8bab4dff,a6177608,0.0
2025-01-20T10:15:00Z,147abc6a,8bab4dff,a6177608,0.0
2025-01-20T10:18:00Z,147abc6a,8bab4dff,a6177608,0.0
2025-01-20T10:21:00Z,147abc6a,8bab4dff,a6177608,0.0
2025-01-20T10:24:00Z,147abc6a,8bab4dff,a6177608,0.0
2025-01-20T10:27:00Z,147abc6a,8bab4dff,a6177608,0.0
2025-01-20T10:30:00Z,147abc6a,8bab4dff,a6177608,0.0
2025-01-20T10:33:00Z,147abc6a,8bab4dff,a6177608,0.0
2025-01-20T10:36:00Z,147abc6a,8bab4dff,a6177608,0.0
2025-01-20T10:39:00Z,147abc6a,8bab4dff,a6177608,0.0
2025-01-20T10:42:00Z,147abc6a,8bab4dff,a6177608,0.0
2025-01-20T10:45:00Z,147abc6a,8bab4dff,a6177608,0.0
2025-01-20T10:48:00Z,147abc6a,8bab4dff,a6177608,0.0
2025-01-20T10:51:00Z,147abc6a,8bab4dff,a6177608,0.0
2025-01-20T10:54:00Z,147abc6a,8bab4dff,a6177608,0.0
2025-01-20T10:57:00Z,147abc6a,8bab4dff,a6177608,0.0
2025-01-20T11:00:00Z,147abc6a,8bab4dff,a6177608,0.0
2025-01-20T11:03:00Z,147abc6a,8bab4dff,a6177608,0.0
2025-01-20T11:06:00Z,147abc6a,8bab4dff,a6177608,0.0
2025-01-20T11:09:00Z,147abc6a,8bab4dff,a6177608,0.0
2025-01-20T11:12:00Z,147abc6a,8bab4dff,a6177608,0.0
2025-01-20T11:15:00Z,147abc6a,8bab4dff,a6177608,0.0
2025-01-20T11:18:00Z,147abc6a,8bab4dff,a6177608,0.0
2025-01-20T11:21:00Z,147abc6a,8bab4dff,a6177608,0.0
2025-01-20T11:24:00Z,147abc6a,8bab4dff,a6177608,0.0
2025-01-20T11:27:00Z,147abc6a,8bab4dff,a6177608,0.0
2025-01-20T11:30:00Z,147abc6a,8bab4dff,a6177608,0.0
2025-01-20T11:33:00Z,147abc6a,8bab4dff,a6177608,0.0
2025-01-20T11:36:00Z,147abc6a,8bab4dff,a6177608,0.0
2025-01-20T11:39:00Z,147abc6a,8bab4dff,a6177608,0.0
2025-01-20T11:42:00Z,147abc6a,8bab4dff,a6177608,0.0
2025-01-20T11:45:00Z,147abc6a,8bab4dff,a6177608,0.0
2025-01-20T11:48:00Z,147abc6a,8bab4dff,a6177608,0.0
2025-01-20T11:51:00Z,147abc6a,8bab4dff,a6177608,0.06
2025-01-20T11:54:00Z,147abc6a,8bab4dff,a6177608,0.0
2025-01-20T11:57:00Z,147abc6a,8bab4dff,a6177608,0.0
2025-01-20T12:00:00Z,147abc6a,8bab4dff,a6177608,0.0
2025-01-20T12:03:00Z,147abc6a,8bab4dff,a6177608,0.0
2025-01-20T12:06:00Z,147abc6a,8bab4dff,a6177608,0.0
2025-01-20T12:09:00Z,147abc6a,8bab4dff,a6177608,0.0
2025-01-20T12:12:00Z,147abc6a,8bab4dff,a6177608,0.0
2025-01-20T12:15:00Z,147abc6a,8bab4dff,a6177608,0.0
2025-01-20T12:18:00Z,147abc6a,8bab4dff,a6177608,0.0
2025-01-20T12:21:00Z,147abc6a,8bab4dff,a6177608,0.0
2025-01-20T12:24:00Z,147abc6a,8bab4dff,a6177608,0.0
2025-01-20T12:27:00Z,147abc6a,8bab4dff,a6177608,0.0
2025-01-20T12:30:00Z,147abc6a,8bab4dff,a6177608,0.0
2025-01-20T12:33:00Z,147abc6a,8bab4dff,a6177608,0.0
2025-01-20T12:36:00Z,147abc6a,8bab4dff,a6177608,0.0
2025-01-20T12:39:00Z,147abc6a,8bab4dff,a6177608,0.0
2025-01-20T12:42:00Z,147abc6a,8bab4dff,a6177608,0.0
2025-01-20T12:45:00Z,147abc6a,8bab4dff,a6177608,0.0
2025-01-20T12:48:00Z,147abc6a,8bab4dff,a6177608,0.0
2025-01-20T12:51:00Z,147abc6a,8bab4dff,a6177608,0.0
2025-01-20T12:54:00Z,147abc6a,8bab4dff,a6177608,0.0
2025-01-20T12:57:00Z,147abc6a,8bab4dff,a6177608,0.0
2025-01-20T13:00:00Z,147abc6a,8bab4dff,a6177608,0.0
2025-01-20T13:03:00Z,147abc6a,8bab4dff,a6177608,0.0
2025-01-20T13:06:00Z,147abc6a,8bab4dff,a6177608,0.0
2025-01-20T13:09:00Z,147abc6a,8bab4dff,a6177608,0.0
2025-01-20T13:12:00Z,147abc6a,8bab4dff,a6177608,0.0
2025-01-20T13:15:00Z,147abc6a,8bab4dff,a6177608,0.0
2025-01-20T13:18:00Z,147abc6a,8bab4dff,a6177608,0.0
2025-01-20T13:21:00Z,147abc6a,8bab4dff,a6177608,0.0
2025-01-20T13:24:00Z,147abc6a,8bab4dff,a6177608,0.0
2025-01-20T13:27:00Z,147abc6a,8bab4dff,a6177608,0.0
2025-01-20T13:30:00Z,147abc6a,8bab4dff,a6177608,0.0
2025-01-20T13:33:00Z,147abc6a,8bab4dff,a6177608,0.0
2025-01-20T13:36:00Z,147abc6a,8bab4dff,a6177608,0.0
2025-01-20T13:39:00Z,147abc6a,8bab4dff,a6177608,0.0
2025-01-20T13:42:00Z,147abc6a,8bab4dff,a6177608,0.0
2025-01-20T13:45:00Z,147abc6a,8bab4dff,a6177608,0.0
2025-01-20T13:48:00Z,147abc6a,8bab4dff,a6177608,0.0
2025-01-20T13:51:00Z,147abc6a,8bab4dff,a6177608,0.0
2025-01-20T13:54:00Z,147abc6a,8bab4dff,a6177608,0.0
2025-01-20T13:57:00Z,147abc6a,8bab4dff,a6177608,0.0
2025-01-20T14:00:00Z,147abc6a,8bab4dff,a6177608,0.0
2025-01-20T14:03:00Z,147abc6a,8bab4dff,a6177608,0.0
2025-01-20T14:06:00Z,147abc6a,8bab4dff,a6177608,0.0
2025-01-20T14:09:00Z,147abc6a,8bab4dff,a6177608,0.0
2025-01-20T14:12:00Z,147abc6a,8bab4dff,a6177608,0.0
2025-01-20T14:15:00Z,147abc6a,8bab4dff,a6177608,0.0
2025-01-20T14:18:00Z,147abc6a,8bab4dff,a6177608,0.0
2025-01-20T14:21:00Z,147abc6a,8bab4dff,a6177608,0.0
2025-01-20T14:24:00Z,147abc6a,8bab4dff,a6177608,0.0
2025-01-20T14:27:00Z,147abc6a,8bab4dff,a6177608,0.0
2025-01-20T14:30:00Z,147abc6a,8bab4dff,a6177608,0.0
2025-01-20T14:33:00Z,147abc6a,8bab4dff,a6177608,0.0
2025-01-20T14:36:00Z,147abc6a,8bab4dff,a6177608,0.0
2025-01-20T14:39:00Z,147abc6a,8bab4dff,a6177608,0.0
2025-01-20T14:42:00Z,147abc6a,8bab4dff,a6177608,0.0
2025-01-20T14:45:00Z,147abc6a,8bab4dff,a6177608,0.0
2025-01-20T14:48:00Z,147abc6a,8bab4dff,a6177608,0.0
2025-01-20T14:51:00Z,147abc6a,8bab4dff,a6177608,0.0
2025-01-20T14:54:00Z,147abc6a,8bab4dff,a6177608,0.0
2025-01-20T14:57:00Z,147abc6a,8bab4dff,a6177608,0.0
2025-01-20T15:00:00Z,147abc6a,8bab4dff,a6177608,0.0
2025-01-20T15:03:00Z,147abc6a,8bab4dff,a6177608,0.0
2025-01-20T15:06:00Z,147abc6a,8bab4dff,a6177608,0.0
2025-01-20T15:09:00Z,147abc6a,8bab4dff,a6177608,0.0
2025-01-20T15:12:00Z,147abc6a,8bab4dff,a6177608,0.0
2025-01-20T15:15:00Z,147abc6a,8bab4dff,a6177608,0.0
2025-01-20T15:18:00Z,147abc6a,8bab4dff,a6177608,0.0
2025-01-20T15:21:00Z,147abc6a,8bab4dff,a6177608,0.0
2025-01-20T15:24:00Z,147abc6a,8bab4dff,a6177608,0.0
2025-01-20T15:27:00Z,147abc6a,8bab4dff,a6177608,0.0
2025-01-20T15:30:00Z,147abc6a,8bab4dff,a6177608,0.0
2025-01-20T15:33:00Z,147abc6a,8bab4dff,a6177608,0.0
2025-01-20T15:36:00Z,147abc6a,8bab4dff,a6177608,0.0
2025-01-20T15:39:00Z,147abc6a,8bab4dff,a6177608,0.0
2025-01-20T15:42:00Z,147abc6a,8bab4dff,a6177608,0.0
2025-01-20T15:45:00Z,147abc6a,8bab4dff,a6177608,0.0
2025-01-20T15:48:00Z,147abc6a,8bab4dff,a6177608,0.0
2025-01-20T15:51:00Z,147abc6a,8bab4dff,a6177608,0.0
2025-01-20T15:54:00Z,147abc6a,8bab4dff,a6177608,0.0
2025-01-20T15:57:00Z,147abc6a,8bab4dff,a6177608,0.0
2025-01-20T16:00:00Z,147abc6a,8bab4dff,a6177608,0.0
2025-01-20T16:03:00Z,147abc6a,8bab4dff,a6177608,0.0
2025-01-20T16:06:00Z,147abc6a,8bab4dff,a6177608,0.0
2025-01-20T16:09:00Z,147abc6a,8bab4dff,a6177608,0.0
2025-01-20T16:12:00Z,147abc6a,8bab4dff,a6177608,0.0
2025-01-20T16:15:00Z,147abc6a,8bab4dff,a6177608,0.0
2025-01-20T16:18:00Z,147abc6a,8bab4dff,a6177608,0.0
2025-01-20T16:21:00Z,147abc6a,8bab4dff,a6177608,0.0
2025-01-20T16:24:00Z,147abc6a,8bab4dff,a6177608,0.0
2025-01-20T16:27:00Z,147abc6a,8bab4dff,a6177608,0.0
2025-01-20T16:30:00Z,147abc6a,8bab4dff,a6177608,0.0
2025-01-20T16:33:00Z,147abc6a,8bab4dff,a6177608,0.0
2025-01-20T16:36:00Z,147abc6a,8bab4dff,a6177608,0.0
2025-01-20T16:39:00Z,147abc6a,8bab4dff,a6177608,0.0
2025-01-20T16:42:00Z,147abc6a,8bab4dff,a6177608,0.0
2025-01-20T16:45:00Z,147abc6a,8bab4dff,a6177608,0.0
2025-01-20T16:48:00Z,147abc6a,8bab4dff,a6177608,0.0
2025-01-20T16:51:00Z,147abc6a,8bab4dff,a6177608,0.0
2025-01-20T16:54:00Z,147abc6a,8bab4dff,a6177608,0.0
2025-01-20T16:57:00Z,147abc6a,8bab4dff,a6177608,0.0
2025-01-20T17:00:00Z,147abc6a,8bab4dff,a6177608,0.0
2025-01-20T17:03:00Z,147abc6a,8bab4dff,a6177608,0.0
2025-01-20T17:06:00Z,147abc6a,8bab4dff,a6177608,0.0
2025-01-20T17:09:00Z,147abc6a,8bab4dff,a6177608,0.0
2025-01-20T17:12:00Z,147abc6a,8bab4dff,a6177608,0.0
2025-01-20T17:15:00Z,147abc6a,8bab4dff,a6177608,0.0
2025-01-20T17:18:00Z,147abc6a,8bab4dff,a6177608,0.0
2025-01-20T17:21:00Z,147abc6a,8bab4dff,a6177608,0.0
2025-01-20T17:24:00Z,147abc6a,8bab4dff,a6177608,0.0
2025-01-20T17:27:00Z,147abc6a,8bab4dff,a6177608,0.0
2025-01-20T17:30:00Z,147abc6a,8bab4dff,a6177608,0.0
2025-01-20T17:33:00Z,147abc6a,8bab4dff,a6177608,0.0
2025-01-20T17:36:00Z,147abc6a,8bab4dff,a6177608,0.0
2025-01-20T17:39:00Z,147abc6a,8bab4dff,a6177608,0.0
2025-01-20T17:42:00Z,147abc6a,8bab4dff,a6177608,0.0
2025-01-20T17:45:00Z,147abc6a,8bab4dff,a6177608,0.0
2025-01-20T17:48:00Z,147abc6a,8bab4dff,a6177608,0.0
2025-01-20T17:51:00Z,147abc6a,8bab4dff,a6177608,0.0
2025-01-20T17:54:00Z,147abc6a,8bab4dff,a6177608,0.0
2025-01-20T17:57:00Z,147abc6a,8bab4dff,a6177608,0.0
2025-01-20T18:00:00Z,147abc6a,8bab4dff,a6177608,0.0
2025-01-20T18:03:00Z,147abc6a,8bab4dff,a6177608,0.0
2025-01-20T18:06:00Z,147abc6a,8bab4dff,a6177608,0.0
2025-01-20T18:09:00Z,147abc6a,8bab4dff,a6177608,0.0
2025-01-20T18:12:00Z,147abc6a,8bab4dff,a6177608,0.0
2025-01-20T18:15:00Z,147abc6a,8bab4dff,a6177608,0.0
2025-01-20T18:18:00Z,147abc6a,8bab4dff,a6177608,0.0
2025-01-20T18:21:00Z,147abc6a,8bab4dff,a6177608,0.0
2025-01-20T18:24:00Z,147abc6a,8bab4dff,a6177608,0.0
2025-01-20T18:27:00Z,147abc6a,8bab4dff,a6177608,0.0
2025-01-20T18:30:00Z,147abc6a,8bab4dff,a6177608,0.0
2025-01-20T18:33:00Z,147abc6a,8bab4dff,a6177608,0.0
2025-01-20T18:36:00Z,147abc6a,8bab4dff,a6177608,0.0
2025-01-20T18:39:00Z,147abc6a,8bab4dff,a6177608,0.0
2025-01-20T18:42:00Z,147abc6a,8bab4dff,a6177608,0.0
2025-01-20T18:45:00Z,147abc6a,8bab4dff,a6177608,0.0
2025-01-20T18:48:00Z,147abc6a,8bab4dff,a6177608,0.0
2025-01-20T18:51:00Z,147abc6a,8bab4dff,a6177608,0.0
2025-01-20T18:54:00Z,147abc6a,8bab4dff,a6177608,0.0
2025-01-20T18:57:00Z,147abc6a,8bab4dff,a6177608,0.0
2025-01-20T19:00:00Z,147abc6a,8bab4dff,a6177608,0.0
2025-01-20T19:03:00Z,147abc6a,8bab4dff,a6177608,0.0
2025-01-20T19:06:00Z,147abc6a,8bab4dff,a6177608,0.0
2025-01-20T19:09:00Z,147abc6a,8bab4dff,a6177608,0.0
2025-01-20T19:12:00Z,147abc6a,8bab4dff,a6177608,0.0
2025-01-20T19:15:00Z,147abc6a,8bab4dff,a6177608,0.0
2025-01-20T19:18:00Z,147abc6a,8bab4dff,a6177608,0.0
2025-01-20T19:21:00Z,147abc6a,8bab4dff,a6177608,0.0
2025-01-20T19:24:00Z,147abc6a,8bab4dff,a6177608,0.0
2025-01-20T19:27:00Z,147abc6a,8bab4dff,a6177608,0.0
2025-01-20T19:30:00Z,147abc6a,8bab4dff,a6177608,0.0
2025-01-20T19:33:00Z,147abc6a,8bab4dff,a6177608,0.0
2025-01-20T19:36:00Z,147abc6a,8bab4dff,a6177608,0.0
2025-01-20T19:39:00Z,147abc6a,8bab4dff,a6177608,0.0
2025-01-20T19:42:00Z,147abc6a,8bab4dff,a6177608,0.0
2025-01-20T19:45:00Z,147abc6a,8bab4dff,a6177608,0.0
2025-01-20T19:48:00Z,147abc6a,8bab4dff,a6177608,0.0
2025-01-20T19:51:00Z,147abc6a,8bab4dff,a6177608,0.0
2025-01-20T19:54:00Z,147abc6a,8bab4dff,a6177608,0.0
2025-01-20T19:57:00Z,147abc6a,8bab4dff,a6177608,0.0
2025-01-20T20:00:00Z,147abc6a,8bab4dff,a6177608,0.0
2025-01-20T20:03:00Z,147abc6a,8bab4dff,a6177608,0.0
2025-01-20T20:06:00Z,147abc6a,8bab4dff,a6177608,0.0
2025-01-20T20:09:00Z,147abc6a,8bab4dff,a6177608,0.0
2025-01-20T20:12:00Z,147abc6a,8bab4dff,a6177608,0.0
2025-01-20T20:15:00Z,147abc6a,8bab4dff,a6177608,0.0
2025-01-20T20:18:00Z,147abc6a,8bab4dff,a6177608,0.0
2025-01-20T20:21:00Z,147abc6a,8bab4dff,a6177608,0.0
2025-01-20T20:24:00Z,147abc6a,8bab4dff,a6177608,0.0
2025-01-20T20:27:00Z,147abc6a,8bab4dff,a6177608,0.0
2025-01-20T20:30:00Z,147abc6a,8bab4dff,a6177608,0.0
2025-01-20T20:33:00Z,147abc6a,8bab4dff,a6177608,0.0
2025-01-20T20:36:00Z,147abc6a,8bab4dff,a6177608,0.0
2025-01-20T20:39:00Z,147abc6a,8bab4dff,a6177608,0.0
2025-01-20T20:42:00Z,147abc6a,8bab4dff,a6177608,0.0
2025-01-20T20:45:00Z,147abc6a,8bab4dff,a6177608,0.0
2025-01-20T20:48:00Z,147abc6a,8bab4dff,a6177608,0.0
2025-01-20T20:51:00Z,147abc6a,8bab4dff,a6177608,0.0
2025-01-20T20:54:00Z,147abc6a,8bab4dff,a6177608,0.0
2025-01-20T20:57:00Z,147abc6a,8bab4dff,a6177608,0.0
2025-01-20T21:00:00Z,147abc6a,8bab4dff,a6177608,0.0
2025-01-20T21:03:00Z,147abc6a,8bab4dff,a6177608,0.0
2025-01-20T21:06:00Z,147abc6a,8bab4dff,a6177608,0.0
2025-01-20T21:09:00Z,147abc6a,8bab4dff,a6177608,0.0
2025-01-20T21:12:00Z,147abc6a,8bab4dff,a6177608,0.0
2025-01-20T21:15:00Z,147abc6a,8bab4dff,a6177608,0.0
2025-01-20T21:18:00Z,147abc6a,8bab4dff,a6177608,0.0
2025-01-20T21:21:00Z,147abc6a,8bab4dff,a6177608,0.0
2025-01-20T21:24:00Z,147abc6a,8bab4dff,a6177608,0.0
2025-01-20T21:27:00Z,147abc6a,8bab4dff,a6177608,0.0
2025-01-20T21:30:00Z,147abc6a,8bab4dff,a6177608,0.0
2025-01-20T21:33:00Z,147abc6a,8bab4dff,a6177608,0.0
2025-01-20T21:36:00Z,147abc6a,8bab4dff,a6177608,0.0
2025-01-20T21:39:00Z,147abc6a,8bab4dff,a6177608,0.0
2025-01-20T21:42:00Z,147abc6a,8bab4dff,a6177608,0.0
2025-01-20T21:45:00Z,147abc6a,8bab4dff,a6177608,0.0
2025-01-20T21:48:00Z,147abc6a,8bab4dff,a6177608,0.0
2025-01-20T21:51:00Z,147abc6a,8bab4dff,a6177608,0.0
2025-01-20T21:54:00Z,147abc6a,8bab4dff,a6177608,0.0
2025-01-20T21:57:00Z,147abc6a,8bab4dff,a6177608,0.0
2025-01-20T22:00:00Z,147abc6a,8bab4dff,a6177608,0.0
2025-01-20T22:03:00Z,147abc6a,8bab4dff,a6177608,0.0
2025-01-20T22:06:00Z,147abc6a,8bab4dff,a6177608,0.0
2025-01-20T22:09:00Z,147abc6a,8bab4dff,a6177608,0.0
2025-01-20T22:12:00Z,147abc6a,8bab4dff,a6177608,0.0
2025-01-20T22:15:00Z,147abc6a,8bab4dff,a6177608,0.0
2025-01-20T22:18:00Z,147abc6a,8bab4dff,a6177608,0.0
2025-01-20T22:21:00Z,147abc6a,8bab4dff,a6177608,0.0
2025-01-20T22:24:00Z,147abc6a,8bab4dff,a6177608,0.01
2025-01-20T22:27:00Z,147abc6a,8bab4dff,a6177608,0.0
2025-01-20T22:30:00Z,147abc6a,8bab4dff,a6177608,0.0
2025-01-20T22:33:00Z,147abc6a,8bab4dff,a6177608,0.0
2025-01-20T22:36:00Z,147abc6a,8bab4dff,a6177608,0.0
2025-01-20T22:39:00Z,147abc6a,8bab4dff,a6177608,0.0
2025-01-20T22:42:00Z,147abc6a,8bab4dff,a6177608,0.0
2025-01-20T22:45:00Z,147abc6a,8bab4dff,a6177608,0.0
2025-01-20T22:48:00Z,147abc6a,8bab4dff,a6177608,0.0
2025-01-20T22:51:00Z,147abc6a,8bab4dff,a6177608,0.01
2025-01-20T22:54:00Z,147abc6a,8bab4dff,a6177608,0.0
2025-01-20T22:57:00Z,147abc6a,8bab4dff,a6177608,0.0
2025-01-20T23:00:00Z,147abc6a,8bab4dff,a6177608,0.0
2025-01-20T23:03:00Z,147abc6a,8bab4dff,a6177608,0.0
2025-01-20T23:06:00Z,147abc6a,8bab4dff,a6177608,0.0
2025-01-20T23:09:00Z,147abc6a,8bab4dff,a6177608,0.0
2025-01-20T23:12:00Z,147abc6a,8bab4dff,a6177608,0.0
2025-01-20T23:15:00Z,147abc6a,8bab4dff,a6177608,0.0
2025-01-20T23:18:00Z,147abc6a,8bab4dff,a6177608,0.0
2025-01-20T23:21:00Z,147abc6a,8bab4dff,a6177608,0.0
2025-01-20T23:24:00Z,147abc6a,8bab4dff,a6177608,0.0
2025-01-20T23:27:00Z,147abc6a,8bab4dff,a6177608,0.0
2025-01-20T23:30:00Z,147abc6a,8bab4dff,a6177608,0.0
2025-01-20T23:33:00Z,147abc6a,8bab4dff,a6177608,0.0
2025-01-20T23:36:00Z,147abc6a,8bab4dff,a6177608,0.0
2025-01-20T23:39:00Z,147abc6a,8bab4dff,a6177608,0.0
2025-01-20T23:42:00Z,147abc6a,8bab4dff,a6177608,0.0
2025-01-20T23:45:00Z,147abc6a,8bab4dff,a6177608,0.0
2025-01-20T23:48:00Z,147abc6a,8bab4dff,a6177608,0.0
2025-01-20T23:51:00Z,147abc6a,8bab4dff,a6177608,0.0
2025-01-20T23:54:00Z,147abc6a,8bab4dff,a6177608,0.0
2025-01-20T23:57:00Z,147abc6a,8bab4dff,a6177608,0.0
2025-01-21T00:00:00Z,147abc6a,8bab4dff,a6177608,0.0
2025-01-21T00:03:00Z,147abc6a,8bab4dff,a6177608,0.0
2025-01-21T00:06:00Z,147abc6a,8bab4dff,a6177608,0.0
2025-01-21T00:09:00Z,147abc6a,8bab4dff,a6177608,0.0
2025-01-21T00:12:00Z,147abc6a,8bab4dff,a6177608,0.0
2025-01-21T00:15:00Z,147abc6a,8bab4dff,a6177608,0.0
2025-01-21T00:18:00Z,147abc6a,8bab4dff,a6177608,0.0
2025-01-21T00:21:00Z,147abc6a,8bab4dff,a6177608,0.0
2025-01-21T00:24:00Z,147abc6a,8bab4dff,a6177608,0.0
2025-01-21T00:27:00Z,147abc6a,8bab4dff,a6177608,0.0
2025-01-21T00:30:00Z,147abc6a,8bab4dff,a6177608,0.0
2025-01-21T00:33:00Z,147abc6a,8bab4dff,a6177608,0.0
2025-01-21T00:36:00Z,147abc6a,8bab4dff,a6177608,0.0
2025-01-21T00:39:00Z,147abc6a,8bab4dff,a6177608,0.0
2025-01-21T00:42:00Z,147abc6a,8bab4dff,a6177608,0.0
2025-01-21T00:45:00Z,147abc6a,8bab4dff,a6177608,0.0
2025-01-21T00:48:00Z,147abc6a,8bab4dff,a6177608,0.0
2025-01-21T00:51:00Z,147abc6a,8bab4dff,a6177608,0.0
2025-01-21T00:54:00Z,147abc6a,8bab4dff,a6177608,0.0
2025-01-21T00:57:00Z,147abc6a,8bab4dff,a6177608,0.0
2025-01-21T01:00:00Z,147abc6a,8bab4dff,a6177608,0.0
2025-01-21T01:03:00Z,147abc6a,8bab4dff,a6177608,0.0
2025-01-21T01:06:00Z,147abc6a,8bab4dff,a6177608,0.0
2025-01-21T01:09:00Z,147abc6a,8bab4dff,a6177608,0.0
2025-01-21T01:12:00Z,147abc6a,8bab4dff,a6177608,0.0
2025-01-21T01:15:00Z,147abc6a,8bab4dff,a6177608,0.0
2025-01-21T01:18:00Z,147abc6a,8bab4dff,a6177608,0.0
2025-01-21T01:21:00Z,147abc6a,8bab4dff,a6177608,0.0
2025-01-21T01:24:00Z,147abc6a,8bab4dff,a6177608,0.0
2025-01-21T01:27:00Z,147abc6a,8bab4dff,a6177608,0.0
2025-01-21T01:30:00Z,147abc6a,8bab4dff,a6177608,0.0
2025-01-21T01:33:00Z,147abc6a,8bab4dff,a6177608,0.0
2025-01-21T01:36:00Z,147abc6a,8bab4dff,a6177608,0.0
2025-01-21T01:39:00Z,147abc6a,8bab4dff,a6177608,0.0
2025-01-21T01:42:00Z,147abc6a,8bab4dff,a6177608,0.0
2025-01-21T01:45:00Z,147abc6a,8bab4dff,a6177608,0.0
2025-01-21T01:48:00Z,147abc6a,8bab4dff,a6177608,0.0
2025-01-21T01:51:00Z,147abc6a,8bab4dff,a6177608,0.0
2025-01-21T01:54:00Z,147abc6a,8bab4dff,a6177608,0.0
2025-01-21T01:57:00Z,147abc6a,8bab4dff,a6177608,0.0
2025-01-21T02:00:00Z,147abc6a,8bab4dff,a6177608,0.0
2025-01-21T02:03:00Z,147abc6a,8bab4dff,a6177608,0.0
2025-01-21T02:06:00Z,147abc6a,8bab4dff,a6177608,0.0
2025-01-21T02:09:00Z,147abc6a,8bab4dff,a6177608,0.0
2025-01-21T02:12:00Z,147abc6a,8bab4dff,a6177608,0.0
2025-01-21T02:15:00Z,147abc6a,8bab4dff,a6177608,0.0
2025-01-21T02:18:00Z,147abc6a,8bab4dff,a6177608,0.0
2025-01-21T02:21:00Z,147abc6a,8bab4dff,a6177608,0.0
2025-01-21T02:24:00Z,147abc6a,8bab4dff,a6177608,0.0
2025-01-21T02:27:00Z,147abc6a,8bab4dff,a6177608,0.0
2025-01-21T02:30:00Z,147abc6a,8bab4dff,a6177608,0.0
2025-01-21T02:33:00Z,147abc6a,8bab4dff,a6177608,0.0
2025-01-21T02:36:00Z,147abc6a,8bab4dff,a6177608,0.0
2025-01-21T02:39:00Z,147abc6a,8bab4dff,a6177608,0.0
2025-01-21T02:42:00Z,147abc6a,8bab4dff,a6177608,0.0
2025-01-21T02:45:00Z,147abc6a,8bab4dff,a6177608,0.0
2025-01-21T02:48:00Z,147abc6a,8bab4dff,a6177608,0.0
2025-01-21T02:51:00Z,147abc6a,8bab4dff,a6177608,0.0
2025-01-21T02:54:00Z,147abc6a,8bab4dff,a6177608,0.0
2025-01-21T02:57:00Z,147abc6a,8bab4dff,a6177608,0.0
2025-01-21T03:00:00Z,147abc6a,8bab4dff,a6177608,0.0
2025-01-21T03:03:00Z,147abc6a,8bab4dff,a6177608,0.0
2025-01-21T03:06:00Z,147abc6a,8bab4dff,a6177608,0.0
2025-01-21T03:09:00Z,147abc6a,8bab4dff,a6177608,0.0
2025-01-21T03:12:00Z,147abc6a,8bab4dff,a6177608,0.0
2025-01-21T03:15:00Z,147abc6a,8bab4dff,a6177608,0.0
2025-01-21T03:18:00Z,147abc6a,8bab4dff,a6177608,0.0
2025-01-21T03:21:00Z,147abc6a,8bab4dff,a6177608,0.0
2025-01-21T03:24:00Z,147abc6a,8bab4dff,a6177608,0.0
2025-01-21T03:27:00Z,147abc6a,8bab4dff,a6177608,0.0
2025-01-21T03:30:00Z,147abc6a,8bab4dff,a6177608,0.0
2025-01-21T03:33:00Z,147abc6a,8bab4dff,a6177608,0.0
2025-01-21T03:36:00Z,147abc6a,8bab4dff,a6177608,0.0
2025-01-21T03:39:00Z,147abc6a,8bab4dff,a6177608,0.0
2025-01-21T03:42:00Z,147abc6a,8bab4dff,a6177608,0.0
2025-01-21T03:45:00Z,147abc6a,8bab4dff,a6177608,0.0
2025-01-21T03:48:00Z,147abc6a,8bab4dff,a6177608,0.0
2025-01-21T03:51:00Z,147abc6a,8bab4dff,a6177608,0.0
2025-01-21T03:54:00Z,147abc6a,8bab4dff,a6177608,0.0
2025-01-21T03:57:00Z,147abc6a,8bab4dff,a6177608,0.0
2025-01-21T04:00:00Z,147abc6a,8bab4dff,a6177608,0.0
2025-01-21T04:03:00Z,147abc6a,8bab4dff,a6177608,0.0
2025-01-21T04:06:00Z,147abc6a,8bab4dff,a6177608,0.0
2025-01-21T04:09:00Z,147abc6a,8bab4dff,a6177608,0.0
2025-01-21T04:12:00Z,147abc6a,8bab4dff,a6177608,0.0
2025-01-21T04:15:00Z,147abc6a,8bab4dff,a6177608,0.0
2025-01-21T04:18:00Z,147abc6a,8bab4dff,a6177608,0.0
2025-01-21T04:21:00Z,147abc6a,8bab4dff,a6177608,0.0
2025-01-21T04:24:00Z,147abc6a,8bab4dff,a6177608,0.0
2025-01-21T04:27:00Z,147abc6a,8bab4dff,a6177608,0.0
2025-01-21T04:30:00Z,147abc6a,8bab4dff,a6177608,0.0
2025-01-21T04:33:00Z,147abc6a,8bab4dff,a6177608,0.0
2025-01-21T04:36:00Z,147abc6a,8bab4dff,a6177608,0.0
2025-01-21T04:39:00Z,147abc6a,8bab4dff,a6177608,0.0
2025-01-21T04:42:00Z,147abc6a,8bab4dff,a6177608,0.0
2025-01-21T04:45:00Z,147abc6a,8bab4dff,a6177608,0.0
2025-01-21T04:48:00Z,147abc6a,8bab4dff,a6177608,0.0
2025-01-21T04:51:00Z,147abc6a,8bab4dff,a6177608,0.0
2025-01-21T04:54:00Z,147abc6a,8bab4dff,a6177608,0.0
2025-01-21T04:57:00Z,147abc6a,8bab4dff,a6177608,0.0
2025-01-21T05:00:00Z,147abc6a,8bab4dff,a6177608,0.0
2025-01-21T05:03:00Z,147abc6a,8bab4dff,a6177608,0.0
2025-01-21T05:06:00Z,147abc6a,8bab4dff,a6177608,0.0
2025-01-21T05:09:00Z,147abc6a,8bab4dff,a6177608,0.0
2025-01-21T05:12:00Z,147abc6a,8bab4dff,a6177608,0.0
2025-01-21T05:15:00Z,147abc6a,8bab4dff,a6177608,0.0
2025-01-21T05:18:00Z,147abc6a,8bab4dff,a6177608,0.0
2025-01-21T05:21:00Z,147abc6a,8bab4dff,a6177608,0.0
2025-01-21T05:24:00Z,147abc6a,8bab4dff,a6177608,0.0
2025-01-21T05:27:00Z,147abc6a,8bab4dff,a6177608,0.0
2025-01-21T05:30:00Z,147abc6a,8bab4dff,a6177608,0.0
2025-01-21T05:33:00Z,147abc6a,8bab4dff,a6177608,0.0
2025-01-21T05:36:00Z,147abc6a,8bab4dff,a6177608,0.0
2025-01-21T05:39:00Z,147abc6a,8bab4dff,a6177608,0.0
2025-01-21T05:42:00Z,147abc6a,8bab4dff,a6177608,0.0
2025-01-21T05:45:00Z,147abc6a,8bab4dff,a6177608,0.0
2025-01-21T05:48:00Z,147abc6a,8bab4dff,a6177608,0.0
2025-01-21T05:51:00Z,147abc6a,8bab4dff,a6177608,0.0
2025-01-21T05:54:00Z,147abc6a,8bab4dff,a6177608,0.0
2025-01-21T05:57:00Z,147abc6a,8bab4dff,a6177608,0.0
2025-01-21T06:00:00Z,147abc6a,8bab4dff,a6177608,0.0
2025-01-21T06:03:00Z,147abc6a,8bab4dff,a6177608,0.0
2025-01-21T06:06:00Z,147abc6a,8bab4dff,a6177608,0.0
2025-01-21T06:09:00Z,147abc6a,8bab4dff,a6177608,0.0
2025-01-21T06:12:00Z,147abc6a,8bab4dff,a6177608,0.0
2025-01-21T06:15:00Z,147abc6a,8bab4dff,a6177608,0.0
2025-01-21T06:18:00Z,147abc6a,8bab4dff,a6177608,0.0
2025-01-21T06:21:00Z,147abc6a,8bab4dff,a6177608,0.0
2025-01-21T06:24:00Z,147abc6a,8bab4dff,a6177608,0.0
2025-01-21T06:27:00Z,147abc6a,8bab4dff,a6177608,0.0
2025-01-21T06:30:00Z,147abc6a,8bab4dff,a6177608,0.0
2025-01-21T06:33:00Z,147abc6a,8bab4dff,a6177608,0.0
2025-01-21T06:36:00Z,147abc6a,8bab4dff,a6177608,0.0
2025-01-21T06:39:00Z,147abc6a,8bab4dff,a6177608,0.0
2025-01-21T06:42:00Z,147abc6a,8bab4dff,a6177608,0.0
2025-01-21T06:45:00Z,147abc6a,8bab4dff,a6177608,0.02
2025-01-21T06:48:00Z,147abc6a,8bab4dff,a6177608,0.0
2025-01-21T06:51:00Z,147abc6a,8bab4dff,a6177608,0.0
2025-01-21T06:54:00Z,147abc6a,8bab4dff,a6177608,0.0
2025-01-21T06:57:00Z,147abc6a,8bab4dff,a6177608,0.0
2025-01-21T07:00:00Z,147abc6a,8bab4dff,a6177608,0.0
2025-01-21T07:03:00Z,147abc6a,8bab4dff,a6177608,0.0
2025-01-21T07:06:00Z,147abc6a,8bab4dff,a6177608,0.0
2025-01-21T07:09:00Z,147abc6a,8bab4dff,a6177608,0.0
2025-01-21T07:12:00Z,147abc6a,8bab4dff,a6177608,0.0
2025-01-21T07:15:00Z,147abc6a,8bab4dff,a6177608,0.0
2025-01-21T07:18:00Z,147abc6a,8bab4dff,a6177608,0.0
2025-01-21T07:21:00Z,147abc6a,8bab4dff,a6177608,0.0
2025-01-21T07:24:00Z,147abc6a,8bab4dff,a6177608,0.0
2025-01-21T07:27:00Z,147abc6a,8bab4dff,a6177608,0.0
2025-01-21T07:30:00Z,147abc6a,8bab4dff,a6177608,0.0
2025-01-21T07:33:00Z,147abc6a,8bab4dff,a6177608,0.0
2025-01-21T07:36:00Z,147abc6a,8bab4dff,a6177608,0.0
2025-01-21T07:39:00Z,147abc6a,8bab4dff,a6177608,0.0
2025-01-21T07:42:00Z,147abc6a,8bab4dff,a6177608,0.0
2025-01-21T07:45:00Z,147abc6a,8bab4dff,a6177608,0.0
2025-01-21T07:48:00Z,147abc6a,8bab4dff,a6177608,0.0
2025-01-21T07:51:00Z,147abc6a,8bab4dff,a6177608,0.0
2025-01-21T07:54:00Z,147abc6a,8bab4dff,a6177608,0.0
2025-01-21T07:57:00Z,147abc6a,8bab4dff,a6177608,0.0
2025-01-21T08:00:00Z,147abc6a,8bab4dff,a6177608,0.0
2025-01-21T08:03:00Z,147abc6a,8bab4dff,a6177608,0.0
2025-01-21T08:06:00Z,147abc6a,8bab4dff,a6177608,0.0
2025-01-21T08:09:00Z,147abc6a,8bab4dff,a6177608,0.0
2025-01-21T08:12:00Z,147abc6a,8bab4dff,a6177608,0.0
2025-01-21T08:15:00Z,147abc6a,8bab4dff,a6177608,0.0
2025-01-21T08:18:00Z,147abc6a,8bab4dff,a6177608,0.0
2025-01-21T08:21:00Z,147abc6a,8bab4dff,a6177608,0.0
2025-01-21T08:24:00Z,147abc6a,8bab4dff,a6177608,0.0
2025-01-21T08:27:00Z,147abc6a,8bab4dff,a6177608,0.0
2025-01-21T08:30:00Z,147abc6a,8bab4dff,a6177608,0.0
2025-01-21T08:33:00Z,147abc6a,8bab4dff,a6177608,0.0
2025-01-21T08:36:00Z,147abc6a,8bab4dff,a6177608,0.12
2025-01-21T08:39:00Z,147abc6a,8bab4dff,a6177608,0.0
2025-01-21T08:42:00Z,147abc6a,8bab4dff,a6177608,0.0
2025-01-21T08:45:00Z,147abc6a,8bab4dff,a6177608,0.0
2025-01-21T08:48:00Z,147abc6a,8bab4dff,a6177608,0.0
2025-01-21T08:51:00Z,147abc6a,8bab4dff,a6177608,0.0
2025-01-21T08:54:00Z,147abc6a,8bab4dff,a6177608,0.0
2025-01-21T08:57:00Z,147abc6a,8bab4dff,a6177608,0.0
2025-01-21T09:00:00Z,147abc6a,8bab4dff,a6177608,0.0
2025-01-21T09:03:00Z,147abc6a,8bab4dff,a6177608,0.0
2025-01-21T09:06:00Z,147abc6a,8bab4dff,a6177608,0.0
2025-01-21T09:09:00Z,147abc6a,8bab4dff,a6177608,0.0
2025-01-21T09:12:00Z,147abc6a,8bab4dff,a6177608,0.0
2025-01-21T09:15:00Z,147abc6a,8bab4dff,a6177608,0.0
2025-01-21T09:18:00Z,147abc6a,8bab4dff,a6177608,0.0
2025-01-21T09:21:00Z,147abc6a,8bab4dff,a6177608,0.0
2025-01-21T09:24:00Z,147abc6a,8bab4dff,a6177608,0.0
2025-01-21T09:27:00Z,147abc6a,8bab4dff,a6177608,0.0
2025-01-21T09:30:00Z,147abc6a,8bab4dff,a6177608,0.0
2025-01-21T09:33:00Z,147abc6a,8bab4dff,a6177608,0.0
2025-01-21T09:36:00Z,147abc6a,8bab4dff,a6177608,0.0
2025-01-21T09:39:00Z,147abc6a,8bab4dff,a6177608,0.0
2025-01-21T09:42:00Z,147abc6a,8bab4dff,a6177608,0.0
2025-01-21T09:45:00Z,147abc6a,8bab4dff,a6177608,0.0
2025-01-21T09:48:00Z,147abc6a,8bab4dff,a6177608,0.0
2025-01-21T09:51:00Z,147abc6a,8bab4dff,a6177608,0.0
2025-01-21T09:54:00Z,147abc6a,8bab4dff,a6177608,0.0
2025-01-21T09:57:00Z,147abc6a,8bab4dff,a6177608,0.0
2025-01-21T10:00:00Z,147abc6a,8bab4dff,a6177608,0.0
2025-01-21T10:03:00Z,147abc6a,8bab4dff,a6177608,0.0
2025-01-21T10:06:00Z,147abc6a,8bab4dff,a6177608,0.0
2025-01-21T10:09:00Z,147abc6a,8bab4dff,a6177608,0.0
2025-01-21T10:12:00Z,147abc6a,8bab4dff,a6177608,0.0
2025-01-21T10:15:00Z,147abc6a,8bab4dff,a6177608,0.0
2025-01-21T10:18:00Z,147abc6a,8bab4dff,a6177608,0.0
2025-01-21T10:21:00Z,147abc6a,8bab4dff,a6177608,0.0
2025-01-21T10:24:00Z,147abc6a,8bab4dff,a6177608,0.0
2025-01-21T10:27:00Z,147abc6a,8bab4dff,a6177608,0.0
2025-01-21T10:30:00Z,147abc6a,8bab4dff,a6177608,0.0
2025-01-21T10:33:00Z,147abc6a,8bab4dff,a6177608,0.0
2025-01-21T10:36:00Z,147abc6a,8bab4dff,a6177608,0.0
2025-01-21T10:39:00Z,147abc6a,8bab4dff,a6177608,0.0
2025-01-21T10:42:00Z,147abc6a,8bab4dff,a6177608,0.0
2025-01-21T10:45:00Z,147abc6a,8bab4dff,a6177608,0.0
2025-01-21T10:48:00Z,147abc6a,8bab4dff,a6177608,0.0
2025-01-21T10:51:00Z,147abc6a,8bab4dff,a6177608,0.0
2025-01-21T10:54:00Z,147abc6a,8bab4dff,a6177608,0.0
2025-01-21T10:57:00Z,147abc6a,8bab4dff,a6177608,0.0
2025-01-21T11:00:00Z,147abc6a,8bab4dff,a6177608,0.0
2025-01-21T11:03:00Z,147abc6a,8bab4dff,a6177608,0.0
2025-01-21T11:06:00Z,147abc6a,8bab4dff,a6177608,0.0
2025-01-21T11:09:00Z,147abc6a,8bab4dff,a6177608,0.0
2025-01-21T11:12:00Z,147abc6a,8bab4dff,a6177608,0.0
2025-01-21T11:15:00Z,147abc6a,8bab4dff,a6177608,0.0
2025-01-21T11:18:00Z,147abc6a,8bab4dff,a6177608,0.0
2025-01-21T11:21:00Z,147abc6a,8bab4dff,a6177608,0.0
2025-01-21T11:24:00Z,147abc6a,8bab4dff,a6177608,0.0
2025-01-21T11:27:00Z,147abc6a,8bab4dff,a6177608,0.0
2025-01-21T11:30:00Z,147abc6a,8bab4dff,a6177608,0.0
2025-01-21T11:33:00Z,147abc6a,8bab4dff,a6177608,0.0
2025-01-21T11:36:00Z,147abc6a,8bab4dff,a6177608,0.0
2025-01-21T11:39:00Z,147abc6a,8bab4dff,a6177608,0.0
2025-01-21T11:42:00Z,147abc6a,8bab4dff,a6177608,0.0
2025-01-21T11:45:00Z,147abc6a,8bab4dff,a6177608,0.0
2025-01-21T11:48:00Z,147abc6a,8bab4dff,a6177608,0.0
2025-01-21T11:51:00Z,147abc6a,8bab4dff,a6177608,0.0
2025-01-21T11:54:00Z,147abc6a,8bab4dff,a6177608,0.0
2025-01-21T11:57:00Z,147abc6a,8bab4dff,a6177608,0.0
2025-01-21T12:00:00Z,147abc6a,8bab4dff,a6177608,0.0
2025-01-21T12:03:00Z,147abc6a,8bab4dff,a6177608,0.0
2025-01-21T12:06:00Z,147abc6a,8bab4dff,a6177608,0.0
2025-01-21T12:09:00Z,147abc6a,8bab4dff,a6177608,0.0
2025-01-21T12:12:00Z,147abc6a,8bab4dff,a6177608,0.0
2025-01-21T12:15:00Z,147abc6a,8bab4dff,a6177608,0.0
2025-01-21T12:18:00Z,147abc6a,8bab4dff,a6177608,0.0
2025-01-21T12:21:00Z,147abc6a,8bab4dff,a6177608,0.0
2025-01-21T12:24:00Z,147abc6a,8bab4dff,a6177608,0.0
2025-01-21T12:27:00Z,147abc6a,8bab4dff,a6177608,0.0
2025-01-21T12:30:00Z,147abc6a,8bab4dff,a6177608,0.0
2025-01-21T12:33:00Z,147abc6a,8bab4dff,a6177608,0.0
2025-01-21T12:36:00Z,147abc6a,8bab4dff,a6177608,0.0
2025-01-21T12:39:00Z,147abc6a,8bab4dff,a6177608,0.0
2025-01-21T12:42:00Z,147abc6a,8bab4dff,a6177608,0.0
2025-01-21T12:45:00Z,147abc6a,8bab4dff,a6177608,0.0
2025-01-21T12:48:00Z,147abc6a,8bab4dff,a6177608,0.0
2025-01-21T12:51:00Z,147abc6a,8bab4dff,a6177608,0.0
2025-01-21T12:54:00Z,147abc6a,8bab4dff,a6177608,0.0
2025-01-21T12:57:00Z,147abc6a,8bab4dff,a6177608,0.0
2025-01-21T13:00:00Z,147abc6a,8bab4dff,a6177608,0.0
2025-01-21T13:03:00Z,147abc6a,8bab4dff,a6177608,0.0
2025-01-21T13:06:00Z,147abc6a,8bab4dff,a6177608,0.0
2025-01-21T13:09:00Z,147abc6a,8bab4dff,a6177608,0.0
2025-01-21T13:12:00Z,147abc6a,8bab4dff,a6177608,0.0
2025-01-21T13:15:00Z,147abc6a,8bab4dff,a6177608,0.0
2025-01-21T13:18:00Z,147abc6a,8bab4dff,a6177608,0.0
2025-01-21T13:21:00Z,147abc6a,8bab4dff,a6177608,0.0
2025-01-21T13:24:00Z,147abc6a,8bab4dff,a6177608,0.0
2025-01-21T13:27:00Z,147abc6a,8bab4dff,a6177608,0.0
2025-01-21T13:30:00Z,147abc6a,8bab4dff,a6177608,0.0
2025-01-21T13:33:00Z,147abc6a,8bab4dff,a6177608,0.0
2025-01-21T13:36:00Z,147abc6a,8bab4dff,a6177608,0.0
2025-01-21T13:39:00Z,147abc6a,8bab4dff,a6177608,0.0
2025-01-21T13:42:00Z,147abc6a,8bab4dff,a6177608,0.0
2025-01-21T13:45:00Z,147abc6a,8bab4dff,a6177608,0.0
2025-01-21T13:48:00Z,147abc6a,8bab4dff,a6177608,0.0
2025-01-21T13:51:00Z,147abc6a,8bab4dff,a6177608,0.0
2025-01-21T13:54:00Z,147abc6a,8bab4dff,a6177608,0.0
2025-01-21T13:57:00Z,147abc6a,8bab4dff,a6177608,0.0
2025-01-21T14:00:00Z,147abc6a,8bab4dff,a6177608,0.0
2025-01-21T14:03:00Z,147abc6a,8bab4dff,a6177608,0.0
2025-01-21T14:06:00Z,147abc6a,8bab4dff,a6177608,0.0
2025-01-21T14:09:00Z,147abc6a,8bab4dff,a6177608,0.0
2025-01-21T14:12:00Z,147abc6a,8bab4dff,a6177608,0.0
2025-01-21T14:15:00Z,147abc6a,8bab4dff,a6177608,0.0
2025-01-21T14:18:00Z,147abc6a,8bab4dff,a6177608,0.0
2025-01-21T14:21:00Z,147abc6a,8bab4dff,a6177608,0.0
2025-01-21T14:24:00Z,147abc6a,8bab4dff,a6177608,0.0
2025-01-21T14:27:00Z,147abc6a,8bab4dff,a6177608,0.0
2025-01-21T14:30:00Z,147abc6a,8bab4dff,a6177608,0.0
2025-01-21T14:33:00Z,147abc6a,8bab4dff,a6177608,0.0
2025-01-21T14:36:00Z,147abc6a,8bab4dff,a6177608,0.0
2025-01-21T14:39:00Z,147abc6a,8bab4dff,a6177608,0.0
2025-01-21T14:42:00Z,147abc6a,8bab4dff,a6177608,0.0
2025-01-21T14:45:00Z,147abc6a,8bab4dff,a6177608,0.09
2025-01-21T14:48:00Z,147abc6a,8bab4dff,a6177608,0.0
2025-01-21T14:51:00Z,147abc6a,8bab4dff,a6177608,0.0
2025-01-21T14:54:00Z,147abc6a,8bab4dff,a6177608,0.0
2025-01-21T14:57:00Z,147abc6a,8bab4dff,a6177608,0.0
2025-01-21T15:00:00Z,147abc6a,8bab4dff,a6177608,0.0
2025-01-21T15:03:00Z,147abc6a,8bab4dff,a6177608,0.0
2025-01-21T15:06:00Z,147abc6a,8bab4dff,a6177608,0.0
2025-01-21T15:09:00Z,147abc6a,8bab4dff,a6177608,0.0
2025-01-21T15:12:00Z,147abc6a,8bab4dff,a6177608,0.0
2025-01-21T15:15:00Z,147abc6a,8bab4dff,a6177608,0.0
2025-01-21T15:18:00Z,147abc6a,8bab4dff,a6177608,0.0
2025-01-21T15:21:00Z,147abc6a,8bab4dff,a6177608,0.0
2025-01-21T15:24:00Z,147abc6a,8bab4dff,a6177608,0.0
2025-01-21T15:27:00Z,147abc6a,8bab4dff,a6177608,0.0
2025-01-21T15:30:00Z,147abc6a,8bab4dff,a6177608,0.0
2025-01-21T15:33:00Z,147abc6a,8bab4dff,a6177608,0.0
2025-01-21T15:36:00Z,147abc6a,8bab4dff,a6177608,0.0
2025-01-21T15:39:00Z,147abc6a,8bab4dff,a6177608,0.0
2025-01-21T15:42:00Z,147abc6a,8bab4dff,a6177608,0.0
2025-01-21T15:45:00Z,147abc6a,8bab4dff,a6177608,0.0
2025-01-21T15:48:00Z,147abc6a,8bab4dff,a6177608,0.0
2025-01-21T15:51:00Z,147abc6a,8bab4dff,a6177608,0.0
2025-01-21T15:54:00Z,147abc6a,8bab4dff,a6177608,0.0
2025-01-21T15:57:00Z,147abc6a,8bab4dff,a6177608,0.0
2025-01-21T16:00:00Z,147abc6a,8bab4dff,a6177608,0.0
2025-01-21T16:03:00Z,147abc6a,8bab4dff,a6177608,0.0
2025-01-21T16:06:00Z,147abc6a,8bab4dff,a6177608,0.0
2025-01-21T16:09:00Z,147abc6a,8bab4dff,a6177608,0.0
2025-01-21T16:12:00Z,147abc6a,8bab4dff,a6177608,0.0
2025-01-21T16:15:00Z,147abc6a,8bab4dff,a6177608,0.0
2025-01-21T16:18:00Z,147abc6a,8bab4dff,a6177608,0.0
2025-01-21T16:21:00Z,147abc6a,8bab4dff,a6177608,0.0
2025-01-21T16:24:00Z,147abc6a,8bab4dff,a6177608,0.0
2025-01-21T16:27:00Z,147abc6a,8bab4dff,a6177608,0.0
2025-01-21T16:30:00Z,147abc6a,8bab4dff,a6177608,0.0
2025-01-21T16:33:00Z,147abc6a,8bab4dff,a6177608,0.0
2025-01-21T16:36:00Z,147abc6a,8bab4dff,a6177608,0.0
2025-01-21T16:39:00Z,147abc6a,8bab4dff,a6177608,0.0
2025-01-21T16:42:00Z,147abc6a,8bab4dff,a6177608,0.0
2025-01-21T16:45:00Z,147abc6a,8bab4dff,a6177608,0.0
2025-01-21T16:48:00Z,147abc6a,8bab4dff,a6177608,0.0
2025-01-21T16:51:00Z,147abc6a,8bab4dff,a6177608,0.0
2025-01-21T16:54:00Z,147abc6a,8bab4dff,a6177608,0.0
2025-01-21T16:57:00Z,147abc6a,8bab4dff,a6177608,0.0
2025-01-21T17:00:00Z,147abc6a,8bab4dff,a6177608,0.0
2025-01-21T17:03:00Z,147abc6a,8bab4dff,a6177608,0.0
2025-01-21T17:06:00Z,147abc6a,8bab4dff,a6177608,0.0
2025-01-21T17:09:00Z,147abc6a,8bab4dff,a6177608,0.0
2025-01-21T17:12:00Z,147abc6a,8bab4dff,a6177608,0.0
2025-01-21T17:15:00Z,147abc6a,8bab4dff,a6177608,0.0
2025-01-21T17:18:00Z,147abc6a,8bab4dff,a6177608,0.0
2025-01-21T17:21:00Z,147abc6a,8bab4dff,a6177608,0.0
2025-01-21T17:24:00Z,147abc6a,8bab4dff,a6177608,0.0
2025-01-21T17:27:00Z,147abc6a,8bab4dff,a6177608,0.0
2025-01-21T17:30:00Z,147abc6a,8bab4dff,a6177608,0.0
2025-01-21T17:33:00Z,147abc6a,8bab4dff,a6177608,0.0
2025-01-21T17:36:00Z,147abc6a,8bab4dff,a6177608,0.0
2025-01-21T17:39:00Z,147abc6a,8bab4dff,a6177608,0.0
2025-01-21T17:42:00Z,147abc6a,8bab4dff,a6177608,0.0
2025-01-21T17:45:00Z,147abc6a,8bab4dff,a6177608,0.0
2025-01-21T17:48:00Z,147abc6a,8bab4dff,a6177608,0.0
2025-01-21T17:51:00Z,147abc6a,8bab4dff,a6177608,0.0
2025-01-21T17:54:00Z,147abc6a,8bab4dff,a6177608,0.0
2025-01-21T17:57:00Z,147abc6a,8bab4dff,a6177608,0.0
2025-01-21T18:00:00Z,147abc6a,8bab4dff,a6177608,0.0
2025-01-21T18:03:00Z,147abc6a,8bab4dff,a6177608,0.0
2025-01-21T18:06:00Z,147abc6a,8bab4dff,a6177608,0.0
2025-01-21T18:09:00Z,147abc6a,8bab4dff,a6177608,0.0
2025-01-21T18:12:00Z,147abc6a,8bab4dff,a6177608,0.0
2025-01-21T18:15:00Z,147abc6a,8bab4dff,a6177608,0.0
2025-01-21T18:18:00Z,147abc6a,8bab4dff,a6177608,0.0
2025-01-21T18:21:00Z,147abc6a,8bab4dff,a6177608,0.0
2025-01-21T18:24:00Z,147abc6a,8bab4dff,a6177608,0.0
2025-01-21T18:27:00Z,147abc6a,8bab4dff,a6177608,0.0
2025-01-21T18:30:00Z,147abc6a,8bab4dff,a6177608,0.0
2025-01-21T18:33:00Z,147abc6a,8bab4dff,a6177608,0.0
2025-01-21T18:36:00Z,147abc6a,8bab4dff,a6177608,0.0
2025-01-21T18:39:00Z,147abc6a,8bab4dff,a6177608,0.0
2025-01-21T18:42:00Z,147abc6a,8bab4dff,a6177608,0.0
2025-01-21T18:45:00Z,147abc6a,8bab4dff,a6177608,0.0
2025-01-21T18:48:00Z,147abc6a,8bab4dff,a6177608,0.0
2025-01-21T18:51:00Z,147abc6a,8bab4dff,a6177608,0.0
2025-01-21T18:54:00Z,147abc6a,8bab4dff,a6177608,0.0
2025-01-21T18:57:00Z,147abc6a,8bab4dff,a6177608,0.0
2025-01-21T19:00:00Z,147abc6a,8bab4dff,a6177608,0.0
2025-01-21T19:03:00Z,147abc6a,8bab4dff,a6177608,0.0
2025-01-21T19:06:00Z,147abc6a,8bab4dff,a6177608,0.0
2025-01-21T19:09:00Z,147abc6a,8bab4dff,a6177608,0.0
2025-01-21T19:12:00Z,147abc6a,8bab4dff,a6177608,0.0
2025-01-21T19:15:00Z,147abc6a,8bab4dff,a6177608,0.0
2025-01-21T19:18:00Z,147abc6a,8bab4dff,a6177608,0.0
2025-01-21T19:21:00Z,147abc6a,8bab4dff,a6177608,0.0
2025-01-21T19:24:00Z,147abc6a,8bab4dff,a6177608,0.0
2025-01-21T19:27:00Z,147abc6a,8bab4dff,a6177608,0.0
2025-01-21T19:30:00Z,147abc6a,8bab4dff,a6177608,0.0
2025-01-21T19:33:00Z,147abc6a,8bab4dff,a6177608,0.0
2025-01-21T19:36:00Z,147abc6a,8bab4dff,a6177608,0.0
2025-01-21T19:39:00Z,147abc6a,8bab4dff,a6177608,0.0
2025-01-21T19:42:00Z,147abc6a,8bab4dff,a6177608,0.0
2025-01-21T19:45:00Z,147abc6a,8bab4dff,a6177608,0.0
2025-01-21T19:48:00Z,147abc6a,8bab4dff,a6177608,0.0
2025-01-21T19:51:00Z,147abc6a,8bab4dff,a6177608,0.0
2025-01-21T19:54:00Z,147abc6a,8bab4dff,a6177608,0.0
2025-01-21T19:57:00Z,147abc6a,8bab4dff,a6177608,0.0
2025-01-21T20:00:00Z,147abc6a,8bab4dff,a6177608,0.0
2025-01-21T20:03:00Z,147abc6a,8bab4dff,a6177608,0.0
2025-01-21T20:06:00Z,147abc6a,8bab4dff,a6177608,0.0
2025-01-21T20:09:00Z,147abc6a,8bab4dff,a6177608,0.0
2025-01-21T20:12:00Z,147abc6a,8bab4dff,a6177608,0.0
2025-01-21T20:15:00Z,147abc6a,8bab4dff,a6177608,0.0
2025-01-21T20:18:00Z,147abc6a,8bab4dff,a6177608,0.0
2025-01-21T20:21:00Z,147abc6a,8bab4dff,a6177608,0.0
2025-01-21T20:24:00Z,147abc6a,8bab4dff,a6177608,0.0
2025-01-21T20:27:00Z,147abc6a,8bab4dff,a6177608,0.0
2025-01-21T20:30:00Z,147abc6a,8bab4dff,a6177608,0.0
2025-01-21T20:33:00Z,147abc6a,8bab4dff,a6177608,0.0
2025-01-21T20:36:00Z,147abc6a,8bab4dff,a6177608,0.0
2025-01-21T20:39:00Z,147abc6a,8bab4dff,a6177608,0.0
2025-01-21T20:42:00Z,147abc6a,8bab4dff,a6177608,0.0
2025-01-21T20:45:00Z,147abc6a,8bab4dff,a6177608,0.0
2025-01-21T20:48:00Z,147abc6a,8bab4dff,a6177608,0.0
2025-01-21T20:51:00Z,147abc6a,8bab4dff,a6177608,0.0
2025-01-21T20:54:00Z,147abc6a,8bab4dff,a6177608,0.0
2025-01-21T20:57:00Z,147abc6a,8bab4dff,a6177608,0.0
2025-01-21T21:00:00Z,147abc6a,8bab4dff,a6177608,0.0
2025-01-21T21:03:00Z,147abc6a,8bab4dff,a6177608,0.0
2025-01-21T21:06:00Z,147abc6a,8bab4dff,a6177608,0.0
2025-01-21T21:09:00Z,147abc6a,8bab4dff,a6177608,0.0
2025-01-21T21:12:00Z,147abc6a,8bab4dff,a6177608,0.0
2025-01-21T21:15:00Z,147abc6a,8bab4dff,a6177608,0.0
2025-01-21T21:18:00Z,147abc6a,8bab4dff,a6177608,0.0
2025-01-21T21:21:00Z,147abc6a,8bab4dff,a6177608,0.0
2025-01-21T21:24:00Z,147abc6a,8bab4dff,a6177608,0.0
2025-01-21T21:27:00Z,147abc6a,8bab4dff,a6177608,0.0
2025-01-21T21:30:00Z,147abc6a,8bab4dff,a6177608,0.0
2025-01-21T21:33:00Z,147abc6a,8bab4dff,a6177608,0.0
2025-01-21T21:36:00Z,147abc6a,8bab4dff,a6177608,0.0
2025-01-21T21:39:00Z,147abc6a,8bab4dff,a6177608,0.0
2025-01-21T21:42:00Z,147abc6a,8bab4dff,a6177608,0.0
2025-01-21T21:45:00Z,147abc6a,8bab4dff,a6177608,0.0
2025-01-21T21:48:00Z,147abc6a,8bab4dff,a6177608,0.0
2025-01-21T21:51:00Z,147abc6a,8bab4dff,a6177608,0.0
2025-01-21T21:54:00Z,147abc6a,8bab4dff,a6177608,0.0
2025-01-21T21:57:00Z,147abc6a,8bab4dff,a6177608,0.0
2025-01-21T22:00:00Z,147abc6a,8bab4dff,a6177608,0.0
2025-01-21T22:03:00Z,147abc6a,8bab4dff,a6177608,0.0
2025-01-21T22:06:00Z,147abc6a,8bab4dff,a6177608,0.0
2025-01-21T22:09:00Z,147abc6a,8bab4dff,a6177608,0.0
2025-01-21T22:12:00Z,147abc6a,8bab4dff,a6177608,0.0
2025-01-21T22:15:00Z,147abc6a,8bab4dff,a6177608,0.0
2025-01-21T22:18:00Z,147abc6a,8bab4dff,a6177608,0.0
2025-01-21T22:21:00Z,147abc6a,8bab4dff,a6177608,0.0
2025-01-21T22:24:00Z,147abc6a,8bab4dff,a6177608,0.0
2025-01-21T22:27:00Z,147abc6a,8bab4dff,a6177608,0.0
2025-01-21T22:30:00Z,147abc6a,8bab4dff,a6177608,0.0
2025-01-21T22:33:00Z,147abc6a,8bab4dff,a6177608,0.0
2025-01-21T22:36:00Z,147abc6a,8bab4dff,a6177608,0.0
2025-01-21T22:39:00Z,147abc6a,8bab4dff,a6177608,0.0
2025-01-21T22:42:00Z,147abc6a,8bab4dff,a6177608,0.0
2025-01-21T22:45:00Z,147abc6a,8bab4dff,a6177608,0.0
2025-01-21T22:48:00Z,147abc6a,8bab4dff,a6177608,0.0
2025-01-21T22:51:00Z,147abc6a,8bab4dff,a6177608,0.01
2025-01-21T22:54:00Z,147abc6a,8bab4dff,a6177608,0.0
2025-01-21T22:57:00Z,147abc6a,8bab4dff,a6177608,0.0
2025-01-21T23:00:00Z,147abc6a,8bab4dff,a6177608,0.0
2025-01-21T23:03:00Z,147abc6a,8bab4dff,a6177608,0.0
2025-01-21T23:06:00Z,147abc6a,8bab4dff,a6177608,0.0
2025-01-21T23:09:00Z,147abc6a,8bab4dff,a6177608,0.0
2025-01-21T23:12:00Z,147abc6a,8bab4dff,a6177608,0.0
2025-01-21T23:15:00Z,147abc6a,8bab4dff,a6177608,0.0
2025-01-21T23:18:00Z,147abc6a,8bab4dff,a6177608,0.0
2025-01-21T23:21:00Z,147abc6a,8bab4dff,a6177608,0.0
2025-01-21T23:24:00Z,147abc6a,8bab4dff,a6177608,0.0
2025-01-21T23:27:00Z,147abc6a,8bab4dff,a6177608,0.0
2025-01-21T23:30:00Z,147abc6a,8bab4dff,a6177608,0.0
2025-01-21T23:33:00Z,147abc6a,8bab4dff,a6177608,0.0
2025-01-21T23:36:00Z,147abc6a,8bab4dff,a6177608,0.0
2025-01-21T23:39:00Z,147abc6a,8bab4dff,a6177608,0.0
2025-01-21T23:42:00Z,147abc6a,8bab4dff,a6177608,0.0
2025-01-21T23:45:00Z,147abc6a,8bab4dff,a6177608,0.0
2025-01-21T23:48:00Z,147abc6a,8bab4dff,a6177608,0.0
2025-01-21T23:51:00Z,147abc6a,8bab4dff,a6177608,0.0
2025-01-21T23:54:00Z,147abc6a,8bab4dff,a6177608,0.0
2025-01-21T23:57:00Z,147abc6a,8bab4dff,a6177608,0.0
2025-01-22T00:00:00Z,147abc6a,8bab4dff,a6177608,0.0
2025-01-22T00:03:00Z,147abc6a,8bab4dff,a6177608,0.0
2025-01-22T00:06:00Z,147abc6a,8bab4dff,a6177608,0.0
2025-01-22T00:09:00Z,147abc6a,8bab4dff,a6177608,0.0
2025-01-22T00:12:00Z,147abc6a,8bab4dff,a6177608,0.0
2025-01-22T00:15:00Z,147abc6a,8bab4dff,a6177608,0.0
2025-01-22T00:18:00Z,147abc6a,8bab4dff,a6177608,0.0
2025-01-22T00:21:00Z,147abc6a,8bab4dff,a6177608,0.0
2025-01-22T00:24:00Z,147abc6a,8bab4dff,a6177608,0.0
2025-01-22T00:27:00Z,147abc6a,8bab4dff,a6177608,0.0
2025-01-22T00:30:00Z,147abc6a,8bab4dff,a6177608,0.0
2025-01-22T00:33:00Z,147abc6a,8bab4dff,a6177608,0.0
2025-01-22T00:36:00Z,147abc6a,8bab4dff,a6177608,0.0
2025-01-22T00:39:00Z,147abc6a,8bab4dff,a6177608,0.0
2025-01-22T00:42:00Z,147abc6a,8bab4dff,a6177608,0.0
2025-01-22T00:45:00Z,147abc6a,8bab4dff,a6177608,0.0
2025-01-22T00:48:00Z,147abc6a,8bab4dff,a6177608,0.0
2025-01-22T00:51:00Z,147abc6a,8bab4dff,a6177608,0.0
2025-01-22T00:54:00Z,147abc6a,8bab4dff,a6177608,0.0
2025-01-22T00:57:00Z,147abc6a,8bab4dff,a6177608,0.0
2025-01-22T01:00:00Z,147abc6a,8bab4dff,a6177608,0.0
2025-01-22T01:03:00Z,147abc6a,8bab4dff,a6177608,0.0
2025-01-22T01:06:00Z,147abc6a,8bab4dff,a6177608,0.0
2025-01-22T01:09:00Z,147abc6a,8bab4dff,a6177608,0.0
2025-01-22T01:12:00Z,147abc6a,8bab4dff,a6177608,0.0
2025-01-22T01:15:00Z,147abc6a,8bab4dff,a6177608,0.0
2025-01-22T01:18:00Z,147abc6a,8bab4dff,a6177608,0.0
2025-01-22T01:21:00Z,147abc6a,8bab4dff,a6177608,0.0
2025-01-22T01:24:00Z,147abc6a,8bab4dff,a6177608,0.0
2025-01-22T01:27:00Z,147abc6a,8bab4dff,a6177608,0.0
2025-01-22T01:30:00Z,147abc6a,8bab4dff,a6177608,0.0
2025-01-22T01:33:00Z,147abc6a,8bab4dff,a6177608,0.0
2025-01-22T01:36:00Z,147abc6a,8bab4dff,a6177608,0.0
2025-01-22T01:39:00Z,147abc6a,8bab4dff,a6177608,0.0
2025-01-22T01:42:00Z,147abc6a,8bab4dff,a6177608,0.0
2025-01-22T01:45:00Z,147abc6a,8bab4dff,a6177608,0.0
2025-01-22T01:48:00Z,147abc6a,8bab4dff,a6177608,0.0
2025-01-22T01:51:00Z,147abc6a,8bab4dff,a6177608,0.0
2025-01-22T01:54:00Z,147abc6a,8bab4dff,a6177608,0.0
2025-01-22T01:57:00Z,147abc6a,8bab4dff,a6177608,0.0
2025-01-22T02:00:00Z,147abc6a,8bab4dff,a6177608,0.0
2025-01-22T02:03:00Z,147abc6a,8bab4dff,a6177608,0.0
2025-01-22T02:06:00Z,147abc6a,8bab4dff,a6177608,0.0
2025-01-22T02:09:00Z,147abc6a,8bab4dff,a6177608,0.0
2025-01-22T02:12:00Z,147abc6a,8bab4dff,a6177608,0.0
2025-01-22T02:15:00Z,147abc6a,8bab4dff,a6177608,0.0
2025-01-22T02:18:00Z,147abc6a,8bab4dff,a6177608,0.0
2025-01-22T02:21:00Z,147abc6a,8bab4dff,a6177608,0.0
2025-01-22T02:24:00Z,147abc6a,8bab4dff,a6177608,0.0
2025-01-22T02:27:00Z,147abc6a,8bab4dff,a6177608,0.0
2025-01-22T02:30:00Z,147abc6a,8bab4dff,a6177608,0.0
2025-01-22T02:33:00Z,147abc6a,8bab4dff,a6177608,0.0
2025-01-22T02:36:00Z,147abc6a,8bab4dff,a6177608,0.0
2025-01-22T02:39:00Z,147abc6a,8bab4dff,a6177608,0.0
2025-01-22T02:42:00Z,147abc6a,8bab4dff,a6177608,0.0
2025-01-22T02:45:00Z,147abc6a,8bab4dff,a6177608,0.0
2025-01-22T02:48:00Z,147abc6a,8bab4dff,a6177608,0.0
2025-01-22T02:51:00Z,147abc6a,8bab4dff,a6177608,0.0
2025-01-22T02:54:00Z,147abc6a,8bab4dff,a6177608,0.0
2025-01-22T02:57:00Z,147abc6a,8bab4dff,a6177608,0.0
2025-01-22T03:00:00Z,147abc6a,8bab4dff,a6177608,0.0
2025-01-22T03:03:00Z,147abc6a,8bab4dff,a6177608,0.0
2025-01-22T03:06:00Z,147abc6a,8bab4dff,a6177608,0.0
2025-01-22T03:09:00Z,147abc6a,8bab4dff,a6177608,0.0
2025-01-22T03:12:00Z,147abc6a,8bab4dff,a6177608,0.0
2025-01-22T03:15:00Z,147abc6a,8bab4dff,a6177608,0.0
2025-01-22T03:18:00Z,147abc6a,8bab4dff,a6177608,0.0
2025-01-22T03:21:00Z,147abc6a,8bab4dff,a6177608,0.0
2025-01-22T03:24:00Z,147abc6a,8bab4dff,a6177608,0.0
2025-01-22T03:27:00Z,147abc6a,8bab4dff,a6177608,0.0
2025-01-22T03:30:00Z,147abc6a,8bab4dff,a6177608,0.0
2025-01-22T03:33:00Z,147abc6a,8bab4dff,a6177608,0.0
2025-01-22T03:36:00Z,147abc6a,8bab4dff,a6177608,0.0
2025-01-22T03:39:00Z,147abc6a,8bab4dff,a6177608,0.0
2025-01-22T03:42:00Z,147abc6a,8bab4dff,a6177608,0.0
2025-01-22T03:45:00Z,147abc6a,8bab4dff,a6177608,0.0
2025-01-22T03:48:00Z,147abc6a,8bab4dff,a6177608,0.0
2025-01-22T03:51:00Z,147abc6a,8bab4dff,a6177608,0.0
2025-01-22T03:54:00Z,147abc6a,8bab4dff,a6177608,0.0
2025-01-22T03:57:00Z,147abc6a,8bab4dff,a6177608,0.0
2025-01-22T04:00:00Z,147abc6a,8bab4dff,a6177608,0.0
2025-01-22T04:03:00Z,147abc6a,8bab4dff,a6177608,0.0
2025-01-22T04:06:00Z,147abc6a,8bab4dff,a6177608,0.0
2025-01-22T04:09:00Z,147abc6a,8bab4dff,a6177608,0.0
2025-01-22T04:12:00Z,147abc6a,8bab4dff,a6177608,0.0
2025-01-22T04:15:00Z,147abc6a,8bab4dff,a6177608,0.0
2025-01-22T04:18:00Z,147abc6a,8bab4dff,a6177608,0.0
2025-01-22T04:21:00Z,147abc6a,8bab4dff,a6177608,0.0
2025-01-22T04:24:00Z,147abc6a,8bab4dff,a6177608,0.0
2025-01-22T04:27:00Z,147abc6a,8bab4dff,a6177608,0.0
2025-01-22T04:30:00Z,147abc6a,8bab4dff,a6177608,0.0
2025-01-22T04:33:00Z,147abc6a,8bab4dff,a6177608,0.0
2025-01-22T04:36:00Z,147abc6a,8bab4dff,a6177608,0.0
2025-01-22T04:39:00Z,147abc6a,8bab4dff,a6177608,0.0
2025-01-22T04:42:00Z,147abc6a,8bab4dff,a6177608,0.0
2025-01-22T04:45:00Z,147abc6a,8bab4dff,a6177608,0.0
2025-01-22T04:48:00Z,147abc6a,8bab4dff,a6177608,0.0
2025-01-22T04:51:00Z,147abc6a,8bab4dff,a6177608,0.0
2025-01-22T04:54:00Z,147abc6a,8bab4dff,a6177608,0.0
2025-01-22T04:57:00Z,147abc6a,8bab4dff,a6177608,0.0
2025-01-22T05:00:00Z,147abc6a,8bab4dff,a6177608,0.0
2025-01-22T05:03:00Z,147abc6a,8bab4dff,a6177608,0.0
2025-01-22T05:06:00Z,147abc6a,8bab4dff,a6177608,0.0
2025-01-22T05:09:00Z,147abc6a,8bab4dff,a6177608,0.0
2025-01-22T05:12:00Z,147abc6a,8bab4dff,a6177608,0.0
2025-01-22T05:15:00Z,147abc6a,8bab4dff,a6177608,0.0
2025-01-22T05:18:00Z,147abc6a,8bab4dff,a6177608,0.0
2025-01-22T05:21:00Z,147abc6a,8bab4dff,a6177608,0.0
2025-01-22T05:24:00Z,147abc6a,8bab4dff,a6177608,0.0
2025-01-22T05:27:00Z,147abc6a,8bab4dff,a6177608,0.0
2025-01-22T05:30:00Z,147abc6a,8bab4dff,a6177608,0.0
2025-01-22T05:33:00Z,147abc6a,8bab4dff,a6177608,0.0
2025-01-22T05:36:00Z,147abc6a,8bab4dff,a6177608,0.0
2025-01-22T05:39:00Z,147abc6a,8bab4dff,a6177608,0.01
2025-01-22T05:42:00Z,147abc6a,8bab4dff,a6177608,0.0
2025-01-22T05:45:00Z,147abc6a,8bab4dff,a6177608,0.0
2025-01-22T05:48:00Z,147abc6a,8bab4dff,a6177608,0.0
2025-01-22T05:51:00Z,147abc6a,8bab4dff,a6177608,0.0
2025-01-22T05:54:00Z,147abc6a,8bab4dff,a6177608,0.0
2025-01-22T05:57:00Z,147abc6a,8bab4dff,a6177608,0.0
2025-01-22T06:00:00Z,147abc6a,8bab4dff,a6177608,0.0
2025-01-22T06:03:00Z,147abc6a,8bab4dff,a6177608,0.0
2025-01-22T06:06:00Z,147abc6a,8bab4dff,a6177608,0.0
2025-01-22T06:09:00Z,147abc6a,8bab4dff,a6177608,0.0
2025-01-22T06:12:00Z,147abc6a,8bab4dff,a6177608,0.0
2025-01-22T06:15:00Z,147abc6a,8bab4dff,a6177608,0.0
2025-01-22T06:18:00Z,147abc6a,8bab4dff,a6177608,0.0
2025-01-22T06:21:00Z,147abc6a,8bab4dff,a6177608,0.0
2025-01-22T06:24:00Z,147abc6a,8bab4dff,a6177608,0.0
2025-01-22T06:27:00Z,147abc6a,8bab4dff,a6177608,0.0
2025-01-22T06:30:00Z,147abc6a,8bab4dff,a6177608,0.0
2025-01-22T06:33:00Z,147abc6a,8bab4dff,a6177608,0.0
2025-01-22T06:36:00Z,147abc6a,8bab4dff,a6177608,0.0
2025-01-22T06:39:00Z,147abc6a,8bab4dff,a6177608,0.0
2025-01-22T06:42:00Z,147abc6a,8bab4dff,a6177608,0.0
2025-01-22T06:45:00Z,147abc6a,8bab4dff,a6177608,0.0
2025-01-22T06:48:00Z,147abc6a,8bab4dff,a6177608,0.0
2025-01-22T06:51:00Z,147abc6a,8bab4dff,a6177608,0.02
2025-01-22T06:54:00Z,147abc6a,8bab4dff,a6177608,0.0
2025-01-22T06:57:00Z,147abc6a,8bab4dff,a6177608,0.0
2025-01-22T07:00:00Z,147abc6a,8bab4dff,a6177608,0.0
2025-01-22T07:03:00Z,147abc6a,8bab4dff,a6177608,0.0
2025-01-22T07:06:00Z,147abc6a,8bab4dff,a6177608,0.0
2025-01-22T07:09:00Z,147abc6a,8bab4dff,a6177608,0.0
2025-01-22T07:12:00Z,147abc6a,8bab4dff,a6177608,0.0
2025-01-22T07:15:00Z,147abc6a,8bab4dff,a6177608,0.0
2025-01-22T07:18:00Z,147abc6a,8bab4dff,a6177608,0.0
2025-01-22T07:21:00Z,147abc6a,8bab4dff,a6177608,0.0
2025-01-22T07:24:00Z,147abc6a,8bab4dff,a6177608,0.0
2025-01-22T07:27:00Z,147abc6a,8bab4dff,a6177608,0.0
2025-01-22T07:30:00Z,147abc6a,8bab4dff,a6177608,0.0
2025-01-22T07:33:00Z,147abc6a,8bab4dff,a6177608,0.0
2025-01-22T07:36:00Z,147abc6a,8bab4dff,a6177608,0.0
2025-01-22T07:39:00Z,147abc6a,8bab4dff,a6177608,0.0
2025-01-22T07:42:00Z,147abc6a,8bab4dff,a6177608,0.0
2025-01-22T07:45:00Z,147abc6a,8bab4dff,a6177608,0.0
2025-01-22T07:48:00Z,147abc6a,8bab4dff,a6177608,0.0
2025-01-22T07:51:00Z,147abc6a,8bab4dff,a6177608,0.0
2025-01-22T07:54:00Z,147abc6a,8bab4dff,a6177608,0.0
2025-01-22T07:57:00Z,147abc6a,8bab4dff,a6177608,0.0
2025-01-22T08:00:00Z,147abc6a,8bab4dff,a6177608,0.0
2025-01-22T08:03:00Z,147abc6a,8bab4dff,a6177608,0.0
2025-01-22T08:06:00Z,147abc6a,8bab4dff,a6177608,0.0
2025-01-22T08:09:00Z,147abc6a,8bab4dff,a6177608,0.0
2025-01-22T08:12:00Z,147abc6a,8bab4dff,a6177608,0.0
2025-01-22T08:15:00Z,147abc6a,8bab4dff,a6177608,0.0
2025-01-22T08:18:00Z,147abc6a,8bab4dff,a6177608,0.0
2025-01-22T08:21:00Z,147abc6a,8bab4dff,a6177608,0.0
2025-01-22T08:24:00Z,147abc6a,8bab4dff,a6177608,0.0
2025-01-22T08:27:00Z,147abc6a,8bab4dff,a6177608,0.0
2025-01-22T08:30:00Z,147abc6a,8bab4dff,a6177608,0.0
2025-01-22T08:33:00Z,147abc6a,8bab4dff,a6177608,0.0
2025-01-22T08:36:00Z,147abc6a,8bab4dff,a6177608,0.0
2025-01-22T08:39:00Z,147abc6a,8bab4dff,a6177608,0.0
2025-01-22T08:42:00Z,147abc6a,8bab4dff,a6177608,0.0
2025-01-22T08:45:00Z,147abc6a,8bab4dff,a6177608,0.0
2025-01-22T08:48:00Z,147abc6a,8bab4dff,a6177608,0.0
2025-01-22T08:51:00Z,147abc6a,8bab4dff,a6177608,0.0
2025-01-22T08:54:00Z,147abc6a,8bab4dff,a6177608,0.0
2025-01-22T08:57:00Z,147abc6a,8bab4dff,a6177608,0.0
2025-01-22T09:00:00Z,147abc6a,8bab4dff,a6177608,0.0
2025-01-22T09:03:00Z,147abc6a,8bab4dff,a6177608,0.0
2025-01-22T09:06:00Z,147abc6a,8bab4dff,a6177608,0.0
2025-01-22T09:09:00Z,147abc6a,8bab4dff,a6177608,0.0
2025-01-22T09:12:00Z,147abc6a,8bab4dff,a6177608,0.0
2025-01-22T09:15:00Z,147abc6a,8bab4dff,a6177608,0.0
2025-01-22T09:18:00Z,147abc6a,8bab4dff,a6177608,0.0
2025-01-22T09:21:00Z,147abc6a,8bab4dff,a6177608,0.0
2025-01-22T09:24:00Z,147abc6a,8bab4dff,a6177608,0.0
2025-01-22T09:27:00Z,147abc6a,8bab4dff,a6177608,0.0
2025-01-22T09:30:00Z,147abc6a,8bab4dff,a6177608,0.09
2025-01-22T09:33:00Z,147abc6a,8bab4dff,a6177608,0.0
2025-01-22T09:36:00Z,147abc6a,8bab4dff,a6177608,0.0
2025-01-22T09:39:00Z,147abc6a,8bab4dff,a6177608,0.0
2025-01-22T09:42:00Z,147abc6a,8bab4dff,a6177608,0.0
2025-01-22T09:45:00Z,147abc6a,8bab4dff,a6177608,0.0
2025-01-22T09:48:00Z,147abc6a,8bab4dff,a6177608,0.0
2025-01-22T09:51:00Z,147abc6a,8bab4dff,a6177608,0.0
2025-01-22T09:54:00Z,147abc6a,8bab4dff,a6177608,0.0
2025-01-22T09:57:00Z,147abc6a,8bab4dff,a6177608,0.0
2025-01-22T10:00:00Z,147abc6a,8bab4dff,a6177608,0.0
2025-01-22T10:03:00Z,147abc6a,8bab4dff,a6177608,0.0
2025-01-22T10:06:00Z,147abc6a,8bab4dff,a6177608,0.0
2025-01-22T10:09:00Z,147abc6a,8bab4dff,a6177608,0.0
2025-01-22T10:12:00Z,147abc6a,8bab4dff,a6177608,0.0
2025-01-22T10:15:00Z,147abc6a,8bab4dff,a6177608,0.0
2025-01-22T10:18:00Z,147abc6a,8bab4dff,a6177608,0.0
2025-01-22T10:21:00Z,147abc6a,8bab4dff,a6177608,0.0
2025-01-22T10:24:00Z,147abc6a,8bab4dff,a6177608,0.0
2025-01-22T10:27:00Z,147abc6a,8bab4dff,a6177608,0.0
2025-01-22T10:30:00Z,147abc6a,8bab4dff,a6177608,0.0
2025-01-22T10:33:00Z,147abc6a,8bab4dff,a6177608,0.0
2025-01-22T10:36:00Z,147abc6a,8bab4dff,a6177608,0.0
2025-01-22T10:39:00Z,147abc6a,8bab4dff,a6177608,0.0
2025-01-22T10:42:00Z,147abc6a,8bab4dff,a6177608,0.0
2025-01-22T10:45:00Z,147abc6a,8bab4dff,a6177608,0.0
2025-01-22T10:48:00Z,147abc6a,8bab4dff,a6177608,0.0
2025-01-22T10:51:00Z,147abc6a,8bab4dff,a6177608,0.0
2025-01-22T10:54:00Z,147abc6a,8bab4dff,a6177608,0.0
2025-01-22T10:57:00Z,147abc6a,8bab4dff,a6177608,0.0
2025-01-22T11:00:00Z,147abc6a,8bab4dff,a6177608,0.0
2025-01-22T11:03:00Z,147abc6a,8bab4dff,a6177608,0.0
2025-01-22T11:06:00Z,147abc6a,8bab4dff,a6177608,0.0
2025-01-22T11:09:00Z,147abc6a,8bab4dff,a6177608,0.0
2025-01-22T11:12:00Z,147abc6a,8bab4dff,a6177608,0.0
2025-01-22T11:15:00Z,147abc6a,8bab4dff,a6177608,0.0
2025-01-22T11:18:00Z,147abc6a,8bab4dff,a6177608,0.0
2025-01-22T11:21:00Z,147abc6a,8bab4dff,a6177608,0.0
2025-01-22T11:24:00Z,147abc6a,8bab4dff,a6177608,0.0
2025-01-22T11:27:00Z,147abc6a,8bab4dff,a6177608,0.0
2025-01-22T11:30:00Z,147abc6a,8bab4dff,a6177608,0.0
2025-01-22T11:33:00Z,147abc6a,8bab4dff,a6177608,0.0
2025-01-22T11:36:00Z,147abc6a,8bab4dff,a6177608,0.0
2025-01-22T11:39:00Z,147abc6a,8bab4dff,a6177608,0.0
2025-01-22T11:42:00Z,147abc6a,8bab4dff,a6177608,0.0
2025-01-22T11:45:00Z,147abc6a,8bab4dff,a6177608,0.0
2025-01-22T11:48:00Z,147abc6a,8bab4dff,a6177608,0.0
2025-01-22T11:51:00Z,147abc6a,8bab4dff,a6177608,0.0
2025-01-22T11:54:00Z,147abc6a,8bab4dff,a6177608,0.0
2025-01-22T11:57:00Z,147abc6a,8bab4dff,a6177608,0.0
2025-01-22T12:00:00Z,147abc6a,8bab4dff,a6177608,0.0
2025-01-22T12:03:00Z,147abc6a,8bab4dff,a6177608,0.0
2025-01-22T12:06:00Z,147abc6a,8bab4dff,a6177608,0.0
2025-01-22T12:09:00Z,147abc6a,8bab4dff,a6177608,0.0
2025-01-22T12:12:00Z,147abc6a,8bab4dff,a6177608,0.0
2025-01-22T12:15:00Z,147abc6a,8bab4dff,a6177608,0.0
2025-01-22T12:18:00Z,147abc6a,8bab4dff,a6177608,0.0
2025-01-22T12:21:00Z,147abc6a,8bab4dff,a6177608,0.0
2025-01-22T12:24:00Z,147abc6a,8bab4dff,a6177608,0.0
2025-01-22T12:27:00Z,147abc6a,8bab4dff,a6177608,0.0
2025-01-22T12:30:00Z,147abc6a,8bab4dff,a6177608,0.0
2025-01-22T12:33:00Z,147abc6a,8bab4dff,a6177608,0.0
2025-01-22T12:36:00Z,147abc6a,8bab4dff,a6177608,0.0
2025-01-22T12:39:00Z,147abc6a,8bab4dff,a6177608,0.0
2025-01-22T12:42:00Z,147abc6a,8bab4dff,a6177608,0.0
2025-01-22T12:45:00Z,147abc6a,8bab4dff,a6177608,0.0
2025-01-22T12:48:00Z,147abc6a,8bab4dff,a6177608,0.0
2025-01-22T12:51:00Z,147abc6a,8bab4dff,a6177608,0.0
2025-01-22T12:54:00Z,147abc6a,8bab4dff,a6177608,0.0
2025-01-22T12:57:00Z,147abc6a,8bab4dff,a6177608,0.0
2025-01-22T13:00:00Z,147abc6a,8bab4dff,a6177608,0.0
2025-01-22T13:03:00Z,147abc6a,8bab4dff,a6177608,0.0
2025-01-22T13:06:00Z,147abc6a,8bab4dff,a6177608,0.0
2025-01-22T13:09:00Z,147abc6a,8bab4dff,a6177608,0.0
2025-01-22T13:12:00Z,147abc6a,8bab4dff,a6177608,0.0
2025-01-22T13:15:00Z,147abc6a,8bab4dff,a6177608,0.0
2025-01-22T13:18:00Z,147abc6a,8bab4dff,a6177608,0.0
2025-01-22T13:21:00Z,147abc6a,8bab4dff,a6177608,0.0
2025-01-22T13:24:00Z,147abc6a,8bab4dff,a6177608,0.0
2025-01-22T13:27:00Z,147abc6a,8bab4dff,a6177608,0.0
2025-01-22T13:30:00Z,147abc6a,8bab4dff,a6177608,0.0
2025-01-22T13:33:00Z,147abc6a,8bab4dff,a6177608,0.0
2025-01-22T13:36:00Z,147abc6a,8bab4dff,a6177608,0.0
2025-01-22T13:39:00Z,147abc6a,8bab4dff,a6177608,0.0
2025-01-22T13:42:00Z,147abc6a,8bab4dff,a6177608,0.0
2025-01-22T13:45:00Z,147abc6a,8bab4dff,a6177608,0.0
2025-01-22T13:48:00Z,147abc6a,8bab4dff,a6177608,0.0
2025-01-22T13:51:00Z,147abc6a,8bab4dff,a6177608,0.0
2025-01-22T13:54:00Z,147abc6a,8bab4dff,a6177608,0.0
2025-01-22T13:57:00Z,147abc6a,8bab4dff,a6177608,0.0
2025-01-22T14:00:00Z,147abc6a,8bab4dff,a6177608,0.0
2025-01-22T14:03:00Z,147abc6a,8bab4dff,a6177608,0.0
2025-01-22T14:06:00Z,147abc6a,8bab4dff,a6177608,0.0
2025-01-22T14:09:00Z,147abc6a,8bab4dff,a6177608,0.0
2025-01-22T14:12:00Z,147abc6a,8bab4dff,a6177608,0.0
2025-01-22T14:15:00Z,147abc6a,8bab4dff,a6177608,0.0
2025-01-22T14:18:00Z,147abc6a,8bab4dff,a6177608,0.0
2025-01-22T14:21:00Z,147abc6a,8bab4dff,a6177608,0.0
2025-01-22T14:24:00Z,147abc6a,8bab4dff,a6177608,0.0
2025-01-22T14:27:00Z,147abc6a,8bab4dff,a6177608,0.0
2025-01-22T14:30:00Z,147abc6a,8bab4dff,a6177608,0.0
2025-01-22T14:33:00Z,147abc6a,8bab4dff,a6177608,0.0
2025-01-22T14:36:00Z,147abc6a,8bab4dff,a6177608,0.0
2025-01-22T14:39:00Z,147abc6a,8bab4dff,a6177608,0.0
2025-01-22T14:42:00Z,147abc6a,8bab4dff,a6177608,0.0
2025-01-22T14:45:00Z,147abc6a,8bab4dff,a6177608,0.0
2025-01-22T14:48:00Z,147abc6a,8bab4dff,a6177608,0.0
2025-01-22T14:51:00Z,147abc6a,8bab4dff,a6177608,0.0
2025-01-22T14:54:00Z,147abc6a,8bab4dff,a6177608,0.0
2025-01-22T14:57:00Z,147abc6a,8bab4dff,a6177608,0.0
2025-01-22T15:00:00Z,147abc6a,8bab4dff,a6177608,0.0
2025-01-22T15:03:00Z,147abc6a,8bab4dff,a6177608,0.0
2025-01-22T15:06:00Z,147abc6a,8bab4dff,a6177608,0.0
2025-01-22T15:09:00Z,147abc6a,8bab4dff,a6177608,0.0
2025-01-22T15:12:00Z,147abc6a,8bab4dff,a6177608,0.0
2025-01-22T15:15:00Z,147abc6a,8bab4dff,a6177608,0.0
2025-01-22T15:18:00Z,147abc6a,8bab4dff,a6177608,0.0
2025-01-22T15:21:00Z,147abc6a,8bab4dff,a6177608,0.0
2025-01-22T15:24:00Z,147abc6a,8bab4dff,a6177608,0.0
2025-01-22T15:27:00Z,147abc6a,8bab4dff,a6177608,0.0
2025-01-22T15:30:00Z,147abc6a,8bab4dff,a6177608,0.0
2025-01-22T15:33:00Z,147abc6a,8bab4dff,a6177608,0.0
2025-01-22T15:36:00Z,147abc6a,8bab4dff,a6177608,0.0
2025-01-22T15:39:00Z,147abc6a,8bab4dff,a6177608,0.0
2025-01-22T15:42:00Z,147abc6a,8bab4dff,a6177608,0.0
2025-01-22T15:45:00Z,147abc6a,8bab4dff,a6177608,0.0
2025-01-22T15:48:00Z,147abc6a,8bab4dff,a6177608,0.0
2025-01-22T15:51:00Z,147abc6a,8bab4dff,a6177608,0.0
2025-01-22T15:54:00Z,147abc6a,8bab4dff,a6177608,0.0
2025-01-22T15:57:00Z,147abc6a,8bab4dff,a6177608,0.0
2025-01-22T16:00:00Z,147abc6a,8bab4dff,a6177608,0.0
2025-01-22T16:03:00Z,147abc6a,8bab4dff,a6177608,0.0
2025-01-22T16:06:00Z,147abc6a,8bab4dff,a6177608,0.0
2025-01-22T16:09:00Z,147abc6a,8bab4dff,a6177608,0.0
2025-01-22T16:12:00Z,147abc6a,8bab4dff,a6177608,0.0
2025-01-22T16:15:00Z,147abc6a,8bab4dff,a6177608,0.0
2025-01-22T16:18:00Z,147abc6a,8bab4dff,a6177608,0.0
2025-01-22T16:21:00Z,147abc6a,8bab4dff,a6177608,0.0
2025-01-22T16:24:00Z,147abc6a,8bab4dff,a6177608,0.0
2025-01-22T16:27:00Z,147abc6a,8bab4dff,a6177608,0.0
2025-01-22T16:30:00Z,147abc6a,8bab4dff,a6177608,0.0
2025-01-22T16:33:00Z,147abc6a,8bab4dff,a6177608,0.0
2025-01-22T16:36:00Z,147abc6a,8bab4dff,a6177608,0.0
2025-01-22T16:39:00Z,147abc6a,8bab4dff,a6177608,0.0
2025-01-22T16:42:00Z,147abc6a,8bab4dff,a6177608,0.0
2025-01-22T16:45:00Z,147abc6a,8bab4dff,a6177608,0.0
2025-01-22T16:48:00Z,147abc6a,8bab4dff,a6177608,0.0
2025-01-22T16:51:00Z,147abc6a,8bab4dff,a6177608,0.0
2025-01-22T16:54:00Z,147abc6a,8bab4dff,a6177608,0.0
2025-01-22T16:57:00Z,147abc6a,8bab4dff,a6177608,0.0
2025-01-22T17:00:00Z,147abc6a,8bab4dff,a6177608,0.0
2025-01-22T17:03:00Z,147abc6a,8bab4dff,a6177608,0.0
2025-01-22T17:06:00Z,147abc6a,8bab4dff,a6177608,0.0
2025-01-22T17:09:00Z,147abc6a,8bab4dff,a6177608,0.0
2025-01-22T17:12:00Z,147abc6a,8bab4dff,a6177608,0.0
2025-01-22T17:15:00Z,147abc6a,8bab4dff,a6177608,0.0
2025-01-22T17:18:00Z,147abc6a,8bab4dff,a6177608,0.0
2025-01-22T17:21:00Z,147abc6a,8bab4dff,a6177608,0.0
2025-01-22T17:24:00Z,147abc6a,8bab4dff,a6177608,0.0
2025-01-22T17:27:00Z,147abc6a,8bab4dff,a6177608,0.0
2025-01-22T17:30:00Z,147abc6a,8bab4dff,a6177608,0.0
2025-01-22T17:33:00Z,147abc6a,8bab4dff,a6177608,0.0
2025-01-22T17:36:00Z,147abc6a,8bab4dff,a6177608,0.0
2025-01-22T17:39:00Z,147abc6a,8bab4dff,a6177608,0.0
2025-01-22T17:42:00Z,147abc6a,8bab4dff,a6177608,0.0
2025-01-22T17:45:00Z,147abc6a,8bab4dff,a6177608,0.0
2025-01-22T17:48:00Z,147abc6a,8bab4dff,a6177608,0.0
2025-01-22T17:51:00Z,147abc6a,8bab4dff,a6177608,0.0
2025-01-22T17:54:00Z,147abc6a,8bab4dff,a6177608,0.0
2025-01-22T17:57:00Z,147abc6a,8bab4dff,a6177608,0.0
2025-01-22T18:00:00Z,147abc6a,8bab4dff,a6177608,0.0
2025-01-22T18:03:00Z,147abc6a,8bab4dff,a6177608,0.0
2025-01-22T18:06:00Z,147abc6a,8bab4dff,a6177608,0.0
2025-01-22T18:09:00Z,147abc6a,8bab4dff,a6177608,0.0
2025-01-22T18:12:00Z,147abc6a,8bab4dff,a6177608,0.0
2025-01-22T18:15:00Z,147abc6a,8bab4dff,a6177608,0.0
2025-01-22T18:18:00Z,147abc6a,8bab4dff,a6177608,0.0
2025-01-22T18:21:00Z,147abc6a,8bab4dff,a6177608,0.0
2025-01-22T18:24:00Z,147abc6a,8bab4dff,a6177608,0.0
2025-01-22T18:27:00Z,147abc6a,8bab4dff,a6177608,0.0
2025-01-22T18:30:00Z,147abc6a,8bab4dff,a6177608,0.0
2025-01-22T18:33:00Z,147abc6a,8bab4dff,a6177608,0.0
2025-01-22T18:36:00Z,147abc6a,8bab4dff,a6177608,0.0
2025-01-22T18:39:00Z,147abc6a,8bab4dff,a6177608,0.0
2025-01-22T18:42:00Z,147abc6a,8bab4dff,a6177608,0.0
2025-01-22T18:45:00Z,147abc6a,8bab4dff,a6177608,0.0
2025-01-22T18:48:00Z,147abc6a,8bab4dff,a6177608,0.0
2025-01-22T18:51:00Z,147abc6a,8bab4dff,a6177608,0.0
2025-01-22T18:54:00Z,147abc6a,8bab4dff,a6177608,0.0
2025-01-22T18:57:00Z,147abc6a,8bab4dff,a6177608,0.0
2025-01-22T19:00:00Z,147abc6a,8bab4dff,a6177608,0.0
2025-01-22T19:03:00Z,147abc6a,8bab4dff,a6177608,0.0
2025-01-22T19:06:00Z,147abc6a,8bab4dff,a6177608,0.0
2025-01-22T19:09:00Z,147abc6a,8bab4dff,a6177608,0.0
2025-01-22T19:12:00Z,147abc6a,8bab4dff,a6177608,0.0
2025-01-22T19:15:00Z,147abc6a,8bab4dff,a6177608,0.0
2025-01-22T19:18:00Z,147abc6a,8bab4dff,a6177608,0.0
2025-01-22T19:21:00Z,147abc6a,8bab4dff,a6177608,0.0
2025-01-22T19:24:00Z,147abc6a,8bab4dff,a6177608,0.0
2025-01-22T19:27:00Z,147abc6a,8bab4dff,a6177608,0.0
2025-01-22T19:30:00Z,147abc6a,8bab4dff,a6177608,0.0
2025-01-22T19:33:00Z,147abc6a,8bab4dff,a6177608,0.0
2025-01-22T19:36:00Z,147abc6a,8bab4dff,a6177608,0.0
2025-01-22T19:39:00Z,147abc6a,8bab4dff,a6177608,0.0
2025-01-22T19:42:00Z,147abc6a,8bab4dff,a6177608,0.0
2025-01-22T19:45:00Z,147abc6a,8bab4dff,a6177608,0.0
2025-01-22T19:48:00Z,147abc6a,8bab4dff,a6177608,0.0
2025-01-22T19:51:00Z,147abc6a,8bab4dff,a6177608,0.0
2025-01-22T19:54:00Z,147abc6a,8bab4dff,a6177608,0.0
2025-01-22T19:57:00Z,147abc6a,8bab4dff,a6177608,0.0
2025-01-22T20:00:00Z,147abc6a,8bab4dff,a6177608,0.0
2025-01-22T20:03:00Z,147abc6a,8bab4dff,a6177608,0.0
2025-01-22T20:06:00Z,147abc6a,8bab4dff,a6177608,0.0
2025-01-22T20:09:00Z,147abc6a,8bab4dff,a6177608,0.0
2025-01-22T20:12:00Z,147abc6a,8bab4dff,a6177608,0.0
2025-01-22T20:15:00Z,147abc6a,8bab4dff,a6177608,0.0
2025-01-22T20:18:00Z,147abc6a,8bab4dff,a6177608,0.0
2025-01-22T20:21:00Z,147abc6a,8bab4dff,a6177608,0.0
2025-01-22T20:24:00Z,147abc6a,8bab4dff,a6177608,0.0
2025-01-22T20:27:00Z,147abc6a,8bab4dff,a6177608,0.0
2025-01-22T20:30:00Z,147abc6a,8bab4dff,a6177608,0.0
2025-01-22T20:33:00Z,147abc6a,8bab4dff,a6177608,0.0
2025-01-22T20:36:00Z,147abc6a,8bab4dff,a6177608,0.0
2025-01-22T20:39:00Z,147abc6a,8bab4dff,a6177608,0.0
2025-01-22T20:42:00Z,147abc6a,8bab4dff,a6177608,0.0
2025-01-22T20:45:00Z,147abc6a,8bab4dff,a6177608,0.0
2025-01-22T20:48:00Z,147abc6a,8bab4dff,a6177608,0.0
2025-01-22T20:51:00Z,147abc6a,8bab4dff,a6177608,0.0
2025-01-22T20:54:00Z,147abc6a,8bab4dff,a6177608,0.0
2025-01-22T20:57:00Z,147abc6a,8bab4dff,a6177608,0.0
2025-01-22T21:00:00Z,147abc6a,8bab4dff,a6177608,0.0
2025-01-22T21:03:00Z,147abc6a,8bab4dff,a6177608,0.0
2025-01-22T21:06:00Z,147abc6a,8bab4dff,a6177608,0.0
2025-01-22T21:09:00Z,147abc6a,8bab4dff,a6177608,0.0
2025-01-22T21:12:00Z,147abc6a,8bab4dff,a6177608,0.0
2025-01-22T21:15:00Z,147abc6a,8bab4dff,a6177608,0.0
2025-01-22T21:18:00Z,147abc6a,8bab4dff,a6177608,0.0
2025-01-22T21:21:00Z,147abc6a,8bab4dff,a6177608,0.0
2025-01-22T21:24:00Z,147abc6a,8bab4dff,a6177608,0.0
2025-01-22T21:27:00Z,147abc6a,8bab4dff,a6177608,0.0
2025-01-22T21:30:00Z,147abc6a,8bab4dff,a6177608,0.0
2025-01-22T21:33:00Z,147abc6a,8bab4dff,a6177608,0.0
2025-01-22T21:36:00Z,147abc6a,8bab4dff,a6177608,0.0
2025-01-22T21:39:00Z,147abc6a,8bab4dff,a6177608,0.0
2025-01-22T21:42:00Z,147abc6a,8bab4dff,a6177608,0.0
2025-01-22T21:45:00Z,147abc6a,8bab4dff,a6177608,0.0
2025-01-22T21:48:00Z,147abc6a,8bab4dff,a6177608,0.0
2025-01-22T21:51:00Z,147abc6a,8bab4dff,a6177608,0.0
2025-01-22T21:54:00Z,147abc6a,8bab4dff,a6177608,0.0
2025-01-22T21:57:00Z,147abc6a,8bab4dff,a6177608,0.0
2025-01-22T22:00:00Z,147abc6a,8bab4dff,a6177608,0.0
2025-01-22T22:03:00Z,147abc6a,8bab4dff,a6177608,0.0
2025-01-22T22:06:00Z,147abc6a,8bab4dff,a6177608,0.0
2025-01-22T22:09:00Z,147abc6a,8bab4dff,a6177608,0.0
2025-01-22T22:12:00Z,147abc6a,8bab4dff,a6177608,0.0
2025-01-22T22:15:00Z,147abc6a,8bab4dff,a6177608,0.0
2025-01-22T22:18:00Z,147abc6a,8bab4dff,a6177608,0.0
2025-01-22T22:21:00Z,147abc6a,8bab4dff,a6177608,0.0
2025-01-22T22:24:00Z,147abc6a,8bab4dff,a6177608,0.0
2025-01-22T22:27:00Z,147abc6a,8bab4dff,a6177608,0.0
2025-01-22T22:30:00Z,147abc6a,8bab4dff,a6177608,0.0
2025-01-22T22:33:00Z,147abc6a,8bab4dff,a6177608,0.0
2025-01-22T22:36:00Z,147abc6a,8bab4dff,a6177608,0.0
2025-01-22T22:39:00Z,147abc6a,8bab4dff,a6177608,0.0
2025-01-22T22:42:00Z,147abc6a,8bab4dff,a6177608,0.0
2025-01-22T22:45:00Z,147abc6a,8bab4dff,a6177608,0.0
2025-01-22T22:48:00Z,147abc6a,8bab4dff,a6177608,0.0
2025-01-22T22:51:00Z,147abc6a,8bab4dff,a6177608,0.01
2025-01-22T22:54:00Z,147abc6a,8bab4dff,a6177608,0.0
2025-01-22T22:57:00Z,147abc6a,8bab4dff,a6177608,0.0
2025-01-22T23:00:00Z,147abc6a,8bab4dff,a6177608,0.0
2025-01-22T23:03:00Z,147abc6a,8bab4dff,a6177608,0.0
2025-01-22T23:06:00Z,147abc6a,8bab4dff,a6177608,0.0
2025-01-22T23:09:00Z,147abc6a,8bab4dff,a6177608,0.0
2025-01-22T23:12:00Z,147abc6a,8bab4dff,a6177608,0.0
2025-01-22T23:15:00Z,147abc6a,8bab4dff,a6177608,0.0
2025-01-22T23:18:00Z,147abc6a,8bab4dff,a6177608,0.0
2025-01-22T23:21:00Z,147abc6a,8bab4dff,a6177608,0.0
2025-01-22T23:24:00Z,147abc6a,8bab4dff,a6177608,0.0
2025-01-22T23:27:00Z,147abc6a,8bab4dff,a6177608,0.0
2025-01-22T23:30:00Z,147abc6a,8bab4dff,a6177608,0.0
2025-01-22T23:33:00Z,147abc6a,8bab4dff,a6177608,0.0
2025-01-22T23:36:00Z,147abc6a,8bab4dff,a6177608,0.0
2025-01-22T23:39:00Z,147abc6a,8bab4dff,a6177608,0.0
2025-01-22T23:42:00Z,147abc6a,8bab4dff,a6177608,0.0
2025-01-22T23:45:00Z,147abc6a,8bab4dff,a6177608,0.0
2025-01-22T23:48:00Z,147abc6a,8bab4dff,a6177608,0.0
2025-01-22T23:51:00Z,147abc6a,8bab4dff,a6177608,0.0
2025-01-22T23:54:00Z,147abc6a,8bab4dff,a6177608,0.0
2025-01-22T23:57:00Z,147abc6a,8bab4dff,a6177608,0.0
2025-01-23T00:00:00Z,147abc6a,8bab4dff,a6177608,0.0
2025-01-23T00:03:00Z,147abc6a,8bab4dff,a6177608,0.0
2025-01-23T00:06:00Z,147abc6a,8bab4dff,a6177608,0.0
2025-01-23T00:09:00Z,147abc6a,8bab4dff,a6177608,0.0
2025-01-23T00:12:00Z,147abc6a,8bab4dff,a6177608,0.0
2025-01-23T00:15:00Z,147abc6a,8bab4dff,a6177608,0.0
2025-01-23T00:18:00Z,147abc6a,8bab4dff,a6177608,0.0
2025-01-23T00:21:00Z,147abc6a,8bab4dff,a6177608,0.0
2025-01-23T00:24:00Z,147abc6a,8bab4dff,a6177608,0.0
2025-01-23T00:27:00Z,147abc6a,8bab4dff,a6177608,0.0
2025-01-23T00:30:00Z,147abc6a,8bab4dff,a6177608,0.0
2025-01-23T00:33:00Z,147abc6a,8bab4dff,a6177608,0.0
2025-01-23T00:36:00Z,147abc6a,8bab4dff,a6177608,0.0
2025-01-23T00:39:00Z,147abc6a,8bab4dff,a6177608,0.0
2025-01-23T00:42:00Z,147abc6a,8bab4dff,a6177608,0.0
2025-01-23T00:45:00Z,147abc6a,8bab4dff,a6177608,0.0
2025-01-23T00:48:00Z,147abc6a,8bab4dff,a6177608,0.0
2025-01-23T00:51:00Z,147abc6a,8bab4dff,a6177608,0.0
2025-01-23T00:54:00Z,147abc6a,8bab4dff,a6177608,0.0
2025-01-23T00:57:00Z,147abc6a,8bab4dff,a6177608,0.0
2025-01-23T01:00:00Z,147abc6a,8bab4dff,a6177608,0.0
2025-01-23T01:03:00Z,147abc6a,8bab4dff,a6177608,0.0
2025-01-23T01:06:00Z,147abc6a,8bab4dff,a6177608,0.0
2025-01-23T01:09:00Z,147abc6a,8bab4dff,a6177608,0.0
2025-01-23T01:12:00Z,147abc6a,8bab4dff,a6177608,0.0
2025-01-23T01:15:00Z,147abc6a,8bab4dff,a6177608,0.0
2025-01-23T01:18:00Z,147abc6a,8bab4dff,a6177608,0.0
2025-01-23T01:21:00Z,147abc6a,8bab4dff,a6177608,0.0
2025-01-23T01:24:00Z,147abc6a,8bab4dff,a6177608,0.0
2025-01-23T01:27:00Z,147abc6a,8bab4dff,a6177608,0.0
2025-01-23T01:30:00Z,147abc6a,8bab4dff,a6177608,0.0
2025-01-23T01:33:00Z,147abc6a,8bab4dff,a6177608,0.0
2025-01-23T01:36:00Z,147abc6a,8bab4dff,a6177608,0.0
2025-01-23T01:39:00Z,147abc6a,8bab4dff,a6177608,0.0
2025-01-23T01:42:00Z,147abc6a,8bab4dff,a6177608,0.0
2025-01-23T01:45:00Z,147abc6a,8bab4dff,a6177608,0.0
2025-01-23T01:48:00Z,147abc6a,8bab4dff,a6177608,0.0
2025-01-23T01:51:00Z,147abc6a,8bab4dff,a6177608,0.0
2025-01-23T01:54:00Z,147abc6a,8bab4dff,a6177608,0.0
2025-01-23T01:57:00Z,147abc6a,8bab4dff,a6177608,0.0
2025-01-23T02:00:00Z,147abc6a,8bab4dff,a6177608,0.0
2025-01-23T02:03:00Z,147abc6a,8bab4dff,a6177608,0.0
2025-01-23T02:06:00Z,147abc6a,8bab4dff,a6177608,0.0
2025-01-23T02:09:00Z,147abc6a,8bab4dff,a6177608,0.0
2025-01-23T02:12:00Z,147abc6a,8bab4dff,a6177608,0.0
2025-01-23T02:15:00Z,147abc6a,8bab4dff,a6177608,0.0
2025-01-23T02:18:00Z,147abc6a,8bab4dff,a6177608,0.0
2025-01-23T02:21:00Z,147abc6a,8bab4dff,a6177608,0.0
2025-01-23T02:24:00Z,147abc6a,8bab4dff,a6177608,0.0
2025-01-23T02:27:00Z,147abc6a,8bab4dff,a6177608,0.0
2025-01-23T02:30:00Z,147abc6a,8bab4dff,a6177608,0.0
2025-01-23T02:33:00Z,147abc6a,8bab4dff,a6177608,0.0
2025-01-23T02:36:00Z,147abc6a,8bab4dff,a6177608,0.0
2025-01-23T02:39:00Z,147abc6a,8bab4dff,a6177608,0.0
2025-01-23T02:42:00Z,147abc6a,8bab4dff,a6177608,0.0
2025-01-23T02:45:00Z,147abc6a,8bab4dff,a6177608,0.0
2025-01-23T02:48:00Z,147abc6a,8bab4dff,a6177608,0.0
2025-01-23T02:51:00Z,147abc6a,8bab4dff,a6177608,0.0
2025-01-23T02:54:00Z,147abc6a,8bab4dff,a6177608,0.0
2025-01-23T02:57:00Z,147abc6a,8bab4dff,a6177608,0.0
2025-01-23T03:00:00Z,147abc6a,8bab4dff,a6177608,0.0
2025-01-23T03:03:00Z,147abc6a,8bab4dff,a6177608,0.0
2025-01-23T03:06:00Z,147abc6a,8bab4dff,a6177608,0.0
2025-01-23T03:09:00Z,147abc6a,8bab4dff,a6177608,0.0
2025-01-23T03:12:00Z,147abc6a,8bab4dff,a6177608,0.0
2025-01-23T03:15:00Z,147abc6a,8bab4dff,a6177608,0.0
2025-01-23T03:18:00Z,147abc6a,8bab4dff,a6177608,0.0
2025-01-23T03:21:00Z,147abc6a,8bab4dff,a6177608,0.0
2025-01-23T03:24:00Z,147abc6a,8bab4dff,a6177608,0.0
2025-01-23T03:27:00Z,147abc6a,8bab4dff,a6177608,0.0
2025-01-23T03:30:00Z,147abc6a,8bab4dff,a6177608,0.0
2025-01-23T03:33:00Z,147abc6a,8bab4dff,a6177608,0.0
2025-01-23T03:36:00Z,147abc6a,8bab4dff,a6177608,0.0
2025-01-23T03:39:00Z,147abc6a,8bab4dff,a6177608,0.0
2025-01-23T03:42:00Z,147abc6a,8bab4dff,a6177608,0.0
2025-01-23T03:45:00Z,147abc6a,8bab4dff,a6177608,0.0
2025-01-23T03:48:00Z,147abc6a,8bab4dff,a6177608,0.0
2025-01-23T03:51:00Z,147abc6a,8bab4dff,a6177608,0.0
2025-01-23T03:54:00Z,147abc6a,8bab4dff,a6177608,0.0
2025-01-23T03:57:00Z,147abc6a,8bab4dff,a6177608,0.0
2025-01-23T04:00:00Z,147abc6a,8bab4dff,a6177608,0.0
2025-01-23T04:03:00Z,147abc6a,8bab4dff,a6177608,0.0
2025-01-23T04:06:00Z,147abc6a,8bab4dff,a6177608,0.0
2025-01-23T04:09:00Z,147abc6a,8bab4dff,a6177608,0.0
2025-01-23T04:12:00Z,147abc6a,8bab4dff,a6177608,0.0
2025-01-23T04:15:00Z,147abc6a,8bab4dff,a6177608,0.0
2025-01-23T04:18:00Z,147abc6a,8bab4dff,a6177608,0.0
2025-01-23T04:21:00Z,147abc6a,8bab4dff,a6177608,0.0
2025-01-23T04:24:00Z,147abc6a,8bab4dff,a6177608,0.0
2025-01-23T04:27:00Z,147abc6a,8bab4dff,a6177608,0.0
2025-01-23T04:30:00Z,147abc6a,8bab4dff,a6177608,0.0
2025-01-23T04:33:00Z,147abc6a,8bab4dff,a6177608,0.0
2025-01-23T04:36:00Z,147abc6a,8bab4dff,a6177608,0.0
2025-01-23T04:39:00Z,147abc6a,8bab4dff,a6177608,0.0
2025-01-23T04:42:00Z,147abc6a,8bab4dff,a6177608,0.0
2025-01-23T04:45:00Z,147abc6a,8bab4dff,a6177608,0.0
2025-01-23T04:48:00Z,147abc6a,8bab4dff,a6177608,0.0
2025-01-23T04:51:00Z,147abc6a,8bab4dff,a6177608,0.0
2025-01-23T04:54:00Z,147abc6a,8bab4dff,a6177608,0.0
2025-01-23T04:57:00Z,147abc6a,8bab4dff,a6177608,0.0
2025-01-23T05:00:00Z,147abc6a,8bab4dff,a6177608,0.0
2025-01-23T05:03:00Z,147abc6a,8bab4dff,a6177608,0.0
2025-01-23T05:06:00Z,147abc6a,8bab4dff,a6177608,0.0
2025-01-23T05:09:00Z,147abc6a,8bab4dff,a6177608,0.0
2025-01-23T05:12:00Z,147abc6a,8bab4dff,a6177608,0.0
2025-01-23T05:15:00Z,147abc6a,8bab4dff,a6177608,0.0
2025-01-23T05:18:00Z,147abc6a,8bab4dff,a6177608,0.0
2025-01-23T05:21:00Z,147abc6a,8bab4dff,a6177608,0.0
2025-01-23T05:24:00Z,147abc6a,8bab4dff,a6177608,0.0
2025-01-23T05:27:00Z,147abc6a,8bab4dff,a6177608,0.0
2025-01-23T05:30:00Z,147abc6a,8bab4dff,a6177608,0.0
2025-01-23T05:33:00Z,147abc6a,8bab4dff,a6177608,0.0
2025-01-23T05:36:00Z,147abc6a,8bab4dff,a6177608,0.0
2025-01-23T05:39:00Z,147abc6a,8bab4dff,a6177608,0.0
2025-01-23T05:42:00Z,147abc6a,8bab4dff,a6177608,0.0
2025-01-23T05:45:00Z,147abc6a,8bab4dff,a6177608,0.0
2025-01-23T05:48:00Z,147abc6a,8bab4dff,a6177608,0.0
2025-01-23T05:51:00Z,147abc6a,8bab4dff,a6177608,0.0
2025-01-23T05:54:00Z,147abc6a,8bab4dff,a6177608,0.0
2025-01-23T05:57:00Z,147abc6a,8bab4dff,a6177608,0.0
2025-01-23T06:00:00Z,147abc6a,8bab4dff,a6177608,0.0
2025-01-23T06:03:00Z,147abc6a,8bab4dff,a6177608,0.0
2025-01-23T06:06:00Z,147abc6a,8bab4dff,a6177608,0.0
2025-01-23T06:09:00Z,147abc6a,8bab4dff,a6177608,0.0
2025-01-23T06:12:00Z,147abc6a,8bab4dff,a6177608,0.0
2025-01-23T06:15:00Z,147abc6a,8bab4dff,a6177608,0.0
2025-01-23T06:18:00Z,147abc6a,8bab4dff,a6177608,0.0
2025-01-23T06:21:00Z,147abc6a,8bab4dff,a6177608,0.1
2025-01-23T06:24:00Z,147abc6a,8bab4dff,a6177608,0.0
2025-01-23T06:27:00Z,147abc6a,8bab4dff,a6177608,0.0
2025-01-23T06:30:00Z,147abc6a,8bab4dff,a6177608,0.0
2025-01-23T06:33:00Z,147abc6a,8bab4dff,a6177608,0.0
2025-01-23T06:36:00Z,147abc6a,8bab4dff,a6177608,0.0
2025-01-23T06:39:00Z,147abc6a,8bab4dff,a6177608,0.0
2025-01-23T06:42:00Z,147abc6a,8bab4dff,a6177608,0.0
2025-01-23T06:45:00Z,147abc6a,8bab4dff,a6177608,0.0
2025-01-23T06:48:00Z,147abc6a,8bab4dff,a6177608,0.0
2025-01-23T06:51:00Z,147abc6a,8bab4dff,a6177608,0.0
2025-01-23T06:54:00Z,147abc6a,8bab4dff,a6177608,0.0
2025-01-23T06:57:00Z,147abc6a,8bab4dff,a6177608,0.0
2025-01-23T07:00:00Z,147abc6a,8bab4dff,a6177608,0.0
2025-01-23T07:03:00Z,147abc6a,8bab4dff,a6177608,0.0
2025-01-23T07:06:00Z,147abc6a,8bab4dff,a6177608,0.0
2025-01-23T07:09:00Z,147abc6a,8bab4dff,a6177608,0.0
2025-01-23T07:12:00Z,147abc6a,8bab4dff,a6177608,0.0
2025-01-23T07:15:00Z,147abc6a,8bab4dff,a6177608,0.0
2025-01-23T07:18:00Z,147abc6a,8bab4dff,a6177608,0.0
2025-01-23T07:21:00Z,147abc6a,8bab4dff,a6177608,0.0
2025-01-23T07:24:00Z,147abc6a,8bab4dff,a6177608,0.0
2025-01-23T07:27:00Z,147abc6a,8bab4dff,a6177608,0.0
2025-01-23T07:30:00Z,147abc6a,8bab4dff,a6177608,0.0
2025-01-23T07:33:00Z,147abc6a,8bab4dff,a6177608,0.0
2025-01-23T07:36:00Z,147abc6a,8bab4dff,a6177608,0.0
2025-01-23T07:39:00Z,147abc6a,8bab4dff,a6177608,0.0
2025-01-23T07:42:00Z,147abc6a,8bab4dff,a6177608,0.0
2025-01-23T07:45:00Z,147abc6a,8bab4dff,a6177608,0.0
2025-01-23T07:48:00Z,147abc6a,8bab4dff,a6177608,0.0
2025-01-23T07:51:00Z,147abc6a,8bab4dff,a6177608,0.0
2025-01-23T07:54:00Z,147abc6a,8bab4dff,a6177608,0.0
2025-01-23T07:57:00Z,147abc6a,8bab4dff,a6177608,0.0
2025-01-23T08:00:00Z,147abc6a,8bab4dff,a6177608,0.0
2025-01-23T08:03:00Z,147abc6a,8bab4dff,a6177608,0.0
2025-01-23T08:06:00Z,147abc6a,8bab4dff,a6177608,0.0
2025-01-23T08:09:00Z,147abc6a,8bab4dff,a6177608,0.0
2025-01-23T08:12:00Z,147abc6a,8bab4dff,a6177608,0.0
2025-01-23T08:15:00Z,147abc6a,8bab4dff,a6177608,0.0
2025-01-23T08:18:00Z,147abc6a,8bab4dff,a6177608,0.0
2025-01-23T08:21:00Z,147abc6a,8bab4dff,a6177608,0.0
2025-01-23T08:24:00Z,147abc6a,8bab4dff,a6177608,0.0
2025-01-23T08:27:00Z,147abc6a,8bab4dff,a6177608,0.0
2025-01-23T08:30:00Z,147abc6a,8bab4dff,a6177608,0.0
2025-01-23T08:33:00Z,147abc6a,8bab4dff,a6177608,0.0
2025-01-23T08:36:00Z,147abc6a,8bab4dff,a6177608,0.0
2025-01-23T08:39:00Z,147abc6a,8bab4dff,a6177608,0.0
2025-01-23T08:42:00Z,147abc6a,8bab4dff,a6177608,0.0
2025-01-23T08:45:00Z,147abc6a,8bab4dff,a6177608,0.0
2025-01-23T08:48:00Z,147abc6a,8bab4dff,a6177608,0.0
2025-01-23T08:51:00Z,147abc6a,8bab4dff,a6177608,0.0
2025-01-23T08:54:00Z,147abc6a,8bab4dff,a6177608,0.0
2025-01-23T08:57:00Z,147abc6a,8bab4dff,a6177608,0.0
2025-01-23T09:00:00Z,147abc6a,8bab4dff,a6177608,0.0
2025-01-23T09:03:00Z,147abc6a,8bab4dff,a6177608,0.0
2025-01-23T09:06:00Z,147abc6a,8bab4dff,a6177608,0.0
2025-01-23T09:09:00Z,147abc6a,8bab4dff,a6177608,0.0
2025-01-23T09:12:00Z,147abc6a,8bab4dff,a6177608,0.0
2025-01-23T09:15:00Z,147abc6a,8bab4dff,a6177608,0.0
2025-01-23T09:18:00Z,147abc6a,8bab4dff,a6177608,0.0
2025-01-23T09:21:00Z,147abc6a,8bab4dff,a6177608,0.0
2025-01-23T09:24:00Z,147abc6a,8bab4dff,a6177608,0.0
2025-01-23T09:27:00Z,147abc6a,8bab4dff,a6177608,0.0
2025-01-23T09:30:00Z,147abc6a,8bab4dff,a6177608,0.0
2025-01-23T09:33:00Z,147abc6a,8bab4dff,a6177608,0.0
2025-01-23T09:36:00Z,147abc6a,8bab4dff,a6177608,0.0
2025-01-23T09:39:00Z,147abc6a,8bab4dff,a6177608,0.0
2025-01-23T09:42:00Z,147abc6a,8bab4dff,a6177608,0.0
2025-01-23T09:45:00Z,147abc6a,8bab4dff,a6177608,0.0
2025-01-23T09:48:00Z,147abc6a,8bab4dff,a6177608,0.0
2025-01-23T09:51:00Z,147abc6a,8bab4dff,a6177608,0.0
2025-01-23T09:54:00Z,147abc6a,8bab4dff,a6177608,0.0
2025-01-23T09:57:00Z,147abc6a,8bab4dff,a6177608,0.0
2025-01-23T10:00:00Z,147abc6a,8bab4dff,a6177608,0.0
2025-01-23T10:03:00Z,147abc6a,8bab4dff,a6177608,0.0
2025-01-23T10:06:00Z,147abc6a,8bab4dff,a6177608,0.0
2025-01-23T10:09:00Z,147abc6a,8bab4dff,a6177608,0.0
2025-01-23T10:12:00Z,147abc6a,8bab4dff,a6177608,0.0
2025-01-23T10:15:00Z,147abc6a,8bab4dff,a6177608,0.0
2025-01-23T10:18:00Z,147abc6a,8bab4dff,a6177608,0.0
2025-01-23T10:21:00Z,147abc6a,8bab4dff,a6177608,0.0
2025-01-23T10:24:00Z,147abc6a,8bab4dff,a6177608,0.0
2025-01-23T10:27:00Z,147abc6a,8bab4dff,a6177608,0.0
2025-01-23T10:30:00Z,147abc6a,8bab4dff,a6177608,0.0
2025-01-23T10:33:00Z,147abc6a,8bab4dff,a6177608,0.0
2025-01-23T10:36:00Z,147abc6a,8bab4dff,a6177608,0.0
2025-01-23T10:39:00Z,147abc6a,8bab4dff,a6177608,0.0
2025-01-23T10:42:00Z,147abc6a,8bab4dff,a6177608,0.0
2025-01-23T10:45:00Z,147abc6a,8bab4dff,a6177608,0.0
2025-01-23T10:48:00Z,147abc6a,8bab4dff,a6177608,0.0
2025-01-23T10:51:00Z,147abc6a,8bab4dff,a6177608,0.0
2025-01-23T10:54:00Z,147abc6a,8bab4dff,a6177608,0.0
2025-01-23T10:57:00Z,147abc6a,8bab4dff,a6177608,0.0
2025-01-23T11:00:00Z,147abc6a,8bab4dff,a6177608,0.07
2025-01-23T11:03:00Z,147abc6a,8bab4dff,a6177608,0.0
2025-01-23T11:06:00Z,147abc6a,8bab4dff,a6177608,0.0
2025-01-23T11:09:00Z,147abc6a,8bab4dff,a6177608,0.0
2025-01-23T11:12:00Z,147abc6a,8bab4dff,a6177608,0.0
2025-01-23T11:15:00Z,147abc6a,8bab4dff,a6177608,0.0
2025-01-23T11:18:00Z,147abc6a,8bab4dff,a6177608,0.0
2025-01-23T11:21:00Z,147abc6a,8bab4dff,a6177608,0.0
2025-01-23T11:24:00Z,147abc6a,8bab4dff,a6177608,0.0
2025-01-23T11:27:00Z,147abc6a,8bab4dff,a6177608,0.0
2025-01-23T11:30:00Z,147abc6a,8bab4dff,a6177608,0.0
2025-01-23T11:33:00Z,147abc6a,8bab4dff,a6177608,0.0
2025-01-23T11:36:00Z,147abc6a,8bab4dff,a6177608,0.0
2025-01-23T11:39:00Z,147abc6a,8bab4dff,a6177608,0.0
2025-01-23T11:42:00Z,147abc6a,8bab4dff,a6177608,0.0
2025-01-23T11:45:00Z,147abc6a,8bab4dff,a6177608,0.0
2025-01-23T11:48:00Z,147abc6a,8bab4dff,a6177608,0.0
2025-01-23T11:51:00Z,147abc6a,8bab4dff,a6177608,0.0
2025-01-23T11:54:00Z,147abc6a,8bab4dff,a6177608,0.0
2025-01-23T11:57:00Z,147abc6a,8bab4dff,a6177608,0.0
2025-01-23T12:00:00Z,147abc6a,8bab4dff,a6177608,0.0
2025-01-23T12:03:00Z,147abc6a,8bab4dff,a6177608,0.0
2025-01-23T12:06:00Z,147abc6a,8bab4dff,a6177608,0.0
2025-01-23T12:09:00Z,147abc6a,8bab4dff,a6177608,0.0
2025-01-23T12:12:00Z,147abc6a,8bab4dff,a6177608,0.0
2025-01-23T12:15:00Z,147abc6a,8bab4dff,a6177608,0.0
2025-01-23T12:18:00Z,147abc6a,8bab4dff,a6177608,0.0
2025-01-23T12:21:00Z,147abc6a,8bab4dff,a6177608,0.0
2025-01-23T12:24:00Z,147abc6a,8bab4dff,a6177608,0.0
2025-01-23T12:27:00Z,147abc6a,8bab4dff,a6177608,0.0
2025-01-23T12:30:00Z,147abc6a,8bab4dff,a6177608,0.0
2025-01-23T12:33:00Z,147abc6a,8bab4dff,a6177608,0.0
2025-01-23T12:36:00Z,147abc6a,8bab4dff,a6177608,0.0
2025-01-23T12:39:00Z,147abc6a,8bab4dff,a6177608,0.0
2025-01-23T12:42:00Z,147abc6a,8bab4dff,a6177608,0.0
2025-01-23T12:45:00Z,147abc6a,8bab4dff,a6177608,0.0
2025-01-23T12:48:00Z,147abc6a,8bab4dff,a6177608,0.0
2025-01-23T12:51:00Z,147abc6a,8bab4dff,a6177608,0.0
2025-01-23T12:54:00Z,147abc6a,8bab4dff,a6177608,0.0
2025-01-23T12:57:00Z,147abc6a,8bab4dff,a6177608,0.0
2025-01-23T13:00:00Z,147abc6a,8bab4dff,a6177608,0.0
2025-01-23T13:03:00Z,147abc6a,8bab4dff,a6177608,0.0
2025-01-23T13:06:00Z,147abc6a,8bab4dff,a6177608,0.0
2025-01-23T13:09:00Z,147abc6a,8bab4dff,a6177608,0.0
2025-01-23T13:12:00Z,147abc6a,8bab4dff,a6177608,0.0
2025-01-23T13:15:00Z,147abc6a,8bab4dff,a6177608,0.0
2025-01-23T13:18:00Z,147abc6a,8bab4dff,a6177608,0.0
2025-01-23T13:21:00Z,147abc6a,8bab4dff,a6177608,0.0
2025-01-23T13:24:00Z,147abc6a,8bab4dff,a6177608,0.0
2025-01-23T13:27:00Z,147abc6a,8bab4dff,a6177608,0.0
2025-01-23T13:30:00Z,147abc6a,8bab4dff,a6177608,0.0
2025-01-23T13:33:00Z,147abc6a,8bab4dff,a6177608,0.0
2025-01-23T13:36:00Z,147abc6a,8bab4dff,a6177608,0.0
2025-01-23T13:39:00Z,147abc6a,8bab4dff,a6177608,0.0
2025-01-23T13:42:00Z,147abc6a,8bab4dff,a6177608,0.0
2025-01-23T13:45:00Z,147abc6a,8bab4dff,a6177608,0.0
2025-01-23T13:48:00Z,147abc6a,8bab4dff,a6177608,0.0
2025-01-23T13:51:00Z,147abc6a,8bab4dff,a6177608,0.0
2025-01-23T13:54:00Z,147abc6a,8bab4dff,a6177608,0.0
2025-01-23T13:57:00Z,147abc6a,8bab4dff,a6177608,0.0
2025-01-23T14:00:00Z,147abc6a,8bab4dff,a6177608,0.0
2025-01-23T14:03:00Z,147abc6a,8bab4dff,a6177608,0.0
2025-01-23T14:06:00Z,147abc6a,8bab4dff,a6177608,0.0
2025-01-23T14:09:00Z,147abc6a,8bab4dff,a6177608,0.0
2025-01-23T14:12:00Z,147abc6a,8bab4dff,a6177608,0.0
2025-01-23T14:15:00Z,147abc6a,8bab4dff,a6177608,0.0
2025-01-23T14:18:00Z,147abc6a,8bab4dff,a6177608,0.0
2025-01-23T14:21:00Z,147abc6a,8bab4dff,a6177608,0.0
2025-01-23T14:24:00Z,147abc6a,8bab4dff,a6177608,0.0
2025-01-23T14:27:00Z,147abc6a,8bab4dff,a6177608,0.0
2025-01-23T14:30:00Z,147abc6a,8bab4dff,a6177608,0.0
2025-01-23T14:33:00Z,147abc6a,8bab4dff,a6177608,0.0
2025-01-23T14:36:00Z,147abc6a,8bab4dff,a6177608,0.0
2025-01-23T14:39:00Z,147abc6a,8bab4dff,a6177608,0.0
2025-01-23T14:42:00Z,147abc6a,8bab4dff,a6177608,0.0
2025-01-23T14:45:00Z,147abc6a,8bab4dff,a6177608,0.0
2025-01-23T14:48:00Z,147abc6a,8bab4dff,a6177608,0.0
2025-01-23T14:51:00Z,147abc6a,8bab4dff,a6177608,0.0
2025-01-23T14:54:00Z,147abc6a,8bab4dff,a6177608,0.0
2025-01-23T14:57:00Z,147abc6a,8bab4dff,a6177608,0.0
2025-01-23T15:00:00Z,147abc6a,8bab4dff,a6177608,0.0
2025-01-23T15:03:00Z,147abc6a,8bab4dff,a6177608,0.0
2025-01-23T15:06:00Z,147abc6a,8bab4dff,a6177608,0.0
2025-01-23T15:09:00Z,147abc6a,8bab4dff,a6177608,0.0
2025-01-23T15:12:00Z,147abc6a,8bab4dff,a6177608,0.0
2025-01-23T15:15:00Z,147abc6a,8bab4dff,a6177608,0.0
2025-01-23T15:18:00Z,147abc6a,8bab4dff,a6177608,0.0
2025-01-23T15:21:00Z,147abc6a,8bab4dff,a6177608,0.0
2025-01-23T15:24:00Z,147abc6a,8bab4dff,a6177608,0.0
2025-01-23T15:27:00Z,147abc6a,8bab4dff,a6177608,0.0
2025-01-23T15:30:00Z,147abc6a,8bab4dff,a6177608,0.0
2025-01-23T15:33:00Z,147abc6a,8bab4dff,a6177608,0.0
2025-01-23T15:36:00Z,147abc6a,8bab4dff,a6177608,0.0
2025-01-23T15:39:00Z,147abc6a,8bab4dff,a6177608,0.0
2025-01-23T15:42:00Z,147abc6a,8bab4dff,a6177608,0.0
2025-01-23T15:45:00Z,147abc6a,8bab4dff,a6177608,0.0
2025-01-23T15:48:00Z,147abc6a,8bab4dff,a6177608,0.0
2025-01-23T15:51:00Z,147abc6a,8bab4dff,a6177608,0.0
2025-01-23T15:54:00Z,147abc6a,8bab4dff,a6177608,0.0
2025-01-23T15:57:00Z,147abc6a,8bab4dff,a6177608,0.0
2025-01-23T16:00:00Z,147abc6a,8bab4dff,a6177608,0.0
2025-01-23T16:03:00Z,147abc6a,8bab4dff,a6177608,0.0
2025-01-23T16:06:00Z,147abc6a,8bab4dff,a6177608,0.0
2025-01-23T16:09:00Z,147abc6a,8bab4dff,a6177608,0.0
2025-01-23T16:12:00Z,147abc6a,8bab4dff,a6177608,0.0
2025-01-23T16:15:00Z,147abc6a,8bab4dff,a6177608,0.0
2025-01-23T16:18:00Z,147abc6a,8bab4dff,a6177608,0.0
2025-01-23T16:21:00Z,147abc6a,8bab4dff,a6177608,0.0
2025-01-23T16:24:00Z,147abc6a,8bab4dff,a6177608,0.0
2025-01-23T16:27:00Z,147abc6a,8bab4dff,a6177608,0.0
2025-01-23T16:30:00Z,147abc6a,8bab4dff,a6177608,0.0
2025-01-23T16:33:00Z,147abc6a,8bab4dff,a6177608,0.0
2025-01-23T16:36:00Z,147abc6a,8bab4dff,a6177608,0.0
2025-01-23T16:39:00Z,147abc6a,8bab4dff,a6177608,0.0
2025-01-23T16:42:00Z,147abc6a,8bab4dff,a6177608,0.0
2025-01-23T16:45:00Z,147abc6a,8bab4dff,a6177608,0.0
2025-01-23T16:48:00Z,147abc6a,8bab4dff,a6177608,0.0
2025-01-23T16:51:00Z,147abc6a,8bab4dff,a6177608,0.0
2025-01-23T16:54:00Z,147abc6a,8bab4dff,a6177608,0.0
2025-01-23T16:57:00Z,147abc6a,8bab4dff,a6177608,0.0
2025-01-23T17:00:00Z,147abc6a,8bab4dff,a6177608,0.0
2025-01-23T17:03:00Z,147abc6a,8bab4dff,a6177608,0.0
2025-01-23T17:06:00Z,147abc6a,8bab4dff,a6177608,0.0
2025-01-23T17:09:00Z,147abc6a,8bab4dff,a6177608,0.0
2025-01-23T17:12:00Z,147abc6a,8bab4dff,a6177608,0.0
2025-01-23T17:15:00Z,147abc6a,8bab4dff,a6177608,0.0
2025-01-23T17:18:00Z,147abc6a,8bab4dff,a6177608,0.0
2025-01-23T17:21:00Z,147abc6a,8bab4dff,a6177608,0.0
2025-01-23T17:24:00Z,147abc6a,8bab4dff,a6177608,0.0
2025-01-23T17:27:00Z,147abc6a,8bab4dff,a6177608,0.0
2025-01-23T17:30:00Z,147abc6a,8bab4dff,a6177608,0.0
2025-01-23T17:33:00Z,147abc6a,8bab4dff,a6177608,0.0
2025-01-23T17:36:00Z,147abc6a,8bab4dff,a6177608,0.0
2025-01-23T17:39:00Z,147abc6a,8bab4dff,a6177608,0.0
2025-01-23T17:42:00Z,147abc6a,8bab4dff,a6177608,0.0
2025-01-23T17:45:00Z,147abc6a,8bab4dff,a6177608,0.0
2025-01-23T17:48:00Z,147abc6a,8bab4dff,a6177608,0.0
2025-01-23T17:51:00Z,147abc6a,8bab4dff,a6177608,0.0
2025-01-23T17:54:00Z,147abc6a,8bab4dff,a6177608,0.0
2025-01-23T17:57:00Z,147abc6a,8bab4dff,a6177608,0.0
2025-01-23T18:00:00Z,147abc6a,8bab4dff,a6177608,0.0
2025-01-23T18:03:00Z,147abc6a,8bab4dff,a6177608,0.0
2025-01-23T18:06:00Z,147abc6a,8bab4dff,a6177608,0.0
2025-01-23T18:09:00Z,147abc6a,8bab4dff,a6177608,0.0
2025-01-23T18:12:00Z,147abc6a,8bab4dff,a6177608,0.0
2025-01-23T18:15:00Z,147abc6a,8bab4dff,a6177608,0.0
2025-01-23T18:18:00Z,147abc6a,8bab4dff,a6177608,0.01
2025-01-23T18:21:00Z,147abc6a,8bab4dff,a6177608,0.0
2025-01-23T18:24:00Z,147abc6a,8bab4dff,a6177608,0.0
2025-01-23T18:27:00Z,147abc6a,8bab4dff,a6177608,0.0
2025-01-23T18:30:00Z,147abc6a,8bab4dff,a6177608,0.0
2025-01-23T18:33:00Z,147abc6a,8bab4dff,a6177608,0.0
2025-01-23T18:36:00Z,147abc6a,8bab4dff,a6177608,0.0
2025-01-23T18:39:00Z,147abc6a,8bab4dff,a6177608,0.0
2025-01-23T18:42:00Z,147abc6a,8bab4dff,a6177608,0.0
2025-01-23T18:45:00Z,147abc6a,8bab4dff,a6177608,0.0
2025-01-23T18:48:00Z,147abc6a,8bab4dff,a6177608,0.0
2025-01-23T18:51:00Z,147abc6a,8bab4dff,a6177608,0.0
2025-01-23T18:54:00Z,147abc6a,8bab4dff,a6177608,0.0
2025-01-23T18:57:00Z,147abc6a,8bab4dff,a6177608,0.0
2025-01-23T19:00:00Z,147abc6a,8bab4dff,a6177608,0.0
2025-01-23T19:03:00Z,147abc6a,8bab4dff,a6177608,0.0
2025-01-23T19:06:00Z,147abc6a,8bab4dff,a6177608,0.0
2025-01-23T19:09:00Z,147abc6a,8bab4dff,a6177608,0.0
2025-01-23T19:12:00Z,147abc6a,8bab4dff,a6177608,0.0
2025-01-23T19:15:00Z,147abc6a,8bab4dff,a6177608,0.0
2025-01-23T19:18:00Z,147abc6a,8bab4dff,a6177608,0.0
2025-01-23T19:21:00Z,147abc6a,8bab4dff,a6177608,0.0
2025-01-23T19:24:00Z,147abc6a,8bab4dff,a6177608,0.0
2025-01-23T19:27:00Z,147abc6a,8bab4dff,a6177608,0.0
2025-01-23T19:30:00Z,147abc6a,8bab4dff,a6177608,0.0
2025-01-23T19:33:00Z,147abc6a,8bab4dff,a6177608,0.0
2025-01-23T19:36:00Z,147abc6a,8bab4dff,a6177608,0.0
2025-01-23T19:39:00Z,147abc6a,8bab4dff,a6177608,0.0
2025-01-23T19:42:00Z,147abc6a,8bab4dff,a6177608,0.0
2025-01-23T19:45:00Z,147abc6a,8bab4dff,a6177608,0.0
2025-01-23T19:48:00Z,147abc6a,8bab4dff,a6177608,0.0
2025-01-23T19:51:00Z,147abc6a,8bab4dff,a6177608,0.0
2025-01-23T19:54:00Z,147abc6a,8bab4dff,a6177608,0.0
2025-01-23T19:57:00Z,147abc6a,8bab4dff,a6177608,0.0
2025-01-23T20:00:00Z,147abc6a,8bab4dff,a6177608,0.0
2025-01-23T20:03:00Z,147abc6a,8bab4dff,a6177608,0.0
2025-01-23T20:06:00Z,147abc6a,8bab4dff,a6177608,0.0
2025-01-23T20:09:00Z,147abc6a,8bab4dff,a6177608,0.0
2025-01-23T20:12:00Z,147abc6a,8bab4dff,a6177608,0.0
2025-01-23T20:15:00Z,147abc6a,8bab4dff,a6177608,0.0
2025-01-23T20:18:00Z,147abc6a,8bab4dff,a6177608,0.0
2025-01-23T20:21:00Z,147abc6a,8bab4dff,a6177608,0.0
2025-01-23T20:24:00Z,147abc6a,8bab4dff,a6177608,0.0
2025-01-23T20:27:00Z,147abc6a,8bab4dff,a6177608,0.0
2025-01-23T20:30:00Z,147abc6a,8bab4dff,a6177608,0.0
2025-01-23T20:33:00Z,147abc6a,8bab4dff,a6177608,0.0
2025-01-23T20:36:00Z,147abc6a,8bab4dff,a6177608,0.0
2025-01-23T20:39:00Z,147abc6a,8bab4dff,a6177608,0.0
2025-01-23T20:42:00Z,147abc6a,8bab4dff,a6177608,0.0
2025-01-23T20:45:00Z,147abc6a,8bab4dff,a6177608,0.0
2025-01-23T20:48:00Z,147abc6a,8bab4dff,a6177608,0.0
2025-01-23T20:51:00Z,147abc6a,8bab4dff,a6177608,0.0
2025-01-23T20:54:00Z,147abc6a,8bab4dff,a6177608,0.0
2025-01-23T20:57:00Z,147abc6a,8bab4dff,a6177608,0.0
2025-01-23T21:00:00Z,147abc6a,8bab4dff,a6177608,0.0
2025-01-23T21:03:00Z,147abc6a,8bab4dff,a6177608,0.0
2025-01-23T21:06:00Z,147abc6a,8bab4dff,a6177608,0.0
2025-01-23T21:09:00Z,147abc6a,8bab4dff,a6177608,0.0
2025-01-23T21:12:00Z,147abc6a,8bab4dff,a6177608,0.0
2025-01-23T21:15:00Z,147abc6a,8bab4dff,a6177608,0.0
2025-01-23T21:18:00Z,147abc6a,8bab4dff,a6177608,0.0
2025-01-23T21:21:00Z,147abc6a,8bab4dff,a6177608,0.0
2025-01-23T21:24:00Z,147abc6a,8bab4dff,a6177608,0.0
2025-01-23T21:27:00Z,147abc6a,8bab4dff,a6177608,0.0
2025-01-23T21:30:00Z,147abc6a,8bab4dff,a6177608,0.0
2025-01-23T21:33:00Z,147abc6a,8bab4dff,a6177608,0.0
2025-01-23T21:36:00Z,147abc6a,8bab4dff,a6177608,0.0
2025-01-23T21:39:00Z,147abc6a,8bab4dff,a6177608,0.0
2025-01-23T21:42:00Z,147abc6a,8bab4dff,a6177608,0.0
2025-01-23T21:45:00Z,147abc6a,8bab4dff,a6177608,0.0
2025-01-23T21:48:00Z,147abc6a,8bab4dff,a6177608,0.0
2025-01-23T21:51:00Z,147abc6a,8bab4dff,a6177608,0.0
2025-01-23T21:54:00Z,147abc6a,8bab4dff,a6177608,0.0
2025-01-23T21:57:00Z,147abc6a,8bab4dff,a6177608,0.0
2025-01-23T22:00:00Z,147abc6a,8bab4dff,a6177608,0.0
2025-01-23T22:03:00Z,147abc6a,8bab4dff,a6177608,0.0
2025-01-23T22:06:00Z,147abc6a,8bab4dff,a6177608,0.0
2025-01-23T22:09:00Z,147abc6a,8bab4dff,a6177608,0.0
2025-01-23T22:12:00Z,147abc6a,8bab4dff,a6177608,0.0
2025-01-23T22:15:00Z,147abc6a,8bab4dff,a6177608,0.0
2025-01-23T22:18:00Z,147abc6a,8bab4dff,a6177608,0.0
2025-01-23T22:21:00Z,147abc6a,8bab4dff,a6177608,0.0
2025-01-23T22:24:00Z,147abc6a,8bab4dff,a6177608,0.0
2025-01-23T22:27:00Z,147abc6a,8bab4dff,a6177608,0.0
2025-01-23T22:30:00Z,147abc6a,8bab4dff,a6177608,0.0
2025-01-23T22:33:00Z,147abc6a,8bab4dff,a6177608,0.0
2025-01-23T22:36:00Z,147abc6a,8bab4dff,a6177608,0.0
2025-01-23T22:39:00Z,147abc6a,8bab4dff,a6177608,0.0
2025-01-23T22:42:00Z,147abc6a,8bab4dff,a6177608,0.0
2025-01-23T22:45:00Z,147abc6a,8bab4dff,a6177608,0.0
2025-01-23T22:48:00Z,147abc6a,8bab4dff,a6177608,0.0
2025-01-23T22:51:00Z,147abc6a,8bab4dff,a6177608,0.0
2025-01-23T22:54:00Z,147abc6a,8bab4dff,a6177608,0.0
2025-01-23T22:57:00Z,147abc6a,8bab4dff,a6177608,0.0
2025-01-23T23:00:00Z,147abc6a,8bab4dff,a6177608,0.0
2025-01-23T23:03:00Z,147abc6a,8bab4dff,a6177608,0.0
2025-01-23T23:06:00Z,147abc6a,8bab4dff,a6177608,0.0
2025-01-23T23:09:00Z,147abc6a,8bab4dff,a6177608,0.0
2025-01-23T23:12:00Z,147abc6a,8bab4dff,a6177608,0.0
2025-01-23T23:15:00Z,147abc6a,8bab4dff,a6177608,0.0
2025-01-23T23:18:00Z,147abc6a,8bab4dff,a6177608,0.0
2025-01-23T23:21:00Z,147abc6a,8bab4dff,a6177608,0.0
2025-01-23T23:24:00Z,147abc6a,8bab4dff,a6177608,0.0
2025-01-23T23:27:00Z,147abc6a,8bab4dff,a6177608,0.0
2025-01-23T23:30:00Z,147abc6a,8bab4dff,a6177608,0.0
2025-01-23T23:33:00Z,147abc6a,8bab4dff,a6177608,0.0
2025-01-23T23:36:00Z,147abc6a,8bab4dff,a6177608,0.0
2025-01-23T23:39:00Z,147abc6a,8bab4dff,a6177608,0.0
2025-01-23T23:42:00Z,147abc6a,8bab4dff,a6177608,0.0
2025-01-23T23:45:00Z,147abc6a,8bab4dff,a6177608,0.0
2025-01-23T23:48:00Z,147abc6a,8bab4dff,a6177608,0.0
2025-01-23T23:51:00Z,147abc6a,8bab4dff,a6177608,0.0
2025-01-23T23:54:00Z,147abc6a,8bab4dff,a6177608,0.0
2025-01-23T23:57:00Z,147abc6a,8bab4dff,a6177608,0.0
2025-01-24T00:00:00Z,147abc6a,8bab4dff,a6177608,0.0
2025-01-24T00:03:00Z,147abc6a,8bab4dff,a6177608,0.0
2025-01-24T00:06:00Z,147abc6a,8bab4dff,a6177608,0.0
2025-01-24T00:09:00Z,147abc6a,8bab4dff,a6177608,0.0
2025-01-24T00:12:00Z,147abc6a,8bab4dff,a6177608,0.0
2025-01-24T00:15:00Z,147abc6a,8bab4dff,a6177608,0.0
2025-01-24T00:18:00Z,147abc6a,8bab4dff,a6177608,0.0
2025-01-24T00:21:00Z,147abc6a,8bab4dff,a6177608,0.0
2025-01-24T00:24:00Z,147abc6a,8bab4dff,a6177608,0.0
2025-01-24T00:27:00Z,147abc6a,8bab4dff,a6177608,0.0
2025-01-24T00:30:00Z,147abc6a,8bab4dff,a6177608,0.0
2025-01-24T00:33:00Z,147abc6a,8bab4dff,a6177608,0.0
2025-01-24T00:36:00Z,147abc6a,8bab4dff,a6177608,0.0
2025-01-24T00:39:00Z,147abc6a,8bab4dff,a6177608,0.0
2025-01-24T00:42:00Z,147abc6a,8bab4dff,a6177608,0.0
2025-01-24T00:45:00Z,147abc6a,8bab4dff,a6177608,0.0
2025-01-24T00:48:00Z,147abc6a,8bab4dff,a6177608,0.0
2025-01-24T00:51:00Z,147abc6a,8bab4dff,a6177608,0.0
2025-01-24T00:54:00Z,147abc6a,8bab4dff,a6177608,0.0
2025-01-24T00:57:00Z,147abc6a,8bab4dff,a6177608,0.0
2025-01-24T01:00:00Z,147abc6a,8bab4dff,a6177608,0.0
2025-01-24T01:03:00Z,147abc6a,8bab4dff,a6177608,0.0
2025-01-24T01:06:00Z,147abc6a,8bab4dff,a6177608,0.0
2025-01-24T01:09:00Z,147abc6a,8bab4dff,a6177608,0.0
2025-01-24T01:12:00Z,147abc6a,8bab4dff,a6177608,0.0
2025-01-24T01:15:00Z,147abc6a,8bab4dff,a6177608,0.0
2025-01-24T01:18:00Z,147abc6a,8bab4dff,a6177608,0.0
2025-01-24T01:21:00Z,147abc6a,8bab4dff,a6177608,0.0
2025-01-24T01:24:00Z,147abc6a,8bab4dff,a6177608,0.0
2025-01-24T01:27:00Z,147abc6a,8bab4dff,a6177608,0.0
2025-01-24T01:30:00Z,147abc6a,8bab4dff,a6177608,0.0
2025-01-24T01:33:00Z,147abc6a,8bab4dff,a6177608,0.0
2025-01-24T01:36:00Z,147abc6a,8bab4dff,a6177608,0.0
2025-01-24T01:39:00Z,147abc6a,8bab4dff,a6177608,0.0
2025-01-24T01:42:00Z,147abc6a,8bab4dff,a6177608,0.0
2025-01-24T01:45:00Z,147abc6a,8bab4dff,a6177608,0.0
2025-01-24T01:48:00Z,147abc6a,8bab4dff,a6177608,0.0
2025-01-24T01:51:00Z,147abc6a,8bab4dff,a6177608,0.0
2025-01-24T01:54:00Z,147abc6a,8bab4dff,a6177608,0.0
2025-01-24T01:57:00Z,147abc6a,8bab4dff,a6177608,0.0
2025-01-24T02:00:00Z,147abc6a,8bab4dff,a6177608,0.0
2025-01-24T02:03:00Z,147abc6a,8bab4dff,a6177608,0.0
2025-01-24T02:06:00Z,147abc6a,8bab4dff,a6177608,0.0
2025-01-24T02:09:00Z,147abc6a,8bab4dff,a6177608,0.0
2025-01-24T02:12:00Z,147abc6a,8bab4dff,a6177608,0.0
2025-01-24T02:15:00Z,147abc6a,8bab4dff,a6177608,0.0
2025-01-24T02:18:00Z,147abc6a,8bab4dff,a6177608,0.0
2025-01-24T02:21:00Z,147abc6a,8bab4dff,a6177608,0.0
2025-01-24T02:24:00Z,147abc6a,8bab4dff,a6177608,0.0
2025-01-24T02:27:00Z,147abc6a,8bab4dff,a6177608,0.0
2025-01-24T02:30:00Z,147abc6a,8bab4dff,a6177608,0.0
2025-01-24T02:33:00Z,147abc6a,8bab4dff,a6177608,0.0
2025-01-24T02:36:00Z,147abc6a,8bab4dff,a6177608,0.0
2025-01-24T02:39:00Z,147abc6a,8bab4dff,a6177608,0.0
2025-01-24T02:42:00Z,147abc6a,8bab4dff,a6177608,0.0
2025-01-24T02:45:00Z,147abc6a,8bab4dff,a6177608,0.0
2025-01-24T02:48:00Z,147abc6a,8bab4dff,a6177608,0.0
2025-01-24T02:51:00Z,147abc6a,8bab4dff,a6177608,0.0
2025-01-24T02:54:00Z,147abc6a,8bab4dff,a6177608,0.0
2025-01-24T02:57:00Z,147abc6a,8bab4dff,a6177608,0.0
2025-01-24T03:00:00Z,147abc6a,8bab4dff,a6177608,0.0
2025-01-24T03:03:00Z,147abc6a,8bab4dff,a6177608,0.0
2025-01-24T03:06:00Z,147abc6a,8bab4dff,a6177608,0.0
2025-01-24T03:09:00Z,147abc6a,8bab4dff,a6177608,0.0
2025-01-24T03:12:00Z,147abc6a,8bab4dff,a6177608,0.0
2025-01-24T03:15:00Z,147abc6a,8bab4dff,a6177608,0.0
2025-01-24T03:18:00Z,147abc6a,8bab4dff,a6177608,0.0
2025-01-24T03:21:00Z,147abc6a,8bab4dff,a6177608,0.0
2025-01-24T03:24:00Z,147abc6a,8bab4dff,a6177608,0.0
2025-01-24T03:27:00Z,147abc6a,8bab4dff,a6177608,0.0
2025-01-24T03:30:00Z,147abc6a,8bab4dff,a6177608,0.0
2025-01-24T03:33:00Z,147abc6a,8bab4dff,a6177608,0.0
2025-01-24T03:36:00Z,147abc6a,8bab4dff,a6177608,0.0
2025-01-24T03:39:00Z,147abc6a,8bab4dff,a6177608,0.0
2025-01-24T03:42:00Z,147abc6a,8bab4dff,a6177608,0.0
2025-01-24T03:45:00Z,147abc6a,8bab4dff,a6177608,0.0
2025-01-24T03:48:00Z,147abc6a,8bab4dff,a6177608,0.0
2025-01-24T03:51:00Z,147abc6a,8bab4dff,a6177608,0.0
2025-01-24T03:54:00Z,147abc6a,8bab4dff,a6177608,0.0
2025-01-24T03:57:00Z,147abc6a,8bab4dff,a6177608,0.0
2025-01-24T04:00:00Z,147abc6a,8bab4dff,a6177608,0.0
2025-01-24T04:03:00Z,147abc6a,8bab4dff,a6177608,0.0
2025-01-24T04:06:00Z,147abc6a,8bab4dff,a6177608,0.0
2025-01-24T04:09:00Z,147abc6a,8bab4dff,a6177608,0.0
2025-01-24T04:12:00Z,147abc6a,8bab4dff,a6177608,0.0
2025-01-24T04:15:00Z,147abc6a,8bab4dff,a6177608,0.0
2025-01-24T04:18:00Z,147abc6a,8bab4dff,a6177608,0.0
2025-01-24T04:21:00Z,147abc6a,8bab4dff,a6177608,0.0
2025-01-24T04:24:00Z,147abc6a,8bab4dff,a6177608,0.0
2025-01-24T04:27:00Z,147abc6a,8bab4dff,a6177608,0.0
2025-01-24T04:30:00Z,147abc6a,8bab4dff,a6177608,0.0
2025-01-24T04:33:00Z,147abc6a,8bab4dff,a6177608,0.0
2025-01-24T04:36:00Z,147abc6a,8bab4dff,a6177608,0.0
2025-01-24T04:39:00Z,147abc6a,8bab4dff,a6177608,0.0
2025-01-24T04:42:00Z,147abc6a,8bab4dff,a6177608,0.0
2025-01-24T04:45:00Z,147abc6a,8bab4dff,a6177608,0.0
2025-01-24T04:48:00Z,147abc6a,8bab4dff,a6177608,0.0
2025-01-24T04:51:00Z,147abc6a,8bab4dff,a6177608,0.15
2025-01-24T04:54:00Z,147abc6a,8bab4dff,a6177608,0.0
2025-01-24T04:57:00Z,147abc6a,8bab4dff,a6177608,0.0
2025-01-24T05:00:00Z,147abc6a,8bab4dff,a6177608,0.0
2025-01-24T05:03:00Z,147abc6a,8bab4dff,a6177608,0.0
2025-01-24T05:06:00Z,147abc6a,8bab4dff,a6177608,0.0
2025-01-24T05:09:00Z,147abc6a,8bab4dff,a6177608,0.0
2025-01-24T05:12:00Z,147abc6a,8bab4dff,a6177608,0.0
2025-01-24T05:15:00Z,147abc6a,8bab4dff,a6177608,0.0
2025-01-24T05:18:00Z,147abc6a,8bab4dff,a6177608,0.0
2025-01-24T05:21:00Z,147abc6a,8bab4dff,a6177608,0.0
2025-01-24T05:24:00Z,147abc6a,8bab4dff,a6177608,0.0
2025-01-24T05:27:00Z,147abc6a,8bab4dff,a6177608,0.0
2025-01-24T05:30:00Z,147abc6a,8bab4dff,a6177608,0.0
2025-01-24T05:33:00Z,147abc6a,8bab4dff,a6177608,0.0
2025-01-24T05:36:00Z,147abc6a,8bab4dff,a6177608,0.0
2025-01-24T05:39:00Z,147abc6a,8bab4dff,a6177608,0.0
2025-01-24T05:42:00Z,147abc6a,8bab4dff,a6177608,0.0
2025-01-24T05:45:00Z,147abc6a,8bab4dff,a6177608,0.0
2025-01-24T05:48:00Z,147abc6a,8bab4dff,a6177608,0.0
2025-01-24T05:51:00Z,147abc6a,8bab4dff,a6177608,0.0
2025-01-24T05:54:00Z,147abc6a,8bab4dff,a6177608,0.0
2025-01-24T05:57:00Z,147abc6a,8bab4dff,a6177608,0.0
2025-01-24T06:00:00Z,147abc6a,8bab4dff,a6177608,0.0
2025-01-24T06:03:00Z,147abc6a,8bab4dff,a6177608,0.0
2025-01-24T06:06:00Z,147abc6a,8bab4dff,a6177608,0.0
2025-01-24T06:09:00Z,147abc6a,8bab4dff,a6177608,0.0
2025-01-24T06:12:00Z,147abc6a,8bab4dff,a6177608,0.0
2025-01-24T06:15:00Z,147abc6a,8bab4dff,a6177608,0.0
2025-01-24T06:18:00Z,147abc6a,8bab4dff,a6177608,0.0
2025-01-24T06:21:00Z,147abc6a,8bab4dff,a6177608,0.0
2025-01-24T06:24:00Z,147abc6a,8bab4dff,a6177608,0.0
2025-01-24T06:27:00Z,147abc6a,8bab4dff,a6177608,0.0
2025-01-24T06:30:00Z,147abc6a,8bab4dff,a6177608,0.0
2025-01-24T06:33:00Z,147abc6a,8bab4dff,a6177608,0.0
2025-01-24T06:36:00Z,147abc6a,8bab4dff,a6177608,0.0
2025-01-24T06:39:00Z,147abc6a,8bab4dff,a6177608,0.0
2025-01-24T06:42:00Z,147abc6a,8bab4dff,a6177608,0.04
2025-01-24T06:45:00Z,147abc6a,8bab4dff,a6177608,0.0
2025-01-24T06:48:00Z,147abc6a,8bab4dff,a6177608,0.0
2025-01-24T06:51:00Z,147abc6a,8bab4dff,a6177608,0.0
2025-01-24T06:54:00Z,147abc6a,8bab4dff,a6177608,0.0
2025-01-24T06:57:00Z,147abc6a,8bab4dff,a6177608,0.0
2025-01-24T07:00:00Z,147abc6a,8bab4dff,a6177608,0.0
2025-01-24T07:03:00Z,147abc6a,8bab4dff,a6177608,0.0
2025-01-24T07:06:00Z,147abc6a,8bab4dff,a6177608,0.0
2025-01-24T07:09:00Z,147abc6a,8bab4dff,a6177608,0.0
2025-01-24T07:12:00Z,147abc6a,8bab4dff,a6177608,0.0
2025-01-24T07:15:00Z,147abc6a,8bab4dff,a6177608,0.0
2025-01-24T07:18:00Z,147abc6a,8bab4dff,a6177608,0.0
2025-01-24T07:21:00Z,147abc6a,8bab4dff,a6177608,0.0
2025-01-24T07:24:00Z,147abc6a,8bab4dff,a6177608,0.0
2025-01-24T07:27:00Z,147abc6a,8bab4dff,a6177608,0.0
2025-01-24T07:30:00Z,147abc6a,8bab4dff,a6177608,0.0
2025-01-24T07:33:00Z,147abc6a,8bab4dff,a6177608,0.0
2025-01-24T07:36:00Z,147abc6a,8bab4dff,a6177608,0.0
2025-01-24T07:39:00Z,147abc6a,8bab4dff,a6177608,0.0
2025-01-24T07:42:00Z,147abc6a,8bab4dff,a6177608,0.0
2025-01-24T07:45:00Z,147abc6a,8bab4dff,a6177608,0.0
2025-01-24T07:48:00Z,147abc6a,8bab4dff,a6177608,0.0
2025-01-24T07:51:00Z,147abc6a,8bab4dff,a6177608,0.0
2025-01-24T07:54:00Z,147abc6a,8bab4dff,a6177608,0.0
2025-01-24T07:57:00Z,147abc6a,8bab4dff,a6177608,0.0
2025-01-24T08:00:00Z,147abc6a,8bab4dff,a6177608,0.0
2025-01-24T08:03:00Z,147abc6a,8bab4dff,a6177608,0.0
2025-01-24T08:06:00Z,147abc6a,8bab4dff,a6177608,0.0
2025-01-24T08:09:00Z,147abc6a,8bab4dff,a6177608,0.0
2025-01-24T08:12:00Z,147abc6a,8bab4dff,a6177608,0.0
2025-01-24T08:15:00Z,147abc6a,8bab4dff,a6177608,0.0
2025-01-24T08:18:00Z,147abc6a,8bab4dff,a6177608,0.0
2025-01-24T08:21:00Z,147abc6a,8bab4dff,a6177608,0.0
2025-01-24T08:24:00Z,147abc6a,8bab4dff,a6177608,0.0
2025-01-24T08:27:00Z,147abc6a,8bab4dff,a6177608,0.22
2025-01-24T08:30:00Z,147abc6a,8bab4dff,a6177608,0.05
2025-01-24T08:33:00Z,147abc6a,8bab4dff,a6177608,0.0
2025-01-24T08:36:00Z,147abc6a,8bab4dff,a6177608,0.0
2025-01-24T08:39:00Z,147abc6a,8bab4dff,a6177608,0.0
2025-01-24T08:42:00Z,147abc6a,8bab4dff,a6177608,0.0
2025-01-24T08:45:00Z,147abc6a,8bab4dff,a6177608,0.0
2025-01-24T08:48:00Z,147abc6a,8bab4dff,a6177608,0.0
2025-01-24T08:51:00Z,147abc6a,8bab4dff,a6177608,0.0
2025-01-24T08:54:00Z,147abc6a,8bab4dff,a6177608,0.0
2025-01-24T08:57:00Z,147abc6a,8bab4dff,a6177608,0.0
2025-01-24T09:00:00Z,147abc6a,8bab4dff,a6177608,0.0
2025-01-24T09:03:00Z,147abc6a,8bab4dff,a6177608,0.0
2025-01-24T09:06:00Z,147abc6a,8bab4dff,a6177608,0.0
2025-01-24T09:09:00Z,147abc6a,8bab4dff,a6177608,0.0
2025-01-24T09:12:00Z,147abc6a,8bab4dff,a6177608,0.0
2025-01-24T09:15:00Z,147abc6a,8bab4dff,a6177608,0.0
2025-01-24T09:18:00Z,147abc6a,8bab4dff,a6177608,0.0
2025-01-24T09:21:00Z,147abc6a,8bab4dff,a6177608,0.01
2025-01-24T09:24:00Z,147abc6a,8bab4dff,a6177608,0.01
2025-01-24T09:27:00Z,147abc6a,8bab4dff,a6177608,0.0
2025-01-24T09:30:00Z,147abc6a,8bab4dff,a6177608,0.0
2025-01-24T09:33:00Z,147abc6a,8bab4dff,a6177608,0.0
2025-01-24T09:36:00Z,147abc6a,8bab4dff,a6177608,0.0
2025-01-24T09:39:00Z,147abc6a,8bab4dff,a6177608,0.0
2025-01-24T09:42:00Z,147abc6a,8bab4dff,a6177608,0.0
2025-01-24T09:45:00Z,147abc6a,8bab4dff,a6177608,0.0
2025-01-24T09:48:00Z,147abc6a,8bab4dff,a6177608,0.0
2025-01-24T09:51:00Z,147abc6a,8bab4dff,a6177608,0.0
2025-01-24T09:54:00Z,147abc6a,8bab4dff,a6177608,0.0
2025-01-24T09:57:00Z,147abc6a,8bab4dff,a6177608,0.0
2025-01-24T10:00:00Z,147abc6a,8bab4dff,a6177608,0.0
2025-01-24T10:03:00Z,147abc6a,8bab4dff,a6177608,0.0
2025-01-24T10:06:00Z,147abc6a,8bab4dff,a6177608,0.0
2025-01-24T10:09:00Z,147abc6a,8bab4dff,a6177608,0.0
2025-01-24T10:12:00Z,147abc6a,8bab4dff,a6177608,0.0
2025-01-24T10:15:00Z,147abc6a,8bab4dff,a6177608,0.0
2025-01-24T10:18:00Z,147abc6a,8bab4dff,a6177608,0.0
2025-01-24T10:21:00Z,147abc6a,8bab4dff,a6177608,0.0
2025-01-24T10:24:00Z,147abc6a,8bab4dff,a6177608,0.0
2025-01-24T10:27:00Z,147abc6a,8bab4dff,a6177608,0.0
2025-01-24T10:30:00Z,147abc6a,8bab4dff,a6177608,0.0
2025-01-24T10:33:00Z,147abc6a,8bab4dff,a6177608,0.0
2025-01-24T10:36:00Z,147abc6a,8bab4dff,a6177608,0.0
2025-01-24T10:39:00Z,147abc6a,8bab4dff,a6177608,0.0
2025-01-24T10:42:00Z,147abc6a,8bab4dff,a6177608,0.0
2025-01-24T10:45:00Z,147abc6a,8bab4dff,a6177608,0.0
2025-01-24T10:48:00Z,147abc6a,8bab4dff,a6177608,0.0
2025-01-24T10:51:00Z,147abc6a,8bab4dff,a6177608,0.0
2025-01-24T10:54:00Z,147abc6a,8bab4dff,a6177608,0.0
2025-01-24T10:57:00Z,147abc6a,8bab4dff,a6177608,0.0
2025-01-24T11:00:00Z,147abc6a,8bab4dff,a6177608,0.0
2025-01-24T11:03:00Z,147abc6a,8bab4dff,a6177608,0.0
2025-01-24T11:06:00Z,147abc6a,8bab4dff,a6177608,0.0
2025-01-24T11:09:00Z,147abc6a,8bab4dff,a6177608,0.0
2025-01-24T11:12:00Z,147abc6a,8bab4dff,a6177608,0.0
2025-01-24T11:15:00Z,147abc6a,8bab4dff,a6177608,0.0
2025-01-24T11:18:00Z,147abc6a,8bab4dff,a6177608,0.0
2025-01-24T11:21:00Z,147abc6a,8bab4dff,a6177608,0.0
2025-01-24T11:24:00Z,147abc6a,8bab4dff,a6177608,0.0
2025-01-24T11:27:00Z,147abc6a,8bab4dff,a6177608,0.0
2025-01-24T11:30:00Z,147abc6a,8bab4dff,a6177608,0.0
2025-01-24T11:33:00Z,147abc6a,8bab4dff,a6177608,0.0
2025-01-24T11:36:00Z,147abc6a,8bab4dff,a6177608,0.0
2025-01-24T11:39:00Z,147abc6a,8bab4dff,a6177608,0.0
2025-01-24T11:42:00Z,147abc6a,8bab4dff,a6177608,0.0
2025-01-24T11:45:00Z,147abc6a,8bab4dff,a6177608,0.0
2025-01-24T11:48:00Z,147abc6a,8bab4dff,a6177608,0.0
2025-01-24T11:51:00Z,147abc6a,8bab4dff,a6177608,0.0
2025-01-24T11:54:00Z,147abc6a,8bab4dff,a6177608,0.0
2025-01-24T11:57:00Z,147abc6a,8bab4dff,a6177608,0.0
2025-01-24T12:00:00Z,147abc6a,8bab4dff,a6177608,0.0
2025-01-24T12:03:00Z,147abc6a,8bab4dff,a6177608,0.0
2025-01-24T12:06:00Z,147abc6a,8bab4dff,a6177608,0.0
2025-01-24T12:09:00Z,147abc6a,8bab4dff,a6177608,0.0
2025-01-24T12:12:00Z,147abc6a,8bab4dff,a6177608,0.0
2025-01-24T12:15:00Z,147abc6a,8bab4dff,a6177608,0.0
2025-01-24T12:18:00Z,147abc6a,8bab4dff,a6177608,0.0
2025-01-24T12:21:00Z,147abc6a,8bab4dff,a6177608,0.0
2025-01-24T12:24:00Z,147abc6a,8bab4dff,a6177608,0.0
2025-01-24T12:27:00Z,147abc6a,8bab4dff,a6177608,0.0
2025-01-24T12:30:00Z,147abc6a,8bab4dff,a6177608,0.0
2025-01-24T12:33:00Z,147abc6a,8bab4dff,a6177608,0.0
2025-01-24T12:36:00Z,147abc6a,8bab4dff,a6177608,0.0
2025-01-24T12:39:00Z,147abc6a,8bab4dff,a6177608,0.0
2025-01-24T12:42:00Z,147abc6a,8bab4dff,a6177608,0.0
2025-01-24T12:45:00Z,147abc6a,8bab4dff,a6177608,0.0
2025-01-24T12:48:00Z,147abc6a,8bab4dff,a6177608,0.0
2025-01-24T12:51:00Z,147abc6a,8bab4dff,a6177608,0.0
2025-01-24T12:54:00Z,147abc6a,8bab4dff,a6177608,0.0
2025-01-24T12:57:00Z,147abc6a,8bab4dff,a6177608,0.0
2025-01-24T13:00:00Z,147abc6a,8bab4dff,a6177608,0.0
2025-01-24T13:03:00Z,147abc6a,8bab4dff,a6177608,0.0
2025-01-24T13:06:00Z,147abc6a,8bab4dff,a6177608,0.0
2025-01-24T13:09:00Z,147abc6a,8bab4dff,a6177608,0.0
2025-01-24T13:12:00Z,147abc6a,8bab4dff,a6177608,0.0
2025-01-24T13:15:00Z,147abc6a,8bab4dff,a6177608,0.0
2025-01-24T13:18:00Z,147abc6a,8bab4dff,a6177608,0.0
2025-01-24T13:21:00Z,147abc6a,8bab4dff,a6177608,0.0
2025-01-24T13:24:00Z,147abc6a,8bab4dff,a6177608,0.0
2025-01-24T13:27:00Z,147abc6a,8bab4dff,a6177608,0.0
2025-01-24T13:30:00Z,147abc6a,8bab4dff,a6177608,0.0
2025-01-24T13:33:00Z,147abc6a,8bab4dff,a6177608,0.0
2025-01-24T13:36:00Z,147abc6a,8bab4dff,a6177608,0.0
2025-01-24T13:39:00Z,147abc6a,8bab4dff,a6177608,0.0
2025-01-24T13:42:00Z,147abc6a,8bab4dff,a6177608,0.0
2025-01-24T13:45:00Z,147abc6a,8bab4dff,a6177608,0.0
2025-01-24T13:48:00Z,147abc6a,8bab4dff,a6177608,0.0
2025-01-24T13:51:00Z,147abc6a,8bab4dff,a6177608,0.0
2025-01-24T13:54:00Z,147abc6a,8bab4dff,a6177608,0.0
2025-01-24T13:57:00Z,147abc6a,8bab4dff,a6177608,0.0
2025-01-24T14:00:00Z,147abc6a,8bab4dff,a6177608,0.0
2025-01-24T14:03:00Z,147abc6a,8bab4dff,a6177608,0.0
2025-01-24T14:06:00Z,147abc6a,8bab4dff,a6177608,0.0
2025-01-24T14:09:00Z,147abc6a,8bab4dff,a6177608,0.0
2025-01-24T14:12:00Z,147abc6a,8bab4dff,a6177608,0.0
2025-01-24T14:15:00Z,147abc6a,8bab4dff,a6177608,0.0
2025-01-24T14:18:00Z,147abc6a,8bab4dff,a6177608,0.0
2025-01-24T14:21:00Z,147abc6a,8bab4dff,a6177608,0.0
2025-01-24T14:24:00Z,147abc6a,8bab4dff,a6177608,0.0
2025-01-24T14:27:00Z,147abc6a,8bab4dff,a6177608,0.0
2025-01-24T14:30:00Z,147abc6a,8bab4dff,a6177608,0.0
2025-01-24T14:33:00Z,147abc6a,8bab4dff,a6177608,0.0
2025-01-24T14:36:00Z,147abc6a,8bab4dff,a6177608,0.0
2025-01-24T14:39:00Z,147abc6a,8bab4dff,a6177608,0.0
2025-01-24T14:42:00Z,147abc6a,8bab4dff,a6177608,0.0
2025-01-24T14:45:00Z,147abc6a,8bab4dff,a6177608,0.0
2025-01-24T14:48:00Z,147abc6a,8bab4dff,a6177608,0.0
2025-01-24T14:51:00Z,147abc6a,8bab4dff,a6177608,0.0
2025-01-24T14:54:00Z,147abc6a,8bab4dff,a6177608,0.0
2025-01-24T14:57:00Z,147abc6a,8bab4dff,a6177608,0.0
2025-01-24T15:00:00Z,147abc6a,8bab4dff,a6177608,0.0
2025-01-24T15:03:00Z,147abc6a,8bab4dff,a6177608,0.0
2025-01-24T15:06:00Z,147abc6a,8bab4dff,a6177608,0.0
2025-01-24T15:09:00Z,147abc6a,8bab4dff,a6177608,0.0
2025-01-24T15:12:00Z,147abc6a,8bab4dff,a6177608,0.0
2025-01-24T15:15:00Z,147abc6a,8bab4dff,a6177608,0.0
2025-01-24T15:18:00Z,147abc6a,8bab4dff,a6177608,0.0
2025-01-24T15:21:00Z,147abc6a,8bab4dff,a6177608,0.0
2025-01-24T15:24:00Z,147abc6a,8bab4dff,a6177608,0.0
2025-01-24T15:27:00Z,147abc6a,8bab4dff,a6177608,0.0
2025-01-24T15:30:00Z,147abc6a,8bab4dff,a6177608,0.0
2025-01-24T15:33:00Z,147abc6a,8bab4dff,a6177608,0.0
2025-01-24T15:36:00Z,147abc6a,8bab4dff,a6177608,0.0
2025-01-24T15:39:00Z,147abc6a,8bab4dff,a6177608,0.0
2025-01-24T15:42:00Z,147abc6a,8bab4dff,a6177608,0.0
2025-01-24T15:45:00Z,147abc6a,8bab4dff,a6177608,0.0
2025-01-24T15:48:00Z,147abc6a,8bab4dff,a6177608,0.0
2025-01-24T15:51:00Z,147abc6a,8bab4dff,a6177608,0.0
2025-01-24T15:54:00Z,147abc6a,8bab4dff,a6177608,0.0
2025-01-24T15:57:00Z,147abc6a,8bab4dff,a6177608,0.0
2025-01-24T16:00:00Z,147abc6a,8bab4dff,a6177608,0.0
2025-01-24T16:03:00Z,147abc6a,8bab4dff,a6177608,0.0
2025-01-24T16:06:00Z,147abc6a,8bab4dff,a6177608,0.0
2025-01-24T16:09:00Z,147abc6a,8bab4dff,a6177608,0.0
2025-01-24T16:12:00Z,147abc6a,8bab4dff,a6177608,0.0
2025-01-24T16:15:00Z,147abc6a,8bab4dff,a6177608,0.0
2025-01-24T16:18:00Z,147abc6a,8bab4dff,a6177608,0.0
2025-01-24T16:21:00Z,147abc6a,8bab4dff,a6177608,0.0
2025-01-24T16:24:00Z,147abc6a,8bab4dff,a6177608,0.0
2025-01-24T16:27:00Z,147abc6a,8bab4dff,a6177608,0.0
2025-01-24T16:30:00Z,147abc6a,8bab4dff,a6177608,0.0
2025-01-24T16:33:00Z,147abc6a,8bab4dff,a6177608,0.0
2025-01-24T16:36:00Z,147abc6a,8bab4dff,a6177608,0.0
2025-01-24T16:39:00Z,147abc6a,8bab4dff,a6177608,0.0
2025-01-24T16:42:00Z,147abc6a,8bab4dff,a6177608,0.0
2025-01-24T16:45:00Z,147abc6a,8bab4dff,a6177608,0.0
2025-01-24T16:48:00Z,147abc6a,8bab4dff,a6177608,0.0
2025-01-24T16:51:00Z,147abc6a,8bab4dff,a6177608,0.0
2025-01-24T16:54:00Z,147abc6a,8bab4dff,a6177608,0.0
2025-01-24T16:57:00Z,147abc6a,8bab4dff,a6177608,0.0
2025-01-24T17:00:00Z,147abc6a,8bab4dff,a6177608,0.0
2025-01-24T17:03:00Z,147abc6a,8bab4dff,a6177608,0.0
2025-01-24T17:06:00Z,147abc6a,8bab4dff,a6177608,0.0
2025-01-24T17:09:00Z,147abc6a,8bab4dff,a6177608,0.0
2025-01-24T17:12:00Z,147abc6a,8bab4dff,a6177608,0.0
2025-01-24T17:15:00Z,147abc6a,8bab4dff,a6177608,0.0
2025-01-24T17:18:00Z,147abc6a,8bab4dff,a6177608,0.0
2025-01-24T17:21:00Z,147abc6a,8bab4dff,a6177608,0.0
2025-01-24T17:24:00Z,147abc6a,8bab4dff,a6177608,0.0
2025-01-24T17:27:00Z,147abc6a,8bab4dff,a6177608,0.0
2025-01-24T17:30:00Z,147abc6a,8bab4dff,a6177608,0.0
2025-01-24T17:33:00Z,147abc6a,8bab4dff,a6177608,0.0
2025-01-24T17:36:00Z,147abc6a,8bab4dff,a6177608,0.0
2025-01-24T17:39:00Z,147abc6a,8bab4dff,a6177608,0.0
2025-01-24T17:42:00Z,147abc6a,8bab4dff,a6177608,0.0
2025-01-24T17:45:00Z,147abc6a,8bab4dff,a6177608,0.0
2025-01-24T17:48:00Z,147abc6a,8bab4dff,a6177608,0.0
2025-01-24T17:51:00Z,147abc6a,8bab4dff,a6177608,0.0
2025-01-24T17:54:00Z,147abc6a,8bab4dff,a6177608,0.0
2025-01-24T17:57:00Z,147abc6a,8bab4dff,a6177608,0.0
2025-01-24T18:00:00Z,147abc6a,8bab4dff,a6177608,0.0
2025-01-24T18:03:00Z,147abc6a,8bab4dff,a6177608,0.0
2025-01-24T18:06:00Z,147abc6a,8bab4dff,a6177608,0.0
2025-01-24T18:09:00Z,147abc6a,8bab4dff,a6177608,0.0
2025-01-24T18:12:00Z,147abc6a,8bab4dff,a6177608,0.0
2025-01-24T18:15:00Z,147abc6a,8bab4dff,a6177608,0.0
2025-01-24T18:18:00Z,147abc6a,8bab4dff,a6177608,0.0
2025-01-24T18:21:00Z,147abc6a,8bab4dff,a6177608,0.0
2025-01-24T18:24:00Z,147abc6a,8bab4dff,a6177608,0.0
2025-01-24T18:27:00Z,147abc6a,8bab4dff,a6177608,0.0
2025-01-24T18:30:00Z,147abc6a,8bab4dff,a6177608,0.0
2025-01-24T18:33:00Z,147abc6a,8bab4dff,a6177608,0.0
2025-01-24T18:36:00Z,147abc6a,8bab4dff,a6177608,0.0
2025-01-24T18:39:00Z,147abc6a,8bab4dff,a6177608,0.0
2025-01-24T18:42:00Z,147abc6a,8bab4dff,a6177608,0.0
2025-01-24T18:45:00Z,147abc6a,8bab4dff,a6177608,0.0
2025-01-24T18:48:00Z,147abc6a,8bab4dff,a6177608,0.0
2025-01-24T18:51:00Z,147abc6a,8bab4dff,a6177608,0.0
2025-01-24T18:54:00Z,147abc6a,8bab4dff,a6177608,0.0
2025-01-24T18:57:00Z,147abc6a,8bab4dff,a6177608,0.0
2025-01-24T19:00:00Z,147abc6a,8bab4dff,a6177608,0.0
2025-01-24T19:03:00Z,147abc6a,8bab4dff,a6177608,0.0
2025-01-24T19:06:00Z,147abc6a,8bab4dff,a6177608,0.0
2025-01-24T19:09:00Z,147abc6a,8bab4dff,a6177608,0.0
2025-01-24T19:12:00Z,147abc6a,8bab4dff,a6177608,0.0
2025-01-24T19:15:00Z,147abc6a,8bab4dff,a6177608,0.0
2025-01-24T19:18:00Z,147abc6a,8bab4dff,a6177608,0.0
2025-01-24T19:21:00Z,147abc6a,8bab4dff,a6177608,0.0
2025-01-24T19:24:00Z,147abc6a,8bab4dff,a6177608,0.0
2025-01-24T19:27:00Z,147abc6a,8bab4dff,a6177608,0.0
2025-01-24T19:30:00Z,147abc6a,8bab4dff,a6177608,0.0
2025-01-24T19:33:00Z,147abc6a,8bab4dff,a6177608,0.0
2025-01-24T19:36:00Z,147abc6a,8bab4dff,a6177608,0.0
2025-01-24T19:39:00Z,147abc6a,8bab4dff,a6177608,0.0
2025-01-24T19:42:00Z,147abc6a,8bab4dff,a6177608,0.0
2025-01-24T19:45:00Z,147abc6a,8bab4dff,a6177608,0.0
2025-01-24T19:48:00Z,147abc6a,8bab4dff,a6177608,0.0
2025-01-24T19:51:00Z,147abc6a,8bab4dff,a6177608,0.0
2025-01-24T19:54:00Z,147abc6a,8bab4dff,a6177608,0.0
2025-01-24T19:57:00Z,147abc6a,8bab4dff,a6177608,0.0
2025-01-24T20:00:00Z,147abc6a,8bab4dff,a6177608,0.0
2025-01-24T20:03:00Z,147abc6a,8bab4dff,a6177608,0.0
2025-01-24T20:06:00Z,147abc6a,8bab4dff,a6177608,0.0
2025-01-24T20:09:00Z,147abc6a,8bab4dff,a6177608,0.0
2025-01-24T20:12:00Z,147abc6a,8bab4dff,a6177608,0.0
2025-01-24T20:15:00Z,147abc6a,8bab4dff,a6177608,0.0
2025-01-24T20:18:00Z,147abc6a,8bab4dff,a6177608,0.0
2025-01-24T20:21:00Z,147abc6a,8bab4dff,a6177608,0.0
2025-01-24T20:24:00Z,147abc6a,8bab4dff,a6177608,0.0
2025-01-24T20:27:00Z,147abc6a,8bab4dff,a6177608,0.0
2025-01-24T20:30:00Z,147abc6a,8bab4dff,a6177608,0.0
2025-01-24T20:33:00Z,147abc6a,8bab4dff,a6177608,0.0
2025-01-24T20:36:00Z,147abc6a,8bab4dff,a6177608,0.0
2025-01-24T20:39:00Z,147abc6a,8bab4dff,a6177608,0.01
2025-01-24T20:42:00Z,147abc6a,8bab4dff,a6177608,0.0
2025-01-24T20:45:00Z,147abc6a,8bab4dff,a6177608,0.0
2025-01-24T20:48:00Z,147abc6a,8bab4dff,a6177608,0.0
2025-01-24T20:51:00Z,147abc6a,8bab4dff,a6177608,0.0
2025-01-24T20:54:00Z,147abc6a,8bab4dff,a6177608,0.0
2025-01-24T20:57:00Z,147abc6a,8bab4dff,a6177608,0.0
2025-01-24T21:00:00Z,147abc6a,8bab4dff,a6177608,0.0
2025-01-24T21:03:00Z,147abc6a,8bab4dff,a6177608,0.0
2025-01-24T21:06:00Z,147abc6a,8bab4dff,a6177608,0.0
2025-01-24T21:09:00Z,147abc6a,8bab4dff,a6177608,0.0
2025-01-24T21:12:00Z,147abc6a,8bab4dff,a6177608,0.0
2025-01-24T21:15:00Z,147abc6a,8bab4dff,a6177608,0.0
2025-01-24T21:18:00Z,147abc6a,8bab4dff,a6177608,0.0
2025-01-24T21:21:00Z,147abc6a,8bab4dff,a6177608,0.0
2025-01-24T21:24:00Z,147abc6a,8bab4dff,a6177608,0.0
2025-01-24T21:27:00Z,147abc6a,8bab4dff,a6177608,0.0
2025-01-24T21:30:00Z,147abc6a,8bab4dff,a6177608,0.0
2025-01-24T21:33:00Z,147abc6a,8bab4dff,a6177608,0.0
2025-01-24T21:36:00Z,147abc6a,8bab4dff,a6177608,0.0
2025-01-24T21:39:00Z,147abc6a,8bab4dff,a6177608,0.0
2025-01-24T21:42:00Z,147abc6a,8bab4dff,a6177608,0.0
2025-01-24T21:45:00Z,147abc6a,8bab4dff,a6177608,0.0
2025-01-24T21:48:00Z,147abc6a,8bab4dff,a6177608,0.0
2025-01-24T21:51:00Z,147abc6a,8bab4dff,a6177608,0.0
2025-01-24T21:54:00Z,147abc6a,8bab4dff,a6177608,0.0
2025-01-24T21:57:00Z,147abc6a,8bab4dff,a6177608,0.0
2025-01-24T22:00:00Z,147abc6a,8bab4dff,a6177608,0.0
2025-01-24T22:03:00Z,147abc6a,8bab4dff,a6177608,0.0
2025-01-24T22:06:00Z,147abc6a,8bab4dff,a6177608,0.0
2025-01-24T22:09:00Z,147abc6a,8bab4dff,a6177608,0.0
2025-01-24T22:12:00Z,147abc6a,8bab4dff,a6177608,0.0
2025-01-24T22:15:00Z,147abc6a,8bab4dff,a6177608,0.0
2025-01-24T22:18:00Z,147abc6a,8bab4dff,a6177608,0.0
2025-01-24T22:21:00Z,147abc6a,8bab4dff,a6177608,0.0
2025-01-24T22:24:00Z,147abc6a,8bab4dff,a6177608,0.0
2025-01-24T22:27:00Z,147abc6a,8bab4dff,a6177608,0.0
2025-01-24T22:30:00Z,147abc6a,8bab4dff,a6177608,0.0
2025-01-24T22:33:00Z,147abc6a,8bab4dff,a6177608,0.0
2025-01-24T22:36:00Z,147abc6a,8bab4dff,a6177608,0.0
2025-01-24T22:39:00Z,147abc6a,8bab4dff,a6177608,0.0
2025-01-24T22:42:00Z,147abc6a,8bab4dff,a6177608,0.0
2025-01-24T22:45:00Z,147abc6a,8bab4dff,a6177608,0.0
2025-01-24T22:48:00Z,147abc6a,8bab4dff,a6177608,0.0
2025-01-24T22:51:00Z,147abc6a,8bab4dff,a6177608,0.01
2025-01-24T22:54:00Z,147abc6a,8bab4dff,a6177608,0.0
2025-01-24T22:57:00Z,147abc6a,8bab4dff,a6177608,0.0
2025-01-24T23:00:00Z,147abc6a,8bab4dff,a6177608,0.0
2025-01-24T23:03:00Z,147abc6a,8bab4dff,a6177608,0.0
2025-01-24T23:06:00Z,147abc6a,8bab4dff,a6177608,0.0
2025-01-24T23:09:00Z,147abc6a,8bab4dff,a6177608,0.0
2025-01-24T23:12:00Z,147abc6a,8bab4dff,a6177608,0.0
2025-01-24T23:15:00Z,147abc6a,8bab4dff,a6177608,0.0
2025-01-24T23:18:00Z,147abc6a,8bab4dff,a6177608,0.0
2025-01-24T23:21:00Z,147abc6a,8bab4dff,a6177608,0.0
2025-01-24T23:24:00Z,147abc6a,8bab4dff,a6177608,0.0
2025-01-24T23:27:00Z,147abc6a,8bab4dff,a6177608,0.0
2025-01-24T23:30:00Z,147abc6a,8bab4dff,a6177608,0.0
2025-01-24T23:33:00Z,147abc6a,8bab4dff,a6177608,0.0
2025-01-24T23:36:00Z,147abc6a,8bab4dff,a6177608,0.0
2025-01-24T23:39:00Z,147abc6a,8bab4dff,a6177608,0.0
2025-01-24T23:42:00Z,147abc6a,8bab4dff,a6177608,0.0
2025-01-24T23:45:00Z,147abc6a,8bab4dff,a6177608,0.0
2025-01-24T23:48:00Z,147abc6a,8bab4dff,a6177608,0.0
2025-01-24T23:51:00Z,147abc6a,8bab4dff,a6177608,0.0
2025-01-24T23:54:00Z,147abc6a,8bab4dff,a6177608,0.0
2025-01-24T23:57:00Z,147abc6a,8bab4dff,a6177608,0.0
2025-01-25T00:00:00Z,147abc6a,8bab4dff,a6177608,0.01
2025-01-25T00:03:00Z,147abc6a,8bab4dff,a6177608,0.0
2025-01-25T00:06:00Z,147abc6a,8bab4dff,a6177608,0.0
2025-01-25T00:09:00Z,147abc6a,8bab4dff,a6177608,0.0
2025-01-25T00:12:00Z,147abc6a,8bab4dff,a6177608,0.0
2025-01-25T00:15:00Z,147abc6a,8bab4dff,a6177608,0.0
2025-01-25T00:18:00Z,147abc6a,8bab4dff,a6177608,0.0
2025-01-25T00:21:00Z,147abc6a,8bab4dff,a6177608,0.0
2025-01-25T00:24:00Z,147abc6a,8bab4dff,a6177608,0.0
2025-01-25T00:27:00Z,147abc6a,8bab4dff,a6177608,0.0
2025-01-25T00:30:00Z,147abc6a,8bab4dff,a6177608,0.0
2025-01-25T00:33:00Z,147abc6a,8bab4dff,a6177608,0.0
2025-01-25T00:36:00Z,147abc6a,8bab4dff,a6177608,0.0
2025-01-25T00:39:00Z,147abc6a,8bab4dff,a6177608,0.0
2025-01-25T00:42:00Z,147abc6a,8bab4dff,a6177608,0.0
2025-01-25T00:45:00Z,147abc6a,8bab4dff,a6177608,0.0
2025-01-25T00:48:00Z,147abc6a,8bab4dff,a6177608,0.0
2025-01-25T00:51:00Z,147abc6a,8bab4dff,a6177608,0.0
2025-01-25T00:54:00Z,147abc6a,8bab4dff,a6177608,0.0
2025-01-25T00:57:00Z,147abc6a,8bab4dff,a6177608,0.0
2025-01-25T01:00:00Z,147abc6a,8bab4dff,a6177608,0.0
2025-01-25T01:03:00Z,147abc6a,8bab4dff,a6177608,0.0
2025-01-25T01:06:00Z,147abc6a,8bab4dff,a6177608,0.0
2025-01-25T01:09:00Z,147abc6a,8bab4dff,a6177608,0.0
2025-01-25T01:12:00Z,147abc6a,8bab4dff,a6177608,0.0
2025-01-25T01:15:00Z,147abc6a,8bab4dff,a6177608,0.0
2025-01-25T01:18:00Z,147abc6a,8bab4dff,a6177608,0.0
2025-01-25T01:21:00Z,147abc6a,8bab4dff,a6177608,0.0
2025-01-25T01:24:00Z,147abc6a,8bab4dff,a6177608,0.0
2025-01-25T01:27:00Z,147abc6a,8bab4dff,a6177608,0.0
2025-01-25T01:30:00Z,147abc6a,8bab4dff,a6177608,0.0
2025-01-25T01:33:00Z,147abc6a,8bab4dff,a6177608,0.0
2025-01-25T01:36:00Z,147abc6a,8bab4dff,a6177608,0.0
2025-01-25T01:39:00Z,147abc6a,8bab4dff,a6177608,0.0
2025-01-25T01:42:00Z,147abc6a,8bab4dff,a6177608,0.0
2025-01-25T01:45:00Z,147abc6a,8bab4dff,a6177608,0.0
2025-01-25T01:48:00Z,147abc6a,8bab4dff,a6177608,0.0
2025-01-25T01:51:00Z,147abc6a,8bab4dff,a6177608,0.0
2025-01-25T01:54:00Z,147abc6a,8bab4dff,a6177608,0.0
2025-01-25T01:57:00Z,147abc6a,8bab4dff,a6177608,0.0
2025-01-25T02:00:00Z,147abc6a,8bab4dff,a6177608,0.0
2025-01-25T02:03:00Z,147abc6a,8bab4dff,a6177608,0.0
2025-01-25T02:06:00Z,147abc6a,8bab4dff,a6177608,0.0
2025-01-25T02:09:00Z,147abc6a,8bab4dff,a6177608,0.0
2025-01-25T02:12:00Z,147abc6a,8bab4dff,a6177608,0.0
2025-01-25T02:15:00Z,147abc6a,8bab4dff,a6177608,0.0
2025-01-25T02:18:00Z,147abc6a,8bab4dff,a6177608,0.0
2025-01-25T02:21:00Z,147abc6a,8bab4dff,a6177608,0.0
2025-01-25T02:24:00Z,147abc6a,8bab4dff,a6177608,0.0
2025-01-25T02:27:00Z,147abc6a,8bab4dff,a6177608,0.0
2025-01-25T02:30:00Z,147abc6a,8bab4dff,a6177608,0.0
2025-01-25T02:33:00Z,147abc6a,8bab4dff,a6177608,0.0
2025-01-25T02:36:00Z,147abc6a,8bab4dff,a6177608,0.0
2025-01-25T02:39:00Z,147abc6a,8bab4dff,a6177608,0.0
2025-01-25T02:42:00Z,147abc6a,8bab4dff,a6177608,0.0
2025-01-25T02:45:00Z,147abc6a,8bab4dff,a6177608,0.0
2025-01-25T02:48:00Z,147abc6a,8bab4dff,a6177608,0.0
2025-01-25T02:51:00Z,147abc6a,8bab4dff,a6177608,0.0
2025-01-25T02:54:00Z,147abc6a,8bab4dff,a6177608,0.0
2025-01-25T02:57:00Z,147abc6a,8bab4dff,a6177608,0.0
2025-01-25T03:00:00Z,147abc6a,8bab4dff,a6177608,0.0
2025-01-25T03:03:00Z,147abc6a,8bab4dff,a6177608,0.0
2025-01-25T03:06:00Z,147abc6a,8bab4dff,a6177608,0.0
2025-01-25T03:09:00Z,147abc6a,8bab4dff,a6177608,0.0
2025-01-25T03:12:00Z,147abc6a,8bab4dff,a6177608,0.0
2025-01-25T03:15:00Z,147abc6a,8bab4dff,a6177608,0.0
2025-01-25T03:18:00Z,147abc6a,8bab4dff,a6177608,0.0
2025-01-25T03:21:00Z,147abc6a,8bab4dff,a6177608,0.0
2025-01-25T03:24:00Z,147abc6a,8bab4dff,a6177608,0.0
2025-01-25T03:27:00Z,147abc6a,8bab4dff,a6177608,0.0
2025-01-25T03:30:00Z,147abc6a,8bab4dff,a6177608,0.0
2025-01-25T03:33:00Z,147abc6a,8bab4dff,a6177608,0.0
2025-01-25T03:36:00Z,147abc6a,8bab4dff,a6177608,0.0
2025-01-25T03:39:00Z,147abc6a,8bab4dff,a6177608,0.0
2025-01-25T03:42:00Z,147abc6a,8bab4dff,a6177608,0.0
2025-01-25T03:45:00Z,147abc6a,8bab4dff,a6177608,0.0
2025-01-25T03:48:00Z,147abc6a,8bab4dff,a6177608,0.0
2025-01-25T03:51:00Z,147abc6a,8bab4dff,a6177608,0.0
2025-01-25T03:54:00Z,147abc6a,8bab4dff,a6177608,0.0
2025-01-25T03:57:00Z,147abc6a,8bab4dff,a6177608,0.0
2025-01-25T04:00:00Z,147abc6a,8bab4dff,a6177608,0.0
2025-01-25T04:03:00Z,147abc6a,8bab4dff,a6177608,0.0
2025-01-25T04:06:00Z,147abc6a,8bab4dff,a6177608,0.0
2025-01-25T04:09:00Z,147abc6a,8bab4dff,a6177608,0.0
2025-01-25T04:12:00Z,147abc6a,8bab4dff,a6177608,0.0
2025-01-25T04:15:00Z,147abc6a,8bab4dff,a6177608,0.0
2025-01-25T04:18:00Z,147abc6a,8bab4dff,a6177608,0.0
2025-01-25T04:21:00Z,147abc6a,8bab4dff,a6177608,0.0
2025-01-25T04:24:00Z,147abc6a,8bab4dff,a6177608,0.0
2025-01-25T04:27:00Z,147abc6a,8bab4dff,a6177608,0.0
2025-01-25T04:30:00Z,147abc6a,8bab4dff,a6177608,0.0
2025-01-25T04:33:00Z,147abc6a,8bab4dff,a6177608,0.0
2025-01-25T04:36:00Z,147abc6a,8bab4dff,a6177608,0.0
2025-01-25T04:39:00Z,147abc6a,8bab4dff,a6177608,0.0
2025-01-25T04:42:00Z,147abc6a,8bab4dff,a6177608,0.0
2025-01-25T04:45:00Z,147abc6a,8bab4dff,a6177608,0.0
2025-01-25T04:48:00Z,147abc6a,8bab4dff,a6177608,0.0
2025-01-25T04:51:00Z,147abc6a,8bab4dff,a6177608,0.0
2025-01-25T04:54:00Z,147abc6a,8bab4dff,a6177608,0.0
2025-01-25T04:57:00Z,147abc6a,8bab4dff,a6177608,0.0
2025-01-25T05:00:00Z,147abc6a,8bab4dff,a6177608,0.0
2025-01-25T05:03:00Z,147abc6a,8bab4dff,a6177608,0.0
2025-01-25T05:06:00Z,147abc6a,8bab4dff,a6177608,0.0
2025-01-25T05:09:00Z,147abc6a,8bab4dff,a6177608,0.0
2025-01-25T05:12:00Z,147abc6a,8bab4dff,a6177608,0.0
2025-01-25T05:15:00Z,147abc6a,8bab4dff,a6177608,0.0
2025-01-25T05:18:00Z,147abc6a,8bab4dff,a6177608,0.0
2025-01-25T05:21:00Z,147abc6a,8bab4dff,a6177608,0.0
2025-01-25T05:24:00Z,147abc6a,8bab4dff,a6177608,0.0
2025-01-25T05:27:00Z,147abc6a,8bab4dff,a6177608,0.0
2025-01-25T05:30:00Z,147abc6a,8bab4dff,a6177608,0.0
2025-01-25T05:33:00Z,147abc6a,8bab4dff,a6177608,0.0
2025-01-25T05:36:00Z,147abc6a,8bab4dff,a6177608,0.0
2025-01-25T05:39:00Z,147abc6a,8bab4dff,a6177608,0.0
2025-01-25T05:42:00Z,147abc6a,8bab4dff,a6177608,0.0
2025-01-25T05:45:00Z,147abc6a,8bab4dff,a6177608,0.0
2025-01-25T05:48:00Z,147abc6a,8bab4dff,a6177608,0.0
2025-01-25T05:51:00Z,147abc6a,8bab4dff,a6177608,0.0
2025-01-25T05:54:00Z,147abc6a,8bab4dff,a6177608,0.0
2025-01-25T05:57:00Z,147abc6a,8bab4dff,a6177608,0.0
2025-01-25T06:00:00Z,147abc6a,8bab4dff,a6177608,0.0
2025-01-25T06:03:00Z,147abc6a,8bab4dff,a6177608,0.0
2025-01-25T06:06:00Z,147abc6a,8bab4dff,a6177608,0.0
2025-01-25T06:09:00Z,147abc6a,8bab4dff,a6177608,0.02
2025-01-25T06:12:00Z,147abc6a,8bab4dff,a6177608,0.0
2025-01-25T06:15:00Z,147abc6a,8bab4dff,a6177608,0.0
2025-01-25T06:18:00Z,147abc6a,8bab4dff,a6177608,0.0
2025-01-25T06:21:00Z,147abc6a,8bab4dff,a6177608,0.0
2025-01-25T06:24:00Z,147abc6a,8bab4dff,a6177608,0.0
2025-01-25T06:27:00Z,147abc6a,8bab4dff,a6177608,0.0
2025-01-25T06:30:00Z,147abc6a,8bab4dff,a6177608,0.0
2025-01-25T06:33:00Z,147abc6a,8bab4dff,a6177608,0.0
2025-01-25T06:36:00Z,147abc6a,8bab4dff,a6177608,0.0
2025-01-25T06:39:00Z,147abc6a,8bab4dff,a6177608,0.0
2025-01-25T06:42:00Z,147abc6a,8bab4dff,a6177608,0.0
2025-01-25T06:45:00Z,147abc6a,8bab4dff,a6177608,0.0
2025-01-25T06:48:00Z,147abc6a,8bab4dff,a6177608,0.0
2025-01-25T06:51:00Z,147abc6a,8bab4dff,a6177608,0.0
2025-01-25T06:54:00Z,147abc6a,8bab4dff,a6177608,0.0
2025-01-25T06:57:00Z,147abc6a,8bab4dff,a6177608,0.0
2025-01-25T07:00:00Z,147abc6a,8bab4dff,a6177608,0.0
2025-01-25T07:03:00Z,147abc6a,8bab4dff,a6177608,0.0
2025-01-25T07:06:00Z,147abc6a,8bab4dff,a6177608,0.0
2025-01-25T07:09:00Z,147abc6a,8bab4dff,a6177608,0.0
2025-01-25T07:12:00Z,147abc6a,8bab4dff,a6177608,0.0
2025-01-25T07:15:00Z,147abc6a,8bab4dff,a6177608,0.02
2025-01-25T07:18:00Z,147abc6a,8bab4dff,a6177608,0.0
2025-01-25T07:21:00Z,147abc6a,8bab4dff,a6177608,0.0
2025-01-25T07:24:00Z,147abc6a,8bab4dff,a6177608,0.0
2025-01-25T07:27:00Z,147abc6a,8bab4dff,a6177608,0.0
2025-01-25T07:30:00Z,147abc6a,8bab4dff,a6177608,0.0
2025-01-25T07:33:00Z,147abc6a,8bab4dff,a6177608,0.0
2025-01-25T07:36:00Z,147abc6a,8bab4dff,a6177608,0.0
2025-01-25T07:39:00Z,147abc6a,8bab4dff,a6177608,0.0
2025-01-25T07:42:00Z,147abc6a,8bab4dff,a6177608,0.0
2025-01-25T07:45:00Z,147abc6a,8bab4dff,a6177608,0.0
2025-01-25T07:48:00Z,147abc6a,8bab4dff,a6177608,0.0
2025-01-25T07:51:00Z,147abc6a,8bab4dff,a6177608,0.0
2025-01-25T07:54:00Z,147abc6a,8bab4dff,a6177608,0.0
2025-01-25T07:57:00Z,147abc6a,8bab4dff,a6177608,0.0
2025-01-25T08:00:00Z,147abc6a,8bab4dff,a6177608,0.0
2025-01-25T08:03:00Z,147abc6a,8bab4dff,a6177608,0.0
2025-01-25T08:06:00Z,147abc6a,8bab4dff,a6177608,0.0
2025-01-25T08:09:00Z,147abc6a,8bab4dff,a6177608,0.0
2025-01-25T08:12:00Z,147abc6a,8bab4dff,a6177608,0.0
2025-01-25T08:15:00Z,147abc6a,8bab4dff,a6177608,0.0
2025-01-25T08:18:00Z,147abc6a,8bab4dff,a6177608,0.0
2025-01-25T08:21:00Z,147abc6a,8bab4dff,a6177608,0.0
2025-01-25T08:24:00Z,147abc6a,8bab4dff,a6177608,0.0
2025-01-25T08:27:00Z,147abc6a,8bab4dff,a6177608,0.0
2025-01-25T08:30:00Z,147abc6a,8bab4dff,a6177608,0.0
2025-01-25T08:33:00Z,147abc6a,8bab4dff,a6177608,0.0
2025-01-25T08:36:00Z,147abc6a,8bab4dff,a6177608,0.0
2025-01-25T08:39:00Z,147abc6a,8bab4dff,a6177608,0.0
2025-01-25T08:42:00Z,147abc6a,8bab4dff,a6177608,0.0
2025-01-25T08:45:00Z,147abc6a,8bab4dff,a6177608,0.0
2025-01-25T08:48:00Z,147abc6a,8bab4dff,a6177608,0.0
2025-01-25T08:51:00Z,147abc6a,8bab4dff,a6177608,0.0
2025-01-25T08:54:00Z,147abc6a,8bab4dff,a6177608,0.0
2025-01-25T08:57:00Z,147abc6a,8bab4dff,a6177608,0.0
2025-01-25T09:00:00Z,147abc6a,8bab4dff,a6177608,0.0
2025-01-25T09:03:00Z,147abc6a,8bab4dff,a6177608,0.0
2025-01-25T09:06:00Z,147abc6a,8bab4dff,a6177608,0.0
2025-01-25T09:09:00Z,147abc6a,8bab4dff,a6177608,0.0
2025-01-25T09:12:00Z,147abc6a,8bab4dff,a6177608,0.0
2025-01-25T09:15:00Z,147abc6a,8bab4dff,a6177608,0.0
2025-01-25T09:18:00Z,147abc6a,8bab4dff,a6177608,0.0
2025-01-25T09:21:00Z,147abc6a,8bab4dff,a6177608,0.0
2025-01-25T09:24:00Z,147abc6a,8bab4dff,a6177608,0.0
2025-01-25T09:27:00Z,147abc6a,8bab4dff,a6177608,0.0
2025-01-25T09:30:00Z,147abc6a,8bab4dff,a6177608,0.0
2025-01-25T09:33:00Z,147abc6a,8bab4dff,a6177608,0.0
2025-01-25T09:36:00Z,147abc6a,8bab4dff,a6177608,0.0
2025-01-25T09:39:00Z,147abc6a,8bab4dff,a6177608,0.0
2025-01-25T09:42:00Z,147abc6a,8bab4dff,a6177608,0.0
2025-01-25T09:45:00Z,147abc6a,8bab4dff,a6177608,0.0
2025-01-25T09:48:00Z,147abc6a,8bab4dff,a6177608,0.0
2025-01-25T09:51:00Z,147abc6a,8bab4dff,a6177608,0.0
2025-01-25T09:54:00Z,147abc6a,8bab4dff,a6177608,0.0
2025-01-25T09:57:00Z,147abc6a,8bab4dff,a6177608,0.0
2025-01-25T10:00:00Z,147abc6a,8bab4dff,a6177608,0.0
2025-01-25T10:03:00Z,147abc6a,8bab4dff,a6177608,0.0
2025-01-25T10:06:00Z,147abc6a,8bab4dff,a6177608,0.0
2025-01-25T10:09:00Z,147abc6a,8bab4dff,a6177608,0.0
2025-01-25T10:12:00Z,147abc6a,8bab4dff,a6177608,0.0
2025-01-25T10:15:00Z,147abc6a,8bab4dff,a6177608,0.0
2025-01-25T10:18:00Z,147abc6a,8bab4dff,a6177608,0.0
2025-01-25T10:21:00Z,147abc6a,8bab4dff,a6177608,0.0
2025-01-25T10:24:00Z,147abc6a,8bab4dff,a6177608,0.0
2025-01-25T10:27:00Z,147abc6a,8bab4dff,a6177608,0.0
2025-01-25T10:30:00Z,147abc6a,8bab4dff,a6177608,0.0
2025-01-25T10:33:00Z,147abc6a,8bab4dff,a6177608,0.0
2025-01-25T10:36:00Z,147abc6a,8bab4dff,a6177608,0.0
2025-01-25T10:39:00Z,147abc6a,8bab4dff,a6177608,0.0
2025-01-25T10:42:00Z,147abc6a,8bab4dff,a6177608,0.0
2025-01-25T10:45:00Z,147abc6a,8bab4dff,a6177608,0.0
2025-01-25T10:48:00Z,147abc6a,8bab4dff,a6177608,0.0
2025-01-25T10:51:00Z,147abc6a,8bab4dff,a6177608,0.0
2025-01-25T10:54:00Z,147abc6a,8bab4dff,a6177608,0.0
2025-01-25T10:57:00Z,147abc6a,8bab4dff,a6177608,0.0
2025-01-25T11:00:00Z,147abc6a,8bab4dff,a6177608,0.0
2025-01-25T11:03:00Z,147abc6a,8bab4dff,a6177608,0.0
2025-01-25T11:06:00Z,147abc6a,8bab4dff,a6177608,0.0
2025-01-25T11:09:00Z,147abc6a,8bab4dff,a6177608,0.0
2025-01-25T11:12:00Z,147abc6a,8bab4dff,a6177608,0.0
2025-01-25T11:15:00Z,147abc6a,8bab4dff,a6177608,0.0
2025-01-25T11:18:00Z,147abc6a,8bab4dff,a6177608,0.0
2025-01-25T11:21:00Z,147abc6a,8bab4dff,a6177608,0.0
2025-01-25T11:24:00Z,147abc6a,8bab4dff,a6177608,0.0
2025-01-25T11:27:00Z,147abc6a,8bab4dff,a6177608,0.0
2025-01-25T11:30:00Z,147abc6a,8bab4dff,a6177608,0.0
2025-01-25T11:33:00Z,147abc6a,8bab4dff,a6177608,0.0
2025-01-25T11:36:00Z,147abc6a,8bab4dff,a6177608,0.0
2025-01-25T11:39:00Z,147abc6a,8bab4dff,a6177608,0.0
2025-01-25T11:42:00Z,147abc6a,8bab4dff,a6177608,0.0
2025-01-25T11:45:00Z,147abc6a,8bab4dff,a6177608,0.01
2025-01-25T11:48:00Z,147abc6a,8bab4dff,a6177608,0.0
2025-01-25T11:51:00Z,147abc6a,8bab4dff,a6177608,0.0
2025-01-25T11:54:00Z,147abc6a,8bab4dff,a6177608,0.0
2025-01-25T11:57:00Z,147abc6a,8bab4dff,a6177608,0.0
2025-01-25T12:00:00Z,147abc6a,8bab4dff,a6177608,0.0
2025-01-25T12:03:00Z,147abc6a,8bab4dff,a6177608,0.0
2025-01-25T12:06:00Z,147abc6a,8bab4dff,a6177608,0.0
2025-01-25T12:09:00Z,147abc6a,8bab4dff,a6177608,0.0
2025-01-25T12:12:00Z,147abc6a,8bab4dff,a6177608,0.0
2025-01-25T12:15:00Z,147abc6a,8bab4dff,a6177608,0.0
2025-01-25T12:18:00Z,147abc6a,8bab4dff,a6177608,0.0
2025-01-25T12:21:00Z,147abc6a,8bab4dff,a6177608,0.0
2025-01-25T12:24:00Z,147abc6a,8bab4dff,a6177608,0.0
2025-01-25T12:27:00Z,147abc6a,8bab4dff,a6177608,0.0
2025-01-25T12:30:00Z,147abc6a,8bab4dff,a6177608,0.0
2025-01-25T12:33:00Z,147abc6a,8bab4dff,a6177608,0.0
2025-01-25T12:36:00Z,147abc6a,8bab4dff,a6177608,0.0
2025-01-25T12:39:00Z,147abc6a,8bab4dff,a6177608,0.0
2025-01-25T12:42:00Z,147abc6a,8bab4dff,a6177608,0.0
2025-01-25T12:45:00Z,147abc6a,8bab4dff,a6177608,0.0
2025-01-25T12:48:00Z,147abc6a,8bab4dff,a6177608,0.0
2025-01-25T12:51:00Z,147abc6a,8bab4dff,a6177608,0.0
2025-01-25T12:54:00Z,147abc6a,8bab4dff,a6177608,0.0
2025-01-25T12:57:00Z,147abc6a,8bab4dff,a6177608,0.0
2025-01-25T13:00:00Z,147abc6a,8bab4dff,a6177608,0.0
2025-01-25T13:03:00Z,147abc6a,8bab4dff,a6177608,0.0
2025-01-25T13:06:00Z,147abc6a,8bab4dff,a6177608,0.0
2025-01-25T13:09:00Z,147abc6a,8bab4dff,a6177608,0.0
2025-01-25T13:12:00Z,147abc6a,8bab4dff,a6177608,0.0
2025-01-25T13:15:00Z,147abc6a,8bab4dff,a6177608,0.0
2025-01-25T13:18:00Z,147abc6a,8bab4dff,a6177608,0.0
2025-01-25T13:21:00Z,147abc6a,8bab4dff,a6177608,0.0
2025-01-25T13:24:00Z,147abc6a,8bab4dff,a6177608,0.0
2025-01-25T13:27:00Z,147abc6a,8bab4dff,a6177608,0.0
2025-01-25T13:30:00Z,147abc6a,8bab4dff,a6177608,0.0
2025-01-25T13:33:00Z,147abc6a,8bab4dff,a6177608,0.0
2025-01-25T13:36:00Z,147abc6a,8bab4dff,a6177608,0.0
2025-01-25T13:39:00Z,147abc6a,8bab4dff,a6177608,0.0
2025-01-25T13:42:00Z,147abc6a,8bab4dff,a6177608,0.0
2025-01-25T13:45:00Z,147abc6a,8bab4dff,a6177608,0.0
2025-01-25T13:48:00Z,147abc6a,8bab4dff,a6177608,0.0
2025-01-25T13:51:00Z,147abc6a,8bab4dff,a6177608,0.0
2025-01-25T13:54:00Z,147abc6a,8bab4dff,a6177608,0.0
2025-01-25T13:57:00Z,147abc6a,8bab4dff,a6177608,0.0
2025-01-25T14:00:00Z,147abc6a,8bab4dff,a6177608,0.0
2025-01-25T14:03:00Z,147abc6a,8bab4dff,a6177608,0.0
2025-01-25T14:06:00Z,147abc6a,8bab4dff,a6177608,0.0
2025-01-25T14:09:00Z,147abc6a,8bab4dff,a6177608,0.0
2025-01-25T14:12:00Z,147abc6a,8bab4dff,a6177608,0.0
2025-01-25T14:15:00Z,147abc6a,8bab4dff,a6177608,0.0
2025-01-25T14:18:00Z,147abc6a,8bab4dff,a6177608,0.0
2025-01-25T14:21:00Z,147abc6a,8bab4dff,a6177608,0.0
2025-01-25T14:24:00Z,147abc6a,8bab4dff,a6177608,0.0
2025-01-25T14:27:00Z,147abc6a,8bab4dff,a6177608,0.0
2025-01-25T14:30:00Z,147abc6a,8bab4dff,a6177608,0.0
2025-01-25T14:33:00Z,147abc6a,8bab4dff,a6177608,0.0
2025-01-25T14:36:00Z,147abc6a,8bab4dff,a6177608,0.0
2025-01-25T14:39:00Z,147abc6a,8bab4dff,a6177608,0.0
2025-01-25T14:42:00Z,147abc6a,8bab4dff,a6177608,0.0
2025-01-25T14:45:00Z,147abc6a,8bab4dff,a6177608,0.0
2025-01-25T14:48:00Z,147abc6a,8bab4dff,a6177608,0.0
2025-01-25T14:51:00Z,147abc6a,8bab4dff,a6177608,0.0
2025-01-25T14:54:00Z,147abc6a,8bab4dff,a6177608,0.0
2025-01-25T14:57:00Z,147abc6a,8bab4dff,a6177608,0.0
2025-01-25T15:00:00Z,147abc6a,8bab4dff,a6177608,0.0
2025-01-25T15:03:00Z,147abc6a,8bab4dff,a6177608,0.0
2025-01-25T15:06:00Z,147abc6a,8bab4dff,a6177608,0.0
2025-01-25T15:09:00Z,147abc6a,8bab4dff,a6177608,0.0
2025-01-25T15:12:00Z,147abc6a,8bab4dff,a6177608,0.0
2025-01-25T15:15:00Z,147abc6a,8bab4dff,a6177608,0.0
2025-01-25T15:18:00Z,147abc6a,8bab4dff,a6177608,0.0
2025-01-25T15:21:00Z,147abc6a,8bab4dff,a6177608,0.0
2025-01-25T15:24:00Z,147abc6a,8bab4dff,a6177608,0.0
2025-01-25T15:27:00Z,147abc6a,8bab4dff,a6177608,0.0
2025-01-25T15:30:00Z,147abc6a,8bab4dff,a6177608,0.0
2025-01-25T15:33:00Z,147abc6a,8bab4dff,a6177608,0.0
2025-01-25T15:36:00Z,147abc6a,8bab4dff,a6177608,0.0
2025-01-25T15:39:00Z,147abc6a,8bab4dff,a6177608,0.0
2025-01-25T15:42:00Z,147abc6a,8bab4dff,a6177608,0.0
2025-01-25T15:45:00Z,147abc6a,8bab4dff,a6177608,0.0
2025-01-25T15:48:00Z,147abc6a,8bab4dff,a6177608,0.0
2025-01-25T15:51:00Z,147abc6a,8bab4dff,a6177608,0.0
2025-01-25T15:54:00Z,147abc6a,8bab4dff,a6177608,0.0
2025-01-25T15:57:00Z,147abc6a,8bab4dff,a6177608,0.0
2025-01-25T16:00:00Z,147abc6a,8bab4dff,a6177608,0.0
2025-01-25T16:03:00Z,147abc6a,8bab4dff,a6177608,0.0
2025-01-25T16:06:00Z,147abc6a,8bab4dff,a6177608,0.0
2025-01-25T16:09:00Z,147abc6a,8bab4dff,a6177608,0.0
2025-01-25T16:12:00Z,147abc6a,8bab4dff,a6177608,0.0
2025-01-25T16:15:00Z,147abc6a,8bab4dff,a6177608,0.0
2025-01-25T16:18:00Z,147abc6a,8bab4dff,a6177608,0.0
2025-01-25T16:21:00Z,147abc6a,8bab4dff,a6177608,0.0
2025-01-25T16:24:00Z,147abc6a,8bab4dff,a6177608,0.0
2025-01-25T16:27:00Z,147abc6a,8bab4dff,a6177608,0.0
2025-01-25T16:30:00Z,147abc6a,8bab4dff,a6177608,0.0
2025-01-25T16:33:00Z,147abc6a,8bab4dff,a6177608,0.0
2025-01-25T16:36:00Z,147abc6a,8bab4dff,a6177608,0.0
2025-01-25T16:39:00Z,147abc6a,8bab4dff,a6177608,0.0
2025-01-25T16:42:00Z,147abc6a,8bab4dff,a6177608,0.0
2025-01-25T16:45:00Z,147abc6a,8bab4dff,a6177608,0.0
2025-01-25T16:48:00Z,147abc6a,8bab4dff,a6177608,0.0
2025-01-25T16:51:00Z,147abc6a,8bab4dff,a6177608,0.0
2025-01-25T16:54:00Z,147abc6a,8bab4dff,a6177608,0.0
2025-01-25T16:57:00Z,147abc6a,8bab4dff,a6177608,0.0
2025-01-25T17:00:00Z,147abc6a,8bab4dff,a6177608,0.0
2025-01-25T17:03:00Z,147abc6a,8bab4dff,a6177608,0.0
2025-01-25T17:06:00Z,147abc6a,8bab4dff,a6177608,0.0
2025-01-25T17:09:00Z,147abc6a,8bab4dff,a6177608,0.0
2025-01-25T17:12:00Z,147abc6a,8bab4dff,a6177608,0.0
2025-01-25T17:15:00Z,147abc6a,8bab4dff,a6177608,0.0
2025-01-25T17:18:00Z,147abc6a,8bab4dff,a6177608,0.0
2025-01-25T17:21:00Z,147abc6a,8bab4dff,a6177608,0.0
2025-01-25T17:24:00Z,147abc6a,8bab4dff,a6177608,0.0
2025-01-25T17:27:00Z,147abc6a,8bab4dff,a6177608,0.0
2025-01-25T17:30:00Z,147abc6a,8bab4dff,a6177608,0.0
2025-01-25T17:33:00Z,147abc6a,8bab4dff,a6177608,0.0
2025-01-25T17:36:00Z,147abc6a,8bab4dff,a6177608,0.0
2025-01-25T17:39:00Z,147abc6a,8bab4dff,a6177608,0.0
2025-01-25T17:42:00Z,147abc6a,8bab4dff,a6177608,0.0
2025-01-25T17:45:00Z,147abc6a,8bab4dff,a6177608,0.0
2025-01-25T17:48:00Z,147abc6a,8bab4dff,a6177608,0.0
2025-01-25T17:51:00Z,147abc6a,8bab4dff,a6177608,0.0
2025-01-25T17:54:00Z,147abc6a,8bab4dff,a6177608,0.0
2025-01-25T17:57:00Z,147abc6a,8bab4dff,a6177608,0.0
2025-01-25T18:00:00Z,147abc6a,8bab4dff,a6177608,0.0
2025-01-25T18:03:00Z,147abc6a,8bab4dff,a6177608,0.0
2025-01-25T18:06:00Z,147abc6a,8bab4dff,a6177608,0.0
2025-01-25T18:09:00Z,147abc6a,8bab4dff,a6177608,0.0
2025-01-25T18:12:00Z,147abc6a,8bab4dff,a6177608,0.0
2025-01-25T18:15:00Z,147abc6a,8bab4dff,a6177608,0.0
2025-01-25T18:18:00Z,147abc6a,8bab4dff,a6177608,0.0
2025-01-25T18:21:00Z,147abc6a,8bab4dff,a6177608,0.0
2025-01-25T18:24:00Z,147abc6a,8bab4dff,a6177608,0.0
2025-01-25T18:27:00Z,147abc6a,8bab4dff,a6177608,0.0
2025-01-25T18:30:00Z,147abc6a,8bab4dff,a6177608,0.0
2025-01-25T18:33:00Z,147abc6a,8bab4dff,a6177608,0.0
2025-01-25T18:36:00Z,147abc6a,8bab4dff,a6177608,0.0
2025-01-25T18:39:00Z,147abc6a,8bab4dff,a6177608,0.0
2025-01-25T18:42:00Z,147abc6a,8bab4dff,a6177608,0.0
2025-01-25T18:45:00Z,147abc6a,8bab4dff,a6177608,0.0
2025-01-25T18:48:00Z,147abc6a,8bab4dff,a6177608,0.0
2025-01-25T18:51:00Z,147abc6a,8bab4dff,a6177608,0.0
2025-01-25T18:54:00Z,147abc6a,8bab4dff,a6177608,0.0
2025-01-25T18:57:00Z,147abc6a,8bab4dff,a6177608,0.0
2025-01-25T19:00:00Z,147abc6a,8bab4dff,a6177608,0.0
2025-01-25T19:03:00Z,147abc6a,8bab4dff,a6177608,0.0
2025-01-25T19:06:00Z,147abc6a,8bab4dff,a6177608,0.0
2025-01-25T19:09:00Z,147abc6a,8bab4dff,a6177608,0.0
2025-01-25T19:12:00Z,147abc6a,8bab4dff,a6177608,0.0
2025-01-25T19:15:00Z,147abc6a,8bab4dff,a6177608,0.0
2025-01-25T19:18:00Z,147abc6a,8bab4dff,a6177608,0.0
2025-01-25T19:21:00Z,147abc6a,8bab4dff,a6177608,0.0
2025-01-25T19:24:00Z,147abc6a,8bab4dff,a6177608,0.0
2025-01-25T19:27:00Z,147abc6a,8bab4dff,a6177608,0.0
2025-01-25T19:30:00Z,147abc6a,8bab4dff,a6177608,0.0
2025-01-25T19:33:00Z,147abc6a,8bab4dff,a6177608,0.0
2025-01-25T19:36:00Z,147abc6a,8bab4dff,a6177608,0.0
2025-01-25T19:39:00Z,147abc6a,8bab4dff,a6177608,0.0
2025-01-25T19:42:00Z,147abc6a,8bab4dff,a6177608,0.0
2025-01-25T19:45:00Z,147abc6a,8bab4dff,a6177608,0.0
2025-01-25T19:48:00Z,147abc6a,8bab4dff,a6177608,0.0
2025-01-25T19:51:00Z,147abc6a,8bab4dff,a6177608,0.0
2025-01-25T19:54:00Z,147abc6a,8bab4dff,a6177608,0.0
2025-01-25T19:57:00Z,147abc6a,8bab4dff,a6177608,0.0
2025-01-25T20:00:00Z,147abc6a,8bab4dff,a6177608,0.0
2025-01-25T20:03:00Z,147abc6a,8bab4dff,a6177608,0.0
2025-01-25T20:06:00Z,147abc6a,8bab4dff,a6177608,0.0
2025-01-25T20:09:00Z,147abc6a,8bab4dff,a6177608,0.0
2025-01-25T20:12:00Z,147abc6a,8bab4dff,a6177608,0.0
2025-01-25T20:15:00Z,147abc6a,8bab4dff,a6177608,0.0
2025-01-25T20:18:00Z,147abc6a,8bab4dff,a6177608,0.0
2025-01-25T20:21:00Z,147abc6a,8bab4dff,a6177608,0.0
2025-01-25T20:24:00Z,147abc6a,8bab4dff,a6177608,0.0
2025-01-25T20:27:00Z,147abc6a,8bab4dff,a6177608,0.0
2025-01-25T20:30:00Z,147abc6a,8bab4dff,a6177608,0.0
2025-01-25T20:33:00Z,147abc6a,8bab4dff,a6177608,0.0
2025-01-25T20:36:00Z,147abc6a,8bab4dff,a6177608,0.0
2025-01-25T20:39:00Z,147abc6a,8bab4dff,a6177608,0.0
2025-01-25T20:42:00Z,147abc6a,8bab4dff,a6177608,0.0
2025-01-25T20:45:00Z,147abc6a,8bab4dff,a6177608,0.0
2025-01-25T20:48:00Z,147abc6a,8bab4dff,a6177608,0.0
2025-01-25T20:51:00Z,147abc6a,8bab4dff,a6177608,0.0
2025-01-25T20:54:00Z,147abc6a,8bab4dff,a6177608,0.0
2025-01-25T20:57:00Z,147abc6a,8bab4dff,a6177608,0.0
2025-01-25T21:00:00Z,147abc6a,8bab4dff,a6177608,0.0
2025-01-25T21:03:00Z,147abc6a,8bab4dff,a6177608,0.0
2025-01-25T21:06:00Z,147abc6a,8bab4dff,a6177608,0.0
2025-01-25T21:09:00Z,147abc6a,8bab4dff,a6177608,0.0
2025-01-25T21:12:00Z,147abc6a,8bab4dff,a6177608,0.0
2025-01-25T21:15:00Z,147abc6a,8bab4dff,a6177608,0.0
2025-01-25T21:18:00Z,147abc6a,8bab4dff,a6177608,0.0
2025-01-25T21:21:00Z,147abc6a,8bab4dff,a6177608,0.0
2025-01-25T21:24:00Z,147abc6a,8bab4dff,a6177608,0.0
2025-01-25T21:27:00Z,147abc6a,8bab4dff,a6177608,0.0
2025-01-25T21:30:00Z,147abc6a,8bab4dff,a6177608,0.0
2025-01-25T21:33:00Z,147abc6a,8bab4dff,a6177608,0.0
2025-01-25T21:36:00Z,147abc6a,8bab4dff,a6177608,0.0
2025-01-25T21:39:00Z,147abc6a,8bab4dff,a6177608,0.0
2025-01-25T21:42:00Z,147abc6a,8bab4dff,a6177608,0.0
2025-01-25T21:45:00Z,147abc6a,8bab4dff,a6177608,0.0
2025-01-25T21:48:00Z,147abc6a,8bab4dff,a6177608,0.0
2025-01-25T21:51:00Z,147abc6a,8bab4dff,a6177608,0.0
2025-01-25T21:54:00Z,147abc6a,8bab4dff,a6177608,0.0
2025-01-25T21:57:00Z,147abc6a,8bab4dff,a6177608,0.0
2025-01-25T22:00:00Z,147abc6a,8bab4dff,a6177608,0.0
2025-01-25T22:03:00Z,147abc6a,8bab4dff,a6177608,0.0
2025-01-25T22:06:00Z,147abc6a,8bab4dff,a6177608,0.0
2025-01-25T22:09:00Z,147abc6a,8bab4dff,a6177608,0.0
2025-01-25T22:12:00Z,147abc6a,8bab4dff,a6177608,0.0
2025-01-25T22:15:00Z,147abc6a,8bab4dff,a6177608,0.0
2025-01-25T22:18:00Z,147abc6a,8bab4dff,a6177608,0.0
2025-01-25T22:21:00Z,147abc6a,8bab4dff,a6177608,0.0
2025-01-25T22:24:00Z,147abc6a,8bab4dff,a6177608,0.0
2025-01-25T22:27:00Z,147abc6a,8bab4dff,a6177608,0.0
2025-01-25T22:30:00Z,147abc6a,8bab4dff,a6177608,0.0
2025-01-25T22:33:00Z,147abc6a,8bab4dff,a6177608,0.0
2025-01-25T22:36:00Z,147abc6a,8bab4dff,a6177608,0.0
2025-01-25T22:39:00Z,147abc6a,8bab4dff,a6177608,0.0
2025-01-25T22:42:00Z,147abc6a,8bab4dff,a6177608,0.0
2025-01-25T22:45:00Z,147abc6a,8bab4dff,a6177608,0.0
2025-01-25T22:48:00Z,147abc6a,8bab4dff,a6177608,0.0
2025-01-25T22:51:00Z,147abc6a,8bab4dff,a6177608,0.01
2025-01-25T22:54:00Z,147abc6a,8bab4dff,a6177608,0.0
2025-01-25T22:57:00Z,147abc6a,8bab4dff,a6177608,0.0
2025-01-25T23:00:00Z,147abc6a,8bab4dff,a6177608,0.0
2025-01-25T23:03:00Z,147abc6a,8bab4dff,a6177608,0.0
2025-01-25T23:06:00Z,147abc6a,8bab4dff,a6177608,0.0
2025-01-25T23:09:00Z,147abc6a,8bab4dff,a6177608,0.0
2025-01-25T23:12:00Z,147abc6a,8bab4dff,a6177608,0.0
2025-01-25T23:15:00Z,147abc6a,8bab4dff,a6177608,0.0
2025-01-25T23:18:00Z,147abc6a,8bab4dff,a6177608,0.0
2025-01-25T23:21:00Z,147abc6a,8bab4dff,a6177608,0.0
2025-01-25T23:24:00Z,147abc6a,8bab4dff,a6177608,0.0
2025-01-25T23:27:00Z,147abc6a,8bab4dff,a6177608,0.0
2025-01-25T23:30:00Z,147abc6a,8bab4dff,a6177608,0.0
2025-01-25T23:33:00Z,147abc6a,8bab4dff,a6177608,0.0
2025-01-25T23:36:00Z,147abc6a,8bab4dff,a6177608,0.0
2025-01-25T23:39:00Z,147abc6a,8bab4dff,a6177608,0.0
2025-01-25T23:42:00Z,147abc6a,8bab4dff,a6177608,0.0
2025-01-25T23:45:00Z,147abc6a,8bab4dff,a6177608,0.0
2025-01-25T23:48:00Z,147abc6a,8bab4dff,a6177608,0.0
2025-01-25T23:51:00Z,147abc6a,8bab4dff,a6177608,0.0
2025-01-25T23:54:00Z,147abc6a,8bab4dff,a6177608,0.0
2025-01-25T23:57:00Z,147abc6a,8bab4dff,a6177608,0.0
2025-01-26T00:00:00Z,147abc6a,8bab4dff,a6177608,0.0
2025-01-26T00:03:00Z,147abc6a,8bab4dff,a6177608,0.0
2025-01-26T00:06:00Z,147abc6a,8bab4dff,a6177608,0.0
2025-01-26T00:09:00Z,147abc6a,8bab4dff,a6177608,0.0
2025-01-26T00:12:00Z,147abc6a,8bab4dff,a6177608,0.0
2025-01-26T00:15:00Z,147abc6a,8bab4dff,a6177608,0.0
2025-01-26T00:18:00Z,147abc6a,8bab4dff,a6177608,0.0
2025-01-26T00:21:00Z,147abc6a,8bab4dff,a6177608,0.0
2025-01-26T00:24:00Z,147abc6a,8bab4dff,a6177608,0.0
2025-01-26T00:27:00Z,147abc6a,8bab4dff,a6177608,0.0
2025-01-26T00:30:00Z,147abc6a,8bab4dff,a6177608,0.0
2025-01-26T00:33:00Z,147abc6a,8bab4dff,a6177608,0.0
2025-01-26T00:36:00Z,147abc6a,8bab4dff,a6177608,0.0
2025-01-26T00:39:00Z,147abc6a,8bab4dff,a6177608,0.0
2025-01-26T00:42:00Z,147abc6a,8bab4dff,a6177608,0.0
2025-01-26T00:45:00Z,147abc6a,8bab4dff,a6177608,0.0
2025-01-26T00:48:00Z,147abc6a,8bab4dff,a6177608,0.0
2025-01-26T00:51:00Z,147abc6a,8bab4dff,a6177608,0.0
2025-01-26T00:54:00Z,147abc6a,8bab4dff,a6177608,0.0
2025-01-26T00:57:00Z,147abc6a,8bab4dff,a6177608,0.0
2025-01-26T01:00:00Z,147abc6a,8bab4dff,a6177608,0.0
2025-01-26T01:03:00Z,147abc6a,8bab4dff,a6177608,0.0
2025-01-26T01:06:00Z,147abc6a,8bab4dff,a6177608,0.0
2025-01-26T01:09:00Z,147abc6a,8bab4dff,a6177608,0.0
2025-01-26T01:12:00Z,147abc6a,8bab4dff,a6177608,0.0
2025-01-26T01:15:00Z,147abc6a,8bab4dff,a6177608,0.0
2025-01-26T01:18:00Z,147abc6a,8bab4dff,a6177608,0.0
2025-01-26T01:21:00Z,147abc6a,8bab4dff,a6177608,0.0
2025-01-26T01:24:00Z,147abc6a,8bab4dff,a6177608,0.0
2025-01-26T01:27:00Z,147abc6a,8bab4dff,a6177608,0.0
2025-01-26T01:30:00Z,147abc6a,8bab4dff,a6177608,0.0
2025-01-26T01:33:00Z,147abc6a,8bab4dff,a6177608,0.0
2025-01-26T01:36:00Z,147abc6a,8bab4dff,a6177608,0.0
2025-01-26T01:39:00Z,147abc6a,8bab4dff,a6177608,0.0
2025-01-26T01:42:00Z,147abc6a,8bab4dff,a6177608,0.0
2025-01-26T01:45:00Z,147abc6a,8bab4dff,a6177608,0.0
2025-01-26T01:48:00Z,147abc6a,8bab4dff,a6177608,0.0
2025-01-26T01:51:00Z,147abc6a,8bab4dff,a6177608,0.0
2025-01-26T01:54:00Z,147abc6a,8bab4dff,a6177608,0.0
2025-01-26T01:57:00Z,147abc6a,8bab4dff,a6177608,0.0
2025-01-26T02:00:00Z,147abc6a,8bab4dff,a6177608,0.0
2025-01-26T02:03:00Z,147abc6a,8bab4dff,a6177608,0.0
2025-01-26T02:06:00Z,147abc6a,8bab4dff,a6177608,0.0
2025-01-26T02:09:00Z,147abc6a,8bab4dff,a6177608,0.0
2025-01-26T02:12:00Z,147abc6a,8bab4dff,a6177608,0.0
2025-01-26T02:15:00Z,147abc6a,8bab4dff,a6177608,0.0
2025-01-26T02:18:00Z,147abc6a,8bab4dff,a6177608,0.0
2025-01-26T02:21:00Z,147abc6a,8bab4dff,a6177608,0.0
2025-01-26T02:24:00Z,147abc6a,8bab4dff,a6177608,0.0
2025-01-26T02:27:00Z,147abc6a,8bab4dff,a6177608,0.0
2025-01-26T02:30:00Z,147abc6a,8bab4dff,a6177608,0.0
2025-01-26T02:33:00Z,147abc6a,8bab4dff,a6177608,0.0
2025-01-26T02:36:00Z,147abc6a,8bab4dff,a6177608,0.0
2025-01-26T02:39:00Z,147abc6a,8bab4dff,a6177608,0.0
2025-01-26T02:42:00Z,147abc6a,8bab4dff,a6177608,0.0
2025-01-26T02:45:00Z,147abc6a,8bab4dff,a6177608,0.0
2025-01-26T02:48:00Z,147abc6a,8bab4dff,a6177608,0.0
2025-01-26T02:51:00Z,147abc6a,8bab4dff,a6177608,0.0
2025-01-26T02:54:00Z,147abc6a,8bab4dff,a6177608,0.0
2025-01-26T02:57:00Z,147abc6a,8bab4dff,a6177608,0.0
2025-01-26T03:00:00Z,147abc6a,8bab4dff,a6177608,0.0
2025-01-26T03:03:00Z,147abc6a,8bab4dff,a6177608,0.0
2025-01-26T03:06:00Z,147abc6a,8bab4dff,a6177608,0.0
2025-01-26T03:09:00Z,147abc6a,8bab4dff,a6177608,0.0
2025-01-26T03:12:00Z,147abc6a,8bab4dff,a6177608,0.0
2025-01-26T03:15:00Z,147abc6a,8bab4dff,a6177608,0.0
2025-01-26T03:18:00Z,147abc6a,8bab4dff,a6177608,0.0
2025-01-26T03:21:00Z,147abc6a,8bab4dff,a6177608,0.0
2025-01-26T03:24:00Z,147abc6a,8bab4dff,a6177608,0.0
2025-01-26T03:27:00Z,147abc6a,8bab4dff,a6177608,0.0
2025-01-26T03:30:00Z,147abc6a,8bab4dff,a6177608,0.0
2025-01-26T03:33:00Z,147abc6a,8bab4dff,a6177608,0.0
2025-01-26T03:36:00Z,147abc6a,8bab4dff,a6177608,0.0
2025-01-26T03:39:00Z,147abc6a,8bab4dff,a6177608,0.0
2025-01-26T03:42:00Z,147abc6a,8bab4dff,a6177608,0.0
2025-01-26T03:45:00Z,147abc6a,8bab4dff,a6177608,0.0
2025-01-26T03:48:00Z,147abc6a,8bab4dff,a6177608,0.0
2025-01-26T03:51:00Z,147abc6a,8bab4dff,a6177608,0.0
2025-01-26T03:54:00Z,147abc6a,8bab4dff,a6177608,0.0
2025-01-26T03:57:00Z,147abc6a,8bab4dff,a6177608,0.0
2025-01-26T04:00:00Z,147abc6a,8bab4dff,a6177608,0.0
2025-01-26T04:03:00Z,147abc6a,8bab4dff,a6177608,0.0
2025-01-26T04:06:00Z,147abc6a,8bab4dff,a6177608,0.0
2025-01-26T04:09:00Z,147abc6a,8bab4dff,a6177608,0.0
2025-01-26T04:12:00Z,147abc6a,8bab4dff,a6177608,0.0
2025-01-26T04:15:00Z,147abc6a,8bab4dff,a6177608,0.0
2025-01-26T04:18:00Z,147abc6a,8bab4dff,a6177608,0.0
2025-01-26T04:21:00Z,147abc6a,8bab4dff,a6177608,0.0
2025-01-26T04:24:00Z,147abc6a,8bab4dff,a6177608,0.0
2025-01-26T04:27:00Z,147abc6a,8bab4dff,a6177608,0.0
2025-01-26T04:30:00Z,147abc6a,8bab4dff,a6177608,0.0
2025-01-26T04:33:00Z,147abc6a,8bab4dff,a6177608,0.0
2025-01-26T04:36:00Z,147abc6a,8bab4dff,a6177608,0.0
2025-01-26T04:39:00Z,147abc6a,8bab4dff,a6177608,0.0
2025-01-26T04:42:00Z,147abc6a,8bab4dff,a6177608,0.0
2025-01-26T04:45:00Z,147abc6a,8bab4dff,a6177608,0.0
2025-01-26T04:48:00Z,147abc6a,8bab4dff,a6177608,0.0
2025-01-26T04:51:00Z,147abc6a,8bab4dff,a6177608,0.0
2025-01-26T04:54:00Z,147abc6a,8bab4dff,a6177608,0.0
2025-01-26T04:57:00Z,147abc6a,8bab4dff,a6177608,0.0
2025-01-26T05:00:00Z,147abc6a,8bab4dff,a6177608,0.0
2025-01-26T05:03:00Z,147abc6a,8bab4dff,a6177608,0.0
2025-01-26T05:06:00Z,147abc6a,8bab4dff,a6177608,0.0
2025-01-26T05:09:00Z,147abc6a,8bab4dff,a6177608,0.0
2025-01-26T05:12:00Z,147abc6a,8bab4dff,a6177608,0.0
2025-01-26T05:15:00Z,147abc6a,8bab4dff,a6177608,0.0
2025-01-26T05:18:00Z,147abc6a,8bab4dff,a6177608,0.0
2025-01-26T05:21:00Z,147abc6a,8bab4dff,a6177608,0.0
2025-01-26T05:24:00Z,147abc6a,8bab4dff,a6177608,0.0
2025-01-26T05:27:00Z,147abc6a,8bab4dff,a6177608,0.0
2025-01-26T05:30:00Z,147abc6a,8bab4dff,a6177608,0.0
2025-01-26T05:33:00Z,147abc6a,8bab4dff,a6177608,0.0
2025-01-26T05:36:00Z,147abc6a,8bab4dff,a6177608,0.0
2025-01-26T05:39:00Z,147abc6a,8bab4dff,a6177608,0.0
2025-01-26T05:42:00Z,147abc6a,8bab4dff,a6177608,0.0
2025-01-26T05:45:00Z,147abc6a,8bab4dff,a6177608,0.0
2025-01-26T05:48:00Z,147abc6a,8bab4dff,a6177608,0.0
2025-01-26T05:51:00Z,147abc6a,8bab4dff,a6177608,0.0
2025-01-26T05:54:00Z,147abc6a,8bab4dff,a6177608,0.0
2025-01-26T05:57:00Z,147abc6a,8bab4dff,a6177608,0.0
2025-01-26T06:00:00Z,147abc6a,8bab4dff,a6177608,0.0
2025-01-26T06:03:00Z,147abc6a,8bab4dff,a6177608,0.0
2025-01-26T06:06:00Z,147abc6a,8bab4dff,a6177608,0.0
2025-01-26T06:09:00Z,147abc6a,8bab4dff,a6177608,0.0
2025-01-26T06:12:00Z,147abc6a,8bab4dff,a6177608,0.0
2025-01-26T06:15:00Z,147abc6a,8bab4dff,a6177608,0.01
2025-01-26T06:18:00Z,147abc6a,8bab4dff,a6177608,0.0
2025-01-26T06:21:00Z,147abc6a,8bab4dff,a6177608,0.0
2025-01-26T06:24:00Z,147abc6a,8bab4dff,a6177608,0.0
2025-01-26T06:27:00Z,147abc6a,8bab4dff,a6177608,0.0
2025-01-26T06:30:00Z,147abc6a,8bab4dff,a6177608,0.0
2025-01-26T06:33:00Z,147abc6a,8bab4dff,a6177608,0.0
2025-01-26T06:36:00Z,147abc6a,8bab4dff,a6177608,0.0
2025-01-26T06:39:00Z,147abc6a,8bab4dff,a6177608,0.0
2025-01-26T06:42:00Z,147abc6a,8bab4dff,a6177608,0.0
2025-01-26T06:45:00Z,147abc6a,8bab4dff,a6177608,0.02
2025-01-26T06:48:00Z,147abc6a,8bab4dff,a6177608,0.0
2025-01-26T06:51:00Z,147abc6a,8bab4dff,a6177608,0.0
2025-01-26T06:54:00Z,147abc6a,8bab4dff,a6177608,0.0
2025-01-26T06:57:00Z,147abc6a,8bab4dff,a6177608,0.0
2025-01-26T07:00:00Z,147abc6a,8bab4dff,a6177608,0.0
2025-01-26T07:03:00Z,147abc6a,8bab4dff,a6177608,0.0
2025-01-26T07:06:00Z,147abc6a,8bab4dff,a6177608,0.0
2025-01-26T07:09:00Z,147abc6a,8bab4dff,a6177608,0.0
2025-01-26T07:12:00Z,147abc6a,8bab4dff,a6177608,0.0
2025-01-26T07:15:00Z,147abc6a,8bab4dff,a6177608,0.0
2025-01-26T07:18:00Z,147abc6a,8bab4dff,a6177608,0.0
2025-01-26T07:21:00Z,147abc6a,8bab4dff,a6177608,0.0
2025-01-26T07:24:00Z,147abc6a,8bab4dff,a6177608,0.0
2025-01-26T07:27:00Z,147abc6a,8bab4dff,a6177608,0.0
2025-01-26T07:30:00Z,147abc6a,8bab4dff,a6177608,0.0
2025-01-26T07:33:00Z,147abc6a,8bab4dff,a6177608,0.0
2025-01-26T07:36:00Z,147abc6a,8bab4dff,a6177608,0.0
2025-01-26T07:39:00Z,147abc6a,8bab4dff,a6177608,0.0
2025-01-26T07:42:00Z,147abc6a,8bab4dff,a6177608,0.0
2025-01-26T07:45:00Z,147abc6a,8bab4dff,a6177608,0.0
2025-01-26T07:48:00Z,147abc6a,8bab4dff,a6177608,0.0
2025-01-26T07:51:00Z,147abc6a,8bab4dff,a6177608,0.0
2025-01-26T07:54:00Z,147abc6a,8bab4dff,a6177608,0.0
2025-01-26T07:57:00Z,147abc6a,8bab4dff,a6177608,0.0
2025-01-26T08:00:00Z,147abc6a,8bab4dff,a6177608,0.0
2025-01-26T08:03:00Z,147abc6a,8bab4dff,a6177608,0.0
2025-01-26T08:06:00Z,147abc6a,8bab4dff,a6177608,0.0
2025-01-26T08:09:00Z,147abc6a,8bab4dff,a6177608,0.0
2025-01-26T08:12:00Z,147abc6a,8bab4dff,a6177608,0.0
2025-01-26T08:15:00Z,147abc6a,8bab4dff,a6177608,0.0
2025-01-26T08:18:00Z,147abc6a,8bab4dff,a6177608,0.0
2025-01-26T08:21:00Z,147abc6a,8bab4dff,a6177608,0.0
2025-01-26T08:24:00Z,147abc6a,8bab4dff,a6177608,0.0
2025-01-26T08:27:00Z,147abc6a,8bab4dff,a6177608,0.0
2025-01-26T08:30:00Z,147abc6a,8bab4dff,a6177608,0.0
2025-01-26T08:33:00Z,147abc6a,8bab4dff,a6177608,0.0
2025-01-26T08:36:00Z,147abc6a,8bab4dff,a6177608,0.0
2025-01-26T08:39:00Z,147abc6a,8bab4dff,a6177608,0.0
2025-01-26T08:42:00Z,147abc6a,8bab4dff,a6177608,0.0
2025-01-26T08:45:00Z,147abc6a,8bab4dff,a6177608,0.0
2025-01-26T08:48:00Z,147abc6a,8bab4dff,a6177608,0.0
2025-01-26T08:51:00Z,147abc6a,8bab4dff,a6177608,0.0
2025-01-26T08:54:00Z,147abc6a,8bab4dff,a6177608,0.0
2025-01-26T08:57:00Z,147abc6a,8bab4dff,a6177608,0.0
2025-01-26T09:00:00Z,147abc6a,8bab4dff,a6177608,0.0
2025-01-26T09:03:00Z,147abc6a,8bab4dff,a6177608,0.0
2025-01-26T09:06:00Z,147abc6a,8bab4dff,a6177608,0.0
2025-01-26T09:09:00Z,147abc6a,8bab4dff,a6177608,0.0
2025-01-26T09:12:00Z,147abc6a,8bab4dff,a6177608,0.0
2025-01-26T09:15:00Z,147abc6a,8bab4dff,a6177608,0.0
2025-01-26T09:18:00Z,147abc6a,8bab4dff,a6177608,0.0
2025-01-26T09:21:00Z,147abc6a,8bab4dff,a6177608,0.0
2025-01-26T09:24:00Z,147abc6a,8bab4dff,a6177608,0.0
2025-01-26T09:27:00Z,147abc6a,8bab4dff,a6177608,0.0
2025-01-26T09:30:00Z,147abc6a,8bab4dff,a6177608,0.0
2025-01-26T09:33:00Z,147abc6a,8bab4dff,a6177608,0.0
2025-01-26T09:36:00Z,147abc6a,8bab4dff,a6177608,0.0
2025-01-26T09:39:00Z,147abc6a,8bab4dff,a6177608,0.0
2025-01-26T09:42:00Z,147abc6a,8bab4dff,a6177608,0.0
2025-01-26T09:45:00Z,147abc6a,8bab4dff,a6177608,0.0
2025-01-26T09:48:00Z,147abc6a,8bab4dff,a6177608,0.0
2025-01-26T09:51:00Z,147abc6a,8bab4dff,a6177608,0.0
2025-01-26T09:54:00Z,147abc6a,8bab4dff,a6177608,0.0
2025-01-26T09:57:00Z,147abc6a,8bab4dff,a6177608,0.0
2025-01-26T10:00:00Z,147abc6a,8bab4dff,a6177608,0.0
2025-01-26T10:03:00Z,147abc6a,8bab4dff,a6177608,0.0
2025-01-26T10:06:00Z,147abc6a,8bab4dff,a6177608,0.0
2025-01-26T10:09:00Z,147abc6a,8bab4dff,a6177608,0.0
2025-01-26T10:12:00Z,147abc6a,8bab4dff,a6177608,0.0
2025-01-26T10:15:00Z,147abc6a,8bab4dff,a6177608,0.0
2025-01-26T10:18:00Z,147abc6a,8bab4dff,a6177608,0.0
2025-01-26T10:21:00Z,147abc6a,8bab4dff,a6177608,0.0
2025-01-26T10:24:00Z,147abc6a,8bab4dff,a6177608,0.0
2025-01-26T10:27:00Z,147abc6a,8bab4dff,a6177608,0.0
2025-01-26T10:30:00Z,147abc6a,8bab4dff,a6177608,0.0
2025-01-26T10:33:00Z,147abc6a,8bab4dff,a6177608,0.0
2025-01-26T10:36:00Z,147abc6a,8bab4dff,a6177608,0.0
2025-01-26T10:39:00Z,147abc6a,8bab4dff,a6177608,0.0
2025-01-26T10:42:00Z,147abc6a,8bab4dff,a6177608,0.0
2025-01-26T10:45:00Z,147abc6a,8bab4dff,a6177608,0.0
2025-01-26T10:48:00Z,147abc6a,8bab4dff,a6177608,0.0
2025-01-26T10:51:00Z,147abc6a,8bab4dff,a6177608,0.0
2025-01-26T10:54:00Z,147abc6a,8bab4dff,a6177608,0.0
2025-01-26T10:57:00Z,147abc6a,8bab4dff,a6177608,0.0
2025-01-26T11:00:00Z,147abc6a,8bab4dff,a6177608,0.0
2025-01-26T11:03:00Z,147abc6a,8bab4dff,a6177608,0.0
2025-01-26T11:06:00Z,147abc6a,8bab4dff,a6177608,0.0
2025-01-26T11:09:00Z,147abc6a,8bab4dff,a6177608,0.0
2025-01-26T11:12:00Z,147abc6a,8bab4dff,a6177608,0.0
2025-01-26T11:15:00Z,147abc6a,8bab4dff,a6177608,0.0
2025-01-26T11:18:00Z,147abc6a,8bab4dff,a6177608,0.0
2025-01-26T11:21:00Z,147abc6a,8bab4dff,a6177608,0.0
2025-01-26T11:24:00Z,147abc6a,8bab4dff,a6177608,0.0
2025-01-26T11:27:00Z,147abc6a,8bab4dff,a6177608,0.0
2025-01-26T11:30:00Z,147abc6a,8bab4dff,a6177608,0.08
2025-01-26T11:33:00Z,147abc6a,8bab4dff,a6177608,0.0
2025-01-26T11:36:00Z,147abc6a,8bab4dff,a6177608,0.0
2025-01-26T11:39:00Z,147abc6a,8bab4dff,a6177608,0.0
2025-01-26T11:42:00Z,147abc6a,8bab4dff,a6177608,0.0
2025-01-26T11:45:00Z,147abc6a,8bab4dff,a6177608,0.0
2025-01-26T11:48:00Z,147abc6a,8bab4dff,a6177608,0.0
2025-01-26T11:51:00Z,147abc6a,8bab4dff,a6177608,0.0
2025-01-26T11:54:00Z,147abc6a,8bab4dff,a6177608,0.0
2025-01-26T11:57:00Z,147abc6a,8bab4dff,a6177608,0.0
2025-01-26T12:00:00Z,147abc6a,8bab4dff,a6177608,0.0
2025-01-26T12:03:00Z,147abc6a,8bab4dff,a6177608,0.0
2025-01-26T12:06:00Z,147abc6a,8bab4dff,a6177608,0.0
2025-01-26T12:09:00Z,147abc6a,8bab4dff,a6177608,0.0
2025-01-26T12:12:00Z,147abc6a,8bab4dff,a6177608,0.0
2025-01-26T12:15:00Z,147abc6a,8bab4dff,a6177608,0.0
2025-01-26T12:18:00Z,147abc6a,8bab4dff,a6177608,0.0
2025-01-26T12:21:00Z,147abc6a,8bab4dff,a6177608,0.0
2025-01-26T12:24:00Z,147abc6a,8bab4dff,a6177608,0.0
2025-01-26T12:27:00Z,147abc6a,8bab4dff,a6177608,0.0
2025-01-26T12:30:00Z,147abc6a,8bab4dff,a6177608,0.0
2025-01-26T12:33:00Z,147abc6a,8bab4dff,a6177608,0.0
2025-01-26T12:36:00Z,147abc6a,8bab4dff,a6177608,0.0
2025-01-26T12:39:00Z,147abc6a,8bab4dff,a6177608,0.0
2025-01-26T12:42:00Z,147abc6a,8bab4dff,a6177608,0.0
2025-01-26T12:45:00Z,147abc6a,8bab4dff,a6177608,0.0
2025-01-26T12:48:00Z,147abc6a,8bab4dff,a6177608,0.0
2025-01-26T12:51:00Z,147abc6a,8bab4dff,a6177608,0.0
2025-01-26T12:54:00Z,147abc6a,8bab4dff,a6177608,0.0
2025-01-26T12:57:00Z,147abc6a,8bab4dff,a6177608,0.0
2025-01-26T13:00:00Z,147abc6a,8bab4dff,a6177608,0.0
2025-01-26T13:03:00Z,147abc6a,8bab4dff,a6177608,0.0
2025-01-26T13:06:00Z,147abc6a,8bab4dff,a6177608,0.0
2025-01-26T13:09:00Z,147abc6a,8bab4dff,a6177608,0.0
2025-01-26T13:12:00Z,147abc6a,8bab4dff,a6177608,0.0
2025-01-26T13:15:00Z,147abc6a,8bab4dff,a6177608,0.0
2025-01-26T13:18:00Z,147abc6a,8bab4dff,a6177608,0.0
2025-01-26T13:21:00Z,147abc6a,8bab4dff,a6177608,0.0
2025-01-26T13:24:00Z,147abc6a,8bab4dff,a6177608,0.0
2025-01-26T13:27:00Z,147abc6a,8bab4dff,a6177608,0.0
2025-01-26T13:30:00Z,147abc6a,8bab4dff,a6177608,0.0
2025-01-26T13:33:00Z,147abc6a,8bab4dff,a6177608,0.0
2025-01-26T13:36:00Z,147abc6a,8bab4dff,a6177608,0.0
2025-01-26T13:39:00Z,147abc6a,8bab4dff,a6177608,0.0
2025-01-26T13:42:00Z,147abc6a,8bab4dff,a6177608,0.0
2025-01-26T13:45:00Z,147abc6a,8bab4dff,a6177608,0.0
2025-01-26T13:48:00Z,147abc6a,8bab4dff,a6177608,0.0
2025-01-26T13:51:00Z,147abc6a,8bab4dff,a6177608,0.0
2025-01-26T13:54:00Z,147abc6a,8bab4dff,a6177608,0.0
2025-01-26T13:57:00Z,147abc6a,8bab4dff,a6177608,0.0
2025-01-26T14:00:00Z,147abc6a,8bab4dff,a6177608,0.0
2025-01-26T14:03:00Z,147abc6a,8bab4dff,a6177608,0.0
2025-01-26T14:06:00Z,147abc6a,8bab4dff,a6177608,0.0
2025-01-26T14:09:00Z,147abc6a,8bab4dff,a6177608,0.0
2025-01-26T14:12:00Z,147abc6a,8bab4dff,a6177608,0.0
2025-01-26T14:15:00Z,147abc6a,8bab4dff,a6177608,0.0
2025-01-26T14:18:00Z,147abc6a,8bab4dff,a6177608,0.0
2025-01-26T14:21:00Z,147abc6a,8bab4dff,a6177608,0.0
2025-01-26T14:24:00Z,147abc6a,8bab4dff,a6177608,0.0
2025-01-26T14:27:00Z,147abc6a,8bab4dff,a6177608,0.0
2025-01-26T14:30:00Z,147abc6a,8bab4dff,a6177608,0.0
2025-01-26T14:33:00Z,147abc6a,8bab4dff,a6177608,0.0
2025-01-26T14:36:00Z,147abc6a,8bab4dff,a6177608,0.0
2025-01-26T14:39:00Z,147abc6a,8bab4dff,a6177608,0.0
2025-01-26T14:42:00Z,147abc6a,8bab4dff,a6177608,0.0
2025-01-26T14:45:00Z,147abc6a,8bab4dff,a6177608,0.0
2025-01-26T14:48:00Z,147abc6a,8bab4dff,a6177608,0.0
2025-01-26T14:51:00Z,147abc6a,8bab4dff,a6177608,0.0
2025-01-26T14:54:00Z,147abc6a,8bab4dff,a6177608,0.0
2025-01-26T14:57:00Z,147abc6a,8bab4dff,a6177608,0.0
2025-01-26T15:00:00Z,147abc6a,8bab4dff,a6177608,0.0
2025-01-26T15:03:00Z,147abc6a,8bab4dff,a6177608,0.0
2025-01-26T15:06:00Z,147abc6a,8bab4dff,a6177608,0.0
2025-01-26T15:09:00Z,147abc6a,8bab4dff,a6177608,0.0
2025-01-26T15:12:00Z,147abc6a,8bab4dff,a6177608,0.0
2025-01-26T15:15:00Z,147abc6a,8bab4dff,a6177608,0.0
2025-01-26T15:18:00Z,147abc6a,8bab4dff,a6177608,0.0
2025-01-26T15:21:00Z,147abc6a,8bab4dff,a6177608,0.0
2025-01-26T15:24:00Z,147abc6a,8bab4dff,a6177608,0.0
2025-01-26T15:27:00Z,147abc6a,8bab4dff,a6177608,0.0
2025-01-26T15:30:00Z,147abc6a,8bab4dff,a6177608,0.0
2025-01-26T15:33:00Z,147abc6a,8bab4dff,a6177608,0.0
2025-01-26T15:36:00Z,147abc6a,8bab4dff,a6177608,0.0
2025-01-26T15:39:00Z,147abc6a,8bab4dff,a6177608,0.0
2025-01-26T15:42:00Z,147abc6a,8bab4dff,a6177608,0.0
2025-01-26T15:45:00Z,147abc6a,8bab4dff,a6177608,0.0
2025-01-26T15:48:00Z,147abc6a,8bab4dff,a6177608,0.0
2025-01-26T15:51:00Z,147abc6a,8bab4dff,a6177608,0.0
2025-01-26T15:54:00Z,147abc6a,8bab4dff,a6177608,0.0
2025-01-26T15:57:00Z,147abc6a,8bab4dff,a6177608,0.0
2025-01-26T16:00:00Z,147abc6a,8bab4dff,a6177608,0.0
2025-01-26T16:03:00Z,147abc6a,8bab4dff,a6177608,0.0
2025-01-26T16:06:00Z,147abc6a,8bab4dff,a6177608,0.0
2025-01-26T16:09:00Z,147abc6a,8bab4dff,a6177608,0.0
2025-01-26T16:12:00Z,147abc6a,8bab4dff,a6177608,0.0
2025-01-26T16:15:00Z,147abc6a,8bab4dff,a6177608,0.0
2025-01-26T16:18:00Z,147abc6a,8bab4dff,a6177608,0.0
2025-01-26T16:21:00Z,147abc6a,8bab4dff,a6177608,0.0
2025-01-26T16:24:00Z,147abc6a,8bab4dff,a6177608,0.0
2025-01-26T16:27:00Z,147abc6a,8bab4dff,a6177608,0.0
2025-01-26T16:30:00Z,147abc6a,8bab4dff,a6177608,0.0
2025-01-26T16:33:00Z,147abc6a,8bab4dff,a6177608,0.0
2025-01-26T16:36:00Z,147abc6a,8bab4dff,a6177608,0.0
2025-01-26T16:39:00Z,147abc6a,8bab4dff,a6177608,0.0
2025-01-26T16:42:00Z,147abc6a,8bab4dff,a6177608,0.0
2025-01-26T16:45:00Z,147abc6a,8bab4dff,a6177608,0.0
2025-01-26T16:48:00Z,147abc6a,8bab4dff,a6177608,0.0
2025-01-26T16:51:00Z,147abc6a,8bab4dff,a6177608,0.0
2025-01-26T16:54:00Z,147abc6a,8bab4dff,a6177608,0.0
2025-01-26T16:57:00Z,147abc6a,8bab4dff,a6177608,0.0
2025-01-26T17:00:00Z,147abc6a,8bab4dff,a6177608,0.0
2025-01-26T17:03:00Z,147abc6a,8bab4dff,a6177608,0.0
2025-01-26T17:06:00Z,147abc6a,8bab4dff,a6177608,0.0
2025-01-26T17:09:00Z,147abc6a,8bab4dff,a6177608,0.0
2025-01-26T17:12:00Z,147abc6a,8bab4dff,a6177608,0.0
2025-01-26T17:15:00Z,147abc6a,8bab4dff,a6177608,0.0
2025-01-26T17:18:00Z,147abc6a,8bab4dff,a6177608,0.0
2025-01-26T17:21:00Z,147abc6a,8bab4dff,a6177608,0.0
2025-01-26T17:24:00Z,147abc6a,8bab4dff,a6177608,0.0
2025-01-26T17:27:00Z,147abc6a,8bab4dff,a6177608,0.0
2025-01-26T17:30:00Z,147abc6a,8bab4dff,a6177608,0.0
2025-01-26T17:33:00Z,147abc6a,8bab4dff,a6177608,0.0
2025-01-26T17:36:00Z,147abc6a,8bab4dff,a6177608,0.0
2025-01-26T17:39:00Z,147abc6a,8bab4dff,a6177608,0.0
2025-01-26T17:42:00Z,147abc6a,8bab4dff,a6177608,0.0
2025-01-26T17:45:00Z,147abc6a,8bab4dff,a6177608,0.0
2025-01-26T17:48:00Z,147abc6a,8bab4dff,a6177608,0.0
2025-01-26T17:51:00Z,147abc6a,8bab4dff,a6177608,0.0
2025-01-26T17:54:00Z,147abc6a,8bab4dff,a6177608,0.0
2025-01-26T17:57:00Z,147abc6a,8bab4dff,a6177608,0.0
2025-01-26T18:00:00Z,147abc6a,8bab4dff,a6177608,0.0
2025-01-26T18:03:00Z,147abc6a,8bab4dff,a6177608,0.0
2025-01-26T18:06:00Z,147abc6a,8bab4dff,a6177608,0.0
2025-01-26T18:09:00Z,147abc6a,8bab4dff,a6177608,0.0
2025-01-26T18:12:00Z,147abc6a,8bab4dff,a6177608,0.0
2025-01-26T18:15:00Z,147abc6a,8bab4dff,a6177608,0.0
2025-01-26T18:18:00Z,147abc6a,8bab4dff,a6177608,0.0
2025-01-26T18:21:00Z,147abc6a,8bab4dff,a6177608,0.0
2025-01-26T18:24:00Z,147abc6a,8bab4dff,a6177608,0.0
2025-01-26T18:27:00Z,147abc6a,8bab4dff,a6177608,0.0
2025-01-26T18:30:00Z,147abc6a,8bab4dff,a6177608,0.0
2025-01-26T18:33:00Z,147abc6a,8bab4dff,a6177608,0.0
2025-01-26T18:36:00Z,147abc6a,8bab4dff,a6177608,0.0
2025-01-26T18:39:00Z,147abc6a,8bab4dff,a6177608,0.0
2025-01-26T18:42:00Z,147abc6a,8bab4dff,a6177608,0.0
2025-01-26T18:45:00Z,147abc6a,8bab4dff,a6177608,0.0
2025-01-26T18:48:00Z,147abc6a,8bab4dff,a6177608,0.0
2025-01-26T18:51:00Z,147abc6a,8bab4dff,a6177608,0.0
2025-01-26T18:54:00Z,147abc6a,8bab4dff,a6177608,0.0
2025-01-26T18:57:00Z,147abc6a,8bab4dff,a6177608,0.0
2025-01-26T19:00:00Z,147abc6a,8bab4dff,a6177608,0.0
2025-01-26T19:03:00Z,147abc6a,8bab4dff,a6177608,0.0
2025-01-26T19:06:00Z,147abc6a,8bab4dff,a6177608,0.0
2025-01-26T19:09:00Z,147abc6a,8bab4dff,a6177608,0.0
2025-01-26T19:12:00Z,147abc6a,8bab4dff,a6177608,0.0
2025-01-26T19:15:00Z,147abc6a,8bab4dff,a6177608,0.0
2025-01-26T19:18:00Z,147abc6a,8bab4dff,a6177608,0.0
2025-01-26T19:21:00Z,147abc6a,8bab4dff,a6177608,0.0
2025-01-26T19:24:00Z,147abc6a,8bab4dff,a6177608,0.0
2025-01-26T19:27:00Z,147abc6a,8bab4dff,a6177608,0.0
2025-01-26T19:30:00Z,147abc6a,8bab4dff,a6177608,0.0
2025-01-26T19:33:00Z,147abc6a,8bab4dff,a6177608,0.0
2025-01-26T19:36:00Z,147abc6a,8bab4dff,a6177608,0.0
2025-01-26T19:39:00Z,147abc6a,8bab4dff,a6177608,0.0
2025-01-26T19:42:00Z,147abc6a,8bab4dff,a6177608,0.0
2025-01-26T19:45:00Z,147abc6a,8bab4dff,a6177608,0.0
2025-01-26T19:48:00Z,147abc6a,8bab4dff,a6177608,0.0
2025-01-26T19:51:00Z,147abc6a,8bab4dff,a6177608,0.0
2025-01-26T19:54:00Z,147abc6a,8bab4dff,a6177608,0.0
2025-01-26T19:57:00Z,147abc6a,8bab4dff,a6177608,0.0
2025-01-26T20:00:00Z,147abc6a,8bab4dff,a6177608,0.0
2025-01-26T20:03:00Z,147abc6a,8bab4dff,a6177608,0.0
2025-01-26T20:06:00Z,147abc6a,8bab4dff,a6177608,0.0
2025-01-26T20:09:00Z,147abc6a,8bab4dff,a6177608,0.0
2025-01-26T20:12:00Z,147abc6a,8bab4dff,a6177608,0.0
2025-01-26T20:15:00Z,147abc6a,8bab4dff,a6177608,0.0
2025-01-26T20:18:00Z,147abc6a,8bab4dff,a6177608,0.0
2025-01-26T20:21:00Z,147abc6a,8bab4dff,a6177608,0.0
2025-01-26T20:24:00Z,147abc6a,8bab4dff,a6177608,0.0
2025-01-26T20:27:00Z,147abc6a,8bab4dff,a6177608,0.0
2025-01-26T20:30:00Z,147abc6a,8bab4dff,a6177608,0.0
2025-01-26T20:33:00Z,147abc6a,8bab4dff,a6177608,0.0
2025-01-26T20:36:00Z,147abc6a,8bab4dff,a6177608,0.0
2025-01-26T20:39:00Z,147abc6a,8bab4dff,a6177608,0.0
2025-01-26T20:42:00Z,147abc6a,8bab4dff,a6177608,0.0
2025-01-26T20:45:00Z,147abc6a,8bab4dff,a6177608,0.0
2025-01-26T20:48:00Z,147abc6a,8bab4dff,a6177608,0.0
2025-01-26T20:51:00Z,147abc6a,8bab4dff,a6177608,0.0
2025-01-26T20:54:00Z,147abc6a,8bab4dff,a6177608,0.0
2025-01-26T20:57:00Z,147abc6a,8bab4dff,a6177608,0.0
2025-01-26T21:00:00Z,147abc6a,8bab4dff,a6177608,0.0
2025-01-26T21:03:00Z,147abc6a,8bab4dff,a6177608,0.0
2025-01-26T21:06:00Z,147abc6a,8bab4dff,a6177608,0.0
2025-01-26T21:09:00Z,147abc6a,8bab4dff,a6177608,0.0
2025-01-26T21:12:00Z,147abc6a,8bab4dff,a6177608,0.0
2025-01-26T21:15:00Z,147abc6a,8bab4dff,a6177608,0.0
2025-01-26T21:18:00Z,147abc6a,8bab4dff,a6177608,0.0
2025-01-26T21:21:00Z,147abc6a,8bab4dff,a6177608,0.0
2025-01-26T21:24:00Z,147abc6a,8bab4dff,a6177608,0.0
2025-01-26T21:27:00Z,147abc6a,8bab4dff,a6177608,0.0
2025-01-26T21:30:00Z,147abc6a,8bab4dff,a6177608,0.0
2025-01-26T21:33:00Z,147abc6a,8bab4dff,a6177608,0.0
2025-01-26T21:36:00Z,147abc6a,8bab4dff,a6177608,0.0
2025-01-26T21:39:00Z,147abc6a,8bab4dff,a6177608,0.0
2025-01-26T21:42:00Z,147abc6a,8bab4dff,a6177608,0.0
2025-01-26T21:45:00Z,147abc6a,8bab4dff,a6177608,0.0
2025-01-26T21:48:00Z,147abc6a,8bab4dff,a6177608,0.0
2025-01-26T21:51:00Z,147abc6a,8bab4dff,a6177608,0.0
2025-01-26T21:54:00Z,147abc6a,8bab4dff,a6177608,0.0
2025-01-26T21:57:00Z,147abc6a,8bab4dff,a6177608,0.0
2025-01-26T22:00:00Z,147abc6a,8bab4dff,a6177608,0.0
2025-01-26T22:03:00Z,147abc6a,8bab4dff,a6177608,0.0
2025-01-26T22:06:00Z,147abc6a,8bab4dff,a6177608,0.0
2025-01-26T22:09:00Z,147abc6a,8bab4dff,a6177608,0.0
2025-01-26T22:12:00Z,147abc6a,8bab4dff,a6177608,0.0
2025-01-26T22:15:00Z,147abc6a,8bab4dff,a6177608,0.0
2025-01-26T22:18:00Z,147abc6a,8bab4dff,a6177608,0.0
2025-01-26T22:21:00Z,147abc6a,8bab4dff,a6177608,0.0
2025-01-26T22:24:00Z,147abc6a,8bab4dff,a6177608,0.0
2025-01-26T22:27:00Z,147abc6a,8bab4dff,a6177608,0.0
2025-01-26T22:30:00Z,147abc6a,8bab4dff,a6177608,0.0
2025-01-26T22:33:00Z,147abc6a,8bab4dff,a6177608,0.0
2025-01-26T22:36:00Z,147abc6a,8bab4dff,a6177608,0.0
2025-01-26T22:39:00Z,147abc6a,8bab4dff,a6177608,0.0
2025-01-26T22:42:00Z,147abc6a,8bab4dff,a6177608,0.0
2025-01-26T22:45:00Z,147abc6a,8bab4dff,a6177608,0.0
2025-01-26T22:48:00Z,147abc6a,8bab4dff,a6177608,0.0
2025-01-26T22:51:00Z,147abc6a,8bab4dff,a6177608,0.0
2025-01-26T22:54:00Z,147abc6a,8bab4dff,a6177608,0.0
2025-01-26T22:57:00Z,147abc6a,8bab4dff,a6177608,0.0
2025-01-26T23:00:00Z,147abc6a,8bab4dff,a6177608,0.0
2025-01-26T23:03:00Z,147abc6a,8bab4dff,a6177608,0.0
2025-01-26T23:06:00Z,147abc6a,8bab4dff,a6177608,0.0
2025-01-26T23:09:00Z,147abc6a,8bab4dff,a6177608,0.0
2025-01-26T23:12:00Z,147abc6a,8bab4dff,a6177608,0.0
2025-01-26T23:15:00Z,147abc6a,8bab4dff,a6177608,0.0
2025-01-26T23:18:00Z,147abc6a,8bab4dff,a6177608,0.0
2025-01-26T23:21:00Z,147abc6a,8bab4dff,a6177608,0.0
2025-01-26T23:24:00Z,147abc6a,8bab4dff,a6177608,0.0
2025-01-26T23:27:00Z,147abc6a,8bab4dff,a6177608,0.0
2025-01-26T23:30:00Z,147abc6a,8bab4dff,a6177608,0.0
2025-01-26T23:33:00Z,147abc6a,8bab4dff,a6177608,0.0
2025-01-26T23:36:00Z,147abc6a,8bab4dff,a6177608,0.01
2025-01-26T23:39:00Z,147abc6a,8bab4dff,a6177608,0.0
2025-01-26T23:42:00Z,147abc6a,8bab4dff,a6177608,0.0
2025-01-26T23:45:00Z,147abc6a,8bab4dff,a6177608,0.0
2025-01-26T23:48:00Z,147abc6a,8bab4dff,a6177608,0.0
2025-01-26T23:51:00Z,147abc6a,8bab4dff,a6177608,0.0
2025-01-26T23:54:00Z,147abc6a,8bab4dff,a6177608,0.0
2025-01-26T23:57:00Z,147abc6a,8bab4dff,a6177608,0.0
2025-01-27T00:00:00Z,147abc6a,8bab4dff,a6177608,0.0
2025-01-27T00:03:00Z,147abc6a,8bab4dff,a6177608,0.0
2025-01-27T00:06:00Z,147abc6a,8bab4dff,a6177608,0.0
2025-01-27T00:09:00Z,147abc6a,8bab4dff,a6177608,0.0
2025-01-27T00:12:00Z,147abc6a,8bab4dff,a6177608,0.0
2025-01-27T00:15:00Z,147abc6a,8bab4dff,a6177608,0.0
2025-01-27T00:18:00Z,147abc6a,8bab4dff,a6177608,0.0
2025-01-27T00:21:00Z,147abc6a,8bab4dff,a6177608,0.0
2025-01-27T00:24:00Z,147abc6a,8bab4dff,a6177608,0.0
2025-01-27T00:27:00Z,147abc6a,8bab4dff,a6177608,0.0
2025-01-27T00:30:00Z,147abc6a,8bab4dff,a6177608,0.0
2025-01-27T00:33:00Z,147abc6a,8bab4dff,a6177608,0.0
2025-01-27T00:36:00Z,147abc6a,8bab4dff,a6177608,0.0
2025-01-27T00:39:00Z,147abc6a,8bab4dff,a6177608,0.0
2025-01-27T00:42:00Z,147abc6a,8bab4dff,a6177608,0.0
2025-01-27T00:45:00Z,147abc6a,8bab4dff,a6177608,0.0
2025-01-27T00:48:00Z,147abc6a,8bab4dff,a6177608,0.0
2025-01-27T00:51:00Z,147abc6a,8bab4dff,a6177608,0.0
2025-01-27T00:54:00Z,147abc6a,8bab4dff,a6177608,0.0
2025-01-27T00:57:00Z,147abc6a,8bab4dff,a6177608,0.0
2025-01-27T01:00:00Z,147abc6a,8bab4dff,a6177608,0.0
2025-01-27T01:03:00Z,147abc6a,8bab4dff,a6177608,0.0
2025-01-27T01:06:00Z,147abc6a,8bab4dff,a6177608,0.0
2025-01-27T01:09:00Z,147abc6a,8bab4dff,a6177608,0.0
2025-01-27T01:12:00Z,147abc6a,8bab4dff,a6177608,0.0
2025-01-27T01:15:00Z,147abc6a,8bab4dff,a6177608,0.0
2025-01-27T01:18:00Z,147abc6a,8bab4dff,a6177608,0.01
2025-01-27T01:21:00Z,147abc6a,8bab4dff,a6177608,0.0
2025-01-27T01:24:00Z,147abc6a,8bab4dff,a6177608,0.0
2025-01-27T01:27:00Z,147abc6a,8bab4dff,a6177608,0.0
2025-01-27T01:30:00Z,147abc6a,8bab4dff,a6177608,0.0
2025-01-27T01:33:00Z,147abc6a,8bab4dff,a6177608,0.0
2025-01-27T01:36:00Z,147abc6a,8bab4dff,a6177608,0.0
2025-01-27T01:39:00Z,147abc6a,8bab4dff,a6177608,0.0
2025-01-27T01:42:00Z,147abc6a,8bab4dff,a6177608,0.0
2025-01-27T01:45:00Z,147abc6a,8bab4dff,a6177608,0.0
2025-01-27T01:48:00Z,147abc6a,8bab4dff,a6177608,0.0
2025-01-27T01:51:00Z,147abc6a,8bab4dff,a6177608,0.0
2025-01-27T01:54:00Z,147abc6a,8bab4dff,a6177608,0.0
2025-01-27T01:57:00Z,147abc6a,8bab4dff,a6177608,0.0
2025-01-27T02:00:00Z,147abc6a,8bab4dff,a6177608,0.0
2025-01-27T02:03:00Z,147abc6a,8bab4dff,a6177608,0.0
2025-01-27T02:06:00Z,147abc6a,8bab4dff,a6177608,0.0
2025-01-27T02:09:00Z,147abc6a,8bab4dff,a6177608,0.0
2025-01-27T02:12:00Z,147abc6a,8bab4dff,a6177608,0.0
2025-01-27T02:15:00Z,147abc6a,8bab4dff,a6177608,0.0
2025-01-27T02:18:00Z,147abc6a,8bab4dff,a6177608,0.0
2025-01-27T02:21:00Z,147abc6a,8bab4dff,a6177608,0.0
2025-01-27T02:24:00Z,147abc6a,8bab4dff,a6177608,0.0
2025-01-27T02:27:00Z,147abc6a,8bab4dff,a6177608,0.0
2025-01-27T02:30:00Z,147abc6a,8bab4dff,a6177608,0.0
2025-01-27T02:33:00Z,147abc6a,8bab4dff,a6177608,0.0
2025-01-27T02:36:00Z,147abc6a,8bab4dff,a6177608,0.0
2025-01-27T02:39:00Z,147abc6a,8bab4dff,a6177608,0.0
2025-01-27T02:42:00Z,147abc6a,8bab4dff,a6177608,0.0
2025-01-27T02:45:00Z,147abc6a,8bab4dff,a6177608,0.0
2025-01-27T02:48:00Z,147abc6a,8bab4dff,a6177608,0.0
2025-01-27T02:51:00Z,147abc6a,8bab4dff,a6177608,0.07
2025-01-27T02:54:00Z,147abc6a,8bab4dff,a6177608,0.0
2025-01-27T02:57:00Z,147abc6a,8bab4dff,a6177608,0.0
2025-01-27T03:00:00Z,147abc6a,8bab4dff,a6177608,0.0
2025-01-27T03:03:00Z,147abc6a,8bab4dff,a6177608,0.0
2025-01-27T03:06:00Z,147abc6a,8bab4dff,a6177608,0.0
2025-01-27T03:09:00Z,147abc6a,8bab4dff,a6177608,0.0
2025-01-27T03:12:00Z,147abc6a,8bab4dff,a6177608,0.0
2025-01-27T03:15:00Z,147abc6a,8bab4dff,a6177608,0.0
2025-01-27T03:18:00Z,147abc6a,8bab4dff,a6177608,0.0
2025-01-27T03:21:00Z,147abc6a,8bab4dff,a6177608,0.0
2025-01-27T03:24:00Z,147abc6a,8bab4dff,a6177608,0.0
2025-01-27T03:27:00Z,147abc6a,8bab4dff,a6177608,0.0
2025-01-27T03:30:00Z,147abc6a,8bab4dff,a6177608,0.0
2025-01-27T03:33:00Z,147abc6a,8bab4dff,a6177608,0.0
2025-01-27T03:36:00Z,147abc6a,8bab4dff,a6177608,0.0
2025-01-27T03:39:00Z,147abc6a,8bab4dff,a6177608,0.0
2025-01-27T03:42:00Z,147abc6a,8bab4dff,a6177608,0.0
2025-01-27T03:45:00Z,147abc6a,8bab4dff,a6177608,0.0
2025-01-27T03:48:00Z,147abc6a,8bab4dff,a6177608,0.0
2025-01-27T03:51:00Z,147abc6a,8bab4dff,a6177608,0.0
2025-01-27T03:54:00Z,147abc6a,8bab4dff,a6177608,0.0
2025-01-27T03:57:00Z,147abc6a,8bab4dff,a6177608,0.0
2025-01-27T04:00:00Z,147abc6a,8bab4dff,a6177608,0.0
2025-01-27T04:03:00Z,147abc6a,8bab4dff,a6177608,0.0
2025-01-27T04:06:00Z,147abc6a,8bab4dff,a6177608,0.0
2025-01-27T04:09:00Z,147abc6a,8bab4dff,a6177608,0.0
2025-01-27T04:12:00Z,147abc6a,8bab4dff,a6177608,0.0
2025-01-27T04:15:00Z,147abc6a,8bab4dff,a6177608,0.0
2025-01-27T04:18:00Z,147abc6a,8bab4dff,a6177608,0.0
2025-01-27T04:21:00Z,147abc6a,8bab4dff,a6177608,0.0
2025-01-27T04:24:00Z,147abc6a,8bab4dff,a6177608,0.0
2025-01-27T04:27:00Z,147abc6a,8bab4dff,a6177608,0.0
2025-01-27T04:30:00Z,147abc6a,8bab4dff,a6177608,0.0
2025-01-27T04:33:00Z,147abc6a,8bab4dff,a6177608,0.0
2025-01-27T04:36:00Z,147abc6a,8bab4dff,a6177608,0.0
2025-01-27T04:39:00Z,147abc6a,8bab4dff,a6177608,0.0
2025-01-27T04:42:00Z,147abc6a,8bab4dff,a6177608,0.0
2025-01-27T04:45:00Z,147abc6a,8bab4dff,a6177608,0.0
2025-01-27T04:48:00Z,147abc6a,8bab4dff,a6177608,0.0
2025-01-27T04:51:00Z,147abc6a,8bab4dff,a6177608,0.0
2025-01-27T04:54:00Z,147abc6a,8bab4dff,a6177608,0.0
2025-01-27T04:57:00Z,147abc6a,8bab4dff,a6177608,0.0
2025-01-27T05:00:00Z,147abc6a,8bab4dff,a6177608,0.0
2025-01-27T05:03:00Z,147abc6a,8bab4dff,a6177608,0.0
2025-01-27T05:06:00Z,147abc6a,8bab4dff,a6177608,0.0
2025-01-27T05:09:00Z,147abc6a,8bab4dff,a6177608,0.0
2025-01-27T05:12:00Z,147abc6a,8bab4dff,a6177608,0.0
2025-01-27T05:15:00Z,147abc6a,8bab4dff,a6177608,0.0
2025-01-27T05:18:00Z,147abc6a,8bab4dff,a6177608,0.0
2025-01-27T05:21:00Z,147abc6a,8bab4dff,a6177608,0.0
2025-01-27T05:24:00Z,147abc6a,8bab4dff,a6177608,0.0
2025-01-27T05:27:00Z,147abc6a,8bab4dff,a6177608,0.0
2025-01-27T05:30:00Z,147abc6a,8bab4dff,a6177608,0.0
2025-01-27T05:33:00Z,147abc6a,8bab4dff,a6177608,0.0
2025-01-27T05:36:00Z,147abc6a,8bab4dff,a6177608,0.0
2025-01-27T05:39:00Z,147abc6a,8bab4dff,a6177608,0.0
2025-01-27T05:42:00Z,147abc6a,8bab4dff,a6177608,0.0
2025-01-27T05:45:00Z,147abc6a,8bab4dff,a6177608,0.0
2025-01-27T05:48:00Z,147abc6a,8bab4dff,a6177608,0.0
2025-01-27T05:51:00Z,147abc6a,8bab4dff,a6177608,0.0
2025-01-27T05:54:00Z,147abc6a,8bab4dff,a6177608,0.0
2025-01-27T05:57:00Z,147abc6a,8bab4dff,a6177608,0.0
2025-01-27T06:00:00Z,147abc6a,8bab4dff,a6177608,0.0
2025-01-27T06:03:00Z,147abc6a,8bab4dff,a6177608,0.0
2025-01-27T06:06:00Z,147abc6a,8bab4dff,a6177608,0.0
2025-01-27T06:09:00Z,147abc6a,8bab4dff,a6177608,0.0
2025-01-27T06:12:00Z,147abc6a,8bab4dff,a6177608,0.0
2025-01-27T06:15:00Z,147abc6a,8bab4dff,a6177608,0.01
2025-01-27T06:18:00Z,147abc6a,8bab4dff,a6177608,0.01
2025-01-27T06:21:00Z,147abc6a,8bab4dff,a6177608,0.0
2025-01-27T06:24:00Z,147abc6a,8bab4dff,a6177608,0.0
2025-01-27T06:27:00Z,147abc6a,8bab4dff,a6177608,0.03
2025-01-27T06:30:00Z,147abc6a,8bab4dff,a6177608,0.0
2025-01-27T06:33:00Z,147abc6a,8bab4dff,a6177608,0.0
2025-01-27T06:36:00Z,147abc6a,8bab4dff,a6177608,0.0
2025-01-27T06:39:00Z,147abc6a,8bab4dff,a6177608,0.0
2025-01-27T06:42:00Z,147abc6a,8bab4dff,a6177608,0.0
2025-01-27T06:45:00Z,147abc6a,8bab4dff,a6177608,0.0
2025-01-27T06:48:00Z,147abc6a,8bab4dff,a6177608,0.0
2025-01-27T06:51:00Z,147abc6a,8bab4dff,a6177608,0.0
2025-01-27T06:54:00Z,147abc6a,8bab4dff,a6177608,0.0
2025-01-27T06:57:00Z,147abc6a,8bab4dff,a6177608,0.0
2025-01-27T07:00:00Z,147abc6a,8bab4dff,a6177608,0.0
2025-01-27T07:03:00Z,147abc6a,8bab4dff,a6177608,0.0
2025-01-27T07:06:00Z,147abc6a,8bab4dff,a6177608,0.0
2025-01-27T07:09:00Z,147abc6a,8bab4dff,a6177608,0.0
2025-01-27T07:12:00Z,147abc6a,8bab4dff,a6177608,0.0
2025-01-27T07:15:00Z,147abc6a,8bab4dff,a6177608,0.0
2025-01-27T07:18:00Z,147abc6a,8bab4dff,a6177608,0.0
2025-01-27T07:21:00Z,147abc6a,8bab4dff,a6177608,0.0
2025-01-27T07:24:00Z,147abc6a,8bab4dff,a6177608,0.0
2025-01-27T07:27:00Z,147abc6a,8bab4dff,a6177608,0.0
2025-01-27T07:30:00Z,147abc6a,8bab4dff,a6177608,0.0
2025-01-27T07:33:00Z,147abc6a,8bab4dff,a6177608,0.0
2025-01-27T07:36:00Z,147abc6a,8bab4dff,a6177608,0.0
2025-01-27T07:39:00Z,147abc6a,8bab4dff,a6177608,0.0
2025-01-27T07:42:00Z,147abc6a,8bab4dff,a6177608,0.0
2025-01-27T07:45:00Z,147abc6a,8bab4dff,a6177608,0.0
2025-01-27T07:48:00Z,147abc6a,8bab4dff,a6177608,0.0
2025-01-27T07:51:00Z,147abc6a,8bab4dff,a6177608,0.0
2025-01-27T07:54:00Z,147abc6a,8bab4dff,a6177608,0.0
2025-01-27T07:57:00Z,147abc6a,8bab4dff,a6177608,0.0
2025-01-27T08:00:00Z,147abc6a,8bab4dff,a6177608,0.0
2025-01-27T08:03:00Z,147abc6a,8bab4dff,a6177608,0.0
2025-01-27T08:06:00Z,147abc6a,8bab4dff,a6177608,0.0
2025-01-27T08:09:00Z,147abc6a,8bab4dff,a6177608,0.0
2025-01-27T08:12:00Z,147abc6a,8bab4dff,a6177608,0.0
2025-01-27T08:15:00Z,147abc6a,8bab4dff,a6177608,0.0
2025-01-27T08:18:00Z,147abc6a,8bab4dff,a6177608,0.0
2025-01-27T08:21:00Z,147abc6a,8bab4dff,a6177608,0.0
2025-01-27T08:24:00Z,147abc6a,8bab4dff,a6177608,0.0
2025-01-27T08:27:00Z,147abc6a,8bab4dff,a6177608,0.0
2025-01-27T08:30:00Z,147abc6a,8bab4dff,a6177608,0.0
2025-01-27T08:33:00Z,147abc6a,8bab4dff,a6177608,0.0
2025-01-27T08:36:00Z,147abc6a,8bab4dff,a6177608,0.0
2025-01-27T08:39:00Z,147abc6a,8bab4dff,a6177608,0.0
2025-01-27T08:42:00Z,147abc6a,8bab4dff,a6177608,0.0
2025-01-27T08:45:00Z,147abc6a,8bab4dff,a6177608,0.0
2025-01-27T08:48:00Z,147abc6a,8bab4dff,a6177608,0.0
2025-01-27T08:51:00Z,147abc6a,8bab4dff,a6177608,0.0
2025-01-27T08:54:00Z,147abc6a,8bab4dff,a6177608,0.0
2025-01-27T08:57:00Z,147abc6a,8bab4dff,a6177608,0.0
2025-01-27T09:00:00Z,147abc6a,8bab4dff,a6177608,0.0
2025-01-27T09:03:00Z,147abc6a,8bab4dff,a6177608,0.0
2025-01-27T09:06:00Z,147abc6a,8bab4dff,a6177608,0.0
2025-01-27T09:09:00Z,147abc6a,8bab4dff,a6177608,0.0
2025-01-27T09:12:00Z,147abc6a,8bab4dff,a6177608,0.0
2025-01-27T09:15:00Z,147abc6a,8bab4dff,a6177608,0.0
2025-01-27T09:18:00Z,147abc6a,8bab4dff,a6177608,0.0
2025-01-27T09:21:00Z,147abc6a,8bab4dff,a6177608,0.0
2025-01-27T09:24:00Z,147abc6a,8bab4dff,a6177608,0.0
2025-01-27T09:27:00Z,147abc6a,8bab4dff,a6177608,0.0
2025-01-27T09:30:00Z,147abc6a,8bab4dff,a6177608,0.0
2025-01-27T09:33:00Z,147abc6a,8bab4dff,a6177608,0.0
2025-01-27T09:36:00Z,147abc6a,8bab4dff,a6177608,0.0
2025-01-27T09:39:00Z,147abc6a,8bab4dff,a6177608,0.0
2025-01-27T09:42:00Z,147abc6a,8bab4dff,a6177608,0.0
2025-01-27T09:45:00Z,147abc6a,8bab4dff,a6177608,0.0
2025-01-27T09:48:00Z,147abc6a,8bab4dff,a6177608,0.0
2025-01-27T09:51:00Z,147abc6a,8bab4dff,a6177608,0.0
2025-01-27T09:54:00Z,147abc6a,8bab4dff,a6177608,0.0
2025-01-27T09:57:00Z,147abc6a,8bab4dff,a6177608,0.0
2025-01-27T10:00:00Z,147abc6a,8bab4dff,a6177608,0.0
2025-01-27T10:03:00Z,147abc6a,8bab4dff,a6177608,0.0
2025-01-27T10:06:00Z,147abc6a,8bab4dff,a6177608,0.0
2025-01-27T10:09:00Z,147abc6a,8bab4dff,a6177608,0.0
2025-01-27T10:12:00Z,147abc6a,8bab4dff,a6177608,0.0
2025-01-27T10:15:00Z,147abc6a,8bab4dff,a6177608,0.0
2025-01-27T10:18:00Z,147abc6a,8bab4dff,a6177608,0.0
2025-01-27T10:21:00Z,147abc6a,8bab4dff,a6177608,0.0
2025-01-27T10:24:00Z,147abc6a,8bab4dff,a6177608,0.0
2025-01-27T10:27:00Z,147abc6a,8bab4dff,a6177608,0.0
2025-01-27T10:30:00Z,147abc6a,8bab4dff,a6177608,0.01
2025-01-27T10:33:00Z,147abc6a,8bab4dff,a6177608,0.0
2025-01-27T10:36:00Z,147abc6a,8bab4dff,a6177608,0.0
2025-01-27T10:39:00Z,147abc6a,8bab4dff,a6177608,0.0
2025-01-27T10:42:00Z,147abc6a,8bab4dff,a6177608,0.0
2025-01-27T10:45:00Z,147abc6a,8bab4dff,a6177608,0.0
2025-01-27T10:48:00Z,147abc6a,8bab4dff,a6177608,0.0
2025-01-27T10:51:00Z,147abc6a,8bab4dff,a6177608,0.0
2025-01-27T10:54:00Z,147abc6a,8bab4dff,a6177608,0.0
2025-01-27T10:57:00Z,147abc6a,8bab4dff,a6177608,0.0
2025-01-27T11:00:00Z,147abc6a,8bab4dff,a6177608,0.0
2025-01-27T11:03:00Z,147abc6a,8bab4dff,a6177608,0.0
2025-01-27T11:06:00Z,147abc6a,8bab4dff,a6177608,0.0
2025-01-27T11:09:00Z,147abc6a,8bab4dff,a6177608,0.0
2025-01-27T11:12:00Z,147abc6a,8bab4dff,a6177608,0.0
2025-01-27T11:15:00Z,147abc6a,8bab4dff,a6177608,0.0
2025-01-27T11:18:00Z,147abc6a,8bab4dff,a6177608,0.0
2025-01-27T11:21:00Z,147abc6a,8bab4dff,a6177608,0.0
2025-01-27T11:24:00Z,147abc6a,8bab4dff,a6177608,0.0
2025-01-27T11:27:00Z,147abc6a,8bab4dff,a6177608,0.0
2025-01-27T11:30:00Z,147abc6a,8bab4dff,a6177608,0.0
2025-01-27T11:33:00Z,147abc6a,8bab4dff,a6177608,0.0
2025-01-27T11:36:00Z,147abc6a,8bab4dff,a6177608,0.0
2025-01-27T11:39:00Z,147abc6a,8bab4dff,a6177608,0.0
2025-01-27T11:42:00Z,147abc6a,8bab4dff,a6177608,0.0
2025-01-27T11:45:00Z,147abc6a,8bab4dff,a6177608,0.0
2025-01-27T11:48:00Z,147abc6a,8bab4dff,a6177608,0.0
2025-01-27T11:51:00Z,147abc6a,8bab4dff,a6177608,0.0
2025-01-27T11:54:00Z,147abc6a,8bab4dff,a6177608,0.0
2025-01-27T11:57:00Z,147abc6a,8bab4dff,a6177608,0.0
2025-01-27T12:00:00Z,147abc6a,8bab4dff,a6177608,0.0
2025-01-27T12:03:00Z,147abc6a,8bab4dff,a6177608,0.0
2025-01-27T12:06:00Z,147abc6a,8bab4dff,a6177608,0.0
2025-01-27T12:09:00Z,147abc6a,8bab4dff,a6177608,0.0
2025-01-27T12:12:00Z,147abc6a,8bab4dff,a6177608,0.0
2025-01-27T12:15:00Z,147abc6a,8bab4dff,a6177608,0.0
2025-01-27T12:18:00Z,147abc6a,8bab4dff,a6177608,0.0
2025-01-27T12:21:00Z,147abc6a,8bab4dff,a6177608,0.0
2025-01-27T12:24:00Z,147abc6a,8bab4dff,a6177608,0.0
2025-01-27T12:27:00Z,147abc6a,8bab4dff,a6177608,0.0
2025-01-27T12:30:00Z,147abc6a,8bab4dff,a6177608,0.0
2025-01-27T12:33:00Z,147abc6a,8bab4dff,a6177608,0.0
2025-01-27T12:36:00Z,147abc6a,8bab4dff,a6177608,0.0
2025-01-27T12:39:00Z,147abc6a,8bab4dff,a6177608,0.0
2025-01-27T12:42:00Z,147abc6a,8bab4dff,a6177608,0.0
2025-01-27T12:45:00Z,147abc6a,8bab4dff,a6177608,0.0
2025-01-27T12:48:00Z,147abc6a,8bab4dff,a6177608,0.0
2025-01-27T12:51:00Z,147abc6a,8bab4dff,a6177608,0.0
2025-01-27T12:54:00Z,147abc6a,8bab4dff,a6177608,0.0
2025-01-27T12:57:00Z,147abc6a,8bab4dff,a6177608,0.0
2025-01-27T13:00:00Z,147abc6a,8bab4dff,a6177608,0.0
2025-01-27T13:03:00Z,147abc6a,8bab4dff,a6177608,0.0
2025-01-27T13:06:00Z,147abc6a,8bab4dff,a6177608,0.0
2025-01-27T13:09:00Z,147abc6a,8bab4dff,a6177608,0.0
2025-01-27T13:12:00Z,147abc6a,8bab4dff,a6177608,0.0
2025-01-27T13:15:00Z,147abc6a,8bab4dff,a6177608,0.0
2025-01-27T13:18:00Z,147abc6a,8bab4dff,a6177608,0.0
2025-01-27T13:21:00Z,147abc6a,8bab4dff,a6177608,0.0
2025-01-27T13:24:00Z,147abc6a,8bab4dff,a6177608,0.0
2025-01-27T13:27:00Z,147abc6a,8bab4dff,a6177608,0.0
2025-01-27T13:30:00Z,147abc6a,8bab4dff,a6177608,0.0
2025-01-27T13:33:00Z,147abc6a,8bab4dff,a6177608,0.0
2025-01-27T13:36:00Z,147abc6a,8bab4dff,a6177608,0.0
2025-01-27T13:39:00Z,147abc6a,8bab4dff,a6177608,0.0
2025-01-27T13:42:00Z,147abc6a,8bab4dff,a6177608,0.0
2025-01-27T13:45:00Z,147abc6a,8bab4dff,a6177608,0.0
2025-01-27T13:48:00Z,147abc6a,8bab4dff,a6177608,0.0
2025-01-27T13:51:00Z,147abc6a,8bab4dff,a6177608,0.0
2025-01-27T13:54:00Z,147abc6a,8bab4dff,a6177608,0.0
2025-01-27T13:57:00Z,147abc6a,8bab4dff,a6177608,0.0
2025-01-27T14:00:00Z,147abc6a,8bab4dff,a6177608,0.0
2025-01-27T14:03:00Z,147abc6a,8bab4dff,a6177608,0.0
2025-01-27T14:06:00Z,147abc6a,8bab4dff,a6177608,0.0
2025-01-27T14:09:00Z,147abc6a,8bab4dff,a6177608,0.0
2025-01-27T14:12:00Z,147abc6a,8bab4dff,a6177608,0.0
2025-01-27T14:15:00Z,147abc6a,8bab4dff,a6177608,0.0
2025-01-27T14:18:00Z,147abc6a,8bab4dff,a6177608,0.0
2025-01-27T14:21:00Z,147abc6a,8bab4dff,a6177608,0.0
2025-01-27T14:24:00Z,147abc6a,8bab4dff,a6177608,0.0
2025-01-27T14:27:00Z,147abc6a,8bab4dff,a6177608,0.0
2025-01-27T14:30:00Z,147abc6a,8bab4dff,a6177608,0.0
2025-01-27T14:33:00Z,147abc6a,8bab4dff,a6177608,0.0
2025-01-27T14:36:00Z,147abc6a,8bab4dff,a6177608,0.0
2025-01-27T14:39:00Z,147abc6a,8bab4dff,a6177608,0.0
2025-01-27T14:42:00Z,147abc6a,8bab4dff,a6177608,0.0
2025-01-27T14:45:00Z,147abc6a,8bab4dff,a6177608,0.0
2025-01-27T14:48:00Z,147abc6a,8bab4dff,a6177608,0.0
2025-01-27T14:51:00Z,147abc6a,8bab4dff,a6177608,0.0
2025-01-27T14:54:00Z,147abc6a,8bab4dff,a6177608,0.0
2025-01-27T14:57:00Z,147abc6a,8bab4dff,a6177608,0.0
2025-01-27T15:00:00Z,147abc6a,8bab4dff,a6177608,0.0
2025-01-27T15:03:00Z,147abc6a,8bab4dff,a6177608,0.0
2025-01-27T15:06:00Z,147abc6a,8bab4dff,a6177608,0.0
2025-01-27T15:09:00Z,147abc6a,8bab4dff,a6177608,0.0
2025-01-27T15:12:00Z,147abc6a,8bab4dff,a6177608,0.0
2025-01-27T15:15:00Z,147abc6a,8bab4dff,a6177608,0.0
2025-01-27T15:18:00Z,147abc6a,8bab4dff,a6177608,0.0
2025-01-27T15:21:00Z,147abc6a,8bab4dff,a6177608,0.0
2025-01-27T15:24:00Z,147abc6a,8bab4dff,a6177608,0.0
2025-01-27T15:27:00Z,147abc6a,8bab4dff,a6177608,0.0
2025-01-27T15:30:00Z,147abc6a,8bab4dff,a6177608,0.0
2025-01-27T15:33:00Z,147abc6a,8bab4dff,a6177608,0.0
2025-01-27T15:36:00Z,147abc6a,8bab4dff,a6177608,0.0
2025-01-27T15:39:00Z,147abc6a,8bab4dff,a6177608,0.0
2025-01-27T15:42:00Z,147abc6a,8bab4dff,a6177608,0.0
2025-01-27T15:45:00Z,147abc6a,8bab4dff,a6177608,0.0
2025-01-27T15:48:00Z,147abc6a,8bab4dff,a6177608,0.0
2025-01-27T15:51:00Z,147abc6a,8bab4dff,a6177608,0.0
2025-01-27T15:54:00Z,147abc6a,8bab4dff,a6177608,0.0
2025-01-27T15:57:00Z,147abc6a,8bab4dff,a6177608,0.0
2025-01-27T16:00:00Z,147abc6a,8bab4dff,a6177608,0.0
2025-01-27T16:03:00Z,147abc6a,8bab4dff,a6177608,0.0
2025-01-27T16:06:00Z,147abc6a,8bab4dff,a6177608,0.0
2025-01-27T16:09:00Z,147abc6a,8bab4dff,a6177608,0.0
2025-01-27T16:12:00Z,147abc6a,8bab4dff,a6177608,0.0
2025-01-27T16:15:00Z,147abc6a,8bab4dff,a6177608,0.0
2025-01-27T16:18:00Z,147abc6a,8bab4dff,a6177608,0.0
2025-01-27T16:21:00Z,147abc6a,8bab4dff,a6177608,0.0
2025-01-27T16:24:00Z,147abc6a,8bab4dff,a6177608,0.0
2025-01-27T16:27:00Z,147abc6a,8bab4dff,a6177608,0.0
2025-01-27T16:30:00Z,147abc6a,8bab4dff,a6177608,0.0
2025-01-27T16:33:00Z,147abc6a,8bab4dff,a6177608,0.0
2025-01-27T16:36:00Z,147abc6a,8bab4dff,a6177608,0.0
2025-01-27T16:39:00Z,147abc6a,8bab4dff,a6177608,0.0
2025-01-27T16:42:00Z,147abc6a,8bab4dff,a6177608,0.0
2025-01-27T16:45:00Z,147abc6a,8bab4dff,a6177608,0.0
2025-01-27T16:48:00Z,147abc6a,8bab4dff,a6177608,0.0
2025-01-27T16:51:00Z,147abc6a,8bab4dff,a6177608,0.0
2025-01-27T16:54:00Z,147abc6a,8bab4dff,a6177608,0.0
2025-01-27T16:57:00Z,147abc6a,8bab4dff,a6177608,0.0
2025-01-27T17:00:00Z,147abc6a,8bab4dff,a6177608,0.0
2025-01-27T17:03:00Z,147abc6a,8bab4dff,a6177608,0.0
2025-01-27T17:06:00Z,147abc6a,8bab4dff,a6177608,0.0
2025-01-27T17:09:00Z,147abc6a,8bab4dff,a6177608,0.0
2025-01-27T17:12:00Z,147abc6a,8bab4dff,a6177608,0.0
2025-01-27T17:15:00Z,147abc6a,8bab4dff,a6177608,0.0
2025-01-27T17:18:00Z,147abc6a,8bab4dff,a6177608,0.0
2025-01-27T17:21:00Z,147abc6a,8bab4dff,a6177608,0.0
2025-01-27T17:24:00Z,147abc6a,8bab4dff,a6177608,0.0
2025-01-27T17:27:00Z,147abc6a,8bab4dff,a6177608,0.0
2025-01-27T17:30:00Z,147abc6a,8bab4dff,a6177608,0.0
2025-01-27T17:33:00Z,147abc6a,8bab4dff,a6177608,0.0
2025-01-27T17:36:00Z,147abc6a,8bab4dff,a6177608,0.0
2025-01-27T17:39:00Z,147abc6a,8bab4dff,a6177608,0.0
2025-01-27T17:42:00Z,147abc6a,8bab4dff,a6177608,0.0
2025-01-27T17:45:00Z,147abc6a,8bab4dff,a6177608,0.0
2025-01-27T17:48:00Z,147abc6a,8bab4dff,a6177608,0.0
2025-01-27T17:51:00Z,147abc6a,8bab4dff,a6177608,0.0
2025-01-27T17:54:00Z,147abc6a,8bab4dff,a6177608,0.0
2025-01-27T17:57:00Z,147abc6a,8bab4dff,a6177608,0.0
2025-01-27T18:00:00Z,147abc6a,8bab4dff,a6177608,0.0
2025-01-27T18:03:00Z,147abc6a,8bab4dff,a6177608,0.0
2025-01-27T18:06:00Z,147abc6a,8bab4dff,a6177608,0.0
2025-01-27T18:09:00Z,147abc6a,8bab4dff,a6177608,0.0
2025-01-27T18:12:00Z,147abc6a,8bab4dff,a6177608,0.0
2025-01-27T18:15:00Z,147abc6a,8bab4dff,a6177608,0.0
2025-01-27T18:18:00Z,147abc6a,8bab4dff,a6177608,0.0
2025-01-27T18:21:00Z,147abc6a,8bab4dff,a6177608,0.0
2025-01-27T18:24:00Z,147abc6a,8bab4dff,a6177608,0.0
2025-01-27T18:27:00Z,147abc6a,8bab4dff,a6177608,0.0
2025-01-27T18:30:00Z,147abc6a,8bab4dff,a6177608,0.0
2025-01-27T18:33:00Z,147abc6a,8bab4dff,a6177608,0.0
2025-01-27T18:36:00Z,147abc6a,8bab4dff,a6177608,0.0
2025-01-27T18:39:00Z,147abc6a,8bab4dff,a6177608,0.0
2025-01-27T18:42:00Z,147abc6a,8bab4dff,a6177608,0.0
2025-01-27T18:45:00Z,147abc6a,8bab4dff,a6177608,0.0
2025-01-27T18:48:00Z,147abc6a,8bab4dff,a6177608,0.0
2025-01-27T18:51:00Z,147abc6a,8bab4dff,a6177608,0.0
2025-01-27T18:54:00Z,147abc6a,8bab4dff,a6177608,0.0
2025-01-27T18:57:00Z,147abc6a,8bab4dff,a6177608,0.0
2025-01-27T19:00:00Z,147abc6a,8bab4dff,a6177608,0.0
2025-01-27T19:03:00Z,147abc6a,8bab4dff,a6177608,0.0
2025-01-27T19:06:00Z,147abc6a,8bab4dff,a6177608,0.0
2025-01-27T19:09:00Z,147abc6a,8bab4dff,a6177608,0.0
2025-01-27T19:12:00Z,147abc6a,8bab4dff,a6177608,0.0
2025-01-27T19:15:00Z,147abc6a,8bab4dff,a6177608,0.0
2025-01-27T19:18:00Z,147abc6a,8bab4dff,a6177608,0.0
2025-01-27T19:21:00Z,147abc6a,8bab4dff,a6177608,0.0
2025-01-27T19:24:00Z,147abc6a,8bab4dff,a6177608,0.0
2025-01-27T19:27:00Z,147abc6a,8bab4dff,a6177608,0.0
2025-01-27T19:30:00Z,147abc6a,8bab4dff,a6177608,0.0
2025-01-27T19:33:00Z,147abc6a,8bab4dff,a6177608,0.0
2025-01-27T19:36:00Z,147abc6a,8bab4dff,a6177608,0.0
2025-01-27T19:39:00Z,147abc6a,8bab4dff,a6177608,0.0
2025-01-27T19:42:00Z,147abc6a,8bab4dff,a6177608,0.0
2025-01-27T19:45:00Z,147abc6a,8bab4dff,a6177608,0.0
2025-01-27T19:48:00Z,147abc6a,8bab4dff,a6177608,0.0
2025-01-27T19:51:00Z,147abc6a,8bab4dff,a6177608,0.0
2025-01-27T19:54:00Z,147abc6a,8bab4dff,a6177608,0.0
2025-01-27T19:57:00Z,147abc6a,8bab4dff,a6177608,0.0
2025-01-27T20:00:00Z,147abc6a,8bab4dff,a6177608,0.0
2025-01-27T20:03:00Z,147abc6a,8bab4dff,a6177608,0.0
2025-01-27T20:06:00Z,147abc6a,8bab4dff,a6177608,0.0
2025-01-27T20:09:00Z,147abc6a,8bab4dff,a6177608,0.0
2025-01-27T20:12:00Z,147abc6a,8bab4dff,a6177608,0.0
2025-01-27T20:15:00Z,147abc6a,8bab4dff,a6177608,0.0
2025-01-27T20:18:00Z,147abc6a,8bab4dff,a6177608,0.0
2025-01-27T20:21:00Z,147abc6a,8bab4dff,a6177608,0.0
2025-01-27T20:24:00Z,147abc6a,8bab4dff,a6177608,0.0
2025-01-27T20:27:00Z,147abc6a,8bab4dff,a6177608,0.0
2025-01-27T20:30:00Z,147abc6a,8bab4dff,a6177608,0.0
2025-01-27T20:33:00Z,147abc6a,8bab4dff,a6177608,0.0
2025-01-27T20:36:00Z,147abc6a,8bab4dff,a6177608,0.0
2025-01-27T20:39:00Z,147abc6a,8bab4dff,a6177608,0.0
2025-01-27T20:42:00Z,147abc6a,8bab4dff,a6177608,0.0
2025-01-27T20:45:00Z,147abc6a,8bab4dff,a6177608,0.0
2025-01-27T20:48:00Z,147abc6a,8bab4dff,a6177608,0.0
2025-01-27T20:51:00Z,147abc6a,8bab4dff,a6177608,0.0
2025-01-27T20:54:00Z,147abc6a,8bab4dff,a6177608,0.01
2025-01-27T20:57:00Z,147abc6a,8bab4dff,a6177608,0.0
2025-01-27T21:00:00Z,147abc6a,8bab4dff,a6177608,0.0
2025-01-27T21:03:00Z,147abc6a,8bab4dff,a6177608,0.0
2025-01-27T21:06:00Z,147abc6a,8bab4dff,a6177608,0.0
2025-01-27T21:09:00Z,147abc6a,8bab4dff,a6177608,0.0
2025-01-27T21:12:00Z,147abc6a,8bab4dff,a6177608,0.0
2025-01-27T21:15:00Z,147abc6a,8bab4dff,a6177608,0.0
2025-01-27T21:18:00Z,147abc6a,8bab4dff,a6177608,0.0
2025-01-27T21:21:00Z,147abc6a,8bab4dff,a6177608,0.0
2025-01-27T21:24:00Z,147abc6a,8bab4dff,a6177608,0.0
2025-01-27T21:27:00Z,147abc6a,8bab4dff,a6177608,0.0
2025-01-27T21:30:00Z,147abc6a,8bab4dff,a6177608,0.0
2025-01-27T21:33:00Z,147abc6a,8bab4dff,a6177608,0.0
2025-01-27T21:36:00Z,147abc6a,8bab4dff,a6177608,0.0
2025-01-27T21:39:00Z,147abc6a,8bab4dff,a6177608,0.0
2025-01-27T21:42:00Z,147abc6a,8bab4dff,a6177608,0.0
2025-01-27T21:45:00Z,147abc6a,8bab4dff,a6177608,0.0
2025-01-27T21:48:00Z,147abc6a,8bab4dff,a6177608,0.0
2025-01-27T21:51:00Z,147abc6a,8bab4dff,a6177608,0.0
2025-01-27T21:54:00Z,147abc6a,8bab4dff,a6177608,0.0
2025-01-27T21:57:00Z,147abc6a,8bab4dff,a6177608,0.0
2025-01-27T22:00:00Z,147abc6a,8bab4dff,a6177608,0.0
2025-01-27T22:03:00Z,147abc6a,8bab4dff,a6177608,0.0
2025-01-27T22:06:00Z,147abc6a,8bab4dff,a6177608,0.0
2025-01-27T22:09:00Z,147abc6a,8bab4dff,a6177608,0.0
2025-01-27T22:12:00Z,147abc6a,8bab4dff,a6177608,0.0
2025-01-27T22:15:00Z,147abc6a,8bab4dff,a6177608,0.0
2025-01-27T22:18:00Z,147abc6a,8bab4dff,a6177608,0.0
2025-01-27T22:21:00Z,147abc6a,8bab4dff,a6177608,0.0
2025-01-27T22:24:00Z,147abc6a,8bab4dff,a6177608,0.0
2025-01-27T22:27:00Z,147abc6a,8bab4dff,a6177608,0.0
2025-01-27T22:30:00Z,147abc6a,8bab4dff,a6177608,0.0
2025-01-27T22:33:00Z,147abc6a,8bab4dff,a6177608,0.0
2025-01-27T22:36:00Z,147abc6a,8bab4dff,a6177608,0.0
2025-01-27T22:39:00Z,147abc6a,8bab4dff,a6177608,0.0
2025-01-27T22:42:00Z,147abc6a,8bab4dff,a6177608,0.0
2025-01-27T22:45:00Z,147abc6a,8bab4dff,a6177608,0.0
2025-01-27T22:48:00Z,147abc6a,8bab4dff,a6177608,0.0
2025-01-27T22:51:00Z,147abc6a,8bab4dff,a6177608,0.0
2025-01-27T22:54:00Z,147abc6a,8bab4dff,a6177608,0.0
2025-01-27T22:57:00Z,147abc6a,8bab4dff,a6177608,0.0
2025-01-27T23:00:00Z,147abc6a,8bab4dff,a6177608,0.0
2025-01-27T23:03:00Z,147abc6a,8bab4dff,a6177608,0.0
2025-01-27T23:06:00Z,147abc6a,8bab4dff,a6177608,0.0
2025-01-27T23:09:00Z,147abc6a,8bab4dff,a6177608,0.0
2025-01-27T23:12:00Z,147abc6a,8bab4dff,a6177608,0.0
2025-01-27T23:15:00Z,147abc6a,8bab4dff,a6177608,0.0
2025-01-27T23:18:00Z,147abc6a,8bab4dff,a6177608,0.0
2025-01-27T23:21:00Z,147abc6a,8bab4dff,a6177608,0.0
2025-01-27T23:24:00Z,147abc6a,8bab4dff,a6177608,0.0
2025-01-27T23:27:00Z,147abc6a,8bab4dff,a6177608,0.0
2025-01-27T23:30:00Z,147abc6a,8bab4dff,a6177608,0.0
2025-01-27T23:33:00Z,147abc6a,8bab4dff,a6177608,0.0
2025-01-27T23:36:00Z,147abc6a,8bab4dff,a6177608,0.0
2025-01-27T23:39:00Z,147abc6a,8bab4dff,a6177608,0.0
2025-01-27T23:42:00Z,147abc6a,8bab4dff,a6177608,0.0
2025-01-27T23:45:00Z,147abc6a,8bab4dff,a6177608,0.0
2025-01-27T23:48:00Z,147abc6a,8bab4dff,a6177608,0.0
2025-01-27T23:51:00Z,147abc6a,8bab4dff,a6177608,0.0
2025-01-27T23:54:00Z,147abc6a,8bab4dff,a6177608,0.0
2025-01-27T23:57:00Z,147abc6a,8bab4dff,a6177608,0.0
2025-01-28T00:00:00Z,147abc6a,8bab4dff,a6177608,0.0
2025-01-28T00:03:00Z,147abc6a,8bab4dff,a6177608,0.0
2025-01-28T00:06:00Z,147abc6a,8bab4dff,a6177608,0.0
2025-01-28T00:09:00Z,147abc6a,8bab4dff,a6177608,0.0
2025-01-28T00:12:00Z,147abc6a,8bab4dff,a6177608,0.0
2025-01-28T00:15:00Z,147abc6a,8bab4dff,a6177608,0.0
2025-01-28T00:18:00Z,147abc6a,8bab4dff,a6177608,0.0
2025-01-28T00:21:00Z,147abc6a,8bab4dff,a6177608,0.0
2025-01-28T00:24:00Z,147abc6a,8bab4dff,a6177608,0.0
2025-01-28T00:27:00Z,147abc6a,8bab4dff,a6177608,0.0
2025-01-28T00:30:00Z,147abc6a,8bab4dff,a6177608,0.0
2025-01-28T00:33:00Z,147abc6a,8bab4dff,a6177608,0.0
2025-01-28T00:36:00Z,147abc6a,8bab4dff,a6177608,0.0
2025-01-28T00:39:00Z,147abc6a,8bab4dff,a6177608,0.0
2025-01-28T00:42:00Z,147abc6a,8bab4dff,a6177608,0.0
2025-01-28T00:45:00Z,147abc6a,8bab4dff,a6177608,0.0
2025-01-28T00:48:00Z,147abc6a,8bab4dff,a6177608,0.0
2025-01-28T00:51:00Z,147abc6a,8bab4dff,a6177608,0.0
2025-01-28T00:54:00Z,147abc6a,8bab4dff,a6177608,0.0
2025-01-28T00:57:00Z,147abc6a,8bab4dff,a6177608,0.0
2025-01-28T01:00:00Z,147abc6a,8bab4dff,a6177608,0.0
2025-01-28T01:03:00Z,147abc6a,8bab4dff,a6177608,0.0
2025-01-28T01:06:00Z,147abc6a,8bab4dff,a6177608,0.0
2025-01-28T01:09:00Z,147abc6a,8bab4dff,a6177608,0.0
2025-01-28T01:12:00Z,147abc6a,8bab4dff,a6177608,0.0
2025-01-28T01:15:00Z,147abc6a,8bab4dff,a6177608,0.0
2025-01-28T01:18:00Z,147abc6a,8bab4dff,a6177608,0.0
2025-01-28T01:21:00Z,147abc6a,8bab4dff,a6177608,0.0
2025-01-28T01:24:00Z,147abc6a,8bab4dff,a6177608,0.0
2025-01-28T01:27:00Z,147abc6a,8bab4dff,a6177608,0.0
2025-01-28T01:30:00Z,147abc6a,8bab4dff,a6177608,0.0
2025-01-28T01:33:00Z,147abc6a,8bab4dff,a6177608,0.0
2025-01-28T01:36:00Z,147abc6a,8bab4dff,a6177608,0.0
2025-01-28T01:39:00Z,147abc6a,8bab4dff,a6177608,0.0
2025-01-28T01:42:00Z,147abc6a,8bab4dff,a6177608,0.0
2025-01-28T01:45:00Z,147abc6a,8bab4dff,a6177608,0.0
2025-01-28T01:48:00Z,147abc6a,8bab4dff,a6177608,0.0
2025-01-28T01:51:00Z,147abc6a,8bab4dff,a6177608,0.0
2025-01-28T01:54:00Z,147abc6a,8bab4dff,a6177608,0.0
2025-01-28T01:57:00Z,147abc6a,8bab4dff,a6177608,0.0
2025-01-28T02:00:00Z,147abc6a,8bab4dff,a6177608,0.0
2025-01-28T02:03:00Z,147abc6a,8bab4dff,a6177608,0.0
2025-01-28T02:06:00Z,147abc6a,8bab4dff,a6177608,0.0
2025-01-28T02:09:00Z,147abc6a,8bab4dff,a6177608,0.0
2025-01-28T02:12:00Z,147abc6a,8bab4dff,a6177608,0.0
2025-01-28T02:15:00Z,147abc6a,8bab4dff,a6177608,0.0
2025-01-28T02:18:00Z,147abc6a,8bab4dff,a6177608,0.0
2025-01-28T02:21:00Z,147abc6a,8bab4dff,a6177608,0.0
2025-01-28T02:24:00Z,147abc6a,8bab4dff,a6177608,0.0
2025-01-28T02:27:00Z,147abc6a,8bab4dff,a6177608,0.0
2025-01-28T02:30:00Z,147abc6a,8bab4dff,a6177608,0.0
2025-01-28T02:33:00Z,147abc6a,8bab4dff,a6177608,0.0
2025-01-28T02:36:00Z,147abc6a,8bab4dff,a6177608,0.0
2025-01-28T02:39:00Z,147abc6a,8bab4dff,a6177608,0.0
2025-01-28T02:42:00Z,147abc6a,8bab4dff,a6177608,0.0
2025-01-28T02:45:00Z,147abc6a,8bab4dff,a6177608,0.0
2025-01-28T02:48:00Z,147abc6a,8bab4dff,a6177608,0.0
2025-01-28T02:51:00Z,147abc6a,8bab4dff,a6177608,0.0
2025-01-28T02:54:00Z,147abc6a,8bab4dff,a6177608,0.0
2025-01-28T02:57:00Z,147abc6a,8bab4dff,a6177608,0.0
2025-01-28T03:00:00Z,147abc6a,8bab4dff,a6177608,0.0
2025-01-28T03:03:00Z,147abc6a,8bab4dff,a6177608,0.0
2025-01-28T03:06:00Z,147abc6a,8bab4dff,a6177608,0.0
2025-01-28T03:09:00Z,147abc6a,8bab4dff,a6177608,0.0
2025-01-28T03:12:00Z,147abc6a,8bab4dff,a6177608,0.0
2025-01-28T03:15:00Z,147abc6a,8bab4dff,a6177608,0.0
2025-01-28T03:18:00Z,147abc6a,8bab4dff,a6177608,0.0
2025-01-28T03:21:00Z,147abc6a,8bab4dff,a6177608,0.0
2025-01-28T03:24:00Z,147abc6a,8bab4dff,a6177608,0.0
2025-01-28T03:27:00Z,147abc6a,8bab4dff,a6177608,0.0
2025-01-28T03:30:00Z,147abc6a,8bab4dff,a6177608,0.0
2025-01-28T03:33:00Z,147abc6a,8bab4dff,a6177608,0.0
2025-01-28T03:36:00Z,147abc6a,8bab4dff,a6177608,0.0
2025-01-28T03:39:00Z,147abc6a,8bab4dff,a6177608,0.0
2025-01-28T03:42:00Z,147abc6a,8bab4dff,a6177608,0.0
2025-01-28T03:45:00Z,147abc6a,8bab4dff,a6177608,0.0
2025-01-28T03:48:00Z,147abc6a,8bab4dff,a6177608,0.0
2025-01-28T03:51:00Z,147abc6a,8bab4dff,a6177608,0.0
2025-01-28T03:54:00Z,147abc6a,8bab4dff,a6177608,0.0
2025-01-28T03:57:00Z,147abc6a,8bab4dff,a6177608,0.0
2025-01-28T04:00:00Z,147abc6a,8bab4dff,a6177608,0.0
2025-01-28T04:03:00Z,147abc6a,8bab4dff,a6177608,0.0
2025-01-28T04:06:00Z,147abc6a,8bab4dff,a6177608,0.0
2025-01-28T04:09:00Z,147abc6a,8bab4dff,a6177608,0.0
2025-01-28T04:12:00Z,147abc6a,8bab4dff,a6177608,0.0
2025-01-28T04:15:00Z,147abc6a,8bab4dff,a6177608,0.0
2025-01-28T04:18:00Z,147abc6a,8bab4dff,a6177608,0.0
2025-01-28T04:21:00Z,147abc6a,8bab4dff,a6177608,0.0
2025-01-28T04:24:00Z,147abc6a,8bab4dff,a6177608,0.0
2025-01-28T04:27:00Z,147abc6a,8bab4dff,a6177608,0.0
2025-01-28T04:30:00Z,147abc6a,8bab4dff,a6177608,0.0
2025-01-28T04:33:00Z,147abc6a,8bab4dff,a6177608,0.0
2025-01-28T04:36:00Z,147abc6a,8bab4dff,a6177608,0.0
2025-01-28T04:39:00Z,147abc6a,8bab4dff,a6177608,0.0
2025-01-28T04:42:00Z,147abc6a,8bab4dff,a6177608,0.0
2025-01-28T04:45:00Z,147abc6a,8bab4dff,a6177608,0.0
2025-01-28T04:48:00Z,147abc6a,8bab4dff,a6177608,0.0
2025-01-28T04:51:00Z,147abc6a,8bab4dff,a6177608,0.0
2025-01-28T04:54:00Z,147abc6a,8bab4dff,a6177608,0.0
2025-01-28T04:57:00Z,147abc6a,8bab4dff,a6177608,0.0
2025-01-28T05:00:00Z,147abc6a,8bab4dff,a6177608,0.0
2025-01-28T05:03:00Z,147abc6a,8bab4dff,a6177608,0.0
2025-01-28T05:06:00Z,147abc6a,8bab4dff,a6177608,0.0
2025-01-28T05:09:00Z,147abc6a,8bab4dff,a6177608,0.0
2025-01-28T05:12:00Z,147abc6a,8bab4dff,a6177608,0.0
2025-01-28T05:15:00Z,147abc6a,8bab4dff,a6177608,0.0
2025-01-28T05:18:00Z,147abc6a,8bab4dff,a6177608,0.0
2025-01-28T05:21:00Z,147abc6a,8bab4dff,a6177608,0.0
2025-01-28T05:24:00Z,147abc6a,8bab4dff,a6177608,0.0
2025-01-28T05:27:00Z,147abc6a,8bab4dff,a6177608,0.0
2025-01-28T05:30:00Z,147abc6a,8bab4dff,a6177608,0.0
2025-01-28T05:33:00Z,147abc6a,8bab4dff,a6177608,0.0
2025-01-28T05:36:00Z,147abc6a,8bab4dff,a6177608,0.0
2025-01-28T05:39:00Z,147abc6a,8bab4dff,a6177608,0.0
2025-01-28T05:42:00Z,147abc6a,8bab4dff,a6177608,0.0
2025-01-28T05:45:00Z,147abc6a,8bab4dff,a6177608,0.0
2025-01-28T05:48:00Z,147abc6a,8bab4dff,a6177608,0.0
2025-01-28T05:51:00Z,147abc6a,8bab4dff,a6177608,0.0
2025-01-28T05:54:00Z,147abc6a,8bab4dff,a6177608,0.0
2025-01-28T05:57:00Z,147abc6a,8bab4dff,a6177608,0.0
2025-01-28T06:00:00Z,147abc6a,8bab4dff,a6177608,0.0
2025-01-28T06:03:00Z,147abc6a,8bab4dff,a6177608,0.0
2025-01-28T06:06:00Z,147abc6a,8bab4dff,a6177608,0.0
2025-01-28T06:09:00Z,147abc6a,8bab4dff,a6177608,0.0
2025-01-28T06:12:00Z,147abc6a,8bab4dff,a6177608,0.0
2025-01-28T06:15:00Z,147abc6a,8bab4dff,a6177608,0.0
2025-01-28T06:18:00Z,147abc6a,8bab4dff,a6177608,0.0
2025-01-28T06:21:00Z,147abc6a,8bab4dff,a6177608,0.0
2025-01-28T06:24:00Z,147abc6a,8bab4dff,a6177608,0.0
2025-01-28T06:27:00Z,147abc6a,8bab4dff,a6177608,0.02
2025-01-28T06:30:00Z,147abc6a,8bab4dff,a6177608,0.0
2025-01-28T06:33:00Z,147abc6a,8bab4dff,a6177608,0.0
2025-01-28T06:36:00Z,147abc6a,8bab4dff,a6177608,0.0
2025-01-28T06:39:00Z,147abc6a,8bab4dff,a6177608,0.0
2025-01-28T06:42:00Z,147abc6a,8bab4dff,a6177608,0.0
2025-01-28T06:45:00Z,147abc6a,8bab4dff,a6177608,0.0
2025-01-28T06:48:00Z,147abc6a,8bab4dff,a6177608,0.0
2025-01-28T06:51:00Z,147abc6a,8bab4dff,a6177608,0.0
2025-01-28T06:54:00Z,147abc6a,8bab4dff,a6177608,0.0
2025-01-28T06:57:00Z,147abc6a,8bab4dff,a6177608,0.0
2025-01-28T07:00:00Z,147abc6a,8bab4dff,a6177608,0.0
2025-01-28T07:03:00Z,147abc6a,8bab4dff,a6177608,0.0
2025-01-28T07:06:00Z,147abc6a,8bab4dff,a6177608,0.0
2025-01-28T07:09:00Z,147abc6a,8bab4dff,a6177608,0.0
2025-01-28T07:12:00Z,147abc6a,8bab4dff,a6177608,0.0
2025-01-28T07:15:00Z,147abc6a,8bab4dff,a6177608,0.0
2025-01-28T07:18:00Z,147abc6a,8bab4dff,a6177608,0.0
2025-01-28T07:21:00Z,147abc6a,8bab4dff,a6177608,0.0
2025-01-28T07:24:00Z,147abc6a,8bab4dff,a6177608,0.0
2025-01-28T07:27:00Z,147abc6a,8bab4dff,a6177608,0.0
2025-01-28T07:30:00Z,147abc6a,8bab4dff,a6177608,0.0
2025-01-28T07:33:00Z,147abc6a,8bab4dff,a6177608,0.0
2025-01-28T07:36:00Z,147abc6a,8bab4dff,a6177608,0.0
2025-01-28T07:39:00Z,147abc6a,8bab4dff,a6177608,0.0
2025-01-28T07:42:00Z,147abc6a,8bab4dff,a6177608,0.0
2025-01-28T07:45:00Z,147abc6a,8bab4dff,a6177608,0.0
2025-01-28T07:48:00Z,147abc6a,8bab4dff,a6177608,0.0
2025-01-28T07:51:00Z,147abc6a,8bab4dff,a6177608,0.0
2025-01-28T07:54:00Z,147abc6a,8bab4dff,a6177608,0.0
2025-01-28T07:57:00Z,147abc6a,8bab4dff,a6177608,0.0
2025-01-28T08:00:00Z,147abc6a,8bab4dff,a6177608,0.0
2025-01-28T08:03:00Z,147abc6a,8bab4dff,a6177608,0.0
2025-01-28T08:06:00Z,147abc6a,8bab4dff,a6177608,0.0
2025-01-28T08:09:00Z,147abc6a,8bab4dff,a6177608,0.0
2025-01-28T08:12:00Z,147abc6a,8bab4dff,a6177608,0.0
2025-01-28T08:15:00Z,147abc6a,8bab4dff,a6177608,0.0
2025-01-28T08:18:00Z,147abc6a,8bab4dff,a6177608,0.0
2025-01-28T08:21:00Z,147abc6a,8bab4dff,a6177608,0.0
2025-01-28T08:24:00Z,147abc6a,8bab4dff,a6177608,0.0
2025-01-28T08:27:00Z,147abc6a,8bab4dff,a6177608,0.0
2025-01-28T08:30:00Z,147abc6a,8bab4dff,a6177608,0.0
2025-01-28T08:33:00Z,147abc6a,8bab4dff,a6177608,0.0
2025-01-28T08:36:00Z,147abc6a,8bab4dff,a6177608,0.0
2025-01-28T08:39:00Z,147abc6a,8bab4dff,a6177608,0.0
2025-01-28T08:42:00Z,147abc6a,8bab4dff,a6177608,0.0
2025-01-28T08:45:00Z,147abc6a,8bab4dff,a6177608,0.0
2025-01-28T08:48:00Z,147abc6a,8bab4dff,a6177608,0.0
2025-01-28T08:51:00Z,147abc6a,8bab4dff,a6177608,0.03
2025-01-28T08:54:00Z,147abc6a,8bab4dff,a6177608,0.26
2025-01-28T08:57:00Z,147abc6a,8bab4dff,a6177608,0.0
2025-01-28T09:00:00Z,147abc6a,8bab4dff,a6177608,0.0
2025-01-28T09:03:00Z,147abc6a,8bab4dff,a6177608,0.0
2025-01-28T09:06:00Z,147abc6a,8bab4dff,a6177608,0.0
2025-01-28T09:09:00Z,147abc6a,8bab4dff,a6177608,0.0
2025-01-28T09:12:00Z,147abc6a,8bab4dff,a6177608,0.0
2025-01-28T09:15:00Z,147abc6a,8bab4dff,a6177608,0.0
2025-01-28T09:18:00Z,147abc6a,8bab4dff,a6177608,0.0
2025-01-28T09:21:00Z,147abc6a,8bab4dff,a6177608,0.0
2025-01-28T09:24:00Z,147abc6a,8bab4dff,a6177608,0.0
2025-01-28T09:27:00Z,147abc6a,8bab4dff,a6177608,0.0
2025-01-28T09:30:00Z,147abc6a,8bab4dff,a6177608,0.0
2025-01-28T09:33:00Z,147abc6a,8bab4dff,a6177608,0.0
2025-01-28T09:36:00Z,147abc6a,8bab4dff,a6177608,0.0
2025-01-28T09:39:00Z,147abc6a,8bab4dff,a6177608,0.0
2025-01-28T09:42:00Z,147abc6a,8bab4dff,a6177608,0.0
2025-01-28T09:45:00Z,147abc6a,8bab4dff,a6177608,0.0
2025-01-28T09:48:00Z,147abc6a,8bab4dff,a6177608,0.0
2025-01-28T09:51:00Z,147abc6a,8bab4dff,a6177608,0.0
2025-01-28T09:54:00Z,147abc6a,8bab4dff,a6177608,0.0
2025-01-28T09:57:00Z,147abc6a,8bab4dff,a6177608,0.0
2025-01-28T10:00:00Z,147abc6a,8bab4dff,a6177608,0.0
2025-01-28T10:03:00Z,147abc6a,8bab4dff,a6177608,0.0
2025-01-28T10:06:00Z,147abc6a,8bab4dff,a6177608,0.0
2025-01-28T10:09:00Z,147abc6a,8bab4dff,a6177608,0.0
2025-01-28T10:12:00Z,147abc6a,8bab4dff,a6177608,0.0
2025-01-28T10:15:00Z,147abc6a,8bab4dff,a6177608,0.0
2025-01-28T10:18:00Z,147abc6a,8bab4dff,a6177608,0.0
2025-01-28T10:21:00Z,147abc6a,8bab4dff,a6177608,0.0
2025-01-28T10:24:00Z,147abc6a,8bab4dff,a6177608,0.0
2025-01-28T10:27:00Z,147abc6a,8bab4dff,a6177608,0.0
2025-01-28T10:30:00Z,147abc6a,8bab4dff,a6177608,0.0
2025-01-28T10:33:00Z,147abc6a,8bab4dff,a6177608,0.0
2025-01-28T10:36:00Z,147abc6a,8bab4dff,a6177608,0.0
2025-01-28T10:39:00Z,147abc6a,8bab4dff,a6177608,0.0
2025-01-28T10:42:00Z,147abc6a,8bab4dff,a6177608,0.0
2025-01-28T10:45:00Z,147abc6a,8bab4dff,a6177608,0.0
2025-01-28T10:48:00Z,147abc6a,8bab4dff,a6177608,0.0
2025-01-28T10:51:00Z,147abc6a,8bab4dff,a6177608,0.0
2025-01-28T10:54:00Z,147abc6a,8bab4dff,a6177608,0.0
2025-01-28T10:57:00Z,147abc6a,8bab4dff,a6177608,0.0
2025-01-28T11:00:00Z,147abc6a,8bab4dff,a6177608,0.0
2025-01-28T11:03:00Z,147abc6a,8bab4dff,a6177608,0.04
2025-01-28T11:06:00Z,147abc6a,8bab4dff,a6177608,0.04
2025-01-28T11:09:00Z,147abc6a,8bab4dff,a6177608,0.0
2025-01-28T11:12:00Z,147abc6a,8bab4dff,a6177608,0.0
2025-01-28T11:15:00Z,147abc6a,8bab4dff,a6177608,0.0
2025-01-28T11:18:00Z,147abc6a,8bab4dff,a6177608,0.0
2025-01-28T11:21:00Z,147abc6a,8bab4dff,a6177608,0.0
2025-01-28T11:24:00Z,147abc6a,8bab4dff,a6177608,0.14
2025-01-28T11:27:00Z,147abc6a,8bab4dff,a6177608,0.07
2025-01-28T11:30:00Z,147abc6a,8bab4dff,a6177608,0.01
2025-01-28T11:33:00Z,147abc6a,8bab4dff,a6177608,0.0
2025-01-28T11:36:00Z,147abc6a,8bab4dff,a6177608,0.0
2025-01-28T11:39:00Z,147abc6a,8bab4dff,a6177608,0.0
2025-01-28T11:42:00Z,147abc6a,8bab4dff,a6177608,0.0
2025-01-28T11:45:00Z,147abc6a,8bab4dff,a6177608,0.0
2025-01-28T11:48:00Z,147abc6a,8bab4dff,a6177608,0.0
2025-01-28T11:51:00Z,147abc6a,8bab4dff,a6177608,0.0
2025-01-28T11:54:00Z,147abc6a,8bab4dff,a6177608,0.0
2025-01-28T11:57:00Z,147abc6a,8bab4dff,a6177608,0.0
2025-01-28T12:00:00Z,147abc6a,8bab4dff,a6177608,0.0
2025-01-28T12:03:00Z,147abc6a,8bab4dff,a6177608,0.0
2025-01-28T12:06:00Z,147abc6a,8bab4dff,a6177608,0.0
2025-01-28T12:09:00Z,147abc6a,8bab4dff,a6177608,0.0
2025-01-28T12:12:00Z,147abc6a,8bab4dff,a6177608,0.0
2025-01-28T12:15:00Z,147abc6a,8bab4dff,a6177608,0.0
2025-01-28T12:18:00Z,147abc6a,8bab4dff,a6177608,0.0
2025-01-28T12:21:00Z,147abc6a,8bab4dff,a6177608,0.0
2025-01-28T12:24:00Z,147abc6a,8bab4dff,a6177608,0.0
2025-01-28T12:27:00Z,147abc6a,8bab4dff,a6177608,0.0
2025-01-28T12:30:00Z,147abc6a,8bab4dff,a6177608,0.0
2025-01-28T12:33:00Z,147abc6a,8bab4dff,a6177608,0.0
2025-01-28T12:36:00Z,147abc6a,8bab4dff,a6177608,0.0
2025-01-28T12:39:00Z,147abc6a,8bab4dff,a6177608,0.0
2025-01-28T12:42:00Z,147abc6a,8bab4dff,a6177608,0.0
2025-01-28T12:45:00Z,147abc6a,8bab4dff,a6177608,0.0
2025-01-28T12:48:00Z,147abc6a,8bab4dff,a6177608,0.0
2025-01-28T12:51:00Z,147abc6a,8bab4dff,a6177608,0.0
2025-01-28T12:54:00Z,147abc6a,8bab4dff,a6177608,0.0
2025-01-28T12:57:00Z,147abc6a,8bab4dff,a6177608,0.0
2025-01-28T13:00:00Z,147abc6a,8bab4dff,a6177608,0.0
2025-01-28T13:03:00Z,147abc6a,8bab4dff,a6177608,0.0
2025-01-28T13:06:00Z,147abc6a,8bab4dff,a6177608,0.0
2025-01-28T13:09:00Z,147abc6a,8bab4dff,a6177608,0.0
2025-01-28T13:12:00Z,147abc6a,8bab4dff,a6177608,0.0
2025-01-28T13:15:00Z,147abc6a,8bab4dff,a6177608,0.0
2025-01-28T13:18:00Z,147abc6a,8bab4dff,a6177608,0.0
2025-01-28T13:21:00Z,147abc6a,8bab4dff,a6177608,0.0
2025-01-28T13:24:00Z,147abc6a,8bab4dff,a6177608,0.0
2025-01-28T13:27:00Z,147abc6a,8bab4dff,a6177608,0.0
2025-01-28T13:30:00Z,147abc6a,8bab4dff,a6177608,0.0
2025-01-28T13:33:00Z,147abc6a,8bab4dff,a6177608,0.0
2025-01-28T13:36:00Z,147abc6a,8bab4dff,a6177608,0.0
2025-01-28T13:39:00Z,147abc6a,8bab4dff,a6177608,0.0
2025-01-28T13:42:00Z,147abc6a,8bab4dff,a6177608,0.0
2025-01-28T13:45:00Z,147abc6a,8bab4dff,a6177608,0.0
2025-01-28T13:48:00Z,147abc6a,8bab4dff,a6177608,0.0
2025-01-28T13:51:00Z,147abc6a,8bab4dff,a6177608,0.0
2025-01-28T13:54:00Z,147abc6a,8bab4dff,a6177608,0.0
2025-01-28T13:57:00Z,147abc6a,8bab4dff,a6177608,0.0
2025-01-28T14:00:00Z,147abc6a,8bab4dff,a6177608,0.0
2025-01-28T14:03:00Z,147abc6a,8bab4dff,a6177608,0.0
2025-01-28T14:06:00Z,147abc6a,8bab4dff,a6177608,0.0
2025-01-28T14:09:00Z,147abc6a,8bab4dff,a6177608,0.0
2025-01-28T14:12:00Z,147abc6a,8bab4dff,a6177608,0.0
2025-01-28T14:15:00Z,147abc6a,8bab4dff,a6177608,0.0
2025-01-28T14:18:00Z,147abc6a,8bab4dff,a6177608,0.0
2025-01-28T14:21:00Z,147abc6a,8bab4dff,a6177608,0.0
2025-01-28T14:24:00Z,147abc6a,8bab4dff,a6177608,0.0
2025-01-28T14:27:00Z,147abc6a,8bab4dff,a6177608,0.0
2025-01-28T14:30:00Z,147abc6a,8bab4dff,a6177608,0.0
2025-01-28T14:33:00Z,147abc6a,8bab4dff,a6177608,0.0
2025-01-28T14:36:00Z,147abc6a,8bab4dff,a6177608,0.0
2025-01-28T14:39:00Z,147abc6a,8bab4dff,a6177608,0.0
2025-01-28T14:42:00Z,147abc6a,8bab4dff,a6177608,0.0
2025-01-28T14:45:00Z,147abc6a,8bab4dff,a6177608,0.0
2025-01-28T14:48:00Z,147abc6a,8bab4dff,a6177608,0.0
2025-01-28T14:51:00Z,147abc6a,8bab4dff,a6177608,0.0
2025-01-28T14:54:00Z,147abc6a,8bab4dff,a6177608,0.0
2025-01-28T14:57:00Z,147abc6a,8bab4dff,a6177608,0.0
2025-01-28T15:00:00Z,147abc6a,8bab4dff,a6177608,0.0
2025-01-28T15:03:00Z,147abc6a,8bab4dff,a6177608,0.0
2025-01-28T15:06:00Z,147abc6a,8bab4dff,a6177608,0.0
2025-01-28T15:09:00Z,147abc6a,8bab4dff,a6177608,0.0
2025-01-28T15:12:00Z,147abc6a,8bab4dff,a6177608,0.0
2025-01-28T15:15:00Z,147abc6a,8bab4dff,a6177608,0.0
2025-01-28T15:18:00Z,147abc6a,8bab4dff,a6177608,0.0
2025-01-28T15:21:00Z,147abc6a,8bab4dff,a6177608,0.0
2025-01-28T15:24:00Z,147abc6a,8bab4dff,a6177608,0.0
2025-01-28T15:27:00Z,147abc6a,8bab4dff,a6177608,0.0
2025-01-28T15:30:00Z,147abc6a,8bab4dff,a6177608,0.0
2025-01-28T15:33:00Z,147abc6a,8bab4dff,a6177608,0.0
2025-01-28T15:36:00Z,147abc6a,8bab4dff,a6177608,0.0
2025-01-28T15:39:00Z,147abc6a,8bab4dff,a6177608,0.0
2025-01-28T15:42:00Z,147abc6a,8bab4dff,a6177608,0.0
2025-01-28T15:45:00Z,147abc6a,8bab4dff,a6177608,0.0
2025-01-28T15:48:00Z,147abc6a,8bab4dff,a6177608,0.0
2025-01-28T15:51:00Z,147abc6a,8bab4dff,a6177608,0.0
2025-01-28T15:54:00Z,147abc6a,8bab4dff,a6177608,0.0
2025-01-28T15:57:00Z,147abc6a,8bab4dff,a6177608,0.0
2025-01-28T16:00:00Z,147abc6a,8bab4dff,a6177608,0.0
2025-01-28T16:03:00Z,147abc6a,8bab4dff,a6177608,0.0
2025-01-28T16:06:00Z,147abc6a,8bab4dff,a6177608,0.0
2025-01-28T16:09:00Z,147abc6a,8bab4dff,a6177608,0.0
2025-01-28T16:12:00Z,147abc6a,8bab4dff,a6177608,0.0
2025-01-28T16:15:00Z,147abc6a,8bab4dff,a6177608,0.0
2025-01-28T16:18:00Z,147abc6a,8bab4dff,a6177608,0.0
2025-01-28T16:21:00Z,147abc6a,8bab4dff,a6177608,0.0
2025-01-28T16:24:00Z,147abc6a,8bab4dff,a6177608,0.0
2025-01-28T16:27:00Z,147abc6a,8bab4dff,a6177608,0.0
2025-01-28T16:30:00Z,147abc6a,8bab4dff,a6177608,0.0
2025-01-28T16:33:00Z,147abc6a,8bab4dff,a6177608,0.0
2025-01-28T16:36:00Z,147abc6a,8bab4dff,a6177608,0.0
2025-01-28T16:39:00Z,147abc6a,8bab4dff,a6177608,0.0
2025-01-28T16:42:00Z,147abc6a,8bab4dff,a6177608,0.0
2025-01-28T16:45:00Z,147abc6a,8bab4dff,a6177608,0.0
2025-01-28T16:48:00Z,147abc6a,8bab4dff,a6177608,0.0
2025-01-28T16:51:00Z,147abc6a,8bab4dff,a6177608,0.0
2025-01-28T16:54:00Z,147abc6a,8bab4dff,a6177608,0.0
2025-01-28T16:57:00Z,147abc6a,8bab4dff,a6177608,0.0
2025-01-28T17:00:00Z,147abc6a,8bab4dff,a6177608,0.0
2025-01-28T17:03:00Z,147abc6a,8bab4dff,a6177608,0.0
2025-01-28T17:06:00Z,147abc6a,8bab4dff,a6177608,0.0
2025-01-28T17:09:00Z,147abc6a,8bab4dff,a6177608,0.0
2025-01-28T17:12:00Z,147abc6a,8bab4dff,a6177608,0.0
2025-01-28T17:15:00Z,147abc6a,8bab4dff,a6177608,0.0
2025-01-28T17:18:00Z,147abc6a,8bab4dff,a6177608,0.0
2025-01-28T17:21:00Z,147abc6a,8bab4dff,a6177608,0.0
2025-01-28T17:24:00Z,147abc6a,8bab4dff,a6177608,0.0
2025-01-28T17:27:00Z,147abc6a,8bab4dff,a6177608,0.0
2025-01-28T17:30:00Z,147abc6a,8bab4dff,a6177608,0.0
2025-01-28T17:33:00Z,147abc6a,8bab4dff,a6177608,0.0
2025-01-28T17:36:00Z,147abc6a,8bab4dff,a6177608,0.0
2025-01-28T17:39:00Z,147abc6a,8bab4dff,a6177608,0.0
2025-01-28T17:42:00Z,147abc6a,8bab4dff,a6177608,0.0
2025-01-28T17:45:00Z,147abc6a,8bab4dff,a6177608,0.0
2025-01-28T17:48:00Z,147abc6a,8bab4dff,a6177608,0.0
2025-01-28T17:51:00Z,147abc6a,8bab4dff,a6177608,0.0
2025-01-28T17:54:00Z,147abc6a,8bab4dff,a6177608,0.0
2025-01-28T17:57:00Z,147abc6a,8bab4dff,a6177608,0.0
2025-01-28T18:00:00Z,147abc6a,8bab4dff,a6177608,0.0
2025-01-28T18:03:00Z,147abc6a,8bab4dff,a6177608,0.0
2025-01-28T18:06:00Z,147abc6a,8bab4dff,a6177608,0.0
2025-01-28T18:09:00Z,147abc6a,8bab4dff,a6177608,0.0
2025-01-28T18:12:00Z,147abc6a,8bab4dff,a6177608,0.0
2025-01-28T18:15:00Z,147abc6a,8bab4dff,a6177608,0.0
2025-01-28T18:18:00Z,147abc6a,8bab4dff,a6177608,0.0
2025-01-28T18:21:00Z,147abc6a,8bab4dff,a6177608,0.0
2025-01-28T18:24:00Z,147abc6a,8bab4dff,a6177608,0.0
2025-01-28T18:27:00Z,147abc6a,8bab4dff,a6177608,0.0
2025-01-28T18:30:00Z,147abc6a,8bab4dff,a6177608,0.0
2025-01-28T18:33:00Z,147abc6a,8bab4dff,a6177608,0.0
2025-01-28T18:36:00Z,147abc6a,8bab4dff,a6177608,0.0
2025-01-28T18:39:00Z,147abc6a,8bab4dff,a6177608,0.0
2025-01-28T18:42:00Z,147abc6a,8bab4dff,a6177608,0.0
2025-01-28T18:45:00Z,147abc6a,8bab4dff,a6177608,0.0
2025-01-28T18:48:00Z,147abc6a,8bab4dff,a6177608,0.0
2025-01-28T18:51:00Z,147abc6a,8bab4dff,a6177608,0.0
2025-01-28T18:54:00Z,147abc6a,8bab4dff,a6177608,0.0
2025-01-28T18:57:00Z,147abc6a,8bab4dff,a6177608,0.0
2025-01-28T19:00:00Z,147abc6a,8bab4dff,a6177608,0.0
2025-01-28T19:03:00Z,147abc6a,8bab4dff,a6177608,0.0
2025-01-28T19:06:00Z,147abc6a,8bab4dff,a6177608,0.0
2025-01-28T19:09:00Z,147abc6a,8bab4dff,a6177608,0.0
2025-01-28T19:12:00Z,147abc6a,8bab4dff,a6177608,0.0
2025-01-28T19:15:00Z,147abc6a,8bab4dff,a6177608,0.0
2025-01-28T19:18:00Z,147abc6a,8bab4dff,a6177608,0.0
2025-01-28T19:21:00Z,147abc6a,8bab4dff,a6177608,0.0
2025-01-28T19:24:00Z,147abc6a,8bab4dff,a6177608,0.0
2025-01-28T19:27:00Z,147abc6a,8bab4dff,a6177608,0.0
2025-01-28T19:30:00Z,147abc6a,8bab4dff,a6177608,0.0
2025-01-28T19:33:00Z,147abc6a,8bab4dff,a6177608,0.0
2025-01-28T19:36:00Z,147abc6a,8bab4dff,a6177608,0.0
2025-01-28T19:39:00Z,147abc6a,8bab4dff,a6177608,0.0
2025-01-28T19:42:00Z,147abc6a,8bab4dff,a6177608,0.0
2025-01-28T19:45:00Z,147abc6a,8bab4dff,a6177608,0.0
2025-01-28T19:48:00Z,147abc6a,8bab4dff,a6177608,0.0
2025-01-28T19:51:00Z,147abc6a,8bab4dff,a6177608,0.0
2025-01-28T19:54:00Z,147abc6a,8bab4dff,a6177608,0.0
2025-01-28T19:57:00Z,147abc6a,8bab4dff,a6177608,0.0
2025-01-28T20:00:00Z,147abc6a,8bab4dff,a6177608,0.0
2025-01-28T20:03:00Z,147abc6a,8bab4dff,a6177608,0.0
2025-01-28T20:06:00Z,147abc6a,8bab4dff,a6177608,0.06
2025-01-28T20:09:00Z,147abc6a,8bab4dff,a6177608,0.0
2025-01-28T20:12:00Z,147abc6a,8bab4dff,a6177608,0.0
2025-01-28T20:15:00Z,147abc6a,8bab4dff,a6177608,0.0
2025-01-28T20:18:00Z,147abc6a,8bab4dff,a6177608,0.0
2025-01-28T20:21:00Z,147abc6a,8bab4dff,a6177608,0.0
2025-01-28T20:24:00Z,147abc6a,8bab4dff,a6177608,0.0
2025-01-28T20:27:00Z,147abc6a,8bab4dff,a6177608,0.0
2025-01-28T20:30:00Z,147abc6a,8bab4dff,a6177608,0.0
2025-01-28T20:33:00Z,147abc6a,8bab4dff,a6177608,0.0
2025-01-28T20:36:00Z,147abc6a,8bab4dff,a6177608,0.0
2025-01-28T20:39:00Z,147abc6a,8bab4dff,a6177608,0.0
2025-01-28T20:42:00Z,147abc6a,8bab4dff,a6177608,0.0
2025-01-28T20:45:00Z,147abc6a,8bab4dff,a6177608,0.0
2025-01-28T20:48:00Z,147abc6a,8bab4dff,a6177608,0.0
2025-01-28T20:51:00Z,147abc6a,8bab4dff,a6177608,0.0
2025-01-28T20:54:00Z,147abc6a,8bab4dff,a6177608,0.0
2025-01-28T20:57:00Z,147abc6a,8bab4dff,a6177608,0.0
2025-01-28T21:00:00Z,147abc6a,8bab4dff,a6177608,0.0
2025-01-28T21:03:00Z,147abc6a,8bab4dff,a6177608,0.0
2025-01-28T21:06:00Z,147abc6a,8bab4dff,a6177608,0.0
2025-01-28T21:09:00Z,147abc6a,8bab4dff,a6177608,0.0
2025-01-28T21:12:00Z,147abc6a,8bab4dff,a6177608,0.0
2025-01-28T21:15:00Z,147abc6a,8bab4dff,a6177608,0.0
2025-01-28T21:18:00Z,147abc6a,8bab4dff,a6177608,0.0
2025-01-28T21:21:00Z,147abc6a,8bab4dff,a6177608,0.0
2025-01-28T21:24:00Z,147abc6a,8bab4dff,a6177608,0.0
2025-01-28T21:27:00Z,147abc6a,8bab4dff,a6177608,0.0
2025-01-28T21:30:00Z,147abc6a,8bab4dff,a6177608,0.0
2025-01-28T21:33:00Z,147abc6a,8bab4dff,a6177608,0.0
2025-01-28T21:36:00Z,147abc6a,8bab4dff,a6177608,0.0
2025-01-28T21:39:00Z,147abc6a,8bab4dff,a6177608,0.0
2025-01-28T21:42:00Z,147abc6a,8bab4dff,a6177608,0.0
2025-01-28T21:45:00Z,147abc6a,8bab4dff,a6177608,0.0
2025-01-28T21:48:00Z,147abc6a,8bab4dff,a6177608,0.0
2025-01-28T21:51:00Z,147abc6a,8bab4dff,a6177608,0.0
2025-01-28T21:54:00Z,147abc6a,8bab4dff,a6177608,0.0
2025-01-28T21:57:00Z,147abc6a,8bab4dff,a6177608,0.0
2025-01-28T22:00:00Z,147abc6a,8bab4dff,a6177608,0.0
2025-01-28T22:03:00Z,147abc6a,8bab4dff,a6177608,0.0
2025-01-28T22:06:00Z,147abc6a,8bab4dff,a6177608,0.0
2025-01-28T22:09:00Z,147abc6a,8bab4dff,a6177608,0.0
2025-01-28T22:12:00Z,147abc6a,8bab4dff,a6177608,0.0
2025-01-28T22:15:00Z,147abc6a,8bab4dff,a6177608,0.0
2025-01-28T22:18:00Z,147abc6a,8bab4dff,a6177608,0.0
2025-01-28T22:21:00Z,147abc6a,8bab4dff,a6177608,0.0
2025-01-28T22:24:00Z,147abc6a,8bab4dff,a6177608,0.0
2025-01-28T22:27:00Z,147abc6a,8bab4dff,a6177608,0.0
2025-01-28T22:30:00Z,147abc6a,8bab4dff,a6177608,0.0
2025-01-28T22:33:00Z,147abc6a,8bab4dff,a6177608,0.0
2025-01-28T22:36:00Z,147abc6a,8bab4dff,a6177608,0.0
2025-01-28T22:39:00Z,147abc6a,8bab4dff,a6177608,0.0
2025-01-28T22:42:00Z,147abc6a,8bab4dff,a6177608,0.0
2025-01-28T22:45:00Z,147abc6a,8bab4dff,a6177608,0.0
2025-01-28T22:48:00Z,147abc6a,8bab4dff,a6177608,0.0
2025-01-28T22:51:00Z,147abc6a,8bab4dff,a6177608,0.02
2025-01-28T22:54:00Z,147abc6a,8bab4dff,a6177608,0.0
2025-01-28T22:57:00Z,147abc6a,8bab4dff,a6177608,0.0
2025-01-28T23:00:00Z,147abc6a,8bab4dff,a6177608,0.0
2025-01-28T23:03:00Z,147abc6a,8bab4dff,a6177608,0.0
2025-01-28T23:06:00Z,147abc6a,8bab4dff,a6177608,0.0
2025-01-28T23:09:00Z,147abc6a,8bab4dff,a6177608,0.0
2025-01-28T23:12:00Z,147abc6a,8bab4dff,a6177608,0.0
2025-01-28T23:15:00Z,147abc6a,8bab4dff,a6177608,0.0
2025-01-28T23:18:00Z,147abc6a,8bab4dff,a6177608,0.0
2025-01-28T23:21:00Z,147abc6a,8bab4dff,a6177608,0.0
2025-01-28T23:24:00Z,147abc6a,8bab4dff,a6177608,0.0
2025-01-28T23:27:00Z,147abc6a,8bab4dff,a6177608,0.0
2025-01-28T23:30:00Z,147abc6a,8bab4dff,a6177608,0.0
2025-01-28T23:33:00Z,147abc6a,8bab4dff,a6177608,0.0
2025-01-28T23:36:00Z,147abc6a,8bab4dff,a6177608,0.0
2025-01-28T23:39:00Z,147abc6a,8bab4dff,a6177608,0.0
2025-01-28T23:42:00Z,147abc6a,8bab4dff,a6177608,0.0
2025-01-28T23:45:00Z,147abc6a,8bab4dff,a6177608,0.0
2025-01-28T23:48:00Z,147abc6a,8bab4dff,a6177608,0.0
2025-01-28T23:51:00Z,147abc6a,8bab4dff,a6177608,0.0
2025-01-28T23:54:00Z,147abc6a,8bab4dff,a6177608,0.0
2025-01-28T23:57:00Z,147abc6a,8bab4dff,a6177608,0.0
2025-01-29T00:00:00Z,147abc6a,8bab4dff,a6177608,0.01
2025-01-29T00:03:00Z,147abc6a,8bab4dff,a6177608,0.0
2025-01-29T00:06:00Z,147abc6a,8bab4dff,a6177608,0.0
2025-01-29T00:09:00Z,147abc6a,8bab4dff,a6177608,0.0
2025-01-29T00:12:00Z,147abc6a,8bab4dff,a6177608,0.01
2025-01-29T00:15:00Z,147abc6a,8bab4dff,a6177608,0.0
2025-01-29T00:18:00Z,147abc6a,8bab4dff,a6177608,0.0
2025-01-29T00:21:00Z,147abc6a,8bab4dff,a6177608,0.0
2025-01-29T00:24:00Z,147abc6a,8bab4dff,a6177608,0.0
2025-01-29T00:27:00Z,147abc6a,8bab4dff,a6177608,0.0
2025-01-29T00:30:00Z,147abc6a,8bab4dff,a6177608,0.0
2025-01-29T00:33:00Z,147abc6a,8bab4dff,a6177608,0.0
2025-01-29T00:36:00Z,147abc6a,8bab4dff,a6177608,0.0
2025-01-29T00:39:00Z,147abc6a,8bab4dff,a6177608,0.0
2025-01-29T00:42:00Z,147abc6a,8bab4dff,a6177608,0.0
2025-01-29T00:45:00Z,147abc6a,8bab4dff,a6177608,0.0
2025-01-29T00:48:00Z,147abc6a,8bab4dff,a6177608,0.0
2025-01-29T00:51:00Z,147abc6a,8bab4dff,a6177608,0.0
2025-01-29T00:54:00Z,147abc6a,8bab4dff,a6177608,0.0
2025-01-29T00:57:00Z,147abc6a,8bab4dff,a6177608,0.0
2025-01-29T01:00:00Z,147abc6a,8bab4dff,a6177608,0.0
2025-01-29T01:03:00Z,147abc6a,8bab4dff,a6177608,0.0
2025-01-29T01:06:00Z,147abc6a,8bab4dff,a6177608,0.0
2025-01-29T01:09:00Z,147abc6a,8bab4dff,a6177608,0.0
2025-01-29T01:12:00Z,147abc6a,8bab4dff,a6177608,0.0
2025-01-29T01:15:00Z,147abc6a,8bab4dff,a6177608,0.0
2025-01-29T01:18:00Z,147abc6a,8bab4dff,a6177608,0.0
2025-01-29T01:21:00Z,147abc6a,8bab4dff,a6177608,0.0
2025-01-29T01:24:00Z,147abc6a,8bab4dff,a6177608,0.0
2025-01-29T01:27:00Z,147abc6a,8bab4dff,a6177608,0.0
2025-01-29T01:30:00Z,147abc6a,8bab4dff,a6177608,0.0
2025-01-29T01:33:00Z,147abc6a,8bab4dff,a6177608,0.0
2025-01-29T01:36:00Z,147abc6a,8bab4dff,a6177608,0.0
2025-01-29T01:39:00Z,147abc6a,8bab4dff,a6177608,0.0
2025-01-29T01:42:00Z,147abc6a,8bab4dff,a6177608,0.0
2025-01-29T01:45:00Z,147abc6a,8bab4dff,a6177608,0.0
2025-01-29T01:48:00Z,147abc6a,8bab4dff,a6177608,0.0
2025-01-29T01:51:00Z,147abc6a,8bab4dff,a6177608,0.0
2025-01-29T01:54:00Z,147abc6a,8bab4dff,a6177608,0.0
2025-01-29T01:57:00Z,147abc6a,8bab4dff,a6177608,0.0
2025-01-29T02:00:00Z,147abc6a,8bab4dff,a6177608,0.0
2025-01-29T02:03:00Z,147abc6a,8bab4dff,a6177608,0.0
2025-01-29T02:06:00Z,147abc6a,8bab4dff,a6177608,0.0
2025-01-29T02:09:00Z,147abc6a,8bab4dff,a6177608,0.0
2025-01-29T02:12:00Z,147abc6a,8bab4dff,a6177608,0.0
2025-01-29T02:15:00Z,147abc6a,8bab4dff,a6177608,0.0
2025-01-29T02:18:00Z,147abc6a,8bab4dff,a6177608,0.0
2025-01-29T02:21:00Z,147abc6a,8bab4dff,a6177608,0.0
2025-01-29T02:24:00Z,147abc6a,8bab4dff,a6177608,0.0
2025-01-29T02:27:00Z,147abc6a,8bab4dff,a6177608,0.0
2025-01-29T02:30:00Z,147abc6a,8bab4dff,a6177608,0.0
2025-01-29T02:33:00Z,147abc6a,8bab4dff,a6177608,0.0
2025-01-29T02:36:00Z,147abc6a,8bab4dff,a6177608,0.0
2025-01-29T02:39:00Z,147abc6a,8bab4dff,a6177608,0.0
2025-01-29T02:42:00Z,147abc6a,8bab4dff,a6177608,0.0
2025-01-29T02:45:00Z,147abc6a,8bab4dff,a6177608,0.0
2025-01-29T02:48:00Z,147abc6a,8bab4dff,a6177608,0.0
2025-01-29T02:51:00Z,147abc6a,8bab4dff,a6177608,0.0
2025-01-29T02:54:00Z,147abc6a,8bab4dff,a6177608,0.0
2025-01-29T02:57:00Z,147abc6a,8bab4dff,a6177608,0.0
2025-01-29T03:00:00Z,147abc6a,8bab4dff,a6177608,0.0
2025-01-29T03:03:00Z,147abc6a,8bab4dff,a6177608,0.0
2025-01-29T03:06:00Z,147abc6a,8bab4dff,a6177608,0.0
2025-01-29T03:09:00Z,147abc6a,8bab4dff,a6177608,0.0
2025-01-29T03:12:00Z,147abc6a,8bab4dff,a6177608,0.0
2025-01-29T03:15:00Z,147abc6a,8bab4dff,a6177608,0.0
2025-01-29T03:18:00Z,147abc6a,8bab4dff,a6177608,0.0
2025-01-29T03:21:00Z,147abc6a,8bab4dff,a6177608,0.0
2025-01-29T03:24:00Z,147abc6a,8bab4dff,a6177608,0.0
2025-01-29T03:27:00Z,147abc6a,8bab4dff,a6177608,0.0
2025-01-29T03:30:00Z,147abc6a,8bab4dff,a6177608,0.0
2025-01-29T03:33:00Z,147abc6a,8bab4dff,a6177608,0.0
2025-01-29T03:36:00Z,147abc6a,8bab4dff,a6177608,0.0
2025-01-29T03:39:00Z,147abc6a,8bab4dff,a6177608,0.0
2025-01-29T03:42:00Z,147abc6a,8bab4dff,a6177608,0.0
2025-01-29T03:45:00Z,147abc6a,8bab4dff,a6177608,0.0
2025-01-29T03:48:00Z,147abc6a,8bab4dff,a6177608,0.0
2025-01-29T03:51:00Z,147abc6a,8bab4dff,a6177608,0.0
2025-01-29T03:54:00Z,147abc6a,8bab4dff,a6177608,0.0
2025-01-29T03:57:00Z,147abc6a,8bab4dff,a6177608,0.0
2025-01-29T04:00:00Z,147abc6a,8bab4dff,a6177608,0.0
2025-01-29T04:03:00Z,147abc6a,8bab4dff,a6177608,0.0
2025-01-29T04:06:00Z,147abc6a,8bab4dff,a6177608,0.0
2025-01-29T04:09:00Z,147abc6a,8bab4dff,a6177608,0.0
2025-01-29T04:12:00Z,147abc6a,8bab4dff,a6177608,0.0
2025-01-29T04:15:00Z,147abc6a,8bab4dff,a6177608,0.0
2025-01-29T04:18:00Z,147abc6a,8bab4dff,a6177608,0.0
2025-01-29T04:21:00Z,147abc6a,8bab4dff,a6177608,0.0
2025-01-29T04:24:00Z,147abc6a,8bab4dff,a6177608,0.0
2025-01-29T04:27:00Z,147abc6a,8bab4dff,a6177608,0.0
2025-01-29T04:30:00Z,147abc6a,8bab4dff,a6177608,0.0
2025-01-29T04:33:00Z,147abc6a,8bab4dff,a6177608,0.0
2025-01-29T04:36:00Z,147abc6a,8bab4dff,a6177608,0.0
2025-01-29T04:39:00Z,147abc6a,8bab4dff,a6177608,0.0
2025-01-29T04:42:00Z,147abc6a,8bab4dff,a6177608,0.01
2025-01-29T04:45:00Z,147abc6a,8bab4dff,a6177608,0.0
2025-01-29T04:48:00Z,147abc6a,8bab4dff,a6177608,0.0
2025-01-29T04:51:00Z,147abc6a,8bab4dff,a6177608,0.0
2025-01-29T04:54:00Z,147abc6a,8bab4dff,a6177608,0.0
2025-01-29T04:57:00Z,147abc6a,8bab4dff,a6177608,0.0
2025-01-29T05:00:00Z,147abc6a,8bab4dff,a6177608,0.0
2025-01-29T05:03:00Z,147abc6a,8bab4dff,a6177608,0.0
2025-01-29T05:06:00Z,147abc6a,8bab4dff,a6177608,0.0
2025-01-29T05:09:00Z,147abc6a,8bab4dff,a6177608,0.0
2025-01-29T05:12:00Z,147abc6a,8bab4dff,a6177608,0.0
2025-01-29T05:15:00Z,147abc6a,8bab4dff,a6177608,0.0
2025-01-29T05:18:00Z,147abc6a,8bab4dff,a6177608,0.0
2025-01-29T05:21:00Z,147abc6a,8bab4dff,a6177608,0.0
2025-01-29T05:24:00Z,147abc6a,8bab4dff,a6177608,0.0
2025-01-29T05:27:00Z,147abc6a,8bab4dff,a6177608,0.0
2025-01-29T05:30:00Z,147abc6a,8bab4dff,a6177608,0.0
2025-01-29T05:33:00Z,147abc6a,8bab4dff,a6177608,0.0
2025-01-29T05:36:00Z,147abc6a,8bab4dff,a6177608,0.0
2025-01-29T05:39:00Z,147abc6a,8bab4dff,a6177608,0.0
2025-01-29T05:42:00Z,147abc6a,8bab4dff,a6177608,0.0
2025-01-29T05:45:00Z,147abc6a,8bab4dff,a6177608,0.0
2025-01-29T05:48:00Z,147abc6a,8bab4dff,a6177608,0.0
2025-01-29T05:51:00Z,147abc6a,8bab4dff,a6177608,0.0
2025-01-29T05:54:00Z,147abc6a,8bab4dff,a6177608,0.0
2025-01-29T05:57:00Z,147abc6a,8bab4dff,a6177608,0.0
2025-01-29T06:00:00Z,147abc6a,8bab4dff,a6177608,0.0
2025-01-29T06:03:00Z,147abc6a,8bab4dff,a6177608,0.0
2025-01-29T06:06:00Z,147abc6a,8bab4dff,a6177608,0.0
2025-01-29T06:09:00Z,147abc6a,8bab4dff,a6177608,0.0
2025-01-29T06:12:00Z,147abc6a,8bab4dff,a6177608,0.0
2025-01-29T06:15:00Z,147abc6a,8bab4dff,a6177608,0.0
2025-01-29T06:18:00Z,147abc6a,8bab4dff,a6177608,0.0
2025-01-29T06:21:00Z,147abc6a,8bab4dff,a6177608,0.0
2025-01-29T06:24:00Z,147abc6a,8bab4dff,a6177608,0.0
2025-01-29T06:27:00Z,147abc6a,8bab4dff,a6177608,0.0
2025-01-29T06:30:00Z,147abc6a,8bab4dff,a6177608,0.0
2025-01-29T06:33:00Z,147abc6a,8bab4dff,a6177608,0.09
2025-01-29T06:36:00Z,147abc6a,8bab4dff,a6177608,0.02
2025-01-29T06:39:00Z,147abc6a,8bab4dff,a6177608,0.0
2025-01-29T06:42:00Z,147abc6a,8bab4dff,a6177608,0.0
2025-01-29T06:45:00Z,147abc6a,8bab4dff,a6177608,0.0
2025-01-29T06:48:00Z,147abc6a,8bab4dff,a6177608,0.0
2025-01-29T06:51:00Z,147abc6a,8bab4dff,a6177608,0.0
2025-01-29T06:54:00Z,147abc6a,8bab4dff,a6177608,0.0
2025-01-29T06:57:00Z,147abc6a,8bab4dff,a6177608,0.0
2025-01-29T07:00:00Z,147abc6a,8bab4dff,a6177608,0.0
2025-01-29T07:03:00Z,147abc6a,8bab4dff,a6177608,0.0
2025-01-29T07:06:00Z,147abc6a,8bab4dff,a6177608,0.0
2025-01-29T07:09:00Z,147abc6a,8bab4dff,a6177608,0.0
2025-01-29T07:12:00Z,147abc6a,8bab4dff,a6177608,0.0
2025-01-29T07:15:00Z,147abc6a,8bab4dff,a6177608,0.0
2025-01-29T07:18:00Z,147abc6a,8bab4dff,a6177608,0.0
2025-01-29T07:21:00Z,147abc6a,8bab4dff,a6177608,0.0
2025-01-29T07:24:00Z,147abc6a,8bab4dff,a6177608,0.0
2025-01-29T07:27:00Z,147abc6a,8bab4dff,a6177608,0.0
2025-01-29T07:30:00Z,147abc6a,8bab4dff,a6177608,0.0
2025-01-29T07:33:00Z,147abc6a,8bab4dff,a6177608,0.0
2025-01-29T07:36:00Z,147abc6a,8bab4dff,a6177608,0.0
2025-01-29T07:39:00Z,147abc6a,8bab4dff,a6177608,0.0
2025-01-29T07:42:00Z,147abc6a,8bab4dff,a6177608,0.0
2025-01-29T07:45:00Z,147abc6a,8bab4dff,a6177608,0.0
2025-01-29T07:48:00Z,147abc6a,8bab4dff,a6177608,0.0
2025-01-29T07:51:00Z,147abc6a,8bab4dff,a6177608,0.0
2025-01-29T07:54:00Z,147abc6a,8bab4dff,a6177608,0.0
2025-01-29T07:57:00Z,147abc6a,8bab4dff,a6177608,0.0
2025-01-29T08:00:00Z,147abc6a,8bab4dff,a6177608,0.0
2025-01-29T08:03:00Z,147abc6a,8bab4dff,a6177608,0.0
2025-01-29T08:06:00Z,147abc6a,8bab4dff,a6177608,0.0
2025-01-29T08:09:00Z,147abc6a,8bab4dff,a6177608,0.0
2025-01-29T08:12:00Z,147abc6a,8bab4dff,a6177608,0.0
2025-01-29T08:15:00Z,147abc6a,8bab4dff,a6177608,0.0
2025-01-29T08:18:00Z,147abc6a,8bab4dff,a6177608,0.0
2025-01-29T08:21:00Z,147abc6a,8bab4dff,a6177608,0.0
2025-01-29T08:24:00Z,147abc6a,8bab4dff,a6177608,0.0
2025-01-29T08:27:00Z,147abc6a,8bab4dff,a6177608,0.0
2025-01-29T08:30:00Z,147abc6a,8bab4dff,a6177608,0.0
2025-01-29T08:33:00Z,147abc6a,8bab4dff,a6177608,0.0
2025-01-29T08:36:00Z,147abc6a,8bab4dff,a6177608,0.0
2025-01-29T08:39:00Z,147abc6a,8bab4dff,a6177608,0.0
2025-01-29T08:42:00Z,147abc6a,8bab4dff,a6177608,0.0
2025-01-29T08:45:00Z,147abc6a,8bab4dff,a6177608,0.0
2025-01-29T08:48:00Z,147abc6a,8bab4dff,a6177608,0.0
2025-01-29T08:51:00Z,147abc6a,8bab4dff,a6177608,0.0
2025-01-29T08:54:00Z,147abc6a,8bab4dff,a6177608,0.0
2025-01-29T08:57:00Z,147abc6a,8bab4dff,a6177608,0.0
2025-01-29T09:00:00Z,147abc6a,8bab4dff,a6177608,0.0
2025-01-29T09:03:00Z,147abc6a,8bab4dff,a6177608,0.0
2025-01-29T09:06:00Z,147abc6a,8bab4dff,a6177608,0.0
2025-01-29T09:09:00Z,147abc6a,8bab4dff,a6177608,0.0
2025-01-29T09:12:00Z,147abc6a,8bab4dff,a6177608,0.0
2025-01-29T09:15:00Z,147abc6a,8bab4dff,a6177608,0.0
2025-01-29T09:18:00Z,147abc6a,8bab4dff,a6177608,0.0
2025-01-29T09:21:00Z,147abc6a,8bab4dff,a6177608,0.0
2025-01-29T09:24:00Z,147abc6a,8bab4dff,a6177608,0.0
2025-01-29T09:27:00Z,147abc6a,8bab4dff,a6177608,0.0
2025-01-29T09:30:00Z,147abc6a,8bab4dff,a6177608,0.0
2025-01-29T09:33:00Z,147abc6a,8bab4dff,a6177608,0.0
2025-01-29T09:36:00Z,147abc6a,8bab4dff,a6177608,0.0
2025-01-29T09:39:00Z,147abc6a,8bab4dff,a6177608,0.0
2025-01-29T09:42:00Z,147abc6a,8bab4dff,a6177608,0.0
2025-01-29T09:45:00Z,147abc6a,8bab4dff,a6177608,0.0
2025-01-29T09:48:00Z,147abc6a,8bab4dff,a6177608,0.0
2025-01-29T09:51:00Z,147abc6a,8bab4dff,a6177608,0.0
2025-01-29T09:54:00Z,147abc6a,8bab4dff,a6177608,0.0
2025-01-29T09:57:00Z,147abc6a,8bab4dff,a6177608,0.11
2025-01-29T10:00:00Z,147abc6a,8bab4dff,a6177608,0.0
2025-01-29T10:03:00Z,147abc6a,8bab4dff,a6177608,0.03
2025-01-29T10:06:00Z,147abc6a,8bab4dff,a6177608,0.0
2025-01-29T10:09:00Z,147abc6a,8bab4dff,a6177608,0.0
2025-01-29T10:12:00Z,147abc6a,8bab4dff,a6177608,0.0
2025-01-29T10:15:00Z,147abc6a,8bab4dff,a6177608,0.0
2025-01-29T10:18:00Z,147abc6a,8bab4dff,a6177608,0.0
2025-01-29T10:21:00Z,147abc6a,8bab4dff,a6177608,0.0
2025-01-29T10:24:00Z,147abc6a,8bab4dff,a6177608,0.0
2025-01-29T10:27:00Z,147abc6a,8bab4dff,a6177608,0.0
2025-01-29T10:30:00Z,147abc6a,8bab4dff,a6177608,0.0
2025-01-29T10:33:00Z,147abc6a,8bab4dff,a6177608,0.0
2025-01-29T10:36:00Z,147abc6a,8bab4dff,a6177608,0.0
2025-01-29T10:39:00Z,147abc6a,8bab4dff,a6177608,0.0
2025-01-29T10:42:00Z,147abc6a,8bab4dff,a6177608,0.0
2025-01-29T10:45:00Z,147abc6a,8bab4dff,a6177608,0.0
2025-01-29T10:48:00Z,147abc6a,8bab4dff,a6177608,0.0
2025-01-29T10:51:00Z,147abc6a,8bab4dff,a6177608,0.0
2025-01-29T10:54:00Z,147abc6a,8bab4dff,a6177608,0.0
2025-01-29T10:57:00Z,147abc6a,8bab4dff,a6177608,0.0
2025-01-29T11:00:00Z,147abc6a,8bab4dff,a6177608,0.0
2025-01-29T11:03:00Z,147abc6a,8bab4dff,a6177608,0.0
2025-01-29T11:06:00Z,147abc6a,8bab4dff,a6177608,0.0
2025-01-29T11:09:00Z,147abc6a,8bab4dff,a6177608,0.0
2025-01-29T11:12:00Z,147abc6a,8bab4dff,a6177608,0.0
2025-01-29T11:15:00Z,147abc6a,8bab4dff,a6177608,0.0
2025-01-29T11:18:00Z,147abc6a,8bab4dff,a6177608,0.0
2025-01-29T11:21:00Z,147abc6a,8bab4dff,a6177608,0.0
2025-01-29T11:24:00Z,147abc6a,8bab4dff,a6177608,0.0
2025-01-29T11:27:00Z,147abc6a,8bab4dff,a6177608,0.0
2025-01-29T11:30:00Z,147abc6a,8bab4dff,a6177608,0.0
2025-01-29T11:33:00Z,147abc6a,8bab4dff,a6177608,0.0
2025-01-29T11:36:00Z,147abc6a,8bab4dff,a6177608,0.0
2025-01-29T11:39:00Z,147abc6a,8bab4dff,a6177608,0.0
2025-01-29T11:42:00Z,147abc6a,8bab4dff,a6177608,0.0
2025-01-29T11:45:00Z,147abc6a,8bab4dff,a6177608,0.0
2025-01-29T11:48:00Z,147abc6a,8bab4dff,a6177608,0.0
2025-01-29T11:51:00Z,147abc6a,8bab4dff,a6177608,0.0
2025-01-29T11:54:00Z,147abc6a,8bab4dff,a6177608,0.0
2025-01-29T11:57:00Z,147abc6a,8bab4dff,a6177608,0.0
2025-01-29T12:00:00Z,147abc6a,8bab4dff,a6177608,0.0
2025-01-29T12:03:00Z,147abc6a,8bab4dff,a6177608,0.0
2025-01-29T12:06:00Z,147abc6a,8bab4dff,a6177608,0.0
2025-01-29T12:09:00Z,147abc6a,8bab4dff,a6177608,0.0
2025-01-29T12:12:00Z,147abc6a,8bab4dff,a6177608,0.0
2025-01-29T12:15:00Z,147abc6a,8bab4dff,a6177608,0.0
2025-01-29T12:18:00Z,147abc6a,8bab4dff,a6177608,0.0
2025-01-29T12:21:00Z,147abc6a,8bab4dff,a6177608,0.0
2025-01-29T12:24:00Z,147abc6a,8bab4dff,a6177608,0.0
2025-01-29T12:27:00Z,147abc6a,8bab4dff,a6177608,0.0
2025-01-29T12:30:00Z,147abc6a,8bab4dff,a6177608,0.0
2025-01-29T12:33:00Z,147abc6a,8bab4dff,a6177608,0.0
2025-01-29T12:36:00Z,147abc6a,8bab4dff,a6177608,0.0
2025-01-29T12:39:00Z,147abc6a,8bab4dff,a6177608,0.0
2025-01-29T12:42:00Z,147abc6a,8bab4dff,a6177608,0.0
2025-01-29T12:45:00Z,147abc6a,8bab4dff,a6177608,0.01
2025-01-29T12:48:00Z,147abc6a,8bab4dff,a6177608,0.0
2025-01-29T12:51:00Z,147abc6a,8bab4dff,a6177608,0.0
2025-01-29T12:54:00Z,147abc6a,8bab4dff,a6177608,0.0
2025-01-29T12:57:00Z,147abc6a,8bab4dff,a6177608,0.0
2025-01-29T13:00:00Z,147abc6a,8bab4dff,a6177608,0.0
2025-01-29T13:03:00Z,147abc6a,8bab4dff,a6177608,0.0
2025-01-29T13:06:00Z,147abc6a,8bab4dff,a6177608,0.0
2025-01-29T13:09:00Z,147abc6a,8bab4dff,a6177608,0.0
2025-01-29T13:12:00Z,147abc6a,8bab4dff,a6177608,0.0
2025-01-29T13:15:00Z,147abc6a,8bab4dff,a6177608,0.0
2025-01-29T13:18:00Z,147abc6a,8bab4dff,a6177608,0.0
2025-01-29T13:21:00Z,147abc6a,8bab4dff,a6177608,0.0
2025-01-29T13:24:00Z,147abc6a,8bab4dff,a6177608,0.0
2025-01-29T13:27:00Z,147abc6a,8bab4dff,a6177608,0.0
2025-01-29T13:30:00Z,147abc6a,8bab4dff,a6177608,0.0
2025-01-29T13:33:00Z,147abc6a,8bab4dff,a6177608,0.0
2025-01-29T13:36:00Z,147abc6a,8bab4dff,a6177608,0.0
2025-01-29T13:39:00Z,147abc6a,8bab4dff,a6177608,0.0
2025-01-29T13:42:00Z,147abc6a,8bab4dff,a6177608,0.0
2025-01-29T13:45:00Z,147abc6a,8bab4dff,a6177608,0.0
2025-01-29T13:48:00Z,147abc6a,8bab4dff,a6177608,0.0
2025-01-29T13:51:00Z,147abc6a,8bab4dff,a6177608,0.0
2025-01-29T13:54:00Z,147abc6a,8bab4dff,a6177608,0.0
2025-01-29T13:57:00Z,147abc6a,8bab4dff,a6177608,0.0
2025-01-29T14:00:00Z,147abc6a,8bab4dff,a6177608,0.0
2025-01-29T14:03:00Z,147abc6a,8bab4dff,a6177608,0.0
2025-01-29T14:06:00Z,147abc6a,8bab4dff,a6177608,0.0
2025-01-29T14:09:00Z,147abc6a,8bab4dff,a6177608,0.0
2025-01-29T14:12:00Z,147abc6a,8bab4dff,a6177608,0.0
2025-01-29T14:15:00Z,147abc6a,8bab4dff,a6177608,0.0
2025-01-29T14:18:00Z,147abc6a,8bab4dff,a6177608,0.0
2025-01-29T14:21:00Z,147abc6a,8bab4dff,a6177608,0.0
2025-01-29T14:24:00Z,147abc6a,8bab4dff,a6177608,0.0
2025-01-29T14:27:00Z,147abc6a,8bab4dff,a6177608,0.0
2025-01-29T14:30:00Z,147abc6a,8bab4dff,a6177608,0.0
2025-01-29T14:33:00Z,147abc6a,8bab4dff,a6177608,0.0
2025-01-29T14:36:00Z,147abc6a,8bab4dff,a6177608,0.0
2025-01-29T14:39:00Z,147abc6a,8bab4dff,a6177608,0.0
2025-01-29T14:42:00Z,147abc6a,8bab4dff,a6177608,0.0
2025-01-29T14:45:00Z,147abc6a,8bab4dff,a6177608,0.0
2025-01-29T14:48:00Z,147abc6a,8bab4dff,a6177608,0.0
2025-01-29T14:51:00Z,147abc6a,8bab4dff,a6177608,0.0
2025-01-29T14:54:00Z,147abc6a,8bab4dff,a6177608,0.0
2025-01-29T14:57:00Z,147abc6a,8bab4dff,a6177608,0.0
2025-01-29T15:00:00Z,147abc6a,8bab4dff,a6177608,0.0
2025-01-29T15:03:00Z,147abc6a,8bab4dff,a6177608,0.0
2025-01-29T15:06:00Z,147abc6a,8bab4dff,a6177608,0.0
2025-01-29T15:09:00Z,147abc6a,8bab4dff,a6177608,0.0
2025-01-29T15:12:00Z,147abc6a,8bab4dff,a6177608,0.0
2025-01-29T15:15:00Z,147abc6a,8bab4dff,a6177608,0.0
2025-01-29T15:18:00Z,147abc6a,8bab4dff,a6177608,0.0
2025-01-29T15:21:00Z,147abc6a,8bab4dff,a6177608,0.0
2025-01-29T15:24:00Z,147abc6a,8bab4dff,a6177608,0.0
2025-01-29T15:27:00Z,147abc6a,8bab4dff,a6177608,0.0
2025-01-29T15:30:00Z,147abc6a,8bab4dff,a6177608,0.0
2025-01-29T15:33:00Z,147abc6a,8bab4dff,a6177608,0.0
2025-01-29T15:36:00Z,147abc6a,8bab4dff,a6177608,0.0
2025-01-29T15:39:00Z,147abc6a,8bab4dff,a6177608,0.0
2025-01-29T15:42:00Z,147abc6a,8bab4dff,a6177608,0.0
2025-01-29T15:45:00Z,147abc6a,8bab4dff,a6177608,0.0
2025-01-29T15:48:00Z,147abc6a,8bab4dff,a6177608,0.0
2025-01-29T15:51:00Z,147abc6a,8bab4dff,a6177608,0.0
2025-01-29T15:54:00Z,147abc6a,8bab4dff,a6177608,0.0
2025-01-29T15:57:00Z,147abc6a,8bab4dff,a6177608,0.0
2025-01-29T16:00:00Z,147abc6a,8bab4dff,a6177608,0.0
2025-01-29T16:03:00Z,147abc6a,8bab4dff,a6177608,0.0
2025-01-29T16:06:00Z,147abc6a,8bab4dff,a6177608,0.0
2025-01-29T16:09:00Z,147abc6a,8bab4dff,a6177608,0.0
2025-01-29T16:12:00Z,147abc6a,8bab4dff,a6177608,0.0
2025-01-29T16:15:00Z,147abc6a,8bab4dff,a6177608,0.0
2025-01-29T16:18:00Z,147abc6a,8bab4dff,a6177608,0.0
2025-01-29T16:21:00Z,147abc6a,8bab4dff,a6177608,0.0
2025-01-29T16:24:00Z,147abc6a,8bab4dff,a6177608,0.0
2025-01-29T16:27:00Z,147abc6a,8bab4dff,a6177608,0.0
2025-01-29T16:30:00Z,147abc6a,8bab4dff,a6177608,0.0
2025-01-29T16:33:00Z,147abc6a,8bab4dff,a6177608,0.0
2025-01-29T16:36:00Z,147abc6a,8bab4dff,a6177608,0.0
2025-01-29T16:39:00Z,147abc6a,8bab4dff,a6177608,0.0
2025-01-29T16:42:00Z,147abc6a,8bab4dff,a6177608,0.0
2025-01-29T16:45:00Z,147abc6a,8bab4dff,a6177608,0.0
2025-01-29T16:48:00Z,147abc6a,8bab4dff,a6177608,0.0
2025-01-29T16:51:00Z,147abc6a,8bab4dff,a6177608,0.0
2025-01-29T16:54:00Z,147abc6a,8bab4dff,a6177608,0.0
2025-01-29T16:57:00Z,147abc6a,8bab4dff,a6177608,0.0
2025-01-29T17:00:00Z,147abc6a,8bab4dff,a6177608,0.0
2025-01-29T17:03:00Z,147abc6a,8bab4dff,a6177608,0.0
2025-01-29T17:06:00Z,147abc6a,8bab4dff,a6177608,0.0
2025-01-29T17:09:00Z,147abc6a,8bab4dff,a6177608,0.0
2025-01-29T17:12:00Z,147abc6a,8bab4dff,a6177608,0.0
2025-01-29T17:15:00Z,147abc6a,8bab4dff,a6177608,0.0
2025-01-29T17:18:00Z,147abc6a,8bab4dff,a6177608,0.0
2025-01-29T17:21:00Z,147abc6a,8bab4dff,a6177608,0.0
2025-01-29T17:24:00Z,147abc6a,8bab4dff,a6177608,0.0
2025-01-29T17:27:00Z,147abc6a,8bab4dff,a6177608,0.0
2025-01-29T17:30:00Z,147abc6a,8bab4dff,a6177608,0.0
2025-01-29T17:33:00Z,147abc6a,8bab4dff,a6177608,0.0
2025-01-29T17:36:00Z,147abc6a,8bab4dff,a6177608,0.0
2025-01-29T17:39:00Z,147abc6a,8bab4dff,a6177608,0.0
2025-01-29T17:42:00Z,147abc6a,8bab4dff,a6177608,0.0
2025-01-29T17:45:00Z,147abc6a,8bab4dff,a6177608,0.0
2025-01-29T17:48:00Z,147abc6a,8bab4dff,a6177608,0.0
2025-01-29T17:51:00Z,147abc6a,8bab4dff,a6177608,0.0
2025-01-29T17:54:00Z,147abc6a,8bab4dff,a6177608,0.0
2025-01-29T17:57:00Z,147abc6a,8bab4dff,a6177608,0.0
2025-01-29T18:00:00Z,147abc6a,8bab4dff,a6177608,0.0
2025-01-29T18:03:00Z,147abc6a,8bab4dff,a6177608,0.0
2025-01-29T18:06:00Z,147abc6a,8bab4dff,a6177608,0.0
2025-01-29T18:09:00Z,147abc6a,8bab4dff,a6177608,0.0
2025-01-29T18:12:00Z,147abc6a,8bab4dff,a6177608,0.0
2025-01-29T18:15:00Z,147abc6a,8bab4dff,a6177608,0.0
2025-01-29T18:18:00Z,147abc6a,8bab4dff,a6177608,0.0
2025-01-29T18:21:00Z,147abc6a,8bab4dff,a6177608,0.0
2025-01-29T18:24:00Z,147abc6a,8bab4dff,a6177608,0.0
2025-01-29T18:27:00Z,147abc6a,8bab4dff,a6177608,0.0
2025-01-29T18:30:00Z,147abc6a,8bab4dff,a6177608,0.0
2025-01-29T18:33:00Z,147abc6a,8bab4dff,a6177608,0.0
2025-01-29T18:36:00Z,147abc6a,8bab4dff,a6177608,0.0
2025-01-29T18:39:00Z,147abc6a,8bab4dff,a6177608,0.0
2025-01-29T18:42:00Z,147abc6a,8bab4dff,a6177608,0.0
2025-01-29T18:45:00Z,147abc6a,8bab4dff,a6177608,0.0
2025-01-29T18:48:00Z,147abc6a,8bab4dff,a6177608,0.0
2025-01-29T18:51:00Z,147abc6a,8bab4dff,a6177608,0.0
2025-01-29T18:54:00Z,147abc6a,8bab4dff,a6177608,0.0
2025-01-29T18:57:00Z,147abc6a,8bab4dff,a6177608,0.0
2025-01-29T19:00:00Z,147abc6a,8bab4dff,a6177608,0.0
2025-01-29T19:03:00Z,147abc6a,8bab4dff,a6177608,0.0
2025-01-29T19:06:00Z,147abc6a,8bab4dff,a6177608,0.0
2025-01-29T19:09:00Z,147abc6a,8bab4dff,a6177608,0.0
2025-01-29T19:12:00Z,147abc6a,8bab4dff,a6177608,0.0
2025-01-29T19:15:00Z,147abc6a,8bab4dff,a6177608,0.0
2025-01-29T19:18:00Z,147abc6a,8bab4dff,a6177608,0.0
2025-01-29T19:21:00Z,147abc6a,8bab4dff,a6177608,0.0
2025-01-29T19:24:00Z,147abc6a,8bab4dff,a6177608,0.0
2025-01-29T19:27:00Z,147abc6a,8bab4dff,a6177608,0.0
2025-01-29T19:30:00Z,147abc6a,8bab4dff,a6177608,0.0
2025-01-29T19:33:00Z,147abc6a,8bab4dff,a6177608,0.0
2025-01-29T19:36:00Z,147abc6a,8bab4dff,a6177608,0.0
2025-01-29T19:39:00Z,147abc6a,8bab4dff,a6177608,0.0
2025-01-29T19:42:00Z,147abc6a,8bab4dff,a6177608,0.0
2025-01-29T19:45:00Z,147abc6a,8bab4dff,a6177608,0.01
2025-01-29T19:48:00Z,147abc6a,8bab4dff,a6177608,0.0
2025-01-29T19:51:00Z,147abc6a,8bab4dff,a6177608,0.0
2025-01-29T19:54:00Z,147abc6a,8bab4dff,a6177608,0.0
2025-01-29T19:57:00Z,147abc6a,8bab4dff,a6177608,0.0
2025-01-29T20:00:00Z,147abc6a,8bab4dff,a6177608,0.0
2025-01-29T20:03:00Z,147abc6a,8bab4dff,a6177608,0.0
2025-01-29T20:06:00Z,147abc6a,8bab4dff,a6177608,0.0
2025-01-29T20:09:00Z,147abc6a,8bab4dff,a6177608,0.0
2025-01-29T20:12:00Z,147abc6a,8bab4dff,a6177608,0.0
2025-01-29T20:15:00Z,147abc6a,8bab4dff,a6177608,0.0
2025-01-29T20:18:00Z,147abc6a,8bab4dff,a6177608,0.0
2025-01-29T20:21:00Z,147abc6a,8bab4dff,a6177608,0.0
2025-01-29T20:24:00Z,147abc6a,8bab4dff,a6177608,0.0
2025-01-29T20:27:00Z,147abc6a,8bab4dff,a6177608,0.0
2025-01-29T20:30:00Z,147abc6a,8bab4dff,a6177608,0.0
2025-01-29T20:33:00Z,147abc6a,8bab4dff,a6177608,0.0
2025-01-29T20:36:00Z,147abc6a,8bab4dff,a6177608,0.0
2025-01-29T20:39:00Z,147abc6a,8bab4dff,a6177608,0.0
2025-01-29T20:42:00Z,147abc6a,8bab4dff,a6177608,0.0
2025-01-29T20:45:00Z,147abc6a,8bab4dff,a6177608,0.0
2025-01-29T20:48:00Z,147abc6a,8bab4dff,a6177608,0.0
2025-01-29T20:51:00Z,147abc6a,8bab4dff,a6177608,0.0
2025-01-29T20:54:00Z,147abc6a,8bab4dff,a6177608,0.0
2025-01-29T20:57:00Z,147abc6a,8bab4dff,a6177608,0.0
2025-01-29T21:00:00Z,147abc6a,8bab4dff,a6177608,0.0
2025-01-29T21:03:00Z,147abc6a,8bab4dff,a6177608,0.0
2025-01-29T21:06:00Z,147abc6a,8bab4dff,a6177608,0.0
2025-01-29T21:09:00Z,147abc6a,8bab4dff,a6177608,0.0
2025-01-29T21:12:00Z,147abc6a,8bab4dff,a6177608,0.0
2025-01-29T21:15:00Z,147abc6a,8bab4dff,a6177608,0.0
2025-01-29T21:18:00Z,147abc6a,8bab4dff,a6177608,0.0
2025-01-29T21:21:00Z,147abc6a,8bab4dff,a6177608,0.0
2025-01-29T21:24:00Z,147abc6a,8bab4dff,a6177608,0.0
2025-01-29T21:27:00Z,147abc6a,8bab4dff,a6177608,0.0
2025-01-29T21:30:00Z,147abc6a,8bab4dff,a6177608,0.0
2025-01-29T21:33:00Z,147abc6a,8bab4dff,a6177608,0.0
2025-01-29T21:36:00Z,147abc6a,8bab4dff,a6177608,0.0
2025-01-29T21:39:00Z,147abc6a,8bab4dff,a6177608,0.0
2025-01-29T21:42:00Z,147abc6a,8bab4dff,a6177608,0.0
2025-01-29T21:45:00Z,147abc6a,8bab4dff,a6177608,0.0
2025-01-29T21:48:00Z,147abc6a,8bab4dff,a6177608,0.0
2025-01-29T21:51:00Z,147abc6a,8bab4dff,a6177608,0.0
2025-01-29T21:54:00Z,147abc6a,8bab4dff,a6177608,0.0
2025-01-29T21:57:00Z,147abc6a,8bab4dff,a6177608,0.0
2025-01-29T22:00:00Z,147abc6a,8bab4dff,a6177608,0.0
2025-01-29T22:03:00Z,147abc6a,8bab4dff,a6177608,0.0
2025-01-29T22:06:00Z,147abc6a,8bab4dff,a6177608,0.0
2025-01-29T22:09:00Z,147abc6a,8bab4dff,a6177608,0.0
2025-01-29T22:12:00Z,147abc6a,8bab4dff,a6177608,0.0
2025-01-29T22:15:00Z,147abc6a,8bab4dff,a6177608,0.0
2025-01-29T22:18:00Z,147abc6a,8bab4dff,a6177608,0.0
2025-01-29T22:21:00Z,147abc6a,8bab4dff,a6177608,0.0
2025-01-29T22:24:00Z,147abc6a,8bab4dff,a6177608,0.0
2025-01-29T22:27:00Z,147abc6a,8bab4dff,a6177608,0.0
2025-01-29T22:30:00Z,147abc6a,8bab4dff,a6177608,0.0
2025-01-29T22:33:00Z,147abc6a,8bab4dff,a6177608,0.0
2025-01-29T22:36:00Z,147abc6a,8bab4dff,a6177608,0.0
2025-01-29T22:39:00Z,147abc6a,8bab4dff,a6177608,0.0
2025-01-29T22:42:00Z,147abc6a,8bab4dff,a6177608,0.0
2025-01-29T22:45:00Z,147abc6a,8bab4dff,a6177608,0.0
2025-01-29T22:48:00Z,147abc6a,8bab4dff,a6177608,0.0
2025-01-29T22:51:00Z,147abc6a,8bab4dff,a6177608,0.01
2025-01-29T22:54:00Z,147abc6a,8bab4dff,a6177608,0.0
2025-01-29T22:57:00Z,147abc6a,8bab4dff,a6177608,0.0
2025-01-29T23:00:00Z,147abc6a,8bab4dff,a6177608,0.0
2025-01-29T23:03:00Z,147abc6a,8bab4dff,a6177608,0.0
2025-01-29T23:06:00Z,147abc6a,8bab4dff,a6177608,0.0
2025-01-29T23:09:00Z,147abc6a,8bab4dff,a6177608,0.0
2025-01-29T23:12:00Z,147abc6a,8bab4dff,a6177608,0.0
2025-01-29T23:15:00Z,147abc6a,8bab4dff,a6177608,0.0
2025-01-29T23:18:00Z,147abc6a,8bab4dff,a6177608,0.0
2025-01-29T23:21:00Z,147abc6a,8bab4dff,a6177608,0.0
2025-01-29T23:24:00Z,147abc6a,8bab4dff,a6177608,0.0
2025-01-29T23:27:00Z,147abc6a,8bab4dff,a6177608,0.0
2025-01-29T23:30:00Z,147abc6a,8bab4dff,a6177608,0.0
2025-01-29T23:33:00Z,147abc6a,8bab4dff,a6177608,0.0
2025-01-29T23:36:00Z,147abc6a,8bab4dff,a6177608,0.0
2025-01-29T23:39:00Z,147abc6a,8bab4dff,a6177608,0.0
2025-01-29T23:42:00Z,147abc6a,8bab4dff,a6177608,0.0
2025-01-29T23:45:00Z,147abc6a,8bab4dff,a6177608,0.0
2025-01-29T23:48:00Z,147abc6a,8bab4dff,a6177608,0.0
2025-01-29T23:51:00Z,147abc6a,8bab4dff,a6177608,0.0
2025-01-29T23:54:00Z,147abc6a,8bab4dff,a6177608,0.0
2025-01-29T23:57:00Z,147abc6a,8bab4dff,a6177608,0.0
2025-01-30T00:00:00Z,147abc6a,8bab4dff,a6177608,0.0
2025-01-30T00:03:00Z,147abc6a,8bab4dff,a6177608,0.0
2025-01-30T00:06:00Z,147abc6a,8bab4dff,a6177608,0.0
2025-01-30T00:09:00Z,147abc6a,8bab4dff,a6177608,0.0
2025-01-30T00:12:00Z,147abc6a,8bab4dff,a6177608,0.0
2025-01-30T00:15:00Z,147abc6a,8bab4dff,a6177608,0.0
2025-01-30T00:18:00Z,147abc6a,8bab4dff,a6177608,0.0
2025-01-30T00:21:00Z,147abc6a,8bab4dff,a6177608,0.0
2025-01-30T00:24:00Z,147abc6a,8bab4dff,a6177608,0.0
2025-01-30T00:27:00Z,147abc6a,8bab4dff,a6177608,0.0
2025-01-30T00:30:00Z,147abc6a,8bab4dff,a6177608,0.0
2025-01-30T00:33:00Z,147abc6a,8bab4dff,a6177608,0.0
2025-01-30T00:36:00Z,147abc6a,8bab4dff,a6177608,0.0
2025-01-30T00:39:00Z,147abc6a,8bab4dff,a6177608,0.0
2025-01-30T00:42:00Z,147abc6a,8bab4dff,a6177608,0.0
2025-01-30T00:45:00Z,147abc6a,8bab4dff,a6177608,0.0
2025-01-30T00:48:00Z,147abc6a,8bab4dff,a6177608,0.0
2025-01-30T00:51:00Z,147abc6a,8bab4dff,a6177608,0.0
2025-01-30T00:54:00Z,147abc6a,8bab4dff,a6177608,0.0
2025-01-30T00:57:00Z,147abc6a,8bab4dff,a6177608,0.0
2025-01-30T01:00:00Z,147abc6a,8bab4dff,a6177608,0.0
2025-01-30T01:03:00Z,147abc6a,8bab4dff,a6177608,0.0
2025-01-30T01:06:00Z,147abc6a,8bab4dff,a6177608,0.0
2025-01-30T01:09:00Z,147abc6a,8bab4dff,a6177608,0.0
2025-01-30T01:12:00Z,147abc6a,8bab4dff,a6177608,0.0
2025-01-30T01:15:00Z,147abc6a,8bab4dff,a6177608,0.0
2025-01-30T01:18:00Z,147abc6a,8bab4dff,a6177608,0.0
2025-01-30T01:21:00Z,147abc6a,8bab4dff,a6177608,0.0
2025-01-30T01:24:00Z,147abc6a,8bab4dff,a6177608,0.0
2025-01-30T01:27:00Z,147abc6a,8bab4dff,a6177608,0.0
2025-01-30T01:30:00Z,147abc6a,8bab4dff,a6177608,0.0
2025-01-30T01:33:00Z,147abc6a,8bab4dff,a6177608,0.0
2025-01-30T01:36:00Z,147abc6a,8bab4dff,a6177608,0.0
2025-01-30T01:39:00Z,147abc6a,8bab4dff,a6177608,0.0
2025-01-30T01:42:00Z,147abc6a,8bab4dff,a6177608,0.0
2025-01-30T01:45:00Z,147abc6a,8bab4dff,a6177608,0.0
2025-01-30T01:48:00Z,147abc6a,8bab4dff,a6177608,0.0
2025-01-30T01:51:00Z,147abc6a,8bab4dff,a6177608,0.0
2025-01-30T01:54:00Z,147abc6a,8bab4dff,a6177608,0.0
2025-01-30T01:57:00Z,147abc6a,8bab4dff,a6177608,0.0
2025-01-30T02:00:00Z,147abc6a,8bab4dff,a6177608,0.0
2025-01-30T02:03:00Z,147abc6a,8bab4dff,a6177608,0.01
2025-01-30T02:06:00Z,147abc6a,8bab4dff,a6177608,0.0
2025-01-30T02:09:00Z,147abc6a,8bab4dff,a6177608,0.0
2025-01-30T02:12:00Z,147abc6a,8bab4dff,a6177608,0.0
2025-01-30T02:15:00Z,147abc6a,8bab4dff,a6177608,0.0
2025-01-30T02:18:00Z,147abc6a,8bab4dff,a6177608,0.0
2025-01-30T02:21:00Z,147abc6a,8bab4dff,a6177608,0.0
2025-01-30T02:24:00Z,147abc6a,8bab4dff,a6177608,0.0
2025-01-30T02:27:00Z,147abc6a,8bab4dff,a6177608,0.0
2025-01-30T02:30:00Z,147abc6a,8bab4dff,a6177608,0.0
2025-01-30T02:33:00Z,147abc6a,8bab4dff,a6177608,0.0
2025-01-30T02:36:00Z,147abc6a,8bab4dff,a6177608,0.0
2025-01-30T02:39:00Z,147abc6a,8bab4dff,a6177608,0.0
2025-01-30T02:42:00Z,147abc6a,8bab4dff,a6177608,0.0
2025-01-30T02:45:00Z,147abc6a,8bab4dff,a6177608,0.0
2025-01-30T02:48:00Z,147abc6a,8bab4dff,a6177608,0.0
2025-01-30T02:51:00Z,147abc6a,8bab4dff,a6177608,0.0
2025-01-30T02:54:00Z,147abc6a,8bab4dff,a6177608,0.0
2025-01-30T02:57:00Z,147abc6a,8bab4dff,a6177608,0.0
2025-01-30T03:00:00Z,147abc6a,8bab4dff,a6177608,0.0
2025-01-30T03:03:00Z,147abc6a,8bab4dff,a6177608,0.0
2025-01-30T03:06:00Z,147abc6a,8bab4dff,a6177608,0.0
2025-01-30T03:09:00Z,147abc6a,8bab4dff,a6177608,0.0
2025-01-30T03:12:00Z,147abc6a,8bab4dff,a6177608,0.0
2025-01-30T03:15:00Z,147abc6a,8bab4dff,a6177608,0.0
2025-01-30T03:18:00Z,147abc6a,8bab4dff,a6177608,0.0
2025-01-30T03:21:00Z,147abc6a,8bab4dff,a6177608,0.0
2025-01-30T03:24:00Z,147abc6a,8bab4dff,a6177608,0.0
2025-01-30T03:27:00Z,147abc6a,8bab4dff,a6177608,0.0
2025-01-30T03:30:00Z,147abc6a,8bab4dff,a6177608,0.0
2025-01-30T03:33:00Z,147abc6a,8bab4dff,a6177608,0.0
2025-01-30T03:36:00Z,147abc6a,8bab4dff,a6177608,0.0
2025-01-30T03:39:00Z,147abc6a,8bab4dff,a6177608,0.0
2025-01-30T03:42:00Z,147abc6a,8bab4dff,a6177608,0.0
2025-01-30T03:45:00Z,147abc6a,8bab4dff,a6177608,0.0
2025-01-30T03:48:00Z,147abc6a,8bab4dff,a6177608,0.0
2025-01-30T03:51:00Z,147abc6a,8bab4dff,a6177608,0.0
2025-01-30T03:54:00Z,147abc6a,8bab4dff,a6177608,0.0
2025-01-30T03:57:00Z,147abc6a,8bab4dff,a6177608,0.0
2025-01-30T04:00:00Z,147abc6a,8bab4dff,a6177608,0.0
2025-01-30T04:03:00Z,147abc6a,8bab4dff,a6177608,0.0
2025-01-30T04:06:00Z,147abc6a,8bab4dff,a6177608,0.0
2025-01-30T04:09:00Z,147abc6a,8bab4dff,a6177608,0.0
2025-01-30T04:12:00Z,147abc6a,8bab4dff,a6177608,0.0
2025-01-30T04:15:00Z,147abc6a,8bab4dff,a6177608,0.0
2025-01-30T04:18:00Z,147abc6a,8bab4dff,a6177608,0.0
2025-01-30T04:21:00Z,147abc6a,8bab4dff,a6177608,0.0
2025-01-30T04:24:00Z,147abc6a,8bab4dff,a6177608,0.0
2025-01-30T04:27:00Z,147abc6a,8bab4dff,a6177608,0.0
2025-01-30T04:30:00Z,147abc6a,8bab4dff,a6177608,0.0
2025-01-30T04:33:00Z,147abc6a,8bab4dff,a6177608,0.0
2025-01-30T04:36:00Z,147abc6a,8bab4dff,a6177608,0.0
2025-01-30T04:39:00Z,147abc6a,8bab4dff,a6177608,0.0
2025-01-30T04:42:00Z,147abc6a,8bab4dff,a6177608,0.0
2025-01-30T04:45:00Z,147abc6a,8bab4dff,a6177608,0.0
2025-01-30T04:48:00Z,147abc6a,8bab4dff,a6177608,0.0
2025-01-30T04:51:00Z,147abc6a,8bab4dff,a6177608,0.0
2025-01-30T04:54:00Z,147abc6a,8bab4dff,a6177608,0.0
2025-01-30T04:57:00Z,147abc6a,8bab4dff,a6177608,0.0
2025-01-30T05:00:00Z,147abc6a,8bab4dff,a6177608,0.0
2025-01-30T05:03:00Z,147abc6a,8bab4dff,a6177608,0.0
2025-01-30T05:06:00Z,147abc6a,8bab4dff,a6177608,0.0
2025-01-30T05:09:00Z,147abc6a,8bab4dff,a6177608,0.0
2025-01-30T05:12:00Z,147abc6a,8bab4dff,a6177608,0.0
2025-01-30T05:15:00Z,147abc6a,8bab4dff,a6177608,0.0
2025-01-30T05:18:00Z,147abc6a,8bab4dff,a6177608,0.0
2025-01-30T05:21:00Z,147abc6a,8bab4dff,a6177608,0.0
2025-01-30T05:24:00Z,147abc6a,8bab4dff,a6177608,0.0
2025-01-30T05:27:00Z,147abc6a,8bab4dff,a6177608,0.0
2025-01-30T05:30:00Z,147abc6a,8bab4dff,a6177608,0.0
2025-01-30T05:33:00Z,147abc6a,8bab4dff,a6177608,0.0
2025-01-30T05:36:00Z,147abc6a,8bab4dff,a6177608,0.0
2025-01-30T05:39:00Z,147abc6a,8bab4dff,a6177608,0.0
2025-01-30T05:42:00Z,147abc6a,8bab4dff,a6177608,0.0
2025-01-30T05:45:00Z,147abc6a,8bab4dff,a6177608,0.0
2025-01-30T05:48:00Z,147abc6a,8bab4dff,a6177608,0.0
2025-01-30T05:51:00Z,147abc6a,8bab4dff,a6177608,0.0
2025-01-30T05:54:00Z,147abc6a,8bab4dff,a6177608,0.0
2025-01-30T05:57:00Z,147abc6a,8bab4dff,a6177608,0.0
2025-01-30T06:00:00Z,147abc6a,8bab4dff,a6177608,0.0
2025-01-30T06:03:00Z,147abc6a,8bab4dff,a6177608,0.0
2025-01-30T06:06:00Z,147abc6a,8bab4dff,a6177608,0.0
2025-01-30T06:09:00Z,147abc6a,8bab4dff,a6177608,0.0
2025-01-30T06:12:00Z,147abc6a,8bab4dff,a6177608,0.0
2025-01-30T06:15:00Z,147abc6a,8bab4dff,a6177608,0.0
2025-01-30T06:18:00Z,147abc6a,8bab4dff,a6177608,0.05
2025-01-30T06:21:00Z,147abc6a,8bab4dff,a6177608,0.0
2025-01-30T06:24:00Z,147abc6a,8bab4dff,a6177608,0.0
2025-01-30T06:27:00Z,147abc6a,8bab4dff,a6177608,0.0
2025-01-30T06:30:00Z,147abc6a,8bab4dff,a6177608,0.0
2025-01-30T06:33:00Z,147abc6a,8bab4dff,a6177608,0.0
2025-01-30T06:36:00Z,147abc6a,8bab4dff,a6177608,0.0
2025-01-30T06:39:00Z,147abc6a,8bab4dff,a6177608,0.0
2025-01-30T06:42:00Z,147abc6a,8bab4dff,a6177608,0.0
2025-01-30T06:45:00Z,147abc6a,8bab4dff,a6177608,0.0
2025-01-30T06:48:00Z,147abc6a,8bab4dff,a6177608,0.0
2025-01-30T06:51:00Z,147abc6a,8bab4dff,a6177608,0.0
2025-01-30T06:54:00Z,147abc6a,8bab4dff,a6177608,0.0
2025-01-30T06:57:00Z,147abc6a,8bab4dff,a6177608,0.0
2025-01-30T07:00:00Z,147abc6a,8bab4dff,a6177608,0.0
2025-01-30T07:03:00Z,147abc6a,8bab4dff,a6177608,0.0
2025-01-30T07:06:00Z,147abc6a,8bab4dff,a6177608,0.0
2025-01-30T07:09:00Z,147abc6a,8bab4dff,a6177608,0.0
2025-01-30T07:12:00Z,147abc6a,8bab4dff,a6177608,0.0
2025-01-30T07:15:00Z,147abc6a,8bab4dff,a6177608,0.0
2025-01-30T07:18:00Z,147abc6a,8bab4dff,a6177608,0.0
2025-01-30T07:21:00Z,147abc6a,8bab4dff,a6177608,0.0
2025-01-30T07:24:00Z,147abc6a,8bab4dff,a6177608,0.0
2025-01-30T07:27:00Z,147abc6a,8bab4dff,a6177608,0.0
2025-01-30T07:30:00Z,147abc6a,8bab4dff,a6177608,0.0
2025-01-30T07:33:00Z,147abc6a,8bab4dff,a6177608,0.0
2025-01-30T07:36:00Z,147abc6a,8bab4dff,a6177608,0.0
2025-01-30T07:39:00Z,147abc6a,8bab4dff,a6177608,0.0
2025-01-30T07:42:00Z,147abc6a,8bab4dff,a6177608,0.0
2025-01-30T07:45:00Z,147abc6a,8bab4dff,a6177608,0.0
2025-01-30T07:48:00Z,147abc6a,8bab4dff,a6177608,0.0
2025-01-30T07:51:00Z,147abc6a,8bab4dff,a6177608,0.0
2025-01-30T07:54:00Z,147abc6a,8bab4dff,a6177608,0.0
2025-01-30T07:57:00Z,147abc6a,8bab4dff,a6177608,0.0
2025-01-30T08:00:00Z,147abc6a,8bab4dff,a6177608,0.0
2025-01-30T08:03:00Z,147abc6a,8bab4dff,a6177608,0.0
2025-01-30T08:06:00Z,147abc6a,8bab4dff,a6177608,0.0
2025-01-30T08:09:00Z,147abc6a,8bab4dff,a6177608,0.0
2025-01-30T08:12:00Z,147abc6a,8bab4dff,a6177608,0.0
2025-01-30T08:15:00Z,147abc6a,8bab4dff,a6177608,0.0
2025-01-30T08:18:00Z,147abc6a,8bab4dff,a6177608,0.0
2025-01-30T08:21:00Z,147abc6a,8bab4dff,a6177608,0.0
2025-01-30T08:24:00Z,147abc6a,8bab4dff,a6177608,0.0
2025-01-30T08:27:00Z,147abc6a,8bab4dff,a6177608,0.09
2025-01-30T08:30:00Z,147abc6a,8bab4dff,a6177608,0.17
2025-01-30T08:33:00Z,147abc6a,8bab4dff,a6177608,0.0
2025-01-30T08:36:00Z,147abc6a,8bab4dff,a6177608,0.0
2025-01-30T08:39:00Z,147abc6a,8bab4dff,a6177608,0.0
2025-01-30T08:42:00Z,147abc6a,8bab4dff,a6177608,0.0
2025-01-30T08:45:00Z,147abc6a,8bab4dff,a6177608,0.0
2025-01-30T08:48:00Z,147abc6a,8bab4dff,a6177608,0.0
2025-01-30T08:51:00Z,147abc6a,8bab4dff,a6177608,0.0
2025-01-30T08:54:00Z,147abc6a,8bab4dff,a6177608,0.0
2025-01-30T08:57:00Z,147abc6a,8bab4dff,a6177608,0.0
2025-01-30T09:00:00Z,147abc6a,8bab4dff,a6177608,0.0
2025-01-30T09:03:00Z,147abc6a,8bab4dff,a6177608,0.0
2025-01-30T09:06:00Z,147abc6a,8bab4dff,a6177608,0.0
2025-01-30T09:09:00Z,147abc6a,8bab4dff,a6177608,0.0
2025-01-30T09:12:00Z,147abc6a,8bab4dff,a6177608,0.0
2025-01-30T09:15:00Z,147abc6a,8bab4dff,a6177608,0.0
2025-01-30T09:18:00Z,147abc6a,8bab4dff,a6177608,0.0
2025-01-30T09:21:00Z,147abc6a,8bab4dff,a6177608,0.0
2025-01-30T09:24:00Z,147abc6a,8bab4dff,a6177608,0.0
2025-01-30T09:27:00Z,147abc6a,8bab4dff,a6177608,0.0
2025-01-30T09:30:00Z,147abc6a,8bab4dff,a6177608,0.0
2025-01-30T09:33:00Z,147abc6a,8bab4dff,a6177608,0.0
2025-01-30T09:36:00Z,147abc6a,8bab4dff,a6177608,0.0
2025-01-30T09:39:00Z,147abc6a,8bab4dff,a6177608,0.0
2025-01-30T09:42:00Z,147abc6a,8bab4dff,a6177608,0.0
2025-01-30T09:45:00Z,147abc6a,8bab4dff,a6177608,0.0
2025-01-30T09:48:00Z,147abc6a,8bab4dff,a6177608,0.0
2025-01-30T09:51:00Z,147abc6a,8bab4dff,a6177608,0.0
2025-01-30T09:54:00Z,147abc6a,8bab4dff,a6177608,0.0
2025-01-30T09:57:00Z,147abc6a,8bab4dff,a6177608,0.0
2025-01-30T10:00:00Z,147abc6a,8bab4dff,a6177608,0.0
2025-01-30T10:03:00Z,147abc6a,8bab4dff,a6177608,0.0
2025-01-30T10:06:00Z,147abc6a,8bab4dff,a6177608,0.0
2025-01-30T10:09:00Z,147abc6a,8bab4dff,a6177608,0.0
2025-01-30T10:12:00Z,147abc6a,8bab4dff,a6177608,0.0
2025-01-30T10:15:00Z,147abc6a,8bab4dff,a6177608,0.0
2025-01-30T10:18:00Z,147abc6a,8bab4dff,a6177608,0.0
2025-01-30T10:21:00Z,147abc6a,8bab4dff,a6177608,0.0
2025-01-30T10:24:00Z,147abc6a,8bab4dff,a6177608,0.0
2025-01-30T10:27:00Z,147abc6a,8bab4dff,a6177608,0.0
2025-01-30T10:30:00Z,147abc6a,8bab4dff,a6177608,0.0
2025-01-30T10:33:00Z,147abc6a,8bab4dff,a6177608,0.0
2025-01-30T10:36:00Z,147abc6a,8bab4dff,a6177608,0.0
2025-01-30T10:39:00Z,147abc6a,8bab4dff,a6177608,0.0
2025-01-30T10:42:00Z,147abc6a,8bab4dff,a6177608,0.0
2025-01-30T10:45:00Z,147abc6a,8bab4dff,a6177608,0.0
2025-01-30T10:48:00Z,147abc6a,8bab4dff,a6177608,0.0
2025-01-30T10:51:00Z,147abc6a,8bab4dff,a6177608,0.0
2025-01-30T10:54:00Z,147abc6a,8bab4dff,a6177608,0.0
2025-01-30T10:57:00Z,147abc6a,8bab4dff,a6177608,0.0
2025-01-30T11:00:00Z,147abc6a,8bab4dff,a6177608,0.0
2025-01-30T11:03:00Z,147abc6a,8bab4dff,a6177608,0.0
2025-01-30T11:06:00Z,147abc6a,8bab4dff,a6177608,0.0
2025-01-30T11:09:00Z,147abc6a,8bab4dff,a6177608,0.0
2025-01-30T11:12:00Z,147abc6a,8bab4dff,a6177608,0.0
2025-01-30T11:15:00Z,147abc6a,8bab4dff,a6177608,0.0
2025-01-30T11:18:00Z,147abc6a,8bab4dff,a6177608,0.0
2025-01-30T11:21:00Z,147abc6a,8bab4dff,a6177608,0.0
2025-01-30T11:24:00Z,147abc6a,8bab4dff,a6177608,0.0
2025-01-30T11:27:00Z,147abc6a,8bab4dff,a6177608,0.0
2025-01-30T11:30:00Z,147abc6a,8bab4dff,a6177608,0.0
2025-01-30T11:33:00Z,147abc6a,8bab4dff,a6177608,0.0
2025-01-30T11:36:00Z,147abc6a,8bab4dff,a6177608,0.0
2025-01-30T11:39:00Z,147abc6a,8bab4dff,a6177608,0.0
2025-01-30T11:42:00Z,147abc6a,8bab4dff,a6177608,0.0
2025-01-30T11:45:00Z,147abc6a,8bab4dff,a6177608,0.0
2025-01-30T11:48:00Z,147abc6a,8bab4dff,a6177608,0.04
2025-01-30T11:51:00Z,147abc6a,8bab4dff,a6177608,0.0
2025-01-30T11:54:00Z,147abc6a,8bab4dff,a6177608,0.0
2025-01-30T11:57:00Z,147abc6a,8bab4dff,a6177608,0.0
2025-01-30T12:00:00Z,147abc6a,8bab4dff,a6177608,0.0
2025-01-30T12:03:00Z,147abc6a,8bab4dff,a6177608,0.0
2025-01-30T12:06:00Z,147abc6a,8bab4dff,a6177608,0.0
2025-01-30T12:09:00Z,147abc6a,8bab4dff,a6177608,0.0
2025-01-30T12:12:00Z,147abc6a,8bab4dff,a6177608,0.0
2025-01-30T12:15:00Z,147abc6a,8bab4dff,a6177608,0.0
2025-01-30T12:18:00Z,147abc6a,8bab4dff,a6177608,0.0
2025-01-30T12:21:00Z,147abc6a,8bab4dff,a6177608,0.0
2025-01-30T12:24:00Z,147abc6a,8bab4dff,a6177608,0.0
2025-01-30T12:27:00Z,147abc6a,8bab4dff,a6177608,0.0
2025-01-30T12:30:00Z,147abc6a,8bab4dff,a6177608,0.0
2025-01-30T12:33:00Z,147abc6a,8bab4dff,a6177608,0.0
2025-01-30T12:36:00Z,147abc6a,8bab4dff,a6177608,0.0
2025-01-30T12:39:00Z,147abc6a,8bab4dff,a6177608,0.0
2025-01-30T12:42:00Z,147abc6a,8bab4dff,a6177608,0.0
2025-01-30T12:45:00Z,147abc6a,8bab4dff,a6177608,0.0
2025-01-30T12:48:00Z,147abc6a,8bab4dff,a6177608,0.0
2025-01-30T12:51:00Z,147abc6a,8bab4dff,a6177608,0.0
2025-01-30T12:54:00Z,147abc6a,8bab4dff,a6177608,0.0
2025-01-30T12:57:00Z,147abc6a,8bab4dff,a6177608,0.0
2025-01-30T13:00:00Z,147abc6a,8bab4dff,a6177608,0.0
2025-01-30T13:03:00Z,147abc6a,8bab4dff,a6177608,0.0
2025-01-30T13:06:00Z,147abc6a,8bab4dff,a6177608,0.0
2025-01-30T13:09:00Z,147abc6a,8bab4dff,a6177608,0.0
2025-01-30T13:12:00Z,147abc6a,8bab4dff,a6177608,0.0
2025-01-30T13:15:00Z,147abc6a,8bab4dff,a6177608,0.0
2025-01-30T13:18:00Z,147abc6a,8bab4dff,a6177608,0.0
2025-01-30T13:21:00Z,147abc6a,8bab4dff,a6177608,0.0
2025-01-30T13:24:00Z,147abc6a,8bab4dff,a6177608,0.0
2025-01-30T13:27:00Z,147abc6a,8bab4dff,a6177608,0.0
2025-01-30T13:30:00Z,147abc6a,8bab4dff,a6177608,0.0
2025-01-30T13:33:00Z,147abc6a,8bab4dff,a6177608,0.0
2025-01-30T13:36:00Z,147abc6a,8bab4dff,a6177608,0.0
2025-01-30T13:39:00Z,147abc6a,8bab4dff,a6177608,0.0
2025-01-30T13:42:00Z,147abc6a,8bab4dff,a6177608,0.0
2025-01-30T13:45:00Z,147abc6a,8bab4dff,a6177608,0.0
2025-01-30T13:48:00Z,147abc6a,8bab4dff,a6177608,0.0
2025-01-30T13:51:00Z,147abc6a,8bab4dff,a6177608,0.0
2025-01-30T13:54:00Z,147abc6a,8bab4dff,a6177608,0.0
2025-01-30T13:57:00Z,147abc6a,8bab4dff,a6177608,0.0
2025-01-30T14:00:00Z,147abc6a,8bab4dff,a6177608,0.0
2025-01-30T14:03:00Z,147abc6a,8bab4dff,a6177608,0.0
2025-01-30T14:06:00Z,147abc6a,8bab4dff,a6177608,0.0
2025-01-30T14:09:00Z,147abc6a,8bab4dff,a6177608,0.0
2025-01-30T14:12:00Z,147abc6a,8bab4dff,a6177608,0.0
2025-01-30T14:15:00Z,147abc6a,8bab4dff,a6177608,0.0
2025-01-30T14:18:00Z,147abc6a,8bab4dff,a6177608,0.0
2025-01-30T14:21:00Z,147abc6a,8bab4dff,a6177608,0.0
2025-01-30T14:24:00Z,147abc6a,8bab4dff,a6177608,0.0
2025-01-30T14:27:00Z,147abc6a,8bab4dff,a6177608,0.0
2025-01-30T14:30:00Z,147abc6a,8bab4dff,a6177608,0.0
2025-01-30T14:33:00Z,147abc6a,8bab4dff,a6177608,0.0
2025-01-30T14:36:00Z,147abc6a,8bab4dff,a6177608,0.0
2025-01-30T14:39:00Z,147abc6a,8bab4dff,a6177608,0.0
2025-01-30T14:42:00Z,147abc6a,8bab4dff,a6177608,0.0
2025-01-30T14:45:00Z,147abc6a,8bab4dff,a6177608,0.0
2025-01-30T14:48:00Z,147abc6a,8bab4dff,a6177608,0.0
2025-01-30T14:51:00Z,147abc6a,8bab4dff,a6177608,0.0
2025-01-30T14:54:00Z,147abc6a,8bab4dff,a6177608,0.0
2025-01-30T14:57:00Z,147abc6a,8bab4dff,a6177608,0.0
2025-01-30T15:00:00Z,147abc6a,8bab4dff,a6177608,0.0
2025-01-30T15:03:00Z,147abc6a,8bab4dff,a6177608,0.0
2025-01-30T15:06:00Z,147abc6a,8bab4dff,a6177608,0.0
2025-01-30T15:09:00Z,147abc6a,8bab4dff,a6177608,0.0
2025-01-30T15:12:00Z,147abc6a,8bab4dff,a6177608,0.0
2025-01-30T15:15:00Z,147abc6a,8bab4dff,a6177608,0.0
2025-01-30T15:18:00Z,147abc6a,8bab4dff,a6177608,0.0
2025-01-30T15:21:00Z,147abc6a,8bab4dff,a6177608,0.0
2025-01-30T15:24:00Z,147abc6a,8bab4dff,a6177608,0.0
2025-01-30T15:27:00Z,147abc6a,8bab4dff,a6177608,0.0
2025-01-30T15:30:00Z,147abc6a,8bab4dff,a6177608,0.0
2025-01-30T15:33:00Z,147abc6a,8bab4dff,a6177608,0.0
2025-01-30T15:36:00Z,147abc6a,8bab4dff,a6177608,0.0
2025-01-30T15:39:00Z,147abc6a,8bab4dff,a6177608,0.0
2025-01-30T15:42:00Z,147abc6a,8bab4dff,a6177608,0.0
2025-01-30T15:45:00Z,147abc6a,8bab4dff,a6177608,0.0
2025-01-30T15:48:00Z,147abc6a,8bab4dff,a6177608,0.0
2025-01-30T15:51:00Z,147abc6a,8bab4dff,a6177608,0.0
2025-01-30T15:54:00Z,147abc6a,8bab4dff,a6177608,0.0
2025-01-30T15:57:00Z,147abc6a,8bab4dff,a6177608,0.0
2025-01-30T16:00:00Z,147abc6a,8bab4dff,a6177608,0.0
2025-01-30T16:03:00Z,147abc6a,8bab4dff,a6177608,0.0
2025-01-30T16:06:00Z,147abc6a,8bab4dff,a6177608,0.0
2025-01-30T16:09:00Z,147abc6a,8bab4dff,a6177608,0.0
2025-01-30T16:12:00Z,147abc6a,8bab4dff,a6177608,0.0
2025-01-30T16:15:00Z,147abc6a,8bab4dff,a6177608,0.0
2025-01-30T16:18:00Z,147abc6a,8bab4dff,a6177608,0.0
2025-01-30T16:21:00Z,147abc6a,8bab4dff,a6177608,0.0
2025-01-30T16:24:00Z,147abc6a,8bab4dff,a6177608,0.0
2025-01-30T16:27:00Z,147abc6a,8bab4dff,a6177608,0.0
2025-01-30T16:30:00Z,147abc6a,8bab4dff,a6177608,0.0
2025-01-30T16:33:00Z,147abc6a,8bab4dff,a6177608,0.0
2025-01-30T16:36:00Z,147abc6a,8bab4dff,a6177608,0.0
2025-01-30T16:39:00Z,147abc6a,8bab4dff,a6177608,0.0
2025-01-30T16:42:00Z,147abc6a,8bab4dff,a6177608,0.0
2025-01-30T16:45:00Z,147abc6a,8bab4dff,a6177608,0.0
2025-01-30T16:48:00Z,147abc6a,8bab4dff,a6177608,0.0
2025-01-30T16:51:00Z,147abc6a,8bab4dff,a6177608,0.0
2025-01-30T16:54:00Z,147abc6a,8bab4dff,a6177608,0.0
2025-01-30T16:57:00Z,147abc6a,8bab4dff,a6177608,0.0
2025-01-30T17:00:00Z,147abc6a,8bab4dff,a6177608,0.0
2025-01-30T17:03:00Z,147abc6a,8bab4dff,a6177608,0.0
2025-01-30T17:06:00Z,147abc6a,8bab4dff,a6177608,0.0
2025-01-30T17:09:00Z,147abc6a,8bab4dff,a6177608,0.0
2025-01-30T17:12:00Z,147abc6a,8bab4dff,a6177608,0.0
2025-01-30T17:15:00Z,147abc6a,8bab4dff,a6177608,0.0
2025-01-30T17:18:00Z,147abc6a,8bab4dff,a6177608,0.0
2025-01-30T17:21:00Z,147abc6a,8bab4dff,a6177608,0.0
2025-01-30T17:24:00Z,147abc6a,8bab4dff,a6177608,0.0
2025-01-30T17:27:00Z,147abc6a,8bab4dff,a6177608,0.0
2025-01-30T17:30:00Z,147abc6a,8bab4dff,a6177608,0.0
2025-01-30T17:33:00Z,147abc6a,8bab4dff,a6177608,0.0
2025-01-30T17:36:00Z,147abc6a,8bab4dff,a6177608,0.0
2025-01-30T17:39:00Z,147abc6a,8bab4dff,a6177608,0.0
2025-01-30T17:42:00Z,147abc6a,8bab4dff,a6177608,0.0
2025-01-30T17:45:00Z,147abc6a,8bab4dff,a6177608,0.0
2025-01-30T17:48:00Z,147abc6a,8bab4dff,a6177608,0.0
2025-01-30T17:51:00Z,147abc6a,8bab4dff,a6177608,0.0
2025-01-30T17:54:00Z,147abc6a,8bab4dff,a6177608,0.0
2025-01-30T17:57:00Z,147abc6a,8bab4dff,a6177608,0.0
2025-01-30T18:00:00Z,147abc6a,8bab4dff,a6177608,0.0
2025-01-30T18:03:00Z,147abc6a,8bab4dff,a6177608,0.0
2025-01-30T18:06:00Z,147abc6a,8bab4dff,a6177608,0.0
2025-01-30T18:09:00Z,147abc6a,8bab4dff,a6177608,0.0
2025-01-30T18:12:00Z,147abc6a,8bab4dff,a6177608,0.0
2025-01-30T18:15:00Z,147abc6a,8bab4dff,a6177608,0.0
2025-01-30T18:18:00Z,147abc6a,8bab4dff,a6177608,0.0
2025-01-30T18:21:00Z,147abc6a,8bab4dff,a6177608,0.0
2025-01-30T18:24:00Z,147abc6a,8bab4dff,a6177608,0.0
2025-01-30T18:27:00Z,147abc6a,8bab4dff,a6177608,0.0
2025-01-30T18:30:00Z,147abc6a,8bab4dff,a6177608,0.01
2025-01-30T18:33:00Z,147abc6a,8bab4dff,a6177608,0.0
2025-01-30T18:36:00Z,147abc6a,8bab4dff,a6177608,0.0
2025-01-30T18:39:00Z,147abc6a,8bab4dff,a6177608,0.0
2025-01-30T18:42:00Z,147abc6a,8bab4dff,a6177608,0.0
2025-01-30T18:45:00Z,147abc6a,8bab4dff,a6177608,0.0
2025-01-30T18:48:00Z,147abc6a,8bab4dff,a6177608,0.0
2025-01-30T18:51:00Z,147abc6a,8bab4dff,a6177608,0.0
2025-01-30T18:54:00Z,147abc6a,8bab4dff,a6177608,0.0
2025-01-30T18:57:00Z,147abc6a,8bab4dff,a6177608,0.0
2025-01-30T19:00:00Z,147abc6a,8bab4dff,a6177608,0.0
2025-01-30T19:03:00Z,147abc6a,8bab4dff,a6177608,0.0
2025-01-30T19:06:00Z,147abc6a,8bab4dff,a6177608,0.0
2025-01-30T19:09:00Z,147abc6a,8bab4dff,a6177608,0.0
2025-01-30T19:12:00Z,147abc6a,8bab4dff,a6177608,0.0
2025-01-30T19:15:00Z,147abc6a,8bab4dff,a6177608,0.0
2025-01-30T19:18:00Z,147abc6a,8bab4dff,a6177608,0.0
2025-01-30T19:21:00Z,147abc6a,8bab4dff,a6177608,0.0
2025-01-30T19:24:00Z,147abc6a,8bab4dff,a6177608,0.0
2025-01-30T19:27:00Z,147abc6a,8bab4dff,a6177608,0.0
2025-01-30T19:30:00Z,147abc6a,8bab4dff,a6177608,0.0
2025-01-30T19:33:00Z,147abc6a,8bab4dff,a6177608,0.0
2025-01-30T19:36:00Z,147abc6a,8bab4dff,a6177608,0.0
2025-01-30T19:39:00Z,147abc6a,8bab4dff,a6177608,0.0
2025-01-30T19:42:00Z,147abc6a,8bab4dff,a6177608,0.0
2025-01-30T19:45:00Z,147abc6a,8bab4dff,a6177608,0.0
2025-01-30T19:48:00Z,147abc6a,8bab4dff,a6177608,0.0
2025-01-30T19:51:00Z,147abc6a,8bab4dff,a6177608,0.0
2025-01-30T19:54:00Z,147abc6a,8bab4dff,a6177608,0.0
2025-01-30T19:57:00Z,147abc6a,8bab4dff,a6177608,0.0
2025-01-30T20:00:00Z,147abc6a,8bab4dff,a6177608,0.0
2025-01-30T20:03:00Z,147abc6a,8bab4dff,a6177608,0.0
2025-01-30T20:06:00Z,147abc6a,8bab4dff,a6177608,0.0
2025-01-30T20:09:00Z,147abc6a,8bab4dff,a6177608,0.0
2025-01-30T20:12:00Z,147abc6a,8bab4dff,a6177608,0.0
2025-01-30T20:15:00Z,147abc6a,8bab4dff,a6177608,0.0
2025-01-30T20:18:00Z,147abc6a,8bab4dff,a6177608,0.0
2025-01-30T20:21:00Z,147abc6a,8bab4dff,a6177608,0.0
2025-01-30T20:24:00Z,147abc6a,8bab4dff,a6177608,0.0
2025-01-30T20:27:00Z,147abc6a,8bab4dff,a6177608,0.0
2025-01-30T20:30:00Z,147abc6a,8bab4dff,a6177608,0.0
2025-01-30T20:33:00Z,147abc6a,8bab4dff,a6177608,0.0
2025-01-30T20:36:00Z,147abc6a,8bab4dff,a6177608,0.0
2025-01-30T20:39:00Z,147abc6a,8bab4dff,a6177608,0.0
2025-01-30T20:42:00Z,147abc6a,8bab4dff,a6177608,0.0
2025-01-30T20:45:00Z,147abc6a,8bab4dff,a6177608,0.0
2025-01-30T20:48:00Z,147abc6a,8bab4dff,a6177608,0.0
2025-01-30T20:51:00Z,147abc6a,8bab4dff,a6177608,0.0
2025-01-30T20:54:00Z,147abc6a,8bab4dff,a6177608,0.0
2025-01-30T20:57:00Z,147abc6a,8bab4dff,a6177608,0.0
2025-01-30T21:00:00Z,147abc6a,8bab4dff,a6177608,0.0
2025-01-30T21:03:00Z,147abc6a,8bab4dff,a6177608,0.0
2025-01-30T21:06:00Z,147abc6a,8bab4dff,a6177608,0.0
2025-01-30T21:09:00Z,147abc6a,8bab4dff,a6177608,0.0
2025-01-30T21:12:00Z,147abc6a,8bab4dff,a6177608,0.0
2025-01-30T21:15:00Z,147abc6a,8bab4dff,a6177608,0.0
2025-01-30T21:18:00Z,147abc6a,8bab4dff,a6177608,0.0
2025-01-30T21:21:00Z,147abc6a,8bab4dff,a6177608,0.0
2025-01-30T21:24:00Z,147abc6a,8bab4dff,a6177608,0.0
2025-01-30T21:27:00Z,147abc6a,8bab4dff,a6177608,0.0
2025-01-30T21:30:00Z,147abc6a,8bab4dff,a6177608,0.0
2025-01-30T21:33:00Z,147abc6a,8bab4dff,a6177608,0.0
2025-01-30T21:36:00Z,147abc6a,8bab4dff,a6177608,0.0
2025-01-30T21:39:00Z,147abc6a,8bab4dff,a6177608,0.0
2025-01-30T21:42:00Z,147abc6a,8bab4dff,a6177608,0.0
2025-01-30T21:45:00Z,147abc6a,8bab4dff,a6177608,0.0
2025-01-30T21:48:00Z,147abc6a,8bab4dff,a6177608,0.0
2025-01-30T21:51:00Z,147abc6a,8bab4dff,a6177608,0.0
2025-01-30T21:54:00Z,147abc6a,8bab4dff,a6177608,0.0
2025-01-30T21:57:00Z,147abc6a,8bab4dff,a6177608,0.0
2025-01-30T22:00:00Z,147abc6a,8bab4dff,a6177608,0.0
2025-01-30T22:03:00Z,147abc6a,8bab4dff,a6177608,0.0
2025-01-30T22:06:00Z,147abc6a,8bab4dff,a6177608,0.0
2025-01-30T22:09:00Z,147abc6a,8bab4dff,a6177608,0.0
2025-01-30T22:12:00Z,147abc6a,8bab4dff,a6177608,0.0
2025-01-30T22:15:00Z,147abc6a,8bab4dff,a6177608,0.0
2025-01-30T22:18:00Z,147abc6a,8bab4dff,a6177608,0.01
2025-01-30T22:21:00Z,147abc6a,8bab4dff,a6177608,0.0
2025-01-30T22:24:00Z,147abc6a,8bab4dff,a6177608,0.0
2025-01-30T22:27:00Z,147abc6a,8bab4dff,a6177608,0.0
2025-01-30T22:30:00Z,147abc6a,8bab4dff,a6177608,0.0
2025-01-30T22:33:00Z,147abc6a,8bab4dff,a6177608,0.0
2025-01-30T22:36:00Z,147abc6a,8bab4dff,a6177608,0.0
2025-01-30T22:39:00Z,147abc6a,8bab4dff,a6177608,0.0
2025-01-30T22:42:00Z,147abc6a,8bab4dff,a6177608,0.0
2025-01-30T22:45:00Z,147abc6a,8bab4dff,a6177608,0.0
2025-01-30T22:48:00Z,147abc6a,8bab4dff,a6177608,0.0
2025-01-30T22:51:00Z,147abc6a,8bab4dff,a6177608,0.01
2025-01-30T22:54:00Z,147abc6a,8bab4dff,a6177608,0.0
2025-01-30T22:57:00Z,147abc6a,8bab4dff,a6177608,0.0
2025-01-30T23:00:00Z,147abc6a,8bab4dff,a6177608,0.0
2025-01-30T23:03:00Z,147abc6a,8bab4dff,a6177608,0.0
2025-01-30T23:06:00Z,147abc6a,8bab4dff,a6177608,0.0
2025-01-30T23:09:00Z,147abc6a,8bab4dff,a6177608,0.0
2025-01-30T23:12:00Z,147abc6a,8bab4dff,a6177608,0.0
2025-01-30T23:15:00Z,147abc6a,8bab4dff,a6177608,0.0
2025-01-30T23:18:00Z,147abc6a,8bab4dff,a6177608,0.0
2025-01-30T23:21:00Z,147abc6a,8bab4dff,a6177608,0.0
2025-01-30T23:24:00Z,147abc6a,8bab4dff,a6177608,0.0
2025-01-30T23:27:00Z,147abc6a,8bab4dff,a6177608,0.0
2025-01-30T23:30:00Z,147abc6a,8bab4dff,a6177608,0.0
2025-01-30T23:33:00Z,147abc6a,8bab4dff,a6177608,0.0
2025-01-30T23:36:00Z,147abc6a,8bab4dff,a6177608,0.0
2025-01-30T23:39:00Z,147abc6a,8bab4dff,a6177608,0.0
2025-01-30T23:42:00Z,147abc6a,8bab4dff,a6177608,0.0
2025-01-30T23:45:00Z,147abc6a,8bab4dff,a6177608,0.0
2025-01-30T23:48:00Z,147abc6a,8bab4dff,a6177608,0.0
2025-01-30T23:51:00Z,147abc6a,8bab4dff,a6177608,0.0
2025-01-30T23:54:00Z,147abc6a,8bab4dff,a6177608,0.0
2025-01-30T23:57:00Z,147abc6a,8bab4dff,a6177608,0.0
2025-01-31T00:00:00Z,147abc6a,8bab4dff,a6177608,0.0
2025-01-31T00:03:00Z,147abc6a,8bab4dff,a6177608,0.0
2025-01-31T00:06:00Z,147abc6a,8bab4dff,a6177608,0.0
2025-01-31T00:09:00Z,147abc6a,8bab4dff,a6177608,0.0
2025-01-31T00:12:00Z,147abc6a,8bab4dff,a6177608,0.0
2025-01-31T00:15:00Z,147abc6a,8bab4dff,a6177608,0.0
2025-01-31T00:18:00Z,147abc6a,8bab4dff,a6177608,0.0
2025-01-31T00:21:00Z,147abc6a,8bab4dff,a6177608,0.0
2025-01-31T00:24:00Z,147abc6a,8bab4dff,a6177608,0.0
2025-01-31T00:27:00Z,147abc6a,8bab4dff,a6177608,0.0
2025-01-31T00:30:00Z,147abc6a,8bab4dff,a6177608,0.0
2025-01-31T00:33:00Z,147abc6a,8bab4dff,a6177608,0.0
2025-01-31T00:36:00Z,147abc6a,8bab4dff,a6177608,0.0
2025-01-31T00:39:00Z,147abc6a,8bab4dff,a6177608,0.0
2025-01-31T00:42:00Z,147abc6a,8bab4dff,a6177608,0.0
2025-01-31T00:45:00Z,147abc6a,8bab4dff,a6177608,0.0
2025-01-31T00:48:00Z,147abc6a,8bab4dff,a6177608,0.0
2025-01-31T00:51:00Z,147abc6a,8bab4dff,a6177608,0.0
2025-01-31T00:54:00Z,147abc6a,8bab4dff,a6177608,0.0
2025-01-31T00:57:00Z,147abc6a,8bab4dff,a6177608,0.0
2025-01-31T01:00:00Z,147abc6a,8bab4dff,a6177608,0.0
2025-01-31T01:03:00Z,147abc6a,8bab4dff,a6177608,0.0
2025-01-31T01:06:00Z,147abc6a,8bab4dff,a6177608,0.0
2025-01-31T01:09:00Z,147abc6a,8bab4dff,a6177608,0.0
2025-01-31T01:12:00Z,147abc6a,8bab4dff,a6177608,0.0
2025-01-31T01:15:00Z,147abc6a,8bab4dff,a6177608,0.0
2025-01-31T01:18:00Z,147abc6a,8bab4dff,a6177608,0.0
2025-01-31T01:21:00Z,147abc6a,8bab4dff,a6177608,0.0
2025-01-31T01:24:00Z,147abc6a,8bab4dff,a6177608,0.0
2025-01-31T01:27:00Z,147abc6a,8bab4dff,a6177608,0.0
2025-01-31T01:30:00Z,147abc6a,8bab4dff,a6177608,0.0
2025-01-31T01:33:00Z,147abc6a,8bab4dff,a6177608,0.0
2025-01-31T01:36:00Z,147abc6a,8bab4dff,a6177608,0.0
2025-01-31T01:39:00Z,147abc6a,8bab4dff,a6177608,0.0
2025-01-31T01:42:00Z,147abc6a,8bab4dff,a6177608,0.0
2025-01-31T01:45:00Z,147abc6a,8bab4dff,a6177608,0.0
2025-01-31T01:48:00Z,147abc6a,8bab4dff,a6177608,0.0
2025-01-31T01:51:00Z,147abc6a,8bab4dff,a6177608,0.0
2025-01-31T01:54:00Z,147abc6a,8bab4dff,a6177608,0.0
2025-01-31T01:57:00Z,147abc6a,8bab4dff,a6177608,0.0
2025-01-31T02:00:00Z,147abc6a,8bab4dff,a6177608,0.0
2025-01-31T02:03:00Z,147abc6a,8bab4dff,a6177608,0.0
2025-01-31T02:06:00Z,147abc6a,8bab4dff,a6177608,0.0
2025-01-31T02:09:00Z,147abc6a,8bab4dff,a6177608,0.0
2025-01-31T02:12:00Z,147abc6a,8bab4dff,a6177608,0.0
2025-01-31T02:15:00Z,147abc6a,8bab4dff,a6177608,0.0
2025-01-31T02:18:00Z,147abc6a,8bab4dff,a6177608,0.0
2025-01-31T02:21:00Z,147abc6a,8bab4dff,a6177608,0.0
2025-01-31T02:24:00Z,147abc6a,8bab4dff,a6177608,0.0
2025-01-31T02:27:00Z,147abc6a,8bab4dff,a6177608,0.0
2025-01-31T02:30:00Z,147abc6a,8bab4dff,a6177608,0.0
2025-01-31T02:33:00Z,147abc6a,8bab4dff,a6177608,0.0
2025-01-31T02:36:00Z,147abc6a,8bab4dff,a6177608,0.0
2025-01-31T02:39:00Z,147abc6a,8bab4dff,a6177608,0.0
2025-01-31T02:42:00Z,147abc6a,8bab4dff,a6177608,0.0
2025-01-31T02:45:00Z,147abc6a,8bab4dff,a6177608,0.0
2025-01-31T02:48:00Z,147abc6a,8bab4dff,a6177608,0.0
2025-01-31T02:51:00Z,147abc6a,8bab4dff,a6177608,0.0
2025-01-31T02:54:00Z,147abc6a,8bab4dff,a6177608,0.0
2025-01-31T02:57:00Z,147abc6a,8bab4dff,a6177608,0.0
2025-01-31T03:00:00Z,147abc6a,8bab4dff,a6177608,0.0
2025-01-31T03:03:00Z,147abc6a,8bab4dff,a6177608,0.0
2025-01-31T03:06:00Z,147abc6a,8bab4dff,a6177608,0.0
2025-01-31T03:09:00Z,147abc6a,8bab4dff,a6177608,0.0
2025-01-31T03:12:00Z,147abc6a,8bab4dff,a6177608,0.0
2025-01-31T03:15:00Z,147abc6a,8bab4dff,a6177608,0.0
2025-01-31T03:18:00Z,147abc6a,8bab4dff,a6177608,0.0
2025-01-31T03:21:00Z,147abc6a,8bab4dff,a6177608,0.0
2025-01-31T03:24:00Z,147abc6a,8bab4dff,a6177608,0.0
2025-01-31T03:27:00Z,147abc6a,8bab4dff,a6177608,0.0
2025-01-31T03:30:00Z,147abc6a,8bab4dff,a6177608,0.0
2025-01-31T03:33:00Z,147abc6a,8bab4dff,a6177608,0.0
2025-01-31T03:36:00Z,147abc6a,8bab4dff,a6177608,0.0
2025-01-31T03:39:00Z,147abc6a,8bab4dff,a6177608,0.0
2025-01-31T03:42:00Z,147abc6a,8bab4dff,a6177608,0.0
2025-01-31T03:45:00Z,147abc6a,8bab4dff,a6177608,0.0
2025-01-31T03:48:00Z,147abc6a,8bab4dff,a6177608,0.0
2025-01-31T03:51:00Z,147abc6a,8bab4dff,a6177608,0.0
2025-01-31T03:54:00Z,147abc6a,8bab4dff,a6177608,0.0
2025-01-31T03:57:00Z,147abc6a,8bab4dff,a6177608,0.0
2025-01-31T04:00:00Z,147abc6a,8bab4dff,a6177608,0.0
2025-01-31T04:03:00Z,147abc6a,8bab4dff,a6177608,0.0
2025-01-31T04:06:00Z,147abc6a,8bab4dff,a6177608,0.0
2025-01-31T04:09:00Z,147abc6a,8bab4dff,a6177608,0.0
2025-01-31T04:12:00Z,147abc6a,8bab4dff,a6177608,0.0
2025-01-31T04:15:00Z,147abc6a,8bab4dff,a6177608,0.0
2025-01-31T04:18:00Z,147abc6a,8bab4dff,a6177608,0.0
2025-01-31T04:21:00Z,147abc6a,8bab4dff,a6177608,0.0
2025-01-31T04:24:00Z,147abc6a,8bab4dff,a6177608,0.0
2025-01-31T04:27:00Z,147abc6a,8bab4dff,a6177608,0.0
2025-01-31T04:30:00Z,147abc6a,8bab4dff,a6177608,0.0
2025-01-31T04:33:00Z,147abc6a,8bab4dff,a6177608,0.0
2025-01-31T04:36:00Z,147abc6a,8bab4dff,a6177608,0.0
2025-01-31T04:39:00Z,147abc6a,8bab4dff,a6177608,0.0
2025-01-31T04:42:00Z,147abc6a,8bab4dff,a6177608,0.0
2025-01-31T04:45:00Z,147abc6a,8bab4dff,a6177608,0.0
2025-01-31T04:48:00Z,147abc6a,8bab4dff,a6177608,0.0
2025-01-31T04:51:00Z,147abc6a,8bab4dff,a6177608,0.0
2025-01-31T04:54:00Z,147abc6a,8bab4dff,a6177608,0.0
2025-01-31T04:57:00Z,147abc6a,8bab4dff,a6177608,0.0
2025-01-31T05:00:00Z,147abc6a,8bab4dff,a6177608,0.0
2025-01-31T05:03:00Z,147abc6a,8bab4dff,a6177608,0.0
2025-01-31T05:06:00Z,147abc6a,8bab4dff,a6177608,0.0
2025-01-31T05:09:00Z,147abc6a,8bab4dff,a6177608,0.0
2025-01-31T05:12:00Z,147abc6a,8bab4dff,a6177608,0.0
2025-01-31T05:15:00Z,147abc6a,8bab4dff,a6177608,0.0
2025-01-31T05:18:00Z,147abc6a,8bab4dff,a6177608,0.0
2025-01-31T05:21:00Z,147abc6a,8bab4dff,a6177608,0.0
2025-01-31T05:24:00Z,147abc6a,8bab4dff,a6177608,0.0
2025-01-31T05:27:00Z,147abc6a,8bab4dff,a6177608,0.0
2025-01-31T05:30:00Z,147abc6a,8bab4dff,a6177608,0.0
2025-01-31T05:33:00Z,147abc6a,8bab4dff,a6177608,0.0
2025-01-31T05:36:00Z,147abc6a,8bab4dff,a6177608,0.0
2025-01-31T05:39:00Z,147abc6a,8bab4dff,a6177608,0.0
2025-01-31T05:42:00Z,147abc6a,8bab4dff,a6177608,0.0
2025-01-31T05:45:00Z,147abc6a,8bab4dff,a6177608,0.0
2025-01-31T05:48:00Z,147abc6a,8bab4dff,a6177608,0.0
2025-01-31T05:51:00Z,147abc6a,8bab4dff,a6177608,0.0
2025-01-31T05:54:00Z,147abc6a,8bab4dff,a6177608,0.0
2025-01-31T05:57:00Z,147abc6a,8bab4dff,a6177608,0.0
2025-01-31T06:00:00Z,147abc6a,8bab4dff,a6177608,0.0
2025-01-31T06:03:00Z,147abc6a,8bab4dff,a6177608,0.0
2025-01-31T06:06:00Z,147abc6a,8bab4dff,a6177608,0.0
2025-01-31T06:09:00Z,147abc6a,8bab4dff,a6177608,0.0
2025-01-31T06:12:00Z,147abc6a,8bab4dff,a6177608,0.0
2025-01-31T06:15:00Z,147abc6a,8bab4dff,a6177608,0.0
2025-01-31T06:18:00Z,147abc6a,8bab4dff,a6177608,0.0
2025-01-31T06:21:00Z,147abc6a,8bab4dff,a6177608,0.0
2025-01-31T06:24:00Z,147abc6a,8bab4dff,a6177608,0.0
2025-01-31T06:27:00Z,147abc6a,8bab4dff,a6177608,0.0
2025-01-31T06:30:00Z,147abc6a,8bab4dff,a6177608,0.0
2025-01-31T06:33:00Z,147abc6a,8bab4dff,a6177608,0.0
2025-01-31T06:36:00Z,147abc6a,8bab4dff,a6177608,0.0
2025-01-31T06:39:00Z,147abc6a,8bab4dff,a6177608,0.03
2025-01-31T06:42:00Z,147abc6a,8bab4dff,a6177608,0.0
2025-01-31T06:45:00Z,147abc6a,8bab4dff,a6177608,0.0
2025-01-31T06:48:00Z,147abc6a,8bab4dff,a6177608,0.0
2025-01-31T06:51:00Z,147abc6a,8bab4dff,a6177608,0.0
2025-01-31T06:54:00Z,147abc6a,8bab4dff,a6177608,0.0
2025-01-31T06:57:00Z,147abc6a,8bab4dff,a6177608,0.0
2025-01-31T07:00:00Z,147abc6a,8bab4dff,a6177608,0.0
2025-01-31T07:03:00Z,147abc6a,8bab4dff,a6177608,0.0
2025-01-31T07:06:00Z,147abc6a,8bab4dff,a6177608,0.0
2025-01-31T07:09:00Z,147abc6a,8bab4dff,a6177608,0.0
2025-01-31T07:12:00Z,147abc6a,8bab4dff,a6177608,0.0
2025-01-31T07:15:00Z,147abc6a,8bab4dff,a6177608,0.0
2025-01-31T07:18:00Z,147abc6a,8bab4dff,a6177608,0.0
2025-01-31T07:21:00Z,147abc6a,8bab4dff,a6177608,0.0
2025-01-31T07:24:00Z,147abc6a,8bab4dff,a6177608,0.0
2025-01-31T07:27:00Z,147abc6a,8bab4dff,a6177608,0.0
2025-01-31T07:30:00Z,147abc6a,8bab4dff,a6177608,0.0
2025-01-31T07:33:00Z,147abc6a,8bab4dff,a6177608,0.0
2025-01-31T07:36:00Z,147abc6a,8bab4dff,a6177608,0.0
2025-01-31T07:39:00Z,147abc6a,8bab4dff,a6177608,0.0
2025-01-31T07:42:00Z,147abc6a,8bab4dff,a6177608,0.0
2025-01-31T07:45:00Z,147abc6a,8bab4dff,a6177608,0.0
2025-01-31T07:48:00Z,147abc6a,8bab4dff,a6177608,0.0
2025-01-31T07:51:00Z,147abc6a,8bab4dff,a6177608,0.0
2025-01-31T07:54:00Z,147abc6a,8bab4dff,a6177608,0.0
2025-01-31T07:57:00Z,147abc6a,8bab4dff,a6177608,0.0
2025-01-31T08:00:00Z,147abc6a,8bab4dff,a6177608,0.0
2025-01-31T08:03:00Z,147abc6a,8bab4dff,a6177608,0.0
2025-01-31T08:06:00Z,147abc6a,8bab4dff,a6177608,0.0
2025-01-31T08:09:00Z,147abc6a,8bab4dff,a6177608,0.0
2025-01-31T08:12:00Z,147abc6a,8bab4dff,a6177608,0.0
2025-01-31T08:15:00Z,147abc6a,8bab4dff,a6177608,0.0
2025-01-31T08:18:00Z,147abc6a,8bab4dff,a6177608,0.0
2025-01-31T08:21:00Z,147abc6a,8bab4dff,a6177608,0.0
2025-01-31T08:24:00Z,147abc6a,8bab4dff,a6177608,0.0
2025-01-31T08:27:00Z,147abc6a,8bab4dff,a6177608,0.0
2025-01-31T08:30:00Z,147abc6a,8bab4dff,a6177608,0.0
2025-01-31T08:33:00Z,147abc6a,8bab4dff,a6177608,0.0
2025-01-31T08:36:00Z,147abc6a,8bab4dff,a6177608,0.0
2025-01-31T08:39:00Z,147abc6a,8bab4dff,a6177608,0.0
2025-01-31T08:42:00Z,147abc6a,8bab4dff,a6177608,0.0
2025-01-31T08:45:00Z,147abc6a,8bab4dff,a6177608,0.0
2025-01-31T08:48:00Z,147abc6a,8bab4dff,a6177608,0.0
2025-01-31T08:51:00Z,147abc6a,8bab4dff,a6177608,0.0
2025-01-31T08:54:00Z,147abc6a,8bab4dff,a6177608,0.0
2025-01-31T08:57:00Z,147abc6a,8bab4dff,a6177608,0.0
2025-01-31T09:00:00Z,147abc6a,8bab4dff,a6177608,0.0
2025-01-31T09:03:00Z,147abc6a,8bab4dff,a6177608,0.0
2025-01-31T09:06:00Z,147abc6a,8bab4dff,a6177608,0.3
2025-01-31T09:09:00Z,147abc6a,8bab4dff,a6177608,0.02
2025-01-31T09:12:00Z,147abc6a,8bab4dff,a6177608,0.24
2025-01-31T09:15:00Z,147abc6a,8bab4dff,a6177608,0.0
2025-01-31T09:18:00Z,147abc6a,8bab4dff,a6177608,0.0
2025-01-31T09:21:00Z,147abc6a,8bab4dff,a6177608,0.0
2025-01-31T09:24:00Z,147abc6a,8bab4dff,a6177608,0.0
2025-01-31T09:27:00Z,147abc6a,8bab4dff,a6177608,0.0
2025-01-31T09:30:00Z,147abc6a,8bab4dff,a6177608,0.0
2025-01-31T09:33:00Z,147abc6a,8bab4dff,a6177608,0.0
2025-01-31T09:36:00Z,147abc6a,8bab4dff,a6177608,0.0
2025-01-31T09:39:00Z,147abc6a,8bab4dff,a6177608,0.0
2025-01-31T09:42:00Z,147abc6a,8bab4dff,a6177608,0.0
2025-01-31T09:45:00Z,147abc6a,8bab4dff,a6177608,0.0
2025-01-31T09:48:00Z,147abc6a,8bab4dff,a6177608,0.0
2025-01-31T09:51:00Z,147abc6a,8bab4dff,a6177608,0.0
2025-01-31T09:54:00Z,147abc6a,8bab4dff,a6177608,0.0
2025-01-31T09:57:00Z,147abc6a,8bab4dff,a6177608,0.0
2025-01-31T10:00:00Z,147abc6a,8bab4dff,a6177608,0.01
2025-01-31T10:03:00Z,147abc6a,8bab4dff,a6177608,0.0
2025-01-31T10:06:00Z,147abc6a,8bab4dff,a6177608,0.0
2025-01-31T10:09:00Z,147abc6a,8bab4dff,a6177608,0.0
2025-01-31T10:12:00Z,147abc6a,8bab4dff,a6177608,0.0
2025-01-31T10:15:00Z,147abc6a,8bab4dff,a6177608,0.0
2025-01-31T10:18:00Z,147abc6a,8bab4dff,a6177608,0.0
2025-01-31T10:21:00Z,147abc6a,8bab4dff,a6177608,0.0
2025-01-31T10:24:00Z,147abc6a,8bab4dff,a6177608,0.0
2025-01-31T10:27:00Z,147abc6a,8bab4dff,a6177608,0.0
2025-01-31T10:30:00Z,147abc6a,8bab4dff,a6177608,0.0
2025-01-31T10:33:00Z,147abc6a,8bab4dff,a6177608,0.0
2025-01-31T10:36:00Z,147abc6a,8bab4dff,a6177608,0.0
2025-01-31T10:39:00Z,147abc6a,8bab4dff,a6177608,0.0
2025-01-31T10:42:00Z,147abc6a,8bab4dff,a6177608,0.0
2025-01-31T10:45:00Z,147abc6a,8bab4dff,a6177608,0.0
2025-01-31T10:48:00Z,147abc6a,8bab4dff,a6177608,0.0
2025-01-31T10:51:00Z,147abc6a,8bab4dff,a6177608,0.0
2025-01-31T10:54:00Z,147abc6a,8bab4dff,a6177608,0.0
2025-01-31T10:57:00Z,147abc6a,8bab4dff,a6177608,0.0
2025-01-31T11:00:00Z,147abc6a,8bab4dff,a6177608,0.0
2025-01-31T11:03:00Z,147abc6a,8bab4dff,a6177608,0.0
2025-01-31T11:06:00Z,147abc6a,8bab4dff,a6177608,0.0
2025-01-31T11:09:00Z,147abc6a,8bab4dff,a6177608,0.0
2025-01-31T11:12:00Z,147abc6a,8bab4dff,a6177608,0.0
2025-01-31T11:15:00Z,147abc6a,8bab4dff,a6177608,0.0
2025-01-31T11:18:00Z,147abc6a,8bab4dff,a6177608,0.0
2025-01-31T11:21:00Z,147abc6a,8bab4dff,a6177608,0.0
2025-01-31T11:24:00Z,147abc6a,8bab4dff,a6177608,0.0
2025-01-31T11:27:00Z,147abc6a,8bab4dff,a6177608,0.0
2025-01-31T11:30:00Z,147abc6a,8bab4dff,a6177608,0.0
2025-01-31T11:33:00Z,147abc6a,8bab4dff,a6177608,0.0
2025-01-31T11:36:00Z,147abc6a,8bab4dff,a6177608,0.0
2025-01-31T11:39:00Z,147abc6a,8bab4dff,a6177608,0.0
2025-01-31T11:42:00Z,147abc6a,8bab4dff,a6177608,0.0
2025-01-31T11:45:00Z,147abc6a,8bab4dff,a6177608,0.0
2025-01-31T11:48:00Z,147abc6a,8bab4dff,a6177608,0.0
2025-01-31T11:51:00Z,147abc6a,8bab4dff,a6177608,0.0
2025-01-31T11:54:00Z,147abc6a,8bab4dff,a6177608,0.0
2025-01-31T11:57:00Z,147abc6a,8bab4dff,a6177608,0.0
2025-01-31T12:00:00Z,147abc6a,8bab4dff,a6177608,0.0
2025-01-31T12:03:00Z,147abc6a,8bab4dff,a6177608,0.0
2025-01-31T12:06:00Z,147abc6a,8bab4dff,a6177608,0.0
2025-01-31T12:09:00Z,147abc6a,8bab4dff,a6177608,0.0
2025-01-31T12:12:00Z,147abc6a,8bab4dff,a6177608,0.0
2025-01-31T12:15:00Z,147abc6a,8bab4dff,a6177608,0.0
2025-01-31T12:18:00Z,147abc6a,8bab4dff,a6177608,0.0
2025-01-31T12:21:00Z,147abc6a,8bab4dff,a6177608,0.0
2025-01-31T12:24:00Z,147abc6a,8bab4dff,a6177608,0.0
2025-01-31T12:27:00Z,147abc6a,8bab4dff,a6177608,0.0
2025-01-31T12:30:00Z,147abc6a,8bab4dff,a6177608,0.0
2025-01-31T12:33:00Z,147abc6a,8bab4dff,a6177608,0.0
2025-01-31T12:36:00Z,147abc6a,8bab4dff,a6177608,0.0
2025-01-31T12:39:00Z,147abc6a,8bab4dff,a6177608,0.0
2025-01-31T12:42:00Z,147abc6a,8bab4dff,a6177608,0.0
2025-01-31T12:45:00Z,147abc6a,8bab4dff,a6177608,0.0
2025-01-31T12:48:00Z,147abc6a,8bab4dff,a6177608,0.0
2025-01-31T12:51:00Z,147abc6a,8bab4dff,a6177608,0.0
2025-01-31T12:54:00Z,147abc6a,8bab4dff,a6177608,0.0
2025-01-31T12:57:00Z,147abc6a,8bab4dff,a6177608,0.0
2025-01-31T13:00:00Z,147abc6a,8bab4dff,a6177608,0.0
2025-01-31T13:03:00Z,147abc6a,8bab4dff,a6177608,0.0
2025-01-31T13:06:00Z,147abc6a,8bab4dff,a6177608,0.0
2025-01-31T13:09:00Z,147abc6a,8bab4dff,a6177608,0.0
2025-01-31T13:12:00Z,147abc6a,8bab4dff,a6177608,0.0
2025-01-31T13:15:00Z,147abc6a,8bab4dff,a6177608,0.0
2025-01-31T13:18:00Z,147abc6a,8bab4dff,a6177608,0.0
2025-01-31T13:21:00Z,147abc6a,8bab4dff,a6177608,0.0
2025-01-31T13:24:00Z,147abc6a,8bab4dff,a6177608,0.0
2025-01-31T13:27:00Z,147abc6a,8bab4dff,a6177608,0.0
2025-01-31T13:30:00Z,147abc6a,8bab4dff,a6177608,0.0
2025-01-31T13:33:00Z,147abc6a,8bab4dff,a6177608,0.0
2025-01-31T13:36:00Z,147abc6a,8bab4dff,a6177608,0.0
2025-01-31T13:39:00Z,147abc6a,8bab4dff,a6177608,0.0
2025-01-31T13:42:00Z,147abc6a,8bab4dff,a6177608,0.0
2025-01-31T13:45:00Z,147abc6a,8bab4dff,a6177608,0.0
2025-01-31T13:48:00Z,147abc6a,8bab4dff,a6177608,0.0
2025-01-31T13:51:00Z,147abc6a,8bab4dff,a6177608,0.0
2025-01-31T13:54:00Z,147abc6a,8bab4dff,a6177608,0.0
2025-01-31T13:57:00Z,147abc6a,8bab4dff,a6177608,0.0
2025-01-31T14:00:00Z,147abc6a,8bab4dff,a6177608,0.0
2025-01-31T14:03:00Z,147abc6a,8bab4dff,a6177608,0.0
2025-01-31T14:06:00Z,147abc6a,8bab4dff,a6177608,0.0
2025-01-31T14:09:00Z,147abc6a,8bab4dff,a6177608,0.0
2025-01-31T14:12:00Z,147abc6a,8bab4dff,a6177608,0.0
2025-01-31T14:15:00Z,147abc6a,8bab4dff,a6177608,0.0
2025-01-31T14:18:00Z,147abc6a,8bab4dff,a6177608,0.0
2025-01-31T14:21:00Z,147abc6a,8bab4dff,a6177608,0.0
2025-01-31T14:24:00Z,147abc6a,8bab4dff,a6177608,0.0
2025-01-31T14:27:00Z,147abc6a,8bab4dff,a6177608,0.0
2025-01-31T14:30:00Z,147abc6a,8bab4dff,a6177608,0.0
2025-01-31T14:33:00Z,147abc6a,8bab4dff,a6177608,0.0
2025-01-31T14:36:00Z,147abc6a,8bab4dff,a6177608,0.0
2025-01-31T14:39:00Z,147abc6a,8bab4dff,a6177608,0.0
2025-01-31T14:42:00Z,147abc6a,8bab4dff,a6177608,0.0
2025-01-31T14:45:00Z,147abc6a,8bab4dff,a6177608,0.0
2025-01-31T14:48:00Z,147abc6a,8bab4dff,a6177608,0.0
2025-01-31T14:51:00Z,147abc6a,8bab4dff,a6177608,0.0
2025-01-31T14:54:00Z,147abc6a,8bab4dff,a6177608,0.0
2025-01-31T14:57:00Z,147abc6a,8bab4dff,a6177608,0.0
2025-01-31T15:00:00Z,147abc6a,8bab4dff,a6177608,0.0
2025-01-31T15:03:00Z,147abc6a,8bab4dff,a6177608,0.0
2025-01-31T15:06:00Z,147abc6a,8bab4dff,a6177608,0.0
2025-01-31T15:09:00Z,147abc6a,8bab4dff,a6177608,0.0
2025-01-31T15:12:00Z,147abc6a,8bab4dff,a6177608,0.0
2025-01-31T15:15:00Z,147abc6a,8bab4dff,a6177608,0.0
2025-01-31T15:18:00Z,147abc6a,8bab4dff,a6177608,0.0
2025-01-31T15:21:00Z,147abc6a,8bab4dff,a6177608,0.0
2025-01-31T15:24:00Z,147abc6a,8bab4dff,a6177608,0.0
2025-01-31T15:27:00Z,147abc6a,8bab4dff,a6177608,0.0
2025-01-31T15:30:00Z,147abc6a,8bab4dff,a6177608,0.0
2025-01-31T15:33:00Z,147abc6a,8bab4dff,a6177608,0.0
2025-01-31T15:36:00Z,147abc6a,8bab4dff,a6177608,0.0
2025-01-31T15:39:00Z,147abc6a,8bab4dff,a6177608,0.0
2025-01-31T15:42:00Z,147abc6a,8bab4dff,a6177608,0.0
2025-01-31T15:45:00Z,147abc6a,8bab4dff,a6177608,0.0
2025-01-31T15:48:00Z,147abc6a,8bab4dff,a6177608,0.0
2025-01-31T15:51:00Z,147abc6a,8bab4dff,a6177608,0.0
2025-01-31T15:54:00Z,147abc6a,8bab4dff,a6177608,0.0
2025-01-31T15:57:00Z,147abc6a,8bab4dff,a6177608,0.0
2025-01-31T16:00:00Z,147abc6a,8bab4dff,a6177608,0.0
2025-01-31T16:03:00Z,147abc6a,8bab4dff,a6177608,0.0
2025-01-31T16:06:00Z,147abc6a,8bab4dff,a6177608,0.0
2025-01-31T16:09:00Z,147abc6a,8bab4dff,a6177608,0.0
2025-01-31T16:12:00Z,147abc6a,8bab4dff,a6177608,0.0
2025-01-31T16:15:00Z,147abc6a,8bab4dff,a6177608,0.0
2025-01-31T16:18:00Z,147abc6a,8bab4dff,a6177608,0.0
2025-01-31T16:21:00Z,147abc6a,8bab4dff,a6177608,0.0
2025-01-31T16:24:00Z,147abc6a,8bab4dff,a6177608,0.0
2025-01-31T16:27:00Z,147abc6a,8bab4dff,a6177608,0.0
2025-01-31T16:30:00Z,147abc6a,8bab4dff,a6177608,0.0
2025-01-31T16:33:00Z,147abc6a,8bab4dff,a6177608,0.0
2025-01-31T16:36:00Z,147abc6a,8bab4dff,a6177608,0.0
2025-01-31T16:39:00Z,147abc6a,8bab4dff,a6177608,0.0
2025-01-31T16:42:00Z,147abc6a,8bab4dff,a6177608,0.0
2025-01-31T16:45:00Z,147abc6a,8bab4dff,a6177608,0.0
2025-01-31T16:48:00Z,147abc6a,8bab4dff,a6177608,0.0
2025-01-31T16:51:00Z,147abc6a,8bab4dff,a6177608,0.0
2025-01-31T16:54:00Z,147abc6a,8bab4dff,a6177608,0.0
2025-01-31T16:57:00Z,147abc6a,8bab4dff,a6177608,0.0
2025-01-31T17:00:00Z,147abc6a,8bab4dff,a6177608,0.0
2025-01-31T17:03:00Z,147abc6a,8bab4dff,a6177608,0.0
2025-01-31T17:06:00Z,147abc6a,8bab4dff,a6177608,0.0
2025-01-31T17:09:00Z,147abc6a,8bab4dff,a6177608,0.0
2025-01-31T17:12:00Z,147abc6a,8bab4dff,a6177608,0.0
2025-01-31T17:15:00Z,147abc6a,8bab4dff,a6177608,0.0
2025-01-31T17:18:00Z,147abc6a,8bab4dff,a6177608,0.0
2025-01-31T17:21:00Z,147abc6a,8bab4dff,a6177608,0.0
2025-01-31T17:24:00Z,147abc6a,8bab4dff,a6177608,0.0
2025-01-31T17:27:00Z,147abc6a,8bab4dff,a6177608,0.0
2025-01-31T17:30:00Z,147abc6a,8bab4dff,a6177608,0.0
2025-01-31T17:33:00Z,147abc6a,8bab4dff,a6177608,0.0
2025-01-31T17:36:00Z,147abc6a,8bab4dff,a6177608,0.0
2025-01-31T17:39:00Z,147abc6a,8bab4dff,a6177608,0.0
2025-01-31T17:42:00Z,147abc6a,8bab4dff,a6177608,0.0
2025-01-31T17:45:00Z,147abc6a,8bab4dff,a6177608,0.0
2025-01-31T17:48:00Z,147abc6a,8bab4dff,a6177608,0.0
2025-01-31T17:51:00Z,147abc6a,8bab4dff,a6177608,0.0
2025-01-31T17:54:00Z,147abc6a,8bab4dff,a6177608,0.0
2025-01-31T17:57:00Z,147abc6a,8bab4dff,a6177608,0.0
2025-01-31T18:00:00Z,147abc6a,8bab4dff,a6177608,0.0
2025-01-31T18:03:00Z,147abc6a,8bab4dff,a6177608,0.0
2025-01-31T18:06:00Z,147abc6a,8bab4dff,a6177608,0.0
2025-01-31T18:09:00Z,147abc6a,8bab4dff,a6177608,0.0
2025-01-31T18:12:00Z,147abc6a,8bab4dff,a6177608,0.0
2025-01-31T18:15:00Z,147abc6a,8bab4dff,a6177608,0.0
2025-01-31T18:18:00Z,147abc6a,8bab4dff,a6177608,0.0
2025-01-31T18:21:00Z,147abc6a,8bab4dff,a6177608,0.0
2025-01-31T18:24:00Z,147abc6a,8bab4dff,a6177608,0.0
2025-01-31T18:27:00Z,147abc6a,8bab4dff,a6177608,0.0
2025-01-31T18:30:00Z,147abc6a,8bab4dff,a6177608,0.0
2025-01-31T18:33:00Z,147abc6a,8bab4dff,a6177608,0.0
2025-01-31T18:36:00Z,147abc6a,8bab4dff,a6177608,0.0
2025-01-31T18:39:00Z,147abc6a,8bab4dff,a6177608,0.0
2025-01-31T18:42:00Z,147abc6a,8bab4dff,a6177608,0.0
2025-01-31T18:45:00Z,147abc6a,8bab4dff,a6177608,0.0
2025-01-31T18:48:00Z,147abc6a,8bab4dff,a6177608,0.0
2025-01-31T18:51:00Z,147abc6a,8bab4dff,a6177608,0.0
2025-01-31T18:54:00Z,147abc6a,8bab4dff,a6177608,0.0
2025-01-31T18:57:00Z,147abc6a,8bab4dff,a6177608,0.0
2025-01-31T19:00:00Z,147abc6a,8bab4dff,a6177608,0.0
2025-01-31T19:03:00Z,147abc6a,8bab4dff,a6177608,0.0
2025-01-31T19:06:00Z,147abc6a,8bab4dff,a6177608,0.0
2025-01-31T19:09:00Z,147abc6a,8bab4dff,a6177608,0.0
2025-01-31T19:12:00Z,147abc6a,8bab4dff,a6177608,0.0
2025-01-31T19:15:00Z,147abc6a,8bab4dff,a6177608,0.0
2025-01-31T19:18:00Z,147abc6a,8bab4dff,a6177608,0.0
2025-01-31T19:21:00Z,147abc6a,8bab4dff,a6177608,0.0
2025-01-31T19:24:00Z,147abc6a,8bab4dff,a6177608,0.0
2025-01-31T19:27:00Z,147abc6a,8bab4dff,a6177608,0.0
2025-01-31T19:30:00Z,147abc6a,8bab4dff,a6177608,0.0
2025-01-31T19:33:00Z,147abc6a,8bab4dff,a6177608,0.0
2025-01-31T19:36:00Z,147abc6a,8bab4dff,a6177608,0.0
2025-01-31T19:39:00Z,147abc6a,8bab4dff,a6177608,0.0
2025-01-31T19:42:00Z,147abc6a,8bab4dff,a6177608,0.0
2025-01-31T19:45:00Z,147abc6a,8bab4dff,a6177608,0.0
2025-01-31T19:48:00Z,147abc6a,8bab4dff,a6177608,0.0
2025-01-31T19:51:00Z,147abc6a,8bab4dff,a6177608,0.0
2025-01-31T19:54:00Z,147abc6a,8bab4dff,a6177608,0.0
2025-01-31T19:57:00Z,147abc6a,8bab4dff,a6177608,0.0
2025-01-31T20:00:00Z,147abc6a,8bab4dff,a6177608,0.0
2025-01-31T20:03:00Z,147abc6a,8bab4dff,a6177608,0.0
2025-01-31T20:06:00Z,147abc6a,8bab4dff,a6177608,0.0
2025-01-31T20:09:00Z,147abc6a,8bab4dff,a6177608,0.0
2025-01-31T20:12:00Z,147abc6a,8bab4dff,a6177608,0.0
2025-01-31T20:15:00Z,147abc6a,8bab4dff,a6177608,0.0
2025-01-31T20:18:00Z,147abc6a,8bab4dff,a6177608,0.0
2025-01-31T20:21:00Z,147abc6a,8bab4dff,a6177608,0.0
2025-01-31T20:24:00Z,147abc6a,8bab4dff,a6177608,0.0
2025-01-31T20:27:00Z,147abc6a,8bab4dff,a6177608,0.0
2025-01-31T20:30:00Z,147abc6a,8bab4dff,a6177608,0.0
2025-01-31T20:33:00Z,147abc6a,8bab4dff,a6177608,0.0
2025-01-31T20:36:00Z,147abc6a,8bab4dff,a6177608,0.0
2025-01-31T20:39:00Z,147abc6a,8bab4dff,a6177608,0.0
2025-01-31T20:42:00Z,147abc6a,8bab4dff,a6177608,0.0
2025-01-31T20:45:00Z,147abc6a,8bab4dff,a6177608,0.0
2025-01-31T20:48:00Z,147abc6a,8bab4dff,a6177608,0.0
2025-01-31T20:51:00Z,147abc6a,8bab4dff,a6177608,0.0
2025-01-31T20:54:00Z,147abc6a,8bab4dff,a6177608,0.0
2025-01-31T20:57:00Z,147abc6a,8bab4dff,a6177608,0.0
2025-01-31T21:00:00Z,147abc6a,8bab4dff,a6177608,0.0
2025-01-31T21:03:00Z,147abc6a,8bab4dff,a6177608,0.0
2025-01-31T21:06:00Z,147abc6a,8bab4dff,a6177608,0.0
2025-01-31T21:09:00Z,147abc6a,8bab4dff,a6177608,0.0
2025-01-31T21:12:00Z,147abc6a,8bab4dff,a6177608,0.0
2025-01-31T21:15:00Z,147abc6a,8bab4dff,a6177608,0.0
2025-01-31T21:18:00Z,147abc6a,8bab4dff,a6177608,0.0
2025-01-31T21:21:00Z,147abc6a,8bab4dff,a6177608,0.0
2025-01-31T21:24:00Z,147abc6a,8bab4dff,a6177608,0.0
2025-01-31T21:27:00Z,147abc6a,8bab4dff,a6177608,0.0
2025-01-31T21:30:00Z,147abc6a,8bab4dff,a6177608,0.0
2025-01-31T21:33:00Z,147abc6a,8bab4dff,a6177608,0.0
2025-01-31T21:36:00Z,147abc6a,8bab4dff,a6177608,0.0
2025-01-31T21:39:00Z,147abc6a,8bab4dff,a6177608,0.0
2025-01-31T21:42:00Z,147abc6a,8bab4dff,a6177608,0.0
2025-01-31T21:45:00Z,147abc6a,8bab4dff,a6177608,0.0
2025-01-31T21:48:00Z,147abc6a,8bab4dff,a6177608,0.0
2025-01-31T21:51:00Z,147abc6a,8bab4dff,a6177608,0.0
2025-01-31T21:54:00Z,147abc6a,8bab4dff,a6177608,0.0
2025-01-31T21:57:00Z,147abc6a,8bab4dff,a6177608,0.0
2025-01-31T22:00:00Z,147abc6a,8bab4dff,a6177608,0.0
2025-01-31T22:03:00Z,147abc6a,8bab4dff,a6177608,0.0
2025-01-31T22:06:00Z,147abc6a,8bab4dff,a6177608,0.0
2025-01-31T22:09:00Z,147abc6a,8bab4dff,a6177608,0.0
2025-01-31T22:12:00Z,147abc6a,8bab4dff,a6177608,0.0
2025-01-31T22:15:00Z,147abc6a,8bab4dff,a6177608,0.0
2025-01-31T22:18:00Z,147abc6a,8bab4dff,a6177608,0.0
2025-01-31T22:21:00Z,147abc6a,8bab4dff,a6177608,0.0
2025-01-31T22:24:00Z,147abc6a,8bab4dff,a6177608,0.0
2025-01-31T22:27:00Z,147abc6a,8bab4dff,a6177608,0.0
2025-01-31T22:30:00Z,147abc6a,8bab4dff,a6177608,0.0
2025-01-31T22:33:00Z,147abc6a,8bab4dff,a6177608,0.0
2025-01-31T22:36:00Z,147abc6a,8bab4dff,a6177608,0.0
2025-01-31T22:39:00Z,147abc6a,8bab4dff,a6177608,0.0
2025-01-31T22:42:00Z,147abc6a,8bab4dff,a6177608,0.0
2025-01-31T22:45:00Z,147abc6a,8bab4dff,a6177608,0.0
2025-01-31T22:48:00Z,147abc6a,8bab4dff,a6177608,0.0
2025-01-31T22:51:00Z,147abc6a,8bab4dff,a6177608,0.0
2025-01-31T22:54:00Z,147abc6a,8bab4dff,a6177608,0.0
2025-01-31T22:57:00Z,147abc6a,8bab4dff,a6177608,0.0
2025-01-31T23:00:00Z,147abc6a,8bab4dff,a6177608,0.0
2025-01-31T23:03:00Z,147abc6a,8bab4dff,a6177608,0.0
2025-01-31T23:06:00Z,147abc6a,8bab4dff,a6177608,0.0
2025-01-31T23:09:00Z,147abc6a,8bab4dff,a6177608,0.0
2025-01-31T23:12:00Z,147abc6a,8bab4dff,a6177608,0.0
2025-01-31T23:15:00Z,147abc6a,8bab4dff,a6177608,0.0
2025-01-31T23:18:00Z,147abc6a,8bab4dff,a6177608,0.0
2025-01-31T23:21:00Z,147abc6a,8bab4dff,a6177608,0.0
2025-01-31T23:24:00Z,147abc6a,8bab4dff,a6177608,0.0
2025-01-31T23:27:00Z,147abc6a,8bab4dff,a6177608,0.0
2025-01-31T23:30:00Z,147abc6a,8bab4dff,a6177608,0.0
2025-01-31T23:33:00Z,147abc6a,8bab4dff,a6177608,0.0
2025-01-31T23:36:00Z,147abc6a,8bab4dff,a6177608,0.0
2025-01-31T23:39:00Z,147abc6a,8bab4dff,a6177608,0.0
2025-01-31T23:42:00Z,147abc6a,8bab4dff,a6177608,0.0
2025-01-31T23:45:00Z,147abc6a,8bab4dff,a6177608,0.0
2025-01-31T23:48:00Z,147abc6a,8bab4dff,a6177608,0.0
2025-01-31T23:51:00Z,147abc6a,8bab4dff,a6177608,0.0
2025-01-31T23:54:00Z,147abc6a,8bab4dff,a6177608,0.0
2025-01-31T23:57:00Z,147abc6a,8bab4dff,a6177608,0.0
2025-02-01T00:00:00Z,147abc6a,8bab4dff,a6177608,0.0
2025-02-01T00:03:00Z,147abc6a,8bab4dff,a6177608,0.0
2025-02-01T00:06:00Z,147abc6a,8bab4dff,a6177608,0.0
2025-02-01T00:09:00Z,147abc6a,8bab4dff,a6177608,0.0
2025-02-01T00:12:00Z,147abc6a,8bab4dff,a6177608,0.0
2025-02-01T00:15:00Z,147abc6a,8bab4dff,a6177608,0.0
2025-02-01T00:18:00Z,147abc6a,8bab4dff,a6177608,0.0
2025-02-01T00:21:00Z,147abc6a,8bab4dff,a6177608,0.0
2025-02-01T00:24:00Z,147abc6a,8bab4dff,a6177608,0.0
2025-02-01T00:27:00Z,147abc6a,8bab4dff,a6177608,0.0
2025-02-01T00:30:00Z,147abc6a,8bab4dff,a6177608,0.0
2025-02-01T00:33:00Z,147abc6a,8bab4dff,a6177608,0.0
2025-02-01T00:36:00Z,147abc6a,8bab4dff,a6177608,0.0
2025-02-01T00:39:00Z,147abc6a,8bab4dff,a6177608,0.0
2025-02-01T00:42:00Z,147abc6a,8bab4dff,a6177608,0.0
2025-02-01T00:45:00Z,147abc6a,8bab4dff,a6177608,0.0
2025-02-01T00:48:00Z,147abc6a,8bab4dff,a6177608,0.0
2025-02-01T00:51:00Z,147abc6a,8bab4dff,a6177608,0.0
2025-02-01T00:54:00Z,147abc6a,8bab4dff,a6177608,0.0
2025-02-01T00:57:00Z,147abc6a,8bab4dff,a6177608,0.0
2025-02-01T01:00:00Z,147abc6a,8bab4dff,a6177608,0.0
2025-02-01T01:03:00Z,147abc6a,8bab4dff,a6177608,0.0
2025-02-01T01:06:00Z,147abc6a,8bab4dff,a6177608,0.0
2025-02-01T01:09:00Z,147abc6a,8bab4dff,a6177608,0.0
2025-02-01T01:12:00Z,147abc6a,8bab4dff,a6177608,0.0
2025-02-01T01:15:00Z,147abc6a,8bab4dff,a6177608,0.0
2025-02-01T01:18:00Z,147abc6a,8bab4dff,a6177608,0.0
2025-02-01T01:21:00Z,147abc6a,8bab4dff,a6177608,0.0
2025-02-01T01:24:00Z,147abc6a,8bab4dff,a6177608,0.0
2025-02-01T01:27:00Z,147abc6a,8bab4dff,a6177608,0.01
2025-02-01T01:30:00Z,147abc6a,8bab4dff,a6177608,0.0
2025-02-01T01:33:00Z,147abc6a,8bab4dff,a6177608,0.0
2025-02-01T01:36:00Z,147abc6a,8bab4dff,a6177608,0.0
2025-02-01T01:39:00Z,147abc6a,8bab4dff,a6177608,0.0
2025-02-01T01:42:00Z,147abc6a,8bab4dff,a6177608,0.0
2025-02-01T01:45:00Z,147abc6a,8bab4dff,a6177608,0.0
2025-02-01T01:48:00Z,147abc6a,8bab4dff,a6177608,0.0
2025-02-01T01:51:00Z,147abc6a,8bab4dff,a6177608,0.0
2025-02-01T01:54:00Z,147abc6a,8bab4dff,a6177608,0.0
2025-02-01T01:57:00Z,147abc6a,8bab4dff,a6177608,0.0
2025-02-01T02:00:00Z,147abc6a,8bab4dff,a6177608,0.0
2025-02-01T02:03:00Z,147abc6a,8bab4dff,a6177608,0.0
2025-02-01T02:06:00Z,147abc6a,8bab4dff,a6177608,0.0
2025-02-01T02:09:00Z,147abc6a,8bab4dff,a6177608,0.0
2025-02-01T02:12:00Z,147abc6a,8bab4dff,a6177608,0.0
2025-02-01T02:15:00Z,147abc6a,8bab4dff,a6177608,0.0
2025-02-01T02:18:00Z,147abc6a,8bab4dff,a6177608,0.0
2025-02-01T02:21:00Z,147abc6a,8bab4dff,a6177608,0.0
2025-02-01T02:24:00Z,147abc6a,8bab4dff,a6177608,0.0
2025-02-01T02:27:00Z,147abc6a,8bab4dff,a6177608,0.0
2025-02-01T02:30:00Z,147abc6a,8bab4dff,a6177608,0.0
2025-02-01T02:33:00Z,147abc6a,8bab4dff,a6177608,0.0
2025-02-01T02:36:00Z,147abc6a,8bab4dff,a6177608,0.0
2025-02-01T02:39:00Z,147abc6a,8bab4dff,a6177608,0.0
2025-02-01T02:42:00Z,147abc6a,8bab4dff,a6177608,0.0
2025-02-01T02:45:00Z,147abc6a,8bab4dff,a6177608,0.0
2025-02-01T02:48:00Z,147abc6a,8bab4dff,a6177608,0.0
2025-02-01T02:51:00Z,147abc6a,8bab4dff,a6177608,0.0
2025-02-01T02:54:00Z,147abc6a,8bab4dff,a6177608,0.0
2025-02-01T02:57:00Z,147abc6a,8bab4dff,a6177608,0.0
2025-02-01T03:00:00Z,147abc6a,8bab4dff,a6177608,0.0
2025-02-01T03:03:00Z,147abc6a,8bab4dff,a6177608,0.0
2025-02-01T03:06:00Z,147abc6a,8bab4dff,a6177608,0.0
2025-02-01T03:09:00Z,147abc6a,8bab4dff,a6177608,0.0
2025-02-01T03:12:00Z,147abc6a,8bab4dff,a6177608,0.0
2025-02-01T03:15:00Z,147abc6a,8bab4dff,a6177608,0.0
2025-02-01T03:18:00Z,147abc6a,8bab4dff,a6177608,0.0
2025-02-01T03:21:00Z,147abc6a,8bab4dff,a6177608,0.0
2025-02-01T03:24:00Z,147abc6a,8bab4dff,a6177608,0.0
2025-02-01T03:27:00Z,147abc6a,8bab4dff,a6177608,0.0
2025-02-01T03:30:00Z,147abc6a,8bab4dff,a6177608,0.0
2025-02-01T03:33:00Z,147abc6a,8bab4dff,a6177608,0.0
2025-02-01T03:36:00Z,147abc6a,8bab4dff,a6177608,0.0
2025-02-01T03:39:00Z,147abc6a,8bab4dff,a6177608,0.0
2025-02-01T03:42:00Z,147abc6a,8bab4dff,a6177608,0.0
2025-02-01T03:45:00Z,147abc6a,8bab4dff,a6177608,0.0
2025-02-01T03:48:00Z,147abc6a,8bab4dff,a6177608,0.0
2025-02-01T03:51:00Z,147abc6a,8bab4dff,a6177608,0.0
2025-02-01T03:54:00Z,147abc6a,8bab4dff,a6177608,0.0
2025-02-01T03:57:00Z,147abc6a,8bab4dff,a6177608,0.0
2025-02-01T04:00:00Z,147abc6a,8bab4dff,a6177608,0.0
2025-02-01T04:03:00Z,147abc6a,8bab4dff,a6177608,0.0
2025-02-01T04:06:00Z,147abc6a,8bab4dff,a6177608,0.0
2025-02-01T04:09:00Z,147abc6a,8bab4dff,a6177608,0.0
2025-02-01T04:12:00Z,147abc6a,8bab4dff,a6177608,0.0
2025-02-01T04:15:00Z,147abc6a,8bab4dff,a6177608,0.0
2025-02-01T04:18:00Z,147abc6a,8bab4dff,a6177608,0.0
2025-02-01T04:21:00Z,147abc6a,8bab4dff,a6177608,0.0
2025-02-01T04:24:00Z,147abc6a,8bab4dff,a6177608,0.0
2025-02-01T04:27:00Z,147abc6a,8bab4dff,a6177608,0.0
2025-02-01T04:30:00Z,147abc6a,8bab4dff,a6177608,0.0
2025-02-01T04:33:00Z,147abc6a,8bab4dff,a6177608,0.0
2025-02-01T04:36:00Z,147abc6a,8bab4dff,a6177608,0.0
2025-02-01T04:39:00Z,147abc6a,8bab4dff,a6177608,0.0
2025-02-01T04:42:00Z,147abc6a,8bab4dff,a6177608,0.0
2025-02-01T04:45:00Z,147abc6a,8bab4dff,a6177608,0.0
2025-02-01T04:48:00Z,147abc6a,8bab4dff,a6177608,0.0
2025-02-01T04:51:00Z,147abc6a,8bab4dff,a6177608,0.0
2025-02-01T04:54:00Z,147abc6a,8bab4dff,a6177608,0.0
2025-02-01T04:57:00Z,147abc6a,8bab4dff,a6177608,0.0
2025-02-01T05:00:00Z,147abc6a,8bab4dff,a6177608,0.0
2025-02-01T05:03:00Z,147abc6a,8bab4dff,a6177608,0.0
2025-02-01T05:06:00Z,147abc6a,8bab4dff,a6177608,0.0
2025-02-01T05:09:00Z,147abc6a,8bab4dff,a6177608,0.07
2025-02-01T05:12:00Z,147abc6a,8bab4dff,a6177608,0.0
2025-02-01T05:15:00Z,147abc6a,8bab4dff,a6177608,0.0
2025-02-01T05:18:00Z,147abc6a,8bab4dff,a6177608,0.0
2025-02-01T05:21:00Z,147abc6a,8bab4dff,a6177608,0.0
2025-02-01T05:24:00Z,147abc6a,8bab4dff,a6177608,0.0
2025-02-01T05:27:00Z,147abc6a,8bab4dff,a6177608,0.0
2025-02-01T05:30:00Z,147abc6a,8bab4dff,a6177608,0.0
2025-02-01T05:33:00Z,147abc6a,8bab4dff,a6177608,0.0
2025-02-01T05:36:00Z,147abc6a,8bab4dff,a6177608,0.0
2025-02-01T05:39:00Z,147abc6a,8bab4dff,a6177608,0.0
2025-02-01T05:42:00Z,147abc6a,8bab4dff,a6177608,0.0
2025-02-01T05:45:00Z,147abc6a,8bab4dff,a6177608,0.0
2025-02-01T05:48:00Z,147abc6a,8bab4dff,a6177608,0.0
2025-02-01T05:51:00Z,147abc6a,8bab4dff,a6177608,0.0
2025-02-01T05:54:00Z,147abc6a,8bab4dff,a6177608,0.0
2025-02-01T05:57:00Z,147abc6a,8bab4dff,a6177608,0.0
2025-02-01T06:00:00Z,147abc6a,8bab4dff,a6177608,0.0
2025-02-01T06:03:00Z,147abc6a,8bab4dff,a6177608,0.0
2025-02-01T06:06:00Z,147abc6a,8bab4dff,a6177608,0.0
2025-02-01T06:09:00Z,147abc6a,8bab4dff,a6177608,0.0
2025-02-01T06:12:00Z,147abc6a,8bab4dff,a6177608,0.0
2025-02-01T06:15:00Z,147abc6a,8bab4dff,a6177608,0.0
2025-02-01T06:18:00Z,147abc6a,8bab4dff,a6177608,0.0
2025-02-01T06:21:00Z,147abc6a,8bab4dff,a6177608,0.0
2025-02-01T06:24:00Z,147abc6a,8bab4dff,a6177608,0.0
2025-02-01T06:27:00Z,147abc6a,8bab4dff,a6177608,0.0
2025-02-01T06:30:00Z,147abc6a,8bab4dff,a6177608,0.0
2025-02-01T06:33:00Z,147abc6a,8bab4dff,a6177608,0.0
2025-02-01T06:36:00Z,147abc6a,8bab4dff,a6177608,0.0
2025-02-01T06:39:00Z,147abc6a,8bab4dff,a6177608,0.0
2025-02-01T06:42:00Z,147abc6a,8bab4dff,a6177608,0.0
2025-02-01T06:45:00Z,147abc6a,8bab4dff,a6177608,0.0
2025-02-01T06:48:00Z,147abc6a,8bab4dff,a6177608,0.0
2025-02-01T06:51:00Z,147abc6a,8bab4dff,a6177608,0.0
2025-02-01T06:54:00Z,147abc6a,8bab4dff,a6177608,0.0
2025-02-01T06:57:00Z,147abc6a,8bab4dff,a6177608,0.0
2025-02-01T07:00:00Z,147abc6a,8bab4dff,a6177608,0.0
2025-02-01T07:03:00Z,147abc6a,8bab4dff,a6177608,0.0
2025-02-01T07:06:00Z,147abc6a,8bab4dff,a6177608,0.0
2025-02-01T07:09:00Z,147abc6a,8bab4dff,a6177608,0.0
2025-02-01T07:12:00Z,147abc6a,8bab4dff,a6177608,0.0
2025-02-01T07:15:00Z,147abc6a,8bab4dff,a6177608,0.0
2025-02-01T07:18:00Z,147abc6a,8bab4dff,a6177608,0.0
2025-02-01T07:21:00Z,147abc6a,8bab4dff,a6177608,0.0
2025-02-01T07:24:00Z,147abc6a,8bab4dff,a6177608,0.0
2025-02-01T07:27:00Z,147abc6a,8bab4dff,a6177608,0.0
2025-02-01T07:30:00Z,147abc6a,8bab4dff,a6177608,0.0
2025-02-01T07:33:00Z,147abc6a,8bab4dff,a6177608,0.0
2025-02-01T07:36:00Z,147abc6a,8bab4dff,a6177608,0.0
2025-02-01T07:39:00Z,147abc6a,8bab4dff,a6177608,0.0
2025-02-01T07:42:00Z,147abc6a,8bab4dff,a6177608,0.0
2025-02-01T07:45:00Z,147abc6a,8bab4dff,a6177608,0.0
2025-02-01T07:48:00Z,147abc6a,8bab4dff,a6177608,0.0
2025-02-01T07:51:00Z,147abc6a,8bab4dff,a6177608,0.0
2025-02-01T07:54:00Z,147abc6a,8bab4dff,a6177608,0.0
2025-02-01T07:57:00Z,147abc6a,8bab4dff,a6177608,0.0
2025-02-01T08:00:00Z,147abc6a,8bab4dff,a6177608,0.0
2025-02-01T08:03:00Z,147abc6a,8bab4dff,a6177608,0.0
2025-02-01T08:06:00Z,147abc6a,8bab4dff,a6177608,0.0
2025-02-01T08:09:00Z,147abc6a,8bab4dff,a6177608,0.0
2025-02-01T08:12:00Z,147abc6a,8bab4dff,a6177608,0.0
2025-02-01T08:15:00Z,147abc6a,8bab4dff,a6177608,0.0
2025-02-01T08:18:00Z,147abc6a,8bab4dff,a6177608,0.0
2025-02-01T08:21:00Z,147abc6a,8bab4dff,a6177608,0.0
2025-02-01T08:24:00Z,147abc6a,8bab4dff,a6177608,0.0
2025-02-01T08:27:00Z,147abc6a,8bab4dff,a6177608,0.0
2025-02-01T08:30:00Z,147abc6a,8bab4dff,a6177608,0.0
2025-02-01T08:33:00Z,147abc6a,8bab4dff,a6177608,0.0
2025-02-01T08:36:00Z,147abc6a,8bab4dff,a6177608,0.0
2025-02-01T08:39:00Z,147abc6a,8bab4dff,a6177608,0.0
2025-02-01T08:42:00Z,147abc6a,8bab4dff,a6177608,0.0
2025-02-01T08:45:00Z,147abc6a,8bab4dff,a6177608,0.0
2025-02-01T08:48:00Z,147abc6a,8bab4dff,a6177608,0.0
2025-02-01T08:51:00Z,147abc6a,8bab4dff,a6177608,0.0
2025-02-01T08:54:00Z,147abc6a,8bab4dff,a6177608,0.0
2025-02-01T08:57:00Z,147abc6a,8bab4dff,a6177608,0.0
2025-02-01T09:00:00Z,147abc6a,8bab4dff,a6177608,0.0
2025-02-01T09:03:00Z,147abc6a,8bab4dff,a6177608,0.0
2025-02-01T09:06:00Z,147abc6a,8bab4dff,a6177608,0.0
2025-02-01T09:09:00Z,147abc6a,8bab4dff,a6177608,0.0
2025-02-01T09:12:00Z,147abc6a,8bab4dff,a6177608,0.0
2025-02-01T09:15:00Z,147abc6a,8bab4dff,a6177608,0.0
2025-02-01T09:18:00Z,147abc6a,8bab4dff,a6177608,0.0
2025-02-01T09:21:00Z,147abc6a,8bab4dff,a6177608,0.0
2025-02-01T09:24:00Z,147abc6a,8bab4dff,a6177608,0.0
2025-02-01T09:27:00Z,147abc6a,8bab4dff,a6177608,0.0
2025-02-01T09:30:00Z,147abc6a,8bab4dff,a6177608,0.0
2025-02-01T09:33:00Z,147abc6a,8bab4dff,a6177608,0.0
2025-02-01T09:36:00Z,147abc6a,8bab4dff,a6177608,0.0
2025-02-01T09:39:00Z,147abc6a,8bab4dff,a6177608,0.0
2025-02-01T09:42:00Z,147abc6a,8bab4dff,a6177608,0.0
2025-02-01T09:45:00Z,147abc6a,8bab4dff,a6177608,0.0
2025-02-01T09:48:00Z,147abc6a,8bab4dff,a6177608,0.0
2025-02-01T09:51:00Z,147abc6a,8bab4dff,a6177608,0.0
2025-02-01T09:54:00Z,147abc6a,8bab4dff,a6177608,0.0
2025-02-01T09:57:00Z,147abc6a,8bab4dff,a6177608,0.0
2025-02-01T10:00:00Z,147abc6a,8bab4dff,a6177608,0.0
2025-02-01T10:03:00Z,147abc6a,8bab4dff,a6177608,0.0
2025-02-01T10:06:00Z,147abc6a,8bab4dff,a6177608,0.0
2025-02-01T10:09:00Z,147abc6a,8bab4dff,a6177608,0.0
2025-02-01T10:12:00Z,147abc6a,8bab4dff,a6177608,0.0
2025-02-01T10:15:00Z,147abc6a,8bab4dff,a6177608,0.0
2025-02-01T10:18:00Z,147abc6a,8bab4dff,a6177608,0.0
2025-02-01T10:21:00Z,147abc6a,8bab4dff,a6177608,0.0
2025-02-01T10:24:00Z,147abc6a,8bab4dff,a6177608,0.0
2025-02-01T10:27:00Z,147abc6a,8bab4dff,a6177608,0.0
2025-02-01T10:30:00Z,147abc6a,8bab4dff,a6177608,0.0
2025-02-01T10:33:00Z,147abc6a,8bab4dff,a6177608,0.0
2025-02-01T10:36:00Z,147abc6a,8bab4dff,a6177608,0.0
2025-02-01T10:39:00Z,147abc6a,8bab4dff,a6177608,0.0
2025-02-01T10:42:00Z,147abc6a,8bab4dff,a6177608,0.0
2025-02-01T10:45:00Z,147abc6a,8bab4dff,a6177608,0.0
2025-02-01T10:48:00Z,147abc6a,8bab4dff,a6177608,0.0
2025-02-01T10:51:00Z,147abc6a,8bab4dff,a6177608,0.0
2025-02-01T10:54:00Z,147abc6a,8bab4dff,a6177608,0.0
2025-02-01T10:57:00Z,147abc6a,8bab4dff,a6177608,0.0
2025-02-01T11:00:00Z,147abc6a,8bab4dff,a6177608,0.0
2025-02-01T11:03:00Z,147abc6a,8bab4dff,a6177608,0.0
2025-02-01T11:06:00Z,147abc6a,8bab4dff,a6177608,0.0
2025-02-01T11:09:00Z,147abc6a,8bab4dff,a6177608,0.0
2025-02-01T11:12:00Z,147abc6a,8bab4dff,a6177608,0.0
2025-02-01T11:15:00Z,147abc6a,8bab4dff,a6177608,0.0
2025-02-01T11:18:00Z,147abc6a,8bab4dff,a6177608,0.0
2025-02-01T11:21:00Z,147abc6a,8bab4dff,a6177608,0.0
2025-02-01T11:24:00Z,147abc6a,8bab4dff,a6177608,0.0
2025-02-01T11:27:00Z,147abc6a,8bab4dff,a6177608,0.0
2025-02-01T11:30:00Z,147abc6a,8bab4dff,a6177608,0.0
2025-02-01T11:33:00Z,147abc6a,8bab4dff,a6177608,0.0
2025-02-01T11:36:00Z,147abc6a,8bab4dff,a6177608,0.0
2025-02-01T11:39:00Z,147abc6a,8bab4dff,a6177608,0.0
2025-02-01T11:42:00Z,147abc6a,8bab4dff,a6177608,0.01
2025-02-01T11:45:00Z,147abc6a,8bab4dff,a6177608,0.0
2025-02-01T11:48:00Z,147abc6a,8bab4dff,a6177608,0.0
2025-02-01T11:51:00Z,147abc6a,8bab4dff,a6177608,0.0
2025-02-01T11:54:00Z,147abc6a,8bab4dff,a6177608,0.0
2025-02-01T11:57:00Z,147abc6a,8bab4dff,a6177608,0.0
2025-02-01T12:00:00Z,147abc6a,8bab4dff,a6177608,0.0
2025-02-01T12:03:00Z,147abc6a,8bab4dff,a6177608,0.0
2025-02-01T12:06:00Z,147abc6a,8bab4dff,a6177608,0.0
2025-02-01T12:09:00Z,147abc6a,8bab4dff,a6177608,0.0
2025-02-01T12:12:00Z,147abc6a,8bab4dff,a6177608,0.0
2025-02-01T12:15:00Z,147abc6a,8bab4dff,a6177608,0.0
2025-02-01T12:18:00Z,147abc6a,8bab4dff,a6177608,0.0
2025-02-01T12:21:00Z,147abc6a,8bab4dff,a6177608,0.0
2025-02-01T12:24:00Z,147abc6a,8bab4dff,a6177608,0.0
2025-02-01T12:27:00Z,147abc6a,8bab4dff,a6177608,0.0
2025-02-01T12:30:00Z,147abc6a,8bab4dff,a6177608,0.0
2025-02-01T12:33:00Z,147abc6a,8bab4dff,a6177608,0.0
2025-02-01T12:36:00Z,147abc6a,8bab4dff,a6177608,0.0
2025-02-01T12:39:00Z,147abc6a,8bab4dff,a6177608,0.0
2025-02-01T12:42:00Z,147abc6a,8bab4dff,a6177608,0.0
2025-02-01T12:45:00Z,147abc6a,8bab4dff,a6177608,0.0
2025-02-01T12:48:00Z,147abc6a,8bab4dff,a6177608,0.0
2025-02-01T12:51:00Z,147abc6a,8bab4dff,a6177608,0.0
2025-02-01T12:54:00Z,147abc6a,8bab4dff,a6177608,0.0
2025-02-01T12:57:00Z,147abc6a,8bab4dff,a6177608,0.0
2025-02-01T13:00:00Z,147abc6a,8bab4dff,a6177608,0.0
2025-02-01T13:03:00Z,147abc6a,8bab4dff,a6177608,0.0
2025-02-01T13:06:00Z,147abc6a,8bab4dff,a6177608,0.0
2025-02-01T13:09:00Z,147abc6a,8bab4dff,a6177608,0.0
2025-02-01T13:12:00Z,147abc6a,8bab4dff,a6177608,0.0
2025-02-01T13:15:00Z,147abc6a,8bab4dff,a6177608,0.0
2025-02-01T13:18:00Z,147abc6a,8bab4dff,a6177608,0.0
2025-02-01T13:21:00Z,147abc6a,8bab4dff,a6177608,0.0
2025-02-01T13:24:00Z,147abc6a,8bab4dff,a6177608,0.0
2025-02-01T13:27:00Z,147abc6a,8bab4dff,a6177608,0.0
2025-02-01T13:30:00Z,147abc6a,8bab4dff,a6177608,0.0
2025-02-01T13:33:00Z,147abc6a,8bab4dff,a6177608,0.0
2025-02-01T13:36:00Z,147abc6a,8bab4dff,a6177608,0.0
2025-02-01T13:39:00Z,147abc6a,8bab4dff,a6177608,0.0
2025-02-01T13:42:00Z,147abc6a,8bab4dff,a6177608,0.0
2025-02-01T13:45:00Z,147abc6a,8bab4dff,a6177608,0.0
2025-02-01T13:48:00Z,147abc6a,8bab4dff,a6177608,0.0
2025-02-01T13:51:00Z,147abc6a,8bab4dff,a6177608,0.0
2025-02-01T13:54:00Z,147abc6a,8bab4dff,a6177608,0.0
2025-02-01T13:57:00Z,147abc6a,8bab4dff,a6177608,0.0
2025-02-01T14:00:00Z,147abc6a,8bab4dff,a6177608,0.0
2025-02-01T14:03:00Z,147abc6a,8bab4dff,a6177608,0.0
2025-02-01T14:06:00Z,147abc6a,8bab4dff,a6177608,0.0
2025-02-01T14:09:00Z,147abc6a,8bab4dff,a6177608,0.0
2025-02-01T14:12:00Z,147abc6a,8bab4dff,a6177608,0.0
2025-02-01T14:15:00Z,147abc6a,8bab4dff,a6177608,0.0
2025-02-01T14:18:00Z,147abc6a,8bab4dff,a6177608,0.0
2025-02-01T14:21:00Z,147abc6a,8bab4dff,a6177608,0.0
2025-02-01T14:24:00Z,147abc6a,8bab4dff,a6177608,0.0
2025-02-01T14:27:00Z,147abc6a,8bab4dff,a6177608,0.0
2025-02-01T14:30:00Z,147abc6a,8bab4dff,a6177608,0.0
2025-02-01T14:33:00Z,147abc6a,8bab4dff,a6177608,0.0
2025-02-01T14:36:00Z,147abc6a,8bab4dff,a6177608,0.0
2025-02-01T14:39:00Z,147abc6a,8bab4dff,a6177608,0.0
2025-02-01T14:42:00Z,147abc6a,8bab4dff,a6177608,0.0
2025-02-01T14:45:00Z,147abc6a,8bab4dff,a6177608,0.0
2025-02-01T14:48:00Z,147abc6a,8bab4dff,a6177608,0.0
2025-02-01T14:51:00Z,147abc6a,8bab4dff,a6177608,0.0
2025-02-01T14:54:00Z,147abc6a,8bab4dff,a6177608,0.0
2025-02-01T14:57:00Z,147abc6a,8bab4dff,a6177608,0.0
2025-02-01T15:00:00Z,147abc6a,8bab4dff,a6177608,0.0
2025-02-01T15:03:00Z,147abc6a,8bab4dff,a6177608,0.0
2025-02-01T15:06:00Z,147abc6a,8bab4dff,a6177608,0.0
2025-02-01T15:09:00Z,147abc6a,8bab4dff,a6177608,0.0
2025-02-01T15:12:00Z,147abc6a,8bab4dff,a6177608,0.0
2025-02-01T15:15:00Z,147abc6a,8bab4dff,a6177608,0.0
2025-02-01T15:18:00Z,147abc6a,8bab4dff,a6177608,0.0
2025-02-01T15:21:00Z,147abc6a,8bab4dff,a6177608,0.0
2025-02-01T15:24:00Z,147abc6a,8bab4dff,a6177608,0.0
2025-02-01T15:27:00Z,147abc6a,8bab4dff,a6177608,0.0
2025-02-01T15:30:00Z,147abc6a,8bab4dff,a6177608,0.0
2025-02-01T15:33:00Z,147abc6a,8bab4dff,a6177608,0.0
2025-02-01T15:36:00Z,147abc6a,8bab4dff,a6177608,0.0
2025-02-01T15:39:00Z,147abc6a,8bab4dff,a6177608,0.0
2025-02-01T15:42:00Z,147abc6a,8bab4dff,a6177608,0.0
2025-02-01T15:45:00Z,147abc6a,8bab4dff,a6177608,0.0
2025-02-01T15:48:00Z,147abc6a,8bab4dff,a6177608,0.0
2025-02-01T15:51:00Z,147abc6a,8bab4dff,a6177608,0.0
2025-02-01T15:54:00Z,147abc6a,8bab4dff,a6177608,0.0
2025-02-01T15:57:00Z,147abc6a,8bab4dff,a6177608,0.0
2025-02-01T16:00:00Z,147abc6a,8bab4dff,a6177608,0.0
2025-02-01T16:03:00Z,147abc6a,8bab4dff,a6177608,0.0
2025-02-01T16:06:00Z,147abc6a,8bab4dff,a6177608,0.0
2025-02-01T16:09:00Z,147abc6a,8bab4dff,a6177608,0.0
2025-02-01T16:12:00Z,147abc6a,8bab4dff,a6177608,0.0
2025-02-01T16:15:00Z,147abc6a,8bab4dff,a6177608,0.0
2025-02-01T16:18:00Z,147abc6a,8bab4dff,a6177608,0.0
2025-02-01T16:21:00Z,147abc6a,8bab4dff,a6177608,0.0
2025-02-01T16:24:00Z,147abc6a,8bab4dff,a6177608,0.0
2025-02-01T16:27:00Z,147abc6a,8bab4dff,a6177608,0.0
2025-02-01T16:30:00Z,147abc6a,8bab4dff,a6177608,0.0
2025-02-01T16:33:00Z,147abc6a,8bab4dff,a6177608,0.0
2025-02-01T16:36:00Z,147abc6a,8bab4dff,a6177608,0.0
2025-02-01T16:39:00Z,147abc6a,8bab4dff,a6177608,0.0
2025-02-01T16:42:00Z,147abc6a,8bab4dff,a6177608,0.0
2025-02-01T16:45:00Z,147abc6a,8bab4dff,a6177608,0.0
2025-02-01T16:48:00Z,147abc6a,8bab4dff,a6177608,0.0
2025-02-01T16:51:00Z,147abc6a,8bab4dff,a6177608,0.0
2025-02-01T16:54:00Z,147abc6a,8bab4dff,a6177608,0.0
2025-02-01T16:57:00Z,147abc6a,8bab4dff,a6177608,0.0
2025-02-01T17:00:00Z,147abc6a,8bab4dff,a6177608,0.0
2025-02-01T17:03:00Z,147abc6a,8bab4dff,a6177608,0.0
2025-02-01T17:06:00Z,147abc6a,8bab4dff,a6177608,0.0
2025-02-01T17:09:00Z,147abc6a,8bab4dff,a6177608,0.0
2025-02-01T17:12:00Z,147abc6a,8bab4dff,a6177608,0.0
2025-02-01T17:15:00Z,147abc6a,8bab4dff,a6177608,0.0
2025-02-01T17:18:00Z,147abc6a,8bab4dff,a6177608,0.0
2025-02-01T17:21:00Z,147abc6a,8bab4dff,a6177608,0.0
2025-02-01T17:24:00Z,147abc6a,8bab4dff,a6177608,0.0
2025-02-01T17:27:00Z,147abc6a,8bab4dff,a6177608,0.0
2025-02-01T17:30:00Z,147abc6a,8bab4dff,a6177608,0.0
2025-02-01T17:33:00Z,147abc6a,8bab4dff,a6177608,0.0
2025-02-01T17:36:00Z,147abc6a,8bab4dff,a6177608,0.0
2025-02-01T17:39:00Z,147abc6a,8bab4dff,a6177608,0.0
2025-02-01T17:42:00Z,147abc6a,8bab4dff,a6177608,0.0
2025-02-01T17:45:00Z,147abc6a,8bab4dff,a6177608,0.0
2025-02-01T17:48:00Z,147abc6a,8bab4dff,a6177608,0.0
2025-02-01T17:51:00Z,147abc6a,8bab4dff,a6177608,0.0
2025-02-01T17:54:00Z,147abc6a,8bab4dff,a6177608,0.0
2025-02-01T17:57:00Z,147abc6a,8bab4dff,a6177608,0.0
2025-02-01T18:00:00Z,147abc6a,8bab4dff,a6177608,0.0
2025-02-01T18:03:00Z,147abc6a,8bab4dff,a6177608,0.0
2025-02-01T18:06:00Z,147abc6a,8bab4dff,a6177608,0.0
2025-02-01T18:09:00Z,147abc6a,8bab4dff,a6177608,0.0
2025-02-01T18:12:00Z,147abc6a,8bab4dff,a6177608,0.0
2025-02-01T18:15:00Z,147abc6a,8bab4dff,a6177608,0.0
2025-02-01T18:18:00Z,147abc6a,8bab4dff,a6177608,0.0
2025-02-01T18:21:00Z,147abc6a,8bab4dff,a6177608,0.0
2025-02-01T18:24:00Z,147abc6a,8bab4dff,a6177608,0.0
2025-02-01T18:27:00Z,147abc6a,8bab4dff,a6177608,0.0
2025-02-01T18:30:00Z,147abc6a,8bab4dff,a6177608,0.0
2025-02-01T18:33:00Z,147abc6a,8bab4dff,a6177608,0.0
2025-02-01T18:36:00Z,147abc6a,8bab4dff,a6177608,0.0
2025-02-01T18:39:00Z,147abc6a,8bab4dff,a6177608,0.0
2025-02-01T18:42:00Z,147abc6a,8bab4dff,a6177608,0.0
2025-02-01T18:45:00Z,147abc6a,8bab4dff,a6177608,0.0
2025-02-01T18:48:00Z,147abc6a,8bab4dff,a6177608,0.0
2025-02-01T18:51:00Z,147abc6a,8bab4dff,a6177608,0.0
2025-02-01T18:54:00Z,147abc6a,8bab4dff,a6177608,0.0
2025-02-01T18:57:00Z,147abc6a,8bab4dff,a6177608,0.0
2025-02-01T19:00:00Z,147abc6a,8bab4dff,a6177608,0.0
2025-02-01T19:03:00Z,147abc6a,8bab4dff,a6177608,0.0
2025-02-01T19:06:00Z,147abc6a,8bab4dff,a6177608,0.0
2025-02-01T19:09:00Z,147abc6a,8bab4dff,a6177608,0.0
2025-02-01T19:12:00Z,147abc6a,8bab4dff,a6177608,0.0
2025-02-01T19:15:00Z,147abc6a,8bab4dff,a6177608,0.0
2025-02-01T19:18:00Z,147abc6a,8bab4dff,a6177608,0.0
2025-02-01T19:21:00Z,147abc6a,8bab4dff,a6177608,0.0
2025-02-01T19:24:00Z,147abc6a,8bab4dff,a6177608,0.0
2025-02-01T19:27:00Z,147abc6a,8bab4dff,a6177608,0.0
2025-02-01T19:30:00Z,147abc6a,8bab4dff,a6177608,0.0
2025-02-01T19:33:00Z,147abc6a,8bab4dff,a6177608,0.0
2025-02-01T19:36:00Z,147abc6a,8bab4dff,a6177608,0.0
2025-02-01T19:39:00Z,147abc6a,8bab4dff,a6177608,0.0
2025-02-01T19:42:00Z,147abc6a,8bab4dff,a6177608,0.0
2025-02-01T19:45:00Z,147abc6a,8bab4dff,a6177608,0.0
2025-02-01T19:48:00Z,147abc6a,8bab4dff,a6177608,0.0
2025-02-01T19:51:00Z,147abc6a,8bab4dff,a6177608,0.0
2025-02-01T19:54:00Z,147abc6a,8bab4dff,a6177608,0.0
2025-02-01T19:57:00Z,147abc6a,8bab4dff,a6177608,0.0
2025-02-01T20:00:00Z,147abc6a,8bab4dff,a6177608,0.0
2025-02-01T20:03:00Z,147abc6a,8bab4dff,a6177608,0.0
2025-02-01T20:06:00Z,147abc6a,8bab4dff,a6177608,0.0
2025-02-01T20:09:00Z,147abc6a,8bab4dff,a6177608,0.0
2025-02-01T20:12:00Z,147abc6a,8bab4dff,a6177608,0.0
2025-02-01T20:15:00Z,147abc6a,8bab4dff,a6177608,0.0
2025-02-01T20:18:00Z,147abc6a,8bab4dff,a6177608,0.0
2025-02-01T20:21:00Z,147abc6a,8bab4dff,a6177608,0.0
2025-02-01T20:24:00Z,147abc6a,8bab4dff,a6177608,0.0
2025-02-01T20:27:00Z,147abc6a,8bab4dff,a6177608,0.0
2025-02-01T20:30:00Z,147abc6a,8bab4dff,a6177608,0.0
2025-02-01T20:33:00Z,147abc6a,8bab4dff,a6177608,0.0
2025-02-01T20:36:00Z,147abc6a,8bab4dff,a6177608,0.0
2025-02-01T20:39:00Z,147abc6a,8bab4dff,a6177608,0.0
2025-02-01T20:42:00Z,147abc6a,8bab4dff,a6177608,0.0
2025-02-01T20:45:00Z,147abc6a,8bab4dff,a6177608,0.0
2025-02-01T20:48:00Z,147abc6a,8bab4dff,a6177608,0.0
2025-02-01T20:51:00Z,147abc6a,8bab4dff,a6177608,0.0
2025-02-01T20:54:00Z,147abc6a,8bab4dff,a6177608,0.0
2025-02-01T20:57:00Z,147abc6a,8bab4dff,a6177608,0.0
2025-02-01T21:00:00Z,147abc6a,8bab4dff,a6177608,0.0
2025-02-01T21:03:00Z,147abc6a,8bab4dff,a6177608,0.0
2025-02-01T21:06:00Z,147abc6a,8bab4dff,a6177608,0.0
2025-02-01T21:09:00Z,147abc6a,8bab4dff,a6177608,0.0
2025-02-01T21:12:00Z,147abc6a,8bab4dff,a6177608,0.0
2025-02-01T21:15:00Z,147abc6a,8bab4dff,a6177608,0.0
2025-02-01T21:18:00Z,147abc6a,8bab4dff,a6177608,0.0
2025-02-01T21:21:00Z,147abc6a,8bab4dff,a6177608,0.0
2025-02-01T21:24:00Z,147abc6a,8bab4dff,a6177608,0.0
2025-02-01T21:27:00Z,147abc6a,8bab4dff,a6177608,0.0
2025-02-01T21:30:00Z,147abc6a,8bab4dff,a6177608,0.0
2025-02-01T21:33:00Z,147abc6a,8bab4dff,a6177608,0.0
2025-02-01T21:36:00Z,147abc6a,8bab4dff,a6177608,0.0
2025-02-01T21:39:00Z,147abc6a,8bab4dff,a6177608,0.0
2025-02-01T21:42:00Z,147abc6a,8bab4dff,a6177608,0.0
2025-02-01T21:45:00Z,147abc6a,8bab4dff,a6177608,0.0
2025-02-01T21:48:00Z,147abc6a,8bab4dff,a6177608,0.0
2025-02-01T21:51:00Z,147abc6a,8bab4dff,a6177608,0.0
2025-02-01T21:54:00Z,147abc6a,8bab4dff,a6177608,0.0
2025-02-01T21:57:00Z,147abc6a,8bab4dff,a6177608,0.0
2025-02-01T22:00:00Z,147abc6a,8bab4dff,a6177608,0.0
2025-02-01T22:03:00Z,147abc6a,8bab4dff,a6177608,0.0
2025-02-01T22:06:00Z,147abc6a,8bab4dff,a6177608,0.0
2025-02-01T22:09:00Z,147abc6a,8bab4dff,a6177608,0.0
2025-02-01T22:12:00Z,147abc6a,8bab4dff,a6177608,0.0
2025-02-01T22:15:00Z,147abc6a,8bab4dff,a6177608,0.0
2025-02-01T22:18:00Z,147abc6a,8bab4dff,a6177608,0.0
2025-02-01T22:21:00Z,147abc6a,8bab4dff,a6177608,0.0
2025-02-01T22:24:00Z,147abc6a,8bab4dff,a6177608,0.0
2025-02-01T22:27:00Z,147abc6a,8bab4dff,a6177608,0.0
2025-02-01T22:30:00Z,147abc6a,8bab4dff,a6177608,0.0
2025-02-01T22:33:00Z,147abc6a,8bab4dff,a6177608,0.0
2025-02-01T22:36:00Z,147abc6a,8bab4dff,a6177608,0.0
2025-02-01T22:39:00Z,147abc6a,8bab4dff,a6177608,0.0
2025-02-01T22:42:00Z,147abc6a,8bab4dff,a6177608,0.0
2025-02-01T22:45:00Z,147abc6a,8bab4dff,a6177608,0.0
2025-02-01T22:48:00Z,147abc6a,8bab4dff,a6177608,0.0
2025-02-01T22:51:00Z,147abc6a,8bab4dff,a6177608,0.02
2025-02-01T22:54:00Z,147abc6a,8bab4dff,a6177608,0.0
2025-02-01T22:57:00Z,147abc6a,8bab4dff,a6177608,0.0
2025-02-01T23:00:00Z,147abc6a,8bab4dff,a6177608,0.0
2025-02-01T23:03:00Z,147abc6a,8bab4dff,a6177608,0.0
2025-02-01T23:06:00Z,147abc6a,8bab4dff,a6177608,0.0
2025-02-01T23:09:00Z,147abc6a,8bab4dff,a6177608,0.0
2025-02-01T23:12:00Z,147abc6a,8bab4dff,a6177608,0.0
2025-02-01T23:15:00Z,147abc6a,8bab4dff,a6177608,0.0
2025-02-01T23:18:00Z,147abc6a,8bab4dff,a6177608,0.0
2025-02-01T23:21:00Z,147abc6a,8bab4dff,a6177608,0.0
2025-02-01T23:24:00Z,147abc6a,8bab4dff,a6177608,0.0
2025-02-01T23:27:00Z,147abc6a,8bab4dff,a6177608,0.0
2025-02-01T23:30:00Z,147abc6a,8bab4dff,a6177608,0.0
2025-02-01T23:33:00Z,147abc6a,8bab4dff,a6177608,0.0
2025-02-01T23:36:00Z,147abc6a,8bab4dff,a6177608,0.0
2025-02-01T23:39:00Z,147abc6a,8bab4dff,a6177608,0.0
2025-02-01T23:42:00Z,147abc6a,8bab4dff,a6177608,0.0
2025-02-01T23:45:00Z,147abc6a,8bab4dff,a6177608,0.0
2025-02-01T23:48:00Z,147abc6a,8bab4dff,a6177608,0.0
2025-02-01T23:51:00Z,147abc6a,8bab4dff,a6177608,0.0
2025-02-01T23:54:00Z,147abc6a,8bab4dff,a6177608,0.0
2025-02-01T23:57:00Z,147abc6a,8bab4dff,a6177608,0.0
2025-02-02T00:00:00Z,147abc6a,8bab4dff,a6177608,0.0
2025-02-02T00:03:00Z,147abc6a,8bab4dff,a6177608,0.0
2025-02-02T00:06:00Z,147abc6a,8bab4dff,a6177608,0.0
2025-02-02T00:09:00Z,147abc6a,8bab4dff,a6177608,0.0
2025-02-02T00:12:00Z,147abc6a,8bab4dff,a6177608,0.0
2025-02-02T00:15:00Z,147abc6a,8bab4dff,a6177608,0.0
2025-02-02T00:18:00Z,147abc6a,8bab4dff,a6177608,0.07
2025-02-02T00:21:00Z,147abc6a,8bab4dff,a6177608,0.0
2025-02-02T00:24:00Z,147abc6a,8bab4dff,a6177608,0.0
2025-02-02T00:27:00Z,147abc6a,8bab4dff,a6177608,0.0
2025-02-02T00:30:00Z,147abc6a,8bab4dff,a6177608,0.0
2025-02-02T00:33:00Z,147abc6a,8bab4dff,a6177608,0.0
2025-02-02T00:36:00Z,147abc6a,8bab4dff,a6177608,0.0
2025-02-02T00:39:00Z,147abc6a,8bab4dff,a6177608,0.0
2025-02-02T00:42:00Z,147abc6a,8bab4dff,a6177608,0.0
2025-02-02T00:45:00Z,147abc6a,8bab4dff,a6177608,0.0
2025-02-02T00:48:00Z,147abc6a,8bab4dff,a6177608,0.0
2025-02-02T00:51:00Z,147abc6a,8bab4dff,a6177608,0.0
2025-02-02T00:54:00Z,147abc6a,8bab4dff,a6177608,0.0
2025-02-02T00:57:00Z,147abc6a,8bab4dff,a6177608,0.0
2025-02-02T01:00:00Z,147abc6a,8bab4dff,a6177608,0.0
2025-02-02T01:03:00Z,147abc6a,8bab4dff,a6177608,0.0
2025-02-02T01:06:00Z,147abc6a,8bab4dff,a6177608,0.0
2025-02-02T01:09:00Z,147abc6a,8bab4dff,a6177608,0.0
2025-02-02T01:12:00Z,147abc6a,8bab4dff,a6177608,0.0
2025-02-02T01:15:00Z,147abc6a,8bab4dff,a6177608,0.0
2025-02-02T01:18:00Z,147abc6a,8bab4dff,a6177608,0.0
2025-02-02T01:21:00Z,147abc6a,8bab4dff,a6177608,0.0
2025-02-02T01:24:00Z,147abc6a,8bab4dff,a6177608,0.0
2025-02-02T01:27:00Z,147abc6a,8bab4dff,a6177608,0.0
2025-02-02T01:30:00Z,147abc6a,8bab4dff,a6177608,0.0
2025-02-02T01:33:00Z,147abc6a,8bab4dff,a6177608,0.0
2025-02-02T01:36:00Z,147abc6a,8bab4dff,a6177608,0.0
2025-02-02T01:39:00Z,147abc6a,8bab4dff,a6177608,0.0
2025-02-02T01:42:00Z,147abc6a,8bab4dff,a6177608,0.0
2025-02-02T01:45:00Z,147abc6a,8bab4dff,a6177608,0.0
2025-02-02T01:48:00Z,147abc6a,8bab4dff,a6177608,0.0
2025-02-02T01:51:00Z,147abc6a,8bab4dff,a6177608,0.0
2025-02-02T01:54:00Z,147abc6a,8bab4dff,a6177608,0.0
2025-02-02T01:57:00Z,147abc6a,8bab4dff,a6177608,0.0
2025-02-02T02:00:00Z,147abc6a,8bab4dff,a6177608,0.0
2025-02-02T02:03:00Z,147abc6a,8bab4dff,a6177608,0.0
2025-02-02T02:06:00Z,147abc6a,8bab4dff,a6177608,0.0
2025-02-02T02:09:00Z,147abc6a,8bab4dff,a6177608,0.0
2025-02-02T02:12:00Z,147abc6a,8bab4dff,a6177608,0.0
2025-02-02T02:15:00Z,147abc6a,8bab4dff,a6177608,0.0
2025-02-02T02:18:00Z,147abc6a,8bab4dff,a6177608,0.0
2025-02-02T02:21:00Z,147abc6a,8bab4dff,a6177608,0.0
2025-02-02T02:24:00Z,147abc6a,8bab4dff,a6177608,0.0
2025-02-02T02:27:00Z,147abc6a,8bab4dff,a6177608,0.0
2025-02-02T02:30:00Z,147abc6a,8bab4dff,a6177608,0.0
2025-02-02T02:33:00Z,147abc6a,8bab4dff,a6177608,0.0
2025-02-02T02:36:00Z,147abc6a,8bab4dff,a6177608,0.0
2025-02-02T02:39:00Z,147abc6a,8bab4dff,a6177608,0.0
2025-02-02T02:42:00Z,147abc6a,8bab4dff,a6177608,0.0
2025-02-02T02:45:00Z,147abc6a,8bab4dff,a6177608,0.0
2025-02-02T02:48:00Z,147abc6a,8bab4dff,a6177608,0.0
2025-02-02T02:51:00Z,147abc6a,8bab4dff,a6177608,0.0
2025-02-02T02:54:00Z,147abc6a,8bab4dff,a6177608,0.0
2025-02-02T02:57:00Z,147abc6a,8bab4dff,a6177608,0.0
2025-02-02T03:00:00Z,147abc6a,8bab4dff,a6177608,0.0
2025-02-02T03:03:00Z,147abc6a,8bab4dff,a6177608,0.0
2025-02-02T03:06:00Z,147abc6a,8bab4dff,a6177608,0.0
2025-02-02T03:09:00Z,147abc6a,8bab4dff,a6177608,0.0
2025-02-02T03:12:00Z,147abc6a,8bab4dff,a6177608,0.0
2025-02-02T03:15:00Z,147abc6a,8bab4dff,a6177608,0.0
2025-02-02T03:18:00Z,147abc6a,8bab4dff,a6177608,0.0
2025-02-02T03:21:00Z,147abc6a,8bab4dff,a6177608,0.0
2025-02-02T03:24:00Z,147abc6a,8bab4dff,a6177608,0.0
2025-02-02T03:27:00Z,147abc6a,8bab4dff,a6177608,0.0
2025-02-02T03:30:00Z,147abc6a,8bab4dff,a6177608,0.0
2025-02-02T03:33:00Z,147abc6a,8bab4dff,a6177608,0.0
2025-02-02T03:36:00Z,147abc6a,8bab4dff,a6177608,0.0
2025-02-02T03:39:00Z,147abc6a,8bab4dff,a6177608,0.0
2025-02-02T03:42:00Z,147abc6a,8bab4dff,a6177608,0.0
2025-02-02T03:45:00Z,147abc6a,8bab4dff,a6177608,0.0
2025-02-02T03:48:00Z,147abc6a,8bab4dff,a6177608,0.0
2025-02-02T03:51:00Z,147abc6a,8bab4dff,a6177608,0.0
2025-02-02T03:54:00Z,147abc6a,8bab4dff,a6177608,0.0
2025-02-02T03:57:00Z,147abc6a,8bab4dff,a6177608,0.0
2025-02-02T04:00:00Z,147abc6a,8bab4dff,a6177608,0.0
2025-02-02T04:03:00Z,147abc6a,8bab4dff,a6177608,0.0
2025-02-02T04:06:00Z,147abc6a,8bab4dff,a6177608,0.0
2025-02-02T04:09:00Z,147abc6a,8bab4dff,a6177608,0.0
2025-02-02T04:12:00Z,147abc6a,8bab4dff,a6177608,0.0
2025-02-02T04:15:00Z,147abc6a,8bab4dff,a6177608,0.0
2025-02-02T04:18:00Z,147abc6a,8bab4dff,a6177608,0.0
2025-02-02T04:21:00Z,147abc6a,8bab4dff,a6177608,0.0
2025-02-02T04:24:00Z,147abc6a,8bab4dff,a6177608,0.0
2025-02-02T04:27:00Z,147abc6a,8bab4dff,a6177608,0.0
2025-02-02T04:30:00Z,147abc6a,8bab4dff,a6177608,0.0
2025-02-02T04:33:00Z,147abc6a,8bab4dff,a6177608,0.0
2025-02-02T04:36:00Z,147abc6a,8bab4dff,a6177608,0.0
2025-02-02T04:39:00Z,147abc6a,8bab4dff,a6177608,0.0
2025-02-02T04:42:00Z,147abc6a,8bab4dff,a6177608,0.0
2025-02-02T04:45:00Z,147abc6a,8bab4dff,a6177608,0.0
2025-02-02T04:48:00Z,147abc6a,8bab4dff,a6177608,0.0
2025-02-02T04:51:00Z,147abc6a,8bab4dff,a6177608,0.0
2025-02-02T04:54:00Z,147abc6a,8bab4dff,a6177608,0.0
2025-02-02T04:57:00Z,147abc6a,8bab4dff,a6177608,0.0
2025-02-02T05:00:00Z,147abc6a,8bab4dff,a6177608,0.0
2025-02-02T05:03:00Z,147abc6a,8bab4dff,a6177608,0.0
2025-02-02T05:06:00Z,147abc6a,8bab4dff,a6177608,0.0
2025-02-02T05:09:00Z,147abc6a,8bab4dff,a6177608,0.0
2025-02-02T05:12:00Z,147abc6a,8bab4dff,a6177608,0.0
2025-02-02T05:15:00Z,147abc6a,8bab4dff,a6177608,0.0
2025-02-02T05:18:00Z,147abc6a,8bab4dff,a6177608,0.0
2025-02-02T05:21:00Z,147abc6a,8bab4dff,a6177608,0.0
2025-02-02T05:24:00Z,147abc6a,8bab4dff,a6177608,0.0
2025-02-02T05:27:00Z,147abc6a,8bab4dff,a6177608,0.0
2025-02-02T05:30:00Z,147abc6a,8bab4dff,a6177608,0.0
2025-02-02T05:33:00Z,147abc6a,8bab4dff,a6177608,0.0
2025-02-02T05:36:00Z,147abc6a,8bab4dff,a6177608,0.0
2025-02-02T05:39:00Z,147abc6a,8bab4dff,a6177608,0.0
2025-02-02T05:42:00Z,147abc6a,8bab4dff,a6177608,0.0
2025-02-02T05:45:00Z,147abc6a,8bab4dff,a6177608,0.0
2025-02-02T05:48:00Z,147abc6a,8bab4dff,a6177608,0.0
2025-02-02T05:51:00Z,147abc6a,8bab4dff,a6177608,0.0
2025-02-02T05:54:00Z,147abc6a,8bab4dff,a6177608,0.0
2025-02-02T05:57:00Z,147abc6a,8bab4dff,a6177608,0.0
2025-02-02T06:00:00Z,147abc6a,8bab4dff,a6177608,0.0
2025-02-02T06:03:00Z,147abc6a,8bab4dff,a6177608,0.0
2025-02-02T06:06:00Z,147abc6a,8bab4dff,a6177608,0.0
2025-02-02T06:09:00Z,147abc6a,8bab4dff,a6177608,0.0
2025-02-02T06:12:00Z,147abc6a,8bab4dff,a6177608,0.0
2025-02-02T06:15:00Z,147abc6a,8bab4dff,a6177608,0.0
2025-02-02T06:18:00Z,147abc6a,8bab4dff,a6177608,0.0
2025-02-02T06:21:00Z,147abc6a,8bab4dff,a6177608,0.0
2025-02-02T06:24:00Z,147abc6a,8bab4dff,a6177608,0.0
2025-02-02T06:27:00Z,147abc6a,8bab4dff,a6177608,0.0
2025-02-02T06:30:00Z,147abc6a,8bab4dff,a6177608,0.0
2025-02-02T06:33:00Z,147abc6a,8bab4dff,a6177608,0.0
2025-02-02T06:36:00Z,147abc6a,8bab4dff,a6177608,0.01
2025-02-02T06:39:00Z,147abc6a,8bab4dff,a6177608,0.0
2025-02-02T06:42:00Z,147abc6a,8bab4dff,a6177608,0.0
2025-02-02T06:45:00Z,147abc6a,8bab4dff,a6177608,0.0
2025-02-02T06:48:00Z,147abc6a,8bab4dff,a6177608,0.0
2025-02-02T06:51:00Z,147abc6a,8bab4dff,a6177608,0.0
2025-02-02T06:54:00Z,147abc6a,8bab4dff,a6177608,0.0
2025-02-02T06:57:00Z,147abc6a,8bab4dff,a6177608,0.0
2025-02-02T07:00:00Z,147abc6a,8bab4dff,a6177608,0.0
2025-02-02T07:03:00Z,147abc6a,8bab4dff,a6177608,0.0
2025-02-02T07:06:00Z,147abc6a,8bab4dff,a6177608,0.0
2025-02-02T07:09:00Z,147abc6a,8bab4dff,a6177608,0.0
2025-02-02T07:12:00Z,147abc6a,8bab4dff,a6177608,0.0
2025-02-02T07:15:00Z,147abc6a,8bab4dff,a6177608,0.0
2025-02-02T07:18:00Z,147abc6a,8bab4dff,a6177608,0.0
2025-02-02T07:21:00Z,147abc6a,8bab4dff,a6177608,0.0
2025-02-02T07:24:00Z,147abc6a,8bab4dff,a6177608,0.0
2025-02-02T07:27:00Z,147abc6a,8bab4dff,a6177608,0.0
2025-02-02T07:30:00Z,147abc6a,8bab4dff,a6177608,0.0
2025-02-02T07:33:00Z,147abc6a,8bab4dff,a6177608,0.0
2025-02-02T07:36:00Z,147abc6a,8bab4dff,a6177608,0.0
2025-02-02T07:39:00Z,147abc6a,8bab4dff,a6177608,0.0
2025-02-02T07:42:00Z,147abc6a,8bab4dff,a6177608,0.0
2025-02-02T07:45:00Z,147abc6a,8bab4dff,a6177608,0.0
2025-02-02T07:48:00Z,147abc6a,8bab4dff,a6177608,0.0
2025-02-02T07:51:00Z,147abc6a,8bab4dff,a6177608,0.0
2025-02-02T07:54:00Z,147abc6a,8bab4dff,a6177608,0.0
2025-02-02T07:57:00Z,147abc6a,8bab4dff,a6177608,0.0
2025-02-02T08:00:00Z,147abc6a,8bab4dff,a6177608,0.0
2025-02-02T08:03:00Z,147abc6a,8bab4dff,a6177608,0.0
2025-02-02T08:06:00Z,147abc6a,8bab4dff,a6177608,0.0
2025-02-02T08:09:00Z,147abc6a,8bab4dff,a6177608,0.01
2025-02-02T08:12:00Z,147abc6a,8bab4dff,a6177608,0.0
2025-02-02T08:15:00Z,147abc6a,8bab4dff,a6177608,0.0
2025-02-02T08:18:00Z,147abc6a,8bab4dff,a6177608,0.0
2025-02-02T08:21:00Z,147abc6a,8bab4dff,a6177608,0.0
2025-02-02T08:24:00Z,147abc6a,8bab4dff,a6177608,0.0
2025-02-02T08:27:00Z,147abc6a,8bab4dff,a6177608,0.0
2025-02-02T08:30:00Z,147abc6a,8bab4dff,a6177608,0.0
2025-02-02T08:33:00Z,147abc6a,8bab4dff,a6177608,0.0
2025-02-02T08:36:00Z,147abc6a,8bab4dff,a6177608,0.0
2025-02-02T08:39:00Z,147abc6a,8bab4dff,a6177608,0.0
2025-02-02T08:42:00Z,147abc6a,8bab4dff,a6177608,0.0
2025-02-02T08:45:00Z,147abc6a,8bab4dff,a6177608,0.0
2025-02-02T08:48:00Z,147abc6a,8bab4dff,a6177608,0.0
2025-02-02T08:51:00Z,147abc6a,8bab4dff,a6177608,0.0
2025-02-02T08:54:00Z,147abc6a,8bab4dff,a6177608,0.0
2025-02-02T08:57:00Z,147abc6a,8bab4dff,a6177608,0.0
2025-02-02T09:00:00Z,147abc6a,8bab4dff,a6177608,0.0
2025-02-02T09:03:00Z,147abc6a,8bab4dff,a6177608,0.0
2025-02-02T09:06:00Z,147abc6a,8bab4dff,a6177608,0.0
2025-02-02T09:09:00Z,147abc6a,8bab4dff,a6177608,0.0
2025-02-02T09:12:00Z,147abc6a,8bab4dff,a6177608,0.0
2025-02-02T09:15:00Z,147abc6a,8bab4dff,a6177608,0.0
2025-02-02T09:18:00Z,147abc6a,8bab4dff,a6177608,0.0
2025-02-02T09:21:00Z,147abc6a,8bab4dff,a6177608,0.0
2025-02-02T09:24:00Z,147abc6a,8bab4dff,a6177608,0.0
2025-02-02T09:27:00Z,147abc6a,8bab4dff,a6177608,0.0
2025-02-02T09:30:00Z,147abc6a,8bab4dff,a6177608,0.0
2025-02-02T09:33:00Z,147abc6a,8bab4dff,a6177608,0.0
2025-02-02T09:36:00Z,147abc6a,8bab4dff,a6177608,0.0
2025-02-02T09:39:00Z,147abc6a,8bab4dff,a6177608,0.0
2025-02-02T09:42:00Z,147abc6a,8bab4dff,a6177608,0.0
2025-02-02T09:45:00Z,147abc6a,8bab4dff,a6177608,0.0
2025-02-02T09:48:00Z,147abc6a,8bab4dff,a6177608,0.0
2025-02-02T09:51:00Z,147abc6a,8bab4dff,a6177608,0.0
2025-02-02T09:54:00Z,147abc6a,8bab4dff,a6177608,0.0
2025-02-02T09:57:00Z,147abc6a,8bab4dff,a6177608,0.0
2025-02-02T10:00:00Z,147abc6a,8bab4dff,a6177608,0.0
2025-02-02T10:03:00Z,147abc6a,8bab4dff,a6177608,0.0
2025-02-02T10:06:00Z,147abc6a,8bab4dff,a6177608,0.0
2025-02-02T10:09:00Z,147abc6a,8bab4dff,a6177608,0.0
2025-02-02T10:12:00Z,147abc6a,8bab4dff,a6177608,0.0
2025-02-02T10:15:00Z,147abc6a,8bab4dff,a6177608,0.0
2025-02-02T10:18:00Z,147abc6a,8bab4dff,a6177608,0.0
2025-02-02T10:21:00Z,147abc6a,8bab4dff,a6177608,0.0
2025-02-02T10:24:00Z,147abc6a,8bab4dff,a6177608,0.0
2025-02-02T10:27:00Z,147abc6a,8bab4dff,a6177608,0.0
2025-02-02T10:30:00Z,147abc6a,8bab4dff,a6177608,0.0
2025-02-02T10:33:00Z,147abc6a,8bab4dff,a6177608,0.0
2025-02-02T10:36:00Z,147abc6a,8bab4dff,a6177608,0.0
2025-02-02T10:39:00Z,147abc6a,8bab4dff,a6177608,0.0
2025-02-02T10:42:00Z,147abc6a,8bab4dff,a6177608,0.0
2025-02-02T10:45:00Z,147abc6a,8bab4dff,a6177608,0.0
2025-02-02T10:48:00Z,147abc6a,8bab4dff,a6177608,0.0
2025-02-02T10:51:00Z,147abc6a,8bab4dff,a6177608,0.0
2025-02-02T10:54:00Z,147abc6a,8bab4dff,a6177608,0.0
2025-02-02T10:57:00Z,147abc6a,8bab4dff,a6177608,0.0
2025-02-02T11:00:00Z,147abc6a,8bab4dff,a6177608,0.0
2025-02-02T11:03:00Z,147abc6a,8bab4dff,a6177608,0.0
2025-02-02T11:06:00Z,147abc6a,8bab4dff,a6177608,0.0
2025-02-02T11:09:00Z,147abc6a,8bab4dff,a6177608,0.0
2025-02-02T11:12:00Z,147abc6a,8bab4dff,a6177608,0.0
2025-02-02T11:15:00Z,147abc6a,8bab4dff,a6177608,0.0
2025-02-02T11:18:00Z,147abc6a,8bab4dff,a6177608,0.0
2025-02-02T11:21:00Z,147abc6a,8bab4dff,a6177608,0.0
2025-02-02T11:24:00Z,147abc6a,8bab4dff,a6177608,0.0
2025-02-02T11:27:00Z,147abc6a,8bab4dff,a6177608,0.0
2025-02-02T11:30:00Z,147abc6a,8bab4dff,a6177608,0.0
2025-02-02T11:33:00Z,147abc6a,8bab4dff,a6177608,0.0
2025-02-02T11:36:00Z,147abc6a,8bab4dff,a6177608,0.0
2025-02-02T11:39:00Z,147abc6a,8bab4dff,a6177608,0.0
2025-02-02T11:42:00Z,147abc6a,8bab4dff,a6177608,0.0
2025-02-02T11:45:00Z,147abc6a,8bab4dff,a6177608,0.0
2025-02-02T11:48:00Z,147abc6a,8bab4dff,a6177608,0.0
2025-02-02T11:51:00Z,147abc6a,8bab4dff,a6177608,0.0
2025-02-02T11:54:00Z,147abc6a,8bab4dff,a6177608,0.0
2025-02-02T11:57:00Z,147abc6a,8bab4dff,a6177608,0.0
2025-02-02T12:00:00Z,147abc6a,8bab4dff,a6177608,0.0
2025-02-02T12:03:00Z,147abc6a,8bab4dff,a6177608,0.0
2025-02-02T12:06:00Z,147abc6a,8bab4dff,a6177608,0.0
2025-02-02T12:09:00Z,147abc6a,8bab4dff,a6177608,0.0
2025-02-02T12:12:00Z,147abc6a,8bab4dff,a6177608,0.0
2025-02-02T12:15:00Z,147abc6a,8bab4dff,a6177608,0.0
2025-02-02T12:18:00Z,147abc6a,8bab4dff,a6177608,0.0
2025-02-02T12:21:00Z,147abc6a,8bab4dff,a6177608,0.0
2025-02-02T12:24:00Z,147abc6a,8bab4dff,a6177608,0.0
2025-02-02T12:27:00Z,147abc6a,8bab4dff,a6177608,0.0
2025-02-02T12:30:00Z,147abc6a,8bab4dff,a6177608,0.0
2025-02-02T12:33:00Z,147abc6a,8bab4dff,a6177608,0.0
2025-02-02T12:36:00Z,147abc6a,8bab4dff,a6177608,0.0
2025-02-02T12:39:00Z,147abc6a,8bab4dff,a6177608,0.0
2025-02-02T12:42:00Z,147abc6a,8bab4dff,a6177608,0.0
2025-02-02T12:45:00Z,147abc6a,8bab4dff,a6177608,0.0
2025-02-02T12:48:00Z,147abc6a,8bab4dff,a6177608,0.0
2025-02-02T12:51:00Z,147abc6a,8bab4dff,a6177608,0.0
2025-02-02T12:54:00Z,147abc6a,8bab4dff,a6177608,0.0
2025-02-02T12:57:00Z,147abc6a,8bab4dff,a6177608,0.0
2025-02-02T13:00:00Z,147abc6a,8bab4dff,a6177608,0.0
2025-02-02T13:03:00Z,147abc6a,8bab4dff,a6177608,0.0
2025-02-02T13:06:00Z,147abc6a,8bab4dff,a6177608,0.0
2025-02-02T13:09:00Z,147abc6a,8bab4dff,a6177608,0.0
2025-02-02T13:12:00Z,147abc6a,8bab4dff,a6177608,0.0
2025-02-02T13:15:00Z,147abc6a,8bab4dff,a6177608,0.0
2025-02-02T13:18:00Z,147abc6a,8bab4dff,a6177608,0.0
2025-02-02T13:21:00Z,147abc6a,8bab4dff,a6177608,0.0
2025-02-02T13:24:00Z,147abc6a,8bab4dff,a6177608,0.0
2025-02-02T13:27:00Z,147abc6a,8bab4dff,a6177608,0.0
2025-02-02T13:30:00Z,147abc6a,8bab4dff,a6177608,0.0
2025-02-02T13:33:00Z,147abc6a,8bab4dff,a6177608,0.0
2025-02-02T13:36:00Z,147abc6a,8bab4dff,a6177608,0.0
2025-02-02T13:39:00Z,147abc6a,8bab4dff,a6177608,0.0
2025-02-02T13:42:00Z,147abc6a,8bab4dff,a6177608,0.0
2025-02-02T13:45:00Z,147abc6a,8bab4dff,a6177608,0.0
2025-02-02T13:48:00Z,147abc6a,8bab4dff,a6177608,0.0
2025-02-02T13:51:00Z,147abc6a,8bab4dff,a6177608,0.0
2025-02-02T13:54:00Z,147abc6a,8bab4dff,a6177608,0.0
2025-02-02T13:57:00Z,147abc6a,8bab4dff,a6177608,0.0
2025-02-02T14:00:00Z,147abc6a,8bab4dff,a6177608,0.0
2025-02-02T14:03:00Z,147abc6a,8bab4dff,a6177608,0.0
2025-02-02T14:06:00Z,147abc6a,8bab4dff,a6177608,0.0
2025-02-02T14:09:00Z,147abc6a,8bab4dff,a6177608,0.0
2025-02-02T14:12:00Z,147abc6a,8bab4dff,a6177608,0.0
2025-02-02T14:15:00Z,147abc6a,8bab4dff,a6177608,0.0
2025-02-02T14:18:00Z,147abc6a,8bab4dff,a6177608,0.0
2025-02-02T14:21:00Z,147abc6a,8bab4dff,a6177608,0.0
2025-02-02T14:24:00Z,147abc6a,8bab4dff,a6177608,0.0
2025-02-02T14:27:00Z,147abc6a,8bab4dff,a6177608,0.0
2025-02-02T14:30:00Z,147abc6a,8bab4dff,a6177608,0.0
2025-02-02T14:33:00Z,147abc6a,8bab4dff,a6177608,0.0
2025-02-02T14:36:00Z,147abc6a,8bab4dff,a6177608,0.0
2025-02-02T14:39:00Z,147abc6a,8bab4dff,a6177608,0.0
2025-02-02T14:42:00Z,147abc6a,8bab4dff,a6177608,0.0
2025-02-02T14:45:00Z,147abc6a,8bab4dff,a6177608,0.0
2025-02-02T14:48:00Z,147abc6a,8bab4dff,a6177608,0.0
2025-02-02T14:51:00Z,147abc6a,8bab4dff,a6177608,0.0
2025-02-02T14:54:00Z,147abc6a,8bab4dff,a6177608,0.0
2025-02-02T14:57:00Z,147abc6a,8bab4dff,a6177608,0.0
2025-02-02T15:00:00Z,147abc6a,8bab4dff,a6177608,0.0
2025-02-02T15:03:00Z,147abc6a,8bab4dff,a6177608,0.0
2025-02-02T15:06:00Z,147abc6a,8bab4dff,a6177608,0.0
2025-02-02T15:09:00Z,147abc6a,8bab4dff,a6177608,0.0
2025-02-02T15:12:00Z,147abc6a,8bab4dff,a6177608,0.0
2025-02-02T15:15:00Z,147abc6a,8bab4dff,a6177608,0.0
2025-02-02T15:18:00Z,147abc6a,8bab4dff,a6177608,0.0
2025-02-02T15:21:00Z,147abc6a,8bab4dff,a6177608,0.0
2025-02-02T15:24:00Z,147abc6a,8bab4dff,a6177608,0.0
2025-02-02T15:27:00Z,147abc6a,8bab4dff,a6177608,0.0
2025-02-02T15:30:00Z,147abc6a,8bab4dff,a6177608,0.0
2025-02-02T15:33:00Z,147abc6a,8bab4dff,a6177608,0.0
2025-02-02T15:36:00Z,147abc6a,8bab4dff,a6177608,0.0
2025-02-02T15:39:00Z,147abc6a,8bab4dff,a6177608,0.0
2025-02-02T15:42:00Z,147abc6a,8bab4dff,a6177608,0.0
2025-02-02T15:45:00Z,147abc6a,8bab4dff,a6177608,0.0
2025-02-02T15:48:00Z,147abc6a,8bab4dff,a6177608,0.0
2025-02-02T15:51:00Z,147abc6a,8bab4dff,a6177608,0.0
2025-02-02T15:54:00Z,147abc6a,8bab4dff,a6177608,0.0
2025-02-02T15:57:00Z,147abc6a,8bab4dff,a6177608,0.0
2025-02-02T16:00:00Z,147abc6a,8bab4dff,a6177608,0.0
2025-02-02T16:03:00Z,147abc6a,8bab4dff,a6177608,0.0
2025-02-02T16:06:00Z,147abc6a,8bab4dff,a6177608,0.0
2025-02-02T16:09:00Z,147abc6a,8bab4dff,a6177608,0.0
2025-02-02T16:12:00Z,147abc6a,8bab4dff,a6177608,0.0
2025-02-02T16:15:00Z,147abc6a,8bab4dff,a6177608,0.0
2025-02-02T16:18:00Z,147abc6a,8bab4dff,a6177608,0.0
2025-02-02T16:21:00Z,147abc6a,8bab4dff,a6177608,0.0
2025-02-02T16:24:00Z,147abc6a,8bab4dff,a6177608,0.0
2025-02-02T16:27:00Z,147abc6a,8bab4dff,a6177608,0.0
2025-02-02T16:30:00Z,147abc6a,8bab4dff,a6177608,0.0
2025-02-02T16:33:00Z,147abc6a,8bab4dff,a6177608,0.0
2025-02-02T16:36:00Z,147abc6a,8bab4dff,a6177608,0.0
2025-02-02T16:39:00Z,147abc6a,8bab4dff,a6177608,0.0
2025-02-02T16:42:00Z,147abc6a,8bab4dff,a6177608,0.0
2025-02-02T16:45:00Z,147abc6a,8bab4dff,a6177608,0.0
2025-02-02T16:48:00Z,147abc6a,8bab4dff,a6177608,0.0
2025-02-02T16:51:00Z,147abc6a,8bab4dff,a6177608,0.0
2025-02-02T16:54:00Z,147abc6a,8bab4dff,a6177608,0.0
2025-02-02T16:57:00Z,147abc6a,8bab4dff,a6177608,0.0
2025-02-02T17:00:00Z,147abc6a,8bab4dff,a6177608,0.0
2025-02-02T17:03:00Z,147abc6a,8bab4dff,a6177608,0.0
2025-02-02T17:06:00Z,147abc6a,8bab4dff,a6177608,0.0
2025-02-02T17:09:00Z,147abc6a,8bab4dff,a6177608,0.0
2025-02-02T17:12:00Z,147abc6a,8bab4dff,a6177608,0.0
2025-02-02T17:15:00Z,147abc6a,8bab4dff,a6177608,0.0
2025-02-02T17:18:00Z,147abc6a,8bab4dff,a6177608,0.0
2025-02-02T17:21:00Z,147abc6a,8bab4dff,a6177608,0.0
2025-02-02T17:24:00Z,147abc6a,8bab4dff,a6177608,0.0
2025-02-02T17:27:00Z,147abc6a,8bab4dff,a6177608,0.0
2025-02-02T17:30:00Z,147abc6a,8bab4dff,a6177608,0.0
2025-02-02T17:33:00Z,147abc6a,8bab4dff,a6177608,0.0
2025-02-02T17:36:00Z,147abc6a,8bab4dff,a6177608,0.0
2025-02-02T17:39:00Z,147abc6a,8bab4dff,a6177608,0.0
2025-02-02T17:42:00Z,147abc6a,8bab4dff,a6177608,0.0
2025-02-02T17:45:00Z,147abc6a,8bab4dff,a6177608,0.0
2025-02-02T17:48:00Z,147abc6a,8bab4dff,a6177608,0.0
2025-02-02T17:51:00Z,147abc6a,8bab4dff,a6177608,0.0
2025-02-02T17:54:00Z,147abc6a,8bab4dff,a6177608,0.0
2025-02-02T17:57:00Z,147abc6a,8bab4dff,a6177608,0.0
2025-02-02T18:00:00Z,147abc6a,8bab4dff,a6177608,0.0
2025-02-02T18:03:00Z,147abc6a,8bab4dff,a6177608,0.0
2025-02-02T18:06:00Z,147abc6a,8bab4dff,a6177608,0.0
2025-02-02T18:09:00Z,147abc6a,8bab4dff,a6177608,0.0
2025-02-02T18:12:00Z,147abc6a,8bab4dff,a6177608,0.0
2025-02-02T18:15:00Z,147abc6a,8bab4dff,a6177608,0.0
2025-02-02T18:18:00Z,147abc6a,8bab4dff,a6177608,0.0
2025-02-02T18:21:00Z,147abc6a,8bab4dff,a6177608,0.0
2025-02-02T18:24:00Z,147abc6a,8bab4dff,a6177608,0.0
2025-02-02T18:27:00Z,147abc6a,8bab4dff,a6177608,0.0
2025-02-02T18:30:00Z,147abc6a,8bab4dff,a6177608,0.0
2025-02-02T18:33:00Z,147abc6a,8bab4dff,a6177608,0.0
2025-02-02T18:36:00Z,147abc6a,8bab4dff,a6177608,0.0
2025-02-02T18:39:00Z,147abc6a,8bab4dff,a6177608,0.0
2025-02-02T18:42:00Z,147abc6a,8bab4dff,a6177608,0.0
2025-02-02T18:45:00Z,147abc6a,8bab4dff,a6177608,0.0
2025-02-02T18:48:00Z,147abc6a,8bab4dff,a6177608,0.0
2025-02-02T18:51:00Z,147abc6a,8bab4dff,a6177608,0.0
2025-02-02T18:54:00Z,147abc6a,8bab4dff,a6177608,0.0
2025-02-02T18:57:00Z,147abc6a,8bab4dff,a6177608,0.0
2025-02-02T19:00:00Z,147abc6a,8bab4dff,a6177608,0.0
2025-02-02T19:03:00Z,147abc6a,8bab4dff,a6177608,0.0
2025-02-02T19:06:00Z,147abc6a,8bab4dff,a6177608,0.0
2025-02-02T19:09:00Z,147abc6a,8bab4dff,a6177608,0.0
2025-02-02T19:12:00Z,147abc6a,8bab4dff,a6177608,0.0
2025-02-02T19:15:00Z,147abc6a,8bab4dff,a6177608,0.0
2025-02-02T19:18:00Z,147abc6a,8bab4dff,a6177608,0.0
2025-02-02T19:21:00Z,147abc6a,8bab4dff,a6177608,0.0
2025-02-02T19:24:00Z,147abc6a,8bab4dff,a6177608,0.0
2025-02-02T19:27:00Z,147abc6a,8bab4dff,a6177608,0.0
2025-02-02T19:30:00Z,147abc6a,8bab4dff,a6177608,0.0
2025-02-02T19:33:00Z,147abc6a,8bab4dff,a6177608,0.0
2025-02-02T19:36:00Z,147abc6a,8bab4dff,a6177608,0.0
2025-02-02T19:39:00Z,147abc6a,8bab4dff,a6177608,0.0
2025-02-02T19:42:00Z,147abc6a,8bab4dff,a6177608,0.0
2025-02-02T19:45:00Z,147abc6a,8bab4dff,a6177608,0.0
2025-02-02T19:48:00Z,147abc6a,8bab4dff,a6177608,0.0
2025-02-02T19:51:00Z,147abc6a,8bab4dff,a6177608,0.0
2025-02-02T19:54:00Z,147abc6a,8bab4dff,a6177608,0.0
2025-02-02T19:57:00Z,147abc6a,8bab4dff,a6177608,0.0
2025-02-02T20:00:00Z,147abc6a,8bab4dff,a6177608,0.0
2025-02-02T20:03:00Z,147abc6a,8bab4dff,a6177608,0.0
2025-02-02T20:06:00Z,147abc6a,8bab4dff,a6177608,0.0
2025-02-02T20:09:00Z,147abc6a,8bab4dff,a6177608,0.0
2025-02-02T20:12:00Z,147abc6a,8bab4dff,a6177608,0.0
2025-02-02T20:15:00Z,147abc6a,8bab4dff,a6177608,0.0
2025-02-02T20:18:00Z,147abc6a,8bab4dff,a6177608,0.0
2025-02-02T20:21:00Z,147abc6a,8bab4dff,a6177608,0.0
2025-02-02T20:24:00Z,147abc6a,8bab4dff,a6177608,0.0
2025-02-02T20:27:00Z,147abc6a,8bab4dff,a6177608,0.01
2025-02-02T20:30:00Z,147abc6a,8bab4dff,a6177608,0.0
2025-02-02T20:33:00Z,147abc6a,8bab4dff,a6177608,0.0
2025-02-02T20:36:00Z,147abc6a,8bab4dff,a6177608,0.0
2025-02-02T20:39:00Z,147abc6a,8bab4dff,a6177608,0.0
2025-02-02T20:42:00Z,147abc6a,8bab4dff,a6177608,0.0
2025-02-02T20:45:00Z,147abc6a,8bab4dff,a6177608,0.0
2025-02-02T20:48:00Z,147abc6a,8bab4dff,a6177608,0.0
2025-02-02T20:51:00Z,147abc6a,8bab4dff,a6177608,0.0
2025-02-02T20:54:00Z,147abc6a,8bab4dff,a6177608,0.0
2025-02-02T20:57:00Z,147abc6a,8bab4dff,a6177608,0.0
2025-02-02T21:00:00Z,147abc6a,8bab4dff,a6177608,0.0
2025-02-02T21:03:00Z,147abc6a,8bab4dff,a6177608,0.0
2025-02-02T21:06:00Z,147abc6a,8bab4dff,a6177608,0.0
2025-02-02T21:09:00Z,147abc6a,8bab4dff,a6177608,0.0
2025-02-02T21:12:00Z,147abc6a,8bab4dff,a6177608,0.0
2025-02-02T21:15:00Z,147abc6a,8bab4dff,a6177608,0.0
2025-02-02T21:18:00Z,147abc6a,8bab4dff,a6177608,0.0
2025-02-02T21:21:00Z,147abc6a,8bab4dff,a6177608,0.0
2025-02-02T21:24:00Z,147abc6a,8bab4dff,a6177608,0.0
2025-02-02T21:27:00Z,147abc6a,8bab4dff,a6177608,0.0
2025-02-02T21:30:00Z,147abc6a,8bab4dff,a6177608,0.0
2025-02-02T21:33:00Z,147abc6a,8bab4dff,a6177608,0.0
2025-02-02T21:36:00Z,147abc6a,8bab4dff,a6177608,0.0
2025-02-02T21:39:00Z,147abc6a,8bab4dff,a6177608,0.0
2025-02-02T21:42:00Z,147abc6a,8bab4dff,a6177608,0.0
2025-02-02T21:45:00Z,147abc6a,8bab4dff,a6177608,0.0
2025-02-02T21:48:00Z,147abc6a,8bab4dff,a6177608,0.0
2025-02-02T21:51:00Z,147abc6a,8bab4dff,a6177608,0.0
2025-02-02T21:54:00Z,147abc6a,8bab4dff,a6177608,0.0
2025-02-02T21:57:00Z,147abc6a,8bab4dff,a6177608,0.0
2025-02-02T22:00:00Z,147abc6a,8bab4dff,a6177608,0.0
2025-02-02T22:03:00Z,147abc6a,8bab4dff,a6177608,0.0
2025-02-02T22:06:00Z,147abc6a,8bab4dff,a6177608,0.0
2025-02-02T22:09:00Z,147abc6a,8bab4dff,a6177608,0.0
2025-02-02T22:12:00Z,147abc6a,8bab4dff,a6177608,0.0
2025-02-02T22:15:00Z,147abc6a,8bab4dff,a6177608,0.0
2025-02-02T22:18:00Z,147abc6a,8bab4dff,a6177608,0.0
2025-02-02T22:21:00Z,147abc6a,8bab4dff,a6177608,0.0
2025-02-02T22:24:00Z,147abc6a,8bab4dff,a6177608,0.0
2025-02-02T22:27:00Z,147abc6a,8bab4dff,a6177608,0.0
2025-02-02T22:30:00Z,147abc6a,8bab4dff,a6177608,0.0
2025-02-02T22:33:00Z,147abc6a,8bab4dff,a6177608,0.0
2025-02-02T22:36:00Z,147abc6a,8bab4dff,a6177608,0.0
2025-02-02T22:39:00Z,147abc6a,8bab4dff,a6177608,0.0
2025-02-02T22:42:00Z,147abc6a,8bab4dff,a6177608,0.0
2025-02-02T22:45:00Z,147abc6a,8bab4dff,a6177608,0.0
2025-02-02T22:48:00Z,147abc6a,8bab4dff,a6177608,0.0
2025-02-02T22:51:00Z,147abc6a,8bab4dff,a6177608,0.01
2025-02-02T22:54:00Z,147abc6a,8bab4dff,a6177608,0.0
2025-02-02T22:57:00Z,147abc6a,8bab4dff,a6177608,0.0
2025-02-02T23:00:00Z,147abc6a,8bab4dff,a6177608,0.0
2025-02-02T23:03:00Z,147abc6a,8bab4dff,a6177608,0.0
2025-02-02T23:06:00Z,147abc6a,8bab4dff,a6177608,0.0
2025-02-02T23:09:00Z,147abc6a,8bab4dff,a6177608,0.0
2025-02-02T23:12:00Z,147abc6a,8bab4dff,a6177608,0.0
2025-02-02T23:15:00Z,147abc6a,8bab4dff,a6177608,0.0
2025-02-02T23:18:00Z,147abc6a,8bab4dff,a6177608,0.0
2025-02-02T23:21:00Z,147abc6a,8bab4dff,a6177608,0.0
2025-02-02T23:24:00Z,147abc6a,8bab4dff,a6177608,0.0
2025-02-02T23:27:00Z,147abc6a,8bab4dff,a6177608,0.0
2025-02-02T23:30:00Z,147abc6a,8bab4dff,a6177608,0.0
2025-02-02T23:33:00Z,147abc6a,8bab4dff,a6177608,0.0
2025-02-02T23:36:00Z,147abc6a,8bab4dff,a6177608,0.0
2025-02-02T23:39:00Z,147abc6a,8bab4dff,a6177608,0.0
2025-02-02T23:42:00Z,147abc6a,8bab4dff,a6177608,0.0
2025-02-02T23:45:00Z,147abc6a,8bab4dff,a6177608,0.0
2025-02-02T23:48:00Z,147abc6a,8bab4dff,a6177608,0.0
2025-02-02T23:51:00Z,147abc6a,8bab4dff,a6177608,0.0
2025-02-02T23:54:00Z,147abc6a,8bab4dff,a6177608,0.0
2025-02-02T23:57:00Z,147abc6a,8bab4dff,a6177608,0.0
2025-02-03T00:00:00Z,147abc6a,8bab4dff,a6177608,0.0
2025-02-03T00:03:00Z,147abc6a,8bab4dff,a6177608,0.0
2025-02-03T00:06:00Z,147abc6a,8bab4dff,a6177608,0.0
2025-02-03T00:09:00Z,147abc6a,8bab4dff,a6177608,0.0
2025-02-03T00:12:00Z,147abc6a,8bab4dff,a6177608,0.0
2025-02-03T00:15:00Z,147abc6a,8bab4dff,a6177608,0.0
2025-02-03T00:18:00Z,147abc6a,8bab4dff,a6177608,0.0
2025-02-03T00:21:00Z,147abc6a,8bab4dff,a6177608,0.0
2025-02-03T00:24:00Z,147abc6a,8bab4dff,a6177608,0.01
2025-02-03T00:27:00Z,147abc6a,8bab4dff,a6177608,0.01
2025-02-03T00:30:00Z,147abc6a,8bab4dff,a6177608,0.0
2025-02-03T00:33:00Z,147abc6a,8bab4dff,a6177608,0.0
2025-02-03T00:36:00Z,147abc6a,8bab4dff,a6177608,0.0
2025-02-03T00:39:00Z,147abc6a,8bab4dff,a6177608,0.0
2025-02-03T00:42:00Z,147abc6a,8bab4dff,a6177608,0.0
2025-02-03T00:45:00Z,147abc6a,8bab4dff,a6177608,0.0
2025-02-03T00:48:00Z,147abc6a,8bab4dff,a6177608,0.0
2025-02-03T00:51:00Z,147abc6a,8bab4dff,a6177608,0.0
2025-02-03T00:54:00Z,147abc6a,8bab4dff,a6177608,0.0
2025-02-03T00:57:00Z,147abc6a,8bab4dff,a6177608,0.0
2025-02-03T01:00:00Z,147abc6a,8bab4dff,a6177608,0.0
2025-02-03T01:03:00Z,147abc6a,8bab4dff,a6177608,0.0
2025-02-03T01:06:00Z,147abc6a,8bab4dff,a6177608,0.0
2025-02-03T01:09:00Z,147abc6a,8bab4dff,a6177608,0.0
2025-02-03T01:12:00Z,147abc6a,8bab4dff,a6177608,0.0
2025-02-03T01:15:00Z,147abc6a,8bab4dff,a6177608,0.0
2025-02-03T01:18:00Z,147abc6a,8bab4dff,a6177608,0.0
2025-02-03T01:21:00Z,147abc6a,8bab4dff,a6177608,0.0
2025-02-03T01:24:00Z,147abc6a,8bab4dff,a6177608,0.0
2025-02-03T01:27:00Z,147abc6a,8bab4dff,a6177608,0.0
2025-02-03T01:30:00Z,147abc6a,8bab4dff,a6177608,0.0
2025-02-03T01:33:00Z,147abc6a,8bab4dff,a6177608,0.0
2025-02-03T01:36:00Z,147abc6a,8bab4dff,a6177608,0.0
2025-02-03T01:39:00Z,147abc6a,8bab4dff,a6177608,0.0
2025-02-03T01:42:00Z,147abc6a,8bab4dff,a6177608,0.0
2025-02-03T01:45:00Z,147abc6a,8bab4dff,a6177608,0.0
2025-02-03T01:48:00Z,147abc6a,8bab4dff,a6177608,0.0
2025-02-03T01:51:00Z,147abc6a,8bab4dff,a6177608,0.0
2025-02-03T01:54:00Z,147abc6a,8bab4dff,a6177608,0.0
2025-02-03T01:57:00Z,147abc6a,8bab4dff,a6177608,0.0
2025-02-03T02:00:00Z,147abc6a,8bab4dff,a6177608,0.0
2025-02-03T02:03:00Z,147abc6a,8bab4dff,a6177608,0.0
2025-02-03T02:06:00Z,147abc6a,8bab4dff,a6177608,0.0
2025-02-03T02:09:00Z,147abc6a,8bab4dff,a6177608,0.0
2025-02-03T02:12:00Z,147abc6a,8bab4dff,a6177608,0.0
2025-02-03T02:15:00Z,147abc6a,8bab4dff,a6177608,0.0
2025-02-03T02:18:00Z,147abc6a,8bab4dff,a6177608,0.0
2025-02-03T02:21:00Z,147abc6a,8bab4dff,a6177608,0.0
2025-02-03T02:24:00Z,147abc6a,8bab4dff,a6177608,0.0
2025-02-03T02:27:00Z,147abc6a,8bab4dff,a6177608,0.0
2025-02-03T02:30:00Z,147abc6a,8bab4dff,a6177608,0.0
2025-02-03T02:33:00Z,147abc6a,8bab4dff,a6177608,0.0
2025-02-03T02:36:00Z,147abc6a,8bab4dff,a6177608,0.0
2025-02-03T02:39:00Z,147abc6a,8bab4dff,a6177608,0.0
2025-02-03T02:42:00Z,147abc6a,8bab4dff,a6177608,0.0
2025-02-03T02:45:00Z,147abc6a,8bab4dff,a6177608,0.0
2025-02-03T02:48:00Z,147abc6a,8bab4dff,a6177608,0.0
2025-02-03T02:51:00Z,147abc6a,8bab4dff,a6177608,0.0
2025-02-03T02:54:00Z,147abc6a,8bab4dff,a6177608,0.0
2025-02-03T02:57:00Z,147abc6a,8bab4dff,a6177608,0.0
2025-02-03T03:00:00Z,147abc6a,8bab4dff,a6177608,0.0
2025-02-03T03:03:00Z,147abc6a,8bab4dff,a6177608,0.0
2025-02-03T03:06:00Z,147abc6a,8bab4dff,a6177608,0.0
2025-02-03T03:09:00Z,147abc6a,8bab4dff,a6177608,0.0
2025-02-03T03:12:00Z,147abc6a,8bab4dff,a6177608,0.0
2025-02-03T03:15:00Z,147abc6a,8bab4dff,a6177608,0.0
2025-02-03T03:18:00Z,147abc6a,8bab4dff,a6177608,0.0
2025-02-03T03:21:00Z,147abc6a,8bab4dff,a6177608,0.0
2025-02-03T03:24:00Z,147abc6a,8bab4dff,a6177608,0.0
2025-02-03T03:27:00Z,147abc6a,8bab4dff,a6177608,0.0
2025-02-03T03:30:00Z,147abc6a,8bab4dff,a6177608,0.0
2025-02-03T03:33:00Z,147abc6a,8bab4dff,a6177608,0.0
2025-02-03T03:36:00Z,147abc6a,8bab4dff,a6177608,0.0
2025-02-03T03:39:00Z,147abc6a,8bab4dff,a6177608,0.0
2025-02-03T03:42:00Z,147abc6a,8bab4dff,a6177608,0.0
2025-02-03T03:45:00Z,147abc6a,8bab4dff,a6177608,0.0
2025-02-03T03:48:00Z,147abc6a,8bab4dff,a6177608,0.0
2025-02-03T03:51:00Z,147abc6a,8bab4dff,a6177608,0.0
2025-02-03T03:54:00Z,147abc6a,8bab4dff,a6177608,0.0
2025-02-03T03:57:00Z,147abc6a,8bab4dff,a6177608,0.0
2025-02-03T04:00:00Z,147abc6a,8bab4dff,a6177608,0.0
2025-02-03T04:03:00Z,147abc6a,8bab4dff,a6177608,0.0
2025-02-03T04:06:00Z,147abc6a,8bab4dff,a6177608,0.0
2025-02-03T04:09:00Z,147abc6a,8bab4dff,a6177608,0.0
2025-02-03T04:12:00Z,147abc6a,8bab4dff,a6177608,0.0
2025-02-03T04:15:00Z,147abc6a,8bab4dff,a6177608,0.0
2025-02-03T04:18:00Z,147abc6a,8bab4dff,a6177608,0.0
2025-02-03T04:21:00Z,147abc6a,8bab4dff,a6177608,0.0
2025-02-03T04:24:00Z,147abc6a,8bab4dff,a6177608,0.0
2025-02-03T04:27:00Z,147abc6a,8bab4dff,a6177608,0.0
2025-02-03T04:30:00Z,147abc6a,8bab4dff,a6177608,0.0
2025-02-03T04:33:00Z,147abc6a,8bab4dff,a6177608,0.0
2025-02-03T04:36:00Z,147abc6a,8bab4dff,a6177608,0.0
2025-02-03T04:39:00Z,147abc6a,8bab4dff,a6177608,0.0
2025-02-03T04:42:00Z,147abc6a,8bab4dff,a6177608,0.0
2025-02-03T04:45:00Z,147abc6a,8bab4dff,a6177608,0.0
2025-02-03T04:48:00Z,147abc6a,8bab4dff,a6177608,0.0
2025-02-03T04:51:00Z,147abc6a,8bab4dff,a6177608,0.0
2025-02-03T04:54:00Z,147abc6a,8bab4dff,a6177608,0.0
2025-02-03T04:57:00Z,147abc6a,8bab4dff,a6177608,0.0
2025-02-03T05:00:00Z,147abc6a,8bab4dff,a6177608,0.0
2025-02-03T05:03:00Z,147abc6a,8bab4dff,a6177608,0.0
2025-02-03T05:06:00Z,147abc6a,8bab4dff,a6177608,0.0
2025-02-03T05:09:00Z,147abc6a,8bab4dff,a6177608,0.0
2025-02-03T05:12:00Z,147abc6a,8bab4dff,a6177608,0.0
2025-02-03T05:15:00Z,147abc6a,8bab4dff,a6177608,0.0
2025-02-03T05:18:00Z,147abc6a,8bab4dff,a6177608,0.0
2025-02-03T05:21:00Z,147abc6a,8bab4dff,a6177608,0.0
2025-02-03T05:24:00Z,147abc6a,8bab4dff,a6177608,0.0
2025-02-03T05:27:00Z,147abc6a,8bab4dff,a6177608,0.0
2025-02-03T05:30:00Z,147abc6a,8bab4dff,a6177608,0.0
2025-02-03T05:33:00Z,147abc6a,8bab4dff,a6177608,0.0
2025-02-03T05:36:00Z,147abc6a,8bab4dff,a6177608,0.0
2025-02-03T05:39:00Z,147abc6a,8bab4dff,a6177608,0.0
2025-02-03T05:42:00Z,147abc6a,8bab4dff,a6177608,0.0
2025-02-03T05:45:00Z,147abc6a,8bab4dff,a6177608,0.0
2025-02-03T05:48:00Z,147abc6a,8bab4dff,a6177608,0.0
2025-02-03T05:51:00Z,147abc6a,8bab4dff,a6177608,0.0
2025-02-03T05:54:00Z,147abc6a,8bab4dff,a6177608,0.0
2025-02-03T05:57:00Z,147abc6a,8bab4dff,a6177608,0.0
2025-02-03T06:00:00Z,147abc6a,8bab4dff,a6177608,0.0
2025-02-03T06:03:00Z,147abc6a,8bab4dff,a6177608,0.0
2025-02-03T06:06:00Z,147abc6a,8bab4dff,a6177608,0.0
2025-02-03T06:09:00Z,147abc6a,8bab4dff,a6177608,0.0
2025-02-03T06:12:00Z,147abc6a,8bab4dff,a6177608,0.0
2025-02-03T06:15:00Z,147abc6a,8bab4dff,a6177608,0.0
2025-02-03T06:18:00Z,147abc6a,8bab4dff,a6177608,0.0
2025-02-03T06:21:00Z,147abc6a,8bab4dff,a6177608,0.0
2025-02-03T06:24:00Z,147abc6a,8bab4dff,a6177608,0.0
2025-02-03T06:27:00Z,147abc6a,8bab4dff,a6177608,0.0
2025-02-03T06:30:00Z,147abc6a,8bab4dff,a6177608,0.0
2025-02-03T06:33:00Z,147abc6a,8bab4dff,a6177608,0.0
2025-02-03T06:36:00Z,147abc6a,8bab4dff,a6177608,0.0
2025-02-03T06:39:00Z,147abc6a,8bab4dff,a6177608,0.0
2025-02-03T06:42:00Z,147abc6a,8bab4dff,a6177608,0.0
2025-02-03T06:45:00Z,147abc6a,8bab4dff,a6177608,0.0
2025-02-03T06:48:00Z,147abc6a,8bab4dff,a6177608,0.0
2025-02-03T06:51:00Z,147abc6a,8bab4dff,a6177608,0.0
2025-02-03T06:54:00Z,147abc6a,8bab4dff,a6177608,0.0
2025-02-03T06:57:00Z,147abc6a,8bab4dff,a6177608,0.0
2025-02-03T07:00:00Z,147abc6a,8bab4dff,a6177608,0.03
2025-02-03T07:03:00Z,147abc6a,8bab4dff,a6177608,0.0
2025-02-03T07:06:00Z,147abc6a,8bab4dff,a6177608,0.0
2025-02-03T07:09:00Z,147abc6a,8bab4dff,a6177608,0.0
2025-02-03T07:12:00Z,147abc6a,8bab4dff,a6177608,0.0
2025-02-03T07:15:00Z,147abc6a,8bab4dff,a6177608,0.0
2025-02-03T07:18:00Z,147abc6a,8bab4dff,a6177608,0.0
2025-02-03T07:21:00Z,147abc6a,8bab4dff,a6177608,0.0
2025-02-03T07:24:00Z,147abc6a,8bab4dff,a6177608,0.0
2025-02-03T07:27:00Z,147abc6a,8bab4dff,a6177608,0.0
2025-02-03T07:30:00Z,147abc6a,8bab4dff,a6177608,0.0
2025-02-03T07:33:00Z,147abc6a,8bab4dff,a6177608,0.0
2025-02-03T07:36:00Z,147abc6a,8bab4dff,a6177608,0.0
2025-02-03T07:39:00Z,147abc6a,8bab4dff,a6177608,0.0
2025-02-03T07:42:00Z,147abc6a,8bab4dff,a6177608,0.09
2025-02-03T07:45:00Z,147abc6a,8bab4dff,a6177608,0.0
2025-02-03T07:48:00Z,147abc6a,8bab4dff,a6177608,0.0
2025-02-03T07:51:00Z,147abc6a,8bab4dff,a6177608,0.0
2025-02-03T07:54:00Z,147abc6a,8bab4dff,a6177608,0.0
2025-02-03T07:57:00Z,147abc6a,8bab4dff,a6177608,0.0
2025-02-03T08:00:00Z,147abc6a,8bab4dff,a6177608,0.0
2025-02-03T08:03:00Z,147abc6a,8bab4dff,a6177608,0.0
2025-02-03T08:06:00Z,147abc6a,8bab4dff,a6177608,0.0
2025-02-03T08:09:00Z,147abc6a,8bab4dff,a6177608,0.0
2025-02-03T08:12:00Z,147abc6a,8bab4dff,a6177608,0.0
2025-02-03T08:15:00Z,147abc6a,8bab4dff,a6177608,0.0
2025-02-03T08:18:00Z,147abc6a,8bab4dff,a6177608,0.0
2025-02-03T08:21:00Z,147abc6a,8bab4dff,a6177608,0.0
2025-02-03T08:24:00Z,147abc6a,8bab4dff,a6177608,0.0
2025-02-03T08:27:00Z,147abc6a,8bab4dff,a6177608,0.0
2025-02-03T08:30:00Z,147abc6a,8bab4dff,a6177608,0.0
2025-02-03T08:33:00Z,147abc6a,8bab4dff,a6177608,0.0
2025-02-03T08:36:00Z,147abc6a,8bab4dff,a6177608,0.0
2025-02-03T08:39:00Z,147abc6a,8bab4dff,a6177608,0.0
2025-02-03T08:42:00Z,147abc6a,8bab4dff,a6177608,0.0
2025-02-03T08:45:00Z,147abc6a,8bab4dff,a6177608,0.0
2025-02-03T08:48:00Z,147abc6a,8bab4dff,a6177608,0.0
2025-02-03T08:51:00Z,147abc6a,8bab4dff,a6177608,0.0
2025-02-03T08:54:00Z,147abc6a,8bab4dff,a6177608,0.0
2025-02-03T08:57:00Z,147abc6a,8bab4dff,a6177608,0.0
2025-02-03T09:00:00Z,147abc6a,8bab4dff,a6177608,0.0
2025-02-03T09:03:00Z,147abc6a,8bab4dff,a6177608,0.0
2025-02-03T09:06:00Z,147abc6a,8bab4dff,a6177608,0.0
2025-02-03T09:09:00Z,147abc6a,8bab4dff,a6177608,0.0
2025-02-03T09:12:00Z,147abc6a,8bab4dff,a6177608,0.0
2025-02-03T09:15:00Z,147abc6a,8bab4dff,a6177608,0.0
2025-02-03T09:18:00Z,147abc6a,8bab4dff,a6177608,0.0
2025-02-03T09:21:00Z,147abc6a,8bab4dff,a6177608,0.0
2025-02-03T09:24:00Z,147abc6a,8bab4dff,a6177608,0.0
2025-02-03T09:27:00Z,147abc6a,8bab4dff,a6177608,0.0
2025-02-03T09:30:00Z,147abc6a,8bab4dff,a6177608,0.05
2025-02-03T09:33:00Z,147abc6a,8bab4dff,a6177608,0.06
2025-02-03T09:36:00Z,147abc6a,8bab4dff,a6177608,0.0
2025-02-03T09:39:00Z,147abc6a,8bab4dff,a6177608,0.0
2025-02-03T09:42:00Z,147abc6a,8bab4dff,a6177608,0.0
2025-02-03T09:45:00Z,147abc6a,8bab4dff,a6177608,0.0
2025-02-03T09:48:00Z,147abc6a,8bab4dff,a6177608,0.0
2025-02-03T09:51:00Z,147abc6a,8bab4dff,a6177608,0.0
2025-02-03T09:54:00Z,147abc6a,8bab4dff,a6177608,0.0
2025-02-03T09:57:00Z,147abc6a,8bab4dff,a6177608,0.0
2025-02-03T10:00:00Z,147abc6a,8bab4dff,a6177608,0.0
2025-02-03T10:03:00Z,147abc6a,8bab4dff,a6177608,0.0
2025-02-03T10:06:00Z,147abc6a,8bab4dff,a6177608,0.0
2025-02-03T10:09:00Z,147abc6a,8bab4dff,a6177608,0.0
2025-02-03T10:12:00Z,147abc6a,8bab4dff,a6177608,0.0
2025-02-03T10:15:00Z,147abc6a,8bab4dff,a6177608,0.0
2025-02-03T10:18:00Z,147abc6a,8bab4dff,a6177608,0.0
2025-02-03T10:21:00Z,147abc6a,8bab4dff,a6177608,0.0
2025-02-03T10:24:00Z,147abc6a,8bab4dff,a6177608,0.0
2025-02-03T10:27:00Z,147abc6a,8bab4dff,a6177608,0.0
2025-02-03T10:30:00Z,147abc6a,8bab4dff,a6177608,0.0
2025-02-03T10:33:00Z,147abc6a,8bab4dff,a6177608,0.0
2025-02-03T10:36:00Z,147abc6a,8bab4dff,a6177608,0.0
2025-02-03T10:39:00Z,147abc6a,8bab4dff,a6177608,0.0
2025-02-03T10:42:00Z,147abc6a,8bab4dff,a6177608,0.0
2025-02-03T10:45:00Z,147abc6a,8bab4dff,a6177608,0.0
2025-02-03T10:48:00Z,147abc6a,8bab4dff,a6177608,0.0
2025-02-03T10:51:00Z,147abc6a,8bab4dff,a6177608,0.0
2025-02-03T10:54:00Z,147abc6a,8bab4dff,a6177608,0.0
2025-02-03T10:57:00Z,147abc6a,8bab4dff,a6177608,0.0
2025-02-03T11:00:00Z,147abc6a,8bab4dff,a6177608,0.0
2025-02-03T11:03:00Z,147abc6a,8bab4dff,a6177608,0.0
2025-02-03T11:06:00Z,147abc6a,8bab4dff,a6177608,0.0
2025-02-03T11:09:00Z,147abc6a,8bab4dff,a6177608,0.0
2025-02-03T11:12:00Z,147abc6a,8bab4dff,a6177608,0.0
2025-02-03T11:15:00Z,147abc6a,8bab4dff,a6177608,0.0
2025-02-03T11:18:00Z,147abc6a,8bab4dff,a6177608,0.0
2025-02-03T11:21:00Z,147abc6a,8bab4dff,a6177608,0.0
2025-02-03T11:24:00Z,147abc6a,8bab4dff,a6177608,0.0
2025-02-03T11:27:00Z,147abc6a,8bab4dff,a6177608,0.0
2025-02-03T11:30:00Z,147abc6a,8bab4dff,a6177608,0.0
2025-02-03T11:33:00Z,147abc6a,8bab4dff,a6177608,0.0
2025-02-03T11:36:00Z,147abc6a,8bab4dff,a6177608,0.0
2025-02-03T11:39:00Z,147abc6a,8bab4dff,a6177608,0.0
2025-02-03T11:42:00Z,147abc6a,8bab4dff,a6177608,0.0
2025-02-03T11:45:00Z,147abc6a,8bab4dff,a6177608,0.0
2025-02-03T11:48:00Z,147abc6a,8bab4dff,a6177608,0.0
2025-02-03T11:51:00Z,147abc6a,8bab4dff,a6177608,0.0
2025-02-03T11:54:00Z,147abc6a,8bab4dff,a6177608,0.0
2025-02-03T11:57:00Z,147abc6a,8bab4dff,a6177608,0.0
2025-02-03T12:00:00Z,147abc6a,8bab4dff,a6177608,0.0
2025-02-03T12:03:00Z,147abc6a,8bab4dff,a6177608,0.0
2025-02-03T12:06:00Z,147abc6a,8bab4dff,a6177608,0.0
2025-02-03T12:09:00Z,147abc6a,8bab4dff,a6177608,0.0
2025-02-03T12:12:00Z,147abc6a,8bab4dff,a6177608,0.0
2025-02-03T12:15:00Z,147abc6a,8bab4dff,a6177608,0.0
2025-02-03T12:18:00Z,147abc6a,8bab4dff,a6177608,0.0
2025-02-03T12:21:00Z,147abc6a,8bab4dff,a6177608,0.0
2025-02-03T12:24:00Z,147abc6a,8bab4dff,a6177608,0.0
2025-02-03T12:27:00Z,147abc6a,8bab4dff,a6177608,0.0
2025-02-03T12:30:00Z,147abc6a,8bab4dff,a6177608,0.0
2025-02-03T12:33:00Z,147abc6a,8bab4dff,a6177608,0.0
2025-02-03T12:36:00Z,147abc6a,8bab4dff,a6177608,0.0
2025-02-03T12:39:00Z,147abc6a,8bab4dff,a6177608,0.0
2025-02-03T12:42:00Z,147abc6a,8bab4dff,a6177608,0.0
2025-02-03T12:45:00Z,147abc6a,8bab4dff,a6177608,0.0
2025-02-03T12:48:00Z,147abc6a,8bab4dff,a6177608,0.0
2025-02-03T12:51:00Z,147abc6a,8bab4dff,a6177608,0.0
2025-02-03T12:54:00Z,147abc6a,8bab4dff,a6177608,0.0
2025-02-03T12:57:00Z,147abc6a,8bab4dff,a6177608,0.0
2025-02-03T13:00:00Z,147abc6a,8bab4dff,a6177608,0.0
2025-02-03T13:03:00Z,147abc6a,8bab4dff,a6177608,0.0
2025-02-03T13:06:00Z,147abc6a,8bab4dff,a6177608,0.0
2025-02-03T13:09:00Z,147abc6a,8bab4dff,a6177608,0.0
2025-02-03T13:12:00Z,147abc6a,8bab4dff,a6177608,0.0
2025-02-03T13:15:00Z,147abc6a,8bab4dff,a6177608,0.0
2025-02-03T13:18:00Z,147abc6a,8bab4dff,a6177608,0.0
2025-02-03T13:21:00Z,147abc6a,8bab4dff,a6177608,0.0
2025-02-03T13:24:00Z,147abc6a,8bab4dff,a6177608,0.0
2025-02-03T13:27:00Z,147abc6a,8bab4dff,a6177608,0.0
2025-02-03T13:30:00Z,147abc6a,8bab4dff,a6177608,0.0
2025-02-03T13:33:00Z,147abc6a,8bab4dff,a6177608,0.0
2025-02-03T13:36:00Z,147abc6a,8bab4dff,a6177608,0.0
2025-02-03T13:39:00Z,147abc6a,8bab4dff,a6177608,0.0
2025-02-03T13:42:00Z,147abc6a,8bab4dff,a6177608,0.0
2025-02-03T13:45:00Z,147abc6a,8bab4dff,a6177608,0.0
2025-02-03T13:48:00Z,147abc6a,8bab4dff,a6177608,0.0
2025-02-03T13:51:00Z,147abc6a,8bab4dff,a6177608,0.0
2025-02-03T13:54:00Z,147abc6a,8bab4dff,a6177608,0.0
2025-02-03T13:57:00Z,147abc6a,8bab4dff,a6177608,0.0
2025-02-03T14:00:00Z,147abc6a,8bab4dff,a6177608,0.0
2025-02-03T14:03:00Z,147abc6a,8bab4dff,a6177608,0.0
2025-02-03T14:06:00Z,147abc6a,8bab4dff,a6177608,0.0
2025-02-03T14:09:00Z,147abc6a,8bab4dff,a6177608,0.0
2025-02-03T14:12:00Z,147abc6a,8bab4dff,a6177608,0.0
2025-02-03T14:15:00Z,147abc6a,8bab4dff,a6177608,0.0
2025-02-03T14:18:00Z,147abc6a,8bab4dff,a6177608,0.0
2025-02-03T14:21:00Z,147abc6a,8bab4dff,a6177608,0.0
2025-02-03T14:24:00Z,147abc6a,8bab4dff,a6177608,0.0
2025-02-03T14:27:00Z,147abc6a,8bab4dff,a6177608,0.0
2025-02-03T14:30:00Z,147abc6a,8bab4dff,a6177608,0.0
2025-02-03T14:33:00Z,147abc6a,8bab4dff,a6177608,0.0
2025-02-03T14:36:00Z,147abc6a,8bab4dff,a6177608,0.0
2025-02-03T14:39:00Z,147abc6a,8bab4dff,a6177608,0.0
2025-02-03T14:42:00Z,147abc6a,8bab4dff,a6177608,0.0
2025-02-03T14:45:00Z,147abc6a,8bab4dff,a6177608,0.0
2025-02-03T14:48:00Z,147abc6a,8bab4dff,a6177608,0.0
2025-02-03T14:51:00Z,147abc6a,8bab4dff,a6177608,0.0
2025-02-03T14:54:00Z,147abc6a,8bab4dff,a6177608,0.0
2025-02-03T14:57:00Z,147abc6a,8bab4dff,a6177608,0.0
2025-02-03T15:00:00Z,147abc6a,8bab4dff,a6177608,0.0
2025-02-03T15:03:00Z,147abc6a,8bab4dff,a6177608,0.0
2025-02-03T15:06:00Z,147abc6a,8bab4dff,a6177608,0.0
2025-02-03T15:09:00Z,147abc6a,8bab4dff,a6177608,0.0
2025-02-03T15:12:00Z,147abc6a,8bab4dff,a6177608,0.0
2025-02-03T15:15:00Z,147abc6a,8bab4dff,a6177608,0.0
2025-02-03T15:18:00Z,147abc6a,8bab4dff,a6177608,0.0
2025-02-03T15:21:00Z,147abc6a,8bab4dff,a6177608,0.0
2025-02-03T15:24:00Z,147abc6a,8bab4dff,a6177608,0.0
2025-02-03T15:27:00Z,147abc6a,8bab4dff,a6177608,0.0
2025-02-03T15:30:00Z,147abc6a,8bab4dff,a6177608,0.0
2025-02-03T15:33:00Z,147abc6a,8bab4dff,a6177608,0.0
2025-02-03T15:36:00Z,147abc6a,8bab4dff,a6177608,0.0
2025-02-03T15:39:00Z,147abc6a,8bab4dff,a6177608,0.0
2025-02-03T15:42:00Z,147abc6a,8bab4dff,a6177608,0.0
2025-02-03T15:45:00Z,147abc6a,8bab4dff,a6177608,0.0
2025-02-03T15:48:00Z,147abc6a,8bab4dff,a6177608,0.0
2025-02-03T15:51:00Z,147abc6a,8bab4dff,a6177608,0.0
2025-02-03T15:54:00Z,147abc6a,8bab4dff,a6177608,0.0
2025-02-03T15:57:00Z,147abc6a,8bab4dff,a6177608,0.0
2025-02-03T16:00:00Z,147abc6a,8bab4dff,a6177608,0.0
2025-02-03T16:03:00Z,147abc6a,8bab4dff,a6177608,0.0
2025-02-03T16:06:00Z,147abc6a,8bab4dff,a6177608,0.0
2025-02-03T16:09:00Z,147abc6a,8bab4dff,a6177608,0.0
2025-02-03T16:12:00Z,147abc6a,8bab4dff,a6177608,0.0
2025-02-03T16:15:00Z,147abc6a,8bab4dff,a6177608,0.0
2025-02-03T16:18:00Z,147abc6a,8bab4dff,a6177608,0.0
2025-02-03T16:21:00Z,147abc6a,8bab4dff,a6177608,0.0
2025-02-03T16:24:00Z,147abc6a,8bab4dff,a6177608,0.0
2025-02-03T16:27:00Z,147abc6a,8bab4dff,a6177608,0.0
2025-02-03T16:30:00Z,147abc6a,8bab4dff,a6177608,0.0
2025-02-03T16:33:00Z,147abc6a,8bab4dff,a6177608,0.0
2025-02-03T16:36:00Z,147abc6a,8bab4dff,a6177608,0.0
2025-02-03T16:39:00Z,147abc6a,8bab4dff,a6177608,0.0
2025-02-03T16:42:00Z,147abc6a,8bab4dff,a6177608,0.0
2025-02-03T16:45:00Z,147abc6a,8bab4dff,a6177608,0.0
2025-02-03T16:48:00Z,147abc6a,8bab4dff,a6177608,0.0
2025-02-03T16:51:00Z,147abc6a,8bab4dff,a6177608,0.0
2025-02-03T16:54:00Z,147abc6a,8bab4dff,a6177608,0.0
2025-02-03T16:57:00Z,147abc6a,8bab4dff,a6177608,0.0
2025-02-03T17:00:00Z,147abc6a,8bab4dff,a6177608,0.0
2025-02-03T17:03:00Z,147abc6a,8bab4dff,a6177608,0.0
2025-02-03T17:06:00Z,147abc6a,8bab4dff,a6177608,0.0
2025-02-03T17:09:00Z,147abc6a,8bab4dff,a6177608,0.0
2025-02-03T17:12:00Z,147abc6a,8bab4dff,a6177608,0.0
2025-02-03T17:15:00Z,147abc6a,8bab4dff,a6177608,0.0
2025-02-03T17:18:00Z,147abc6a,8bab4dff,a6177608,0.0
2025-02-03T17:21:00Z,147abc6a,8bab4dff,a6177608,0.0
2025-02-03T17:24:00Z,147abc6a,8bab4dff,a6177608,0.0
2025-02-03T17:27:00Z,147abc6a,8bab4dff,a6177608,0.0
2025-02-03T17:30:00Z,147abc6a,8bab4dff,a6177608,0.0
2025-02-03T17:33:00Z,147abc6a,8bab4dff,a6177608,0.0
2025-02-03T17:36:00Z,147abc6a,8bab4dff,a6177608,0.0
2025-02-03T17:39:00Z,147abc6a,8bab4dff,a6177608,0.0
2025-02-03T17:42:00Z,147abc6a,8bab4dff,a6177608,0.0
2025-02-03T17:45:00Z,147abc6a,8bab4dff,a6177608,0.0
2025-02-03T17:48:00Z,147abc6a,8bab4dff,a6177608,0.0
2025-02-03T17:51:00Z,147abc6a,8bab4dff,a6177608,0.0
2025-02-03T17:54:00Z,147abc6a,8bab4dff,a6177608,0.0
2025-02-03T17:57:00Z,147abc6a,8bab4dff,a6177608,0.0
2025-02-03T18:00:00Z,147abc6a,8bab4dff,a6177608,0.0
2025-02-03T18:03:00Z,147abc6a,8bab4dff,a6177608,0.0
2025-02-03T18:06:00Z,147abc6a,8bab4dff,a6177608,0.0
2025-02-03T18:09:00Z,147abc6a,8bab4dff,a6177608,0.0
2025-02-03T18:12:00Z,147abc6a,8bab4dff,a6177608,0.0
2025-02-03T18:15:00Z,147abc6a,8bab4dff,a6177608,0.0
2025-02-03T18:18:00Z,147abc6a,8bab4dff,a6177608,0.0
2025-02-03T18:21:00Z,147abc6a,8bab4dff,a6177608,0.0
2025-02-03T18:24:00Z,147abc6a,8bab4dff,a6177608,0.0
2025-02-03T18:27:00Z,147abc6a,8bab4dff,a6177608,0.0
2025-02-03T18:30:00Z,147abc6a,8bab4dff,a6177608,0.0
2025-02-03T18:33:00Z,147abc6a,8bab4dff,a6177608,0.0
2025-02-03T18:36:00Z,147abc6a,8bab4dff,a6177608,0.0
2025-02-03T18:39:00Z,147abc6a,8bab4dff,a6177608,0.0
2025-02-03T18:42:00Z,147abc6a,8bab4dff,a6177608,0.0
2025-02-03T18:45:00Z,147abc6a,8bab4dff,a6177608,0.0
2025-02-03T18:48:00Z,147abc6a,8bab4dff,a6177608,0.0
2025-02-03T18:51:00Z,147abc6a,8bab4dff,a6177608,0.0
2025-02-03T18:54:00Z,147abc6a,8bab4dff,a6177608,0.0
2025-02-03T18:57:00Z,147abc6a,8bab4dff,a6177608,0.0
2025-02-03T19:00:00Z,147abc6a,8bab4dff,a6177608,0.0
2025-02-03T19:03:00Z,147abc6a,8bab4dff,a6177608,0.0
2025-02-03T19:06:00Z,147abc6a,8bab4dff,a6177608,0.0
2025-02-03T19:09:00Z,147abc6a,8bab4dff,a6177608,0.0
2025-02-03T19:12:00Z,147abc6a,8bab4dff,a6177608,0.0
2025-02-03T19:15:00Z,147abc6a,8bab4dff,a6177608,0.0
2025-02-03T19:18:00Z,147abc6a,8bab4dff,a6177608,0.0
2025-02-03T19:21:00Z,147abc6a,8bab4dff,a6177608,0.0
2025-02-03T19:24:00Z,147abc6a,8bab4dff,a6177608,0.0
2025-02-03T19:27:00Z,147abc6a,8bab4dff,a6177608,0.0
2025-02-03T19:30:00Z,147abc6a,8bab4dff,a6177608,0.0
2025-02-03T19:33:00Z,147abc6a,8bab4dff,a6177608,0.0
2025-02-03T19:36:00Z,147abc6a,8bab4dff,a6177608,0.0
2025-02-03T19:39:00Z,147abc6a,8bab4dff,a6177608,0.0
2025-02-03T19:42:00Z,147abc6a,8bab4dff,a6177608,0.0
2025-02-03T19:45:00Z,147abc6a,8bab4dff,a6177608,0.0
2025-02-03T19:48:00Z,147abc6a,8bab4dff,a6177608,0.0
2025-02-03T19:51:00Z,147abc6a,8bab4dff,a6177608,0.0
2025-02-03T19:54:00Z,147abc6a,8bab4dff,a6177608,0.0
2025-02-03T19:57:00Z,147abc6a,8bab4dff,a6177608,0.0
2025-02-03T20:00:00Z,147abc6a,8bab4dff,a6177608,0.0
2025-02-03T20:03:00Z,147abc6a,8bab4dff,a6177608,0.0
2025-02-03T20:06:00Z,147abc6a,8bab4dff,a6177608,0.0
2025-02-03T20:09:00Z,147abc6a,8bab4dff,a6177608,0.0
2025-02-03T20:12:00Z,147abc6a,8bab4dff,a6177608,0.0
2025-02-03T20:15:00Z,147abc6a,8bab4dff,a6177608,0.0
2025-02-03T20:18:00Z,147abc6a,8bab4dff,a6177608,0.0
2025-02-03T20:21:00Z,147abc6a,8bab4dff,a6177608,0.0
2025-02-03T20:24:00Z,147abc6a,8bab4dff,a6177608,0.0
2025-02-03T20:27:00Z,147abc6a,8bab4dff,a6177608,0.0
2025-02-03T20:30:00Z,147abc6a,8bab4dff,a6177608,0.0
2025-02-03T20:33:00Z,147abc6a,8bab4dff,a6177608,0.0
2025-02-03T20:36:00Z,147abc6a,8bab4dff,a6177608,0.0
2025-02-03T20:39:00Z,147abc6a,8bab4dff,a6177608,0.0
2025-02-03T20:42:00Z,147abc6a,8bab4dff,a6177608,0.01
2025-02-03T20:45:00Z,147abc6a,8bab4dff,a6177608,0.0
2025-02-03T20:48:00Z,147abc6a,8bab4dff,a6177608,0.0
2025-02-03T20:51:00Z,147abc6a,8bab4dff,a6177608,0.0
2025-02-03T20:54:00Z,147abc6a,8bab4dff,a6177608,0.0
2025-02-03T20:57:00Z,147abc6a,8bab4dff,a6177608,0.0
2025-02-03T21:00:00Z,147abc6a,8bab4dff,a6177608,0.0
2025-02-03T21:03:00Z,147abc6a,8bab4dff,a6177608,0.0
2025-02-03T21:06:00Z,147abc6a,8bab4dff,a6177608,0.0
2025-02-03T21:09:00Z,147abc6a,8bab4dff,a6177608,0.0
2025-02-03T21:12:00Z,147abc6a,8bab4dff,a6177608,0.0
2025-02-03T21:15:00Z,147abc6a,8bab4dff,a6177608,0.0
2025-02-03T21:18:00Z,147abc6a,8bab4dff,a6177608,0.0
2025-02-03T21:21:00Z,147abc6a,8bab4dff,a6177608,0.0
2025-02-03T21:24:00Z,147abc6a,8bab4dff,a6177608,0.0
2025-02-03T21:27:00Z,147abc6a,8bab4dff,a6177608,0.0
2025-02-03T21:30:00Z,147abc6a,8bab4dff,a6177608,0.0
2025-02-03T21:33:00Z,147abc6a,8bab4dff,a6177608,0.0
2025-02-03T21:36:00Z,147abc6a,8bab4dff,a6177608,0.0
2025-02-03T21:39:00Z,147abc6a,8bab4dff,a6177608,0.0
2025-02-03T21:42:00Z,147abc6a,8bab4dff,a6177608,0.0
2025-02-03T21:45:00Z,147abc6a,8bab4dff,a6177608,0.0
2025-02-03T21:48:00Z,147abc6a,8bab4dff,a6177608,0.0
2025-02-03T21:51:00Z,147abc6a,8bab4dff,a6177608,0.0
2025-02-03T21:54:00Z,147abc6a,8bab4dff,a6177608,0.0
2025-02-03T21:57:00Z,147abc6a,8bab4dff,a6177608,0.0
2025-02-03T22:00:00Z,147abc6a,8bab4dff,a6177608,0.0
2025-02-03T22:03:00Z,147abc6a,8bab4dff,a6177608,0.0
2025-02-03T22:06:00Z,147abc6a,8bab4dff,a6177608,0.0
2025-02-03T22:09:00Z,147abc6a,8bab4dff,a6177608,0.0
2025-02-03T22:12:00Z,147abc6a,8bab4dff,a6177608,0.0
2025-02-03T22:15:00Z,147abc6a,8bab4dff,a6177608,0.0
2025-02-03T22:18:00Z,147abc6a,8bab4dff,a6177608,0.0
2025-02-03T22:21:00Z,147abc6a,8bab4dff,a6177608,0.0
2025-02-03T22:24:00Z,147abc6a,8bab4dff,a6177608,0.0
2025-02-03T22:27:00Z,147abc6a,8bab4dff,a6177608,0.0
2025-02-03T22:30:00Z,147abc6a,8bab4dff,a6177608,0.0
2025-02-03T22:33:00Z,147abc6a,8bab4dff,a6177608,0.0
2025-02-03T22:36:00Z,147abc6a,8bab4dff,a6177608,0.0
2025-02-03T22:39:00Z,147abc6a,8bab4dff,a6177608,0.0
2025-02-03T22:42:00Z,147abc6a,8bab4dff,a6177608,0.0
2025-02-03T22:45:00Z,147abc6a,8bab4dff,a6177608,0.01
2025-02-03T22:48:00Z,147abc6a,8bab4dff,a6177608,0.0
2025-02-03T22:51:00Z,147abc6a,8bab4dff,a6177608,0.0
2025-02-03T22:54:00Z,147abc6a,8bab4dff,a6177608,0.0
2025-02-03T22:57:00Z,147abc6a,8bab4dff,a6177608,0.0
2025-02-03T23:00:00Z,147abc6a,8bab4dff,a6177608,0.0
2025-02-03T23:03:00Z,147abc6a,8bab4dff,a6177608,0.0
2025-02-03T23:06:00Z,147abc6a,8bab4dff,a6177608,0.0
2025-02-03T23:09:00Z,147abc6a,8bab4dff,a6177608,0.0
2025-02-03T23:12:00Z,147abc6a,8bab4dff,a6177608,0.0
2025-02-03T23:15:00Z,147abc6a,8bab4dff,a6177608,0.0
2025-02-03T23:18:00Z,147abc6a,8bab4dff,a6177608,0.0
2025-02-03T23:21:00Z,147abc6a,8bab4dff,a6177608,0.0
2025-02-03T23:24:00Z,147abc6a,8bab4dff,a6177608,0.0
2025-02-03T23:27:00Z,147abc6a,8bab4dff,a6177608,0.0
2025-02-03T23:30:00Z,147abc6a,8bab4dff,a6177608,0.0
2025-02-03T23:33:00Z,147abc6a,8bab4dff,a6177608,0.0
2025-02-03T23:36:00Z,147abc6a,8bab4dff,a6177608,0.0
2025-02-03T23:39:00Z,147abc6a,8bab4dff,a6177608,0.0
2025-02-03T23:42:00Z,147abc6a,8bab4dff,a6177608,0.0
2025-02-03T23:45:00Z,147abc6a,8bab4dff,a6177608,0.0
2025-02-03T23:48:00Z,147abc6a,8bab4dff,a6177608,0.0
2025-02-03T23:51:00Z,147abc6a,8bab4dff,a6177608,0.0
2025-02-03T23:54:00Z,147abc6a,8bab4dff,a6177608,0.0
2025-02-03T23:57:00Z,147abc6a,8bab4dff,a6177608,0.0
2025-02-04T00:00:00Z,147abc6a,8bab4dff,a6177608,0.0
2025-02-04T00:03:00Z,147abc6a,8bab4dff,a6177608,0.0
2025-02-04T00:06:00Z,147abc6a,8bab4dff,a6177608,0.0
2025-02-04T00:09:00Z,147abc6a,8bab4dff,a6177608,0.0
2025-02-04T00:12:00Z,147abc6a,8bab4dff,a6177608,0.0
2025-02-04T00:15:00Z,147abc6a,8bab4dff,a6177608,0.0
2025-02-04T00:18:00Z,147abc6a,8bab4dff,a6177608,0.0
2025-02-04T00:21:00Z,147abc6a,8bab4dff,a6177608,0.0
2025-02-04T00:24:00Z,147abc6a,8bab4dff,a6177608,0.0
2025-02-04T00:27:00Z,147abc6a,8bab4dff,a6177608,0.0
2025-02-04T00:30:00Z,147abc6a,8bab4dff,a6177608,0.0
2025-02-04T00:33:00Z,147abc6a,8bab4dff,a6177608,0.0
2025-02-04T00:36:00Z,147abc6a,8bab4dff,a6177608,0.0
2025-02-04T00:39:00Z,147abc6a,8bab4dff,a6177608,0.0
2025-02-04T00:42:00Z,147abc6a,8bab4dff,a6177608,0.0
2025-02-04T00:45:00Z,147abc6a,8bab4dff,a6177608,0.0
2025-02-04T00:48:00Z,147abc6a,8bab4dff,a6177608,0.0
2025-02-04T00:51:00Z,147abc6a,8bab4dff,a6177608,0.0
2025-02-04T00:54:00Z,147abc6a,8bab4dff,a6177608,0.0
2025-02-04T00:57:00Z,147abc6a,8bab4dff,a6177608,0.0
2025-02-04T01:00:00Z,147abc6a,8bab4dff,a6177608,0.0
2025-02-04T01:03:00Z,147abc6a,8bab4dff,a6177608,0.0
2025-02-04T01:06:00Z,147abc6a,8bab4dff,a6177608,0.0
2025-02-04T01:09:00Z,147abc6a,8bab4dff,a6177608,0.0
2025-02-04T01:12:00Z,147abc6a,8bab4dff,a6177608,0.0
2025-02-04T01:15:00Z,147abc6a,8bab4dff,a6177608,0.0
2025-02-04T01:18:00Z,147abc6a,8bab4dff,a6177608,0.0
2025-02-04T01:21:00Z,147abc6a,8bab4dff,a6177608,0.0
2025-02-04T01:24:00Z,147abc6a,8bab4dff,a6177608,0.0
2025-02-04T01:27:00Z,147abc6a,8bab4dff,a6177608,0.0
2025-02-04T01:30:00Z,147abc6a,8bab4dff,a6177608,0.0
2025-02-04T01:33:00Z,147abc6a,8bab4dff,a6177608,0.0
2025-02-04T01:36:00Z,147abc6a,8bab4dff,a6177608,0.0
2025-02-04T01:39:00Z,147abc6a,8bab4dff,a6177608,0.0
2025-02-04T01:42:00Z,147abc6a,8bab4dff,a6177608,0.0
2025-02-04T01:45:00Z,147abc6a,8bab4dff,a6177608,0.0
2025-02-04T01:48:00Z,147abc6a,8bab4dff,a6177608,0.0
2025-02-04T01:51:00Z,147abc6a,8bab4dff,a6177608,0.0
2025-02-04T01:54:00Z,147abc6a,8bab4dff,a6177608,0.0
2025-02-04T01:57:00Z,147abc6a,8bab4dff,a6177608,0.0
2025-02-04T02:00:00Z,147abc6a,8bab4dff,a6177608,0.0
2025-02-04T02:03:00Z,147abc6a,8bab4dff,a6177608,0.0
2025-02-04T02:06:00Z,147abc6a,8bab4dff,a6177608,0.0
2025-02-04T02:09:00Z,147abc6a,8bab4dff,a6177608,0.0
2025-02-04T02:12:00Z,147abc6a,8bab4dff,a6177608,0.0
2025-02-04T02:15:00Z,147abc6a,8bab4dff,a6177608,0.0
2025-02-04T02:18:00Z,147abc6a,8bab4dff,a6177608,0.0
2025-02-04T02:21:00Z,147abc6a,8bab4dff,a6177608,0.0
2025-02-04T02:24:00Z,147abc6a,8bab4dff,a6177608,0.0
2025-02-04T02:27:00Z,147abc6a,8bab4dff,a6177608,0.0
2025-02-04T02:30:00Z,147abc6a,8bab4dff,a6177608,0.0
2025-02-04T02:33:00Z,147abc6a,8bab4dff,a6177608,0.0
2025-02-04T02:36:00Z,147abc6a,8bab4dff,a6177608,0.0
2025-02-04T02:39:00Z,147abc6a,8bab4dff,a6177608,0.0
2025-02-04T02:42:00Z,147abc6a,8bab4dff,a6177608,0.0
2025-02-04T02:45:00Z,147abc6a,8bab4dff,a6177608,0.0
2025-02-04T02:48:00Z,147abc6a,8bab4dff,a6177608,0.0
2025-02-04T02:51:00Z,147abc6a,8bab4dff,a6177608,0.0
2025-02-04T02:54:00Z,147abc6a,8bab4dff,a6177608,0.0
2025-02-04T02:57:00Z,147abc6a,8bab4dff,a6177608,0.0
2025-02-04T03:00:00Z,147abc6a,8bab4dff,a6177608,0.0
2025-02-04T03:03:00Z,147abc6a,8bab4dff,a6177608,0.0
2025-02-04T03:06:00Z,147abc6a,8bab4dff,a6177608,0.0
2025-02-04T03:09:00Z,147abc6a,8bab4dff,a6177608,0.0
2025-02-04T03:12:00Z,147abc6a,8bab4dff,a6177608,0.0
2025-02-04T03:15:00Z,147abc6a,8bab4dff,a6177608,0.0
2025-02-04T03:18:00Z,147abc6a,8bab4dff,a6177608,0.0
2025-02-04T03:21:00Z,147abc6a,8bab4dff,a6177608,0.0
2025-02-04T03:24:00Z,147abc6a,8bab4dff,a6177608,0.0
2025-02-04T03:27:00Z,147abc6a,8bab4dff,a6177608,0.0
2025-02-04T03:30:00Z,147abc6a,8bab4dff,a6177608,0.0
2025-02-04T03:33:00Z,147abc6a,8bab4dff,a6177608,0.0
2025-02-04T03:36:00Z,147abc6a,8bab4dff,a6177608,0.0
2025-02-04T03:39:00Z,147abc6a,8bab4dff,a6177608,0.0
2025-02-04T03:42:00Z,147abc6a,8bab4dff,a6177608,0.0
2025-02-04T03:45:00Z,147abc6a,8bab4dff,a6177608,0.0
2025-02-04T03:48:00Z,147abc6a,8bab4dff,a6177608,0.0
2025-02-04T03:51:00Z,147abc6a,8bab4dff,a6177608,0.0
2025-02-04T03:54:00Z,147abc6a,8bab4dff,a6177608,0.0
2025-02-04T03:57:00Z,147abc6a,8bab4dff,a6177608,0.0
2025-02-04T04:00:00Z,147abc6a,8bab4dff,a6177608,0.0
2025-02-04T04:03:00Z,147abc6a,8bab4dff,a6177608,0.0
2025-02-04T04:06:00Z,147abc6a,8bab4dff,a6177608,0.0
2025-02-04T04:09:00Z,147abc6a,8bab4dff,a6177608,0.0
2025-02-04T04:12:00Z,147abc6a,8bab4dff,a6177608,0.0
2025-02-04T04:15:00Z,147abc6a,8bab4dff,a6177608,0.0
2025-02-04T04:18:00Z,147abc6a,8bab4dff,a6177608,0.0
2025-02-04T04:21:00Z,147abc6a,8bab4dff,a6177608,0.0
2025-02-04T04:24:00Z,147abc6a,8bab4dff,a6177608,0.0
2025-02-04T04:27:00Z,147abc6a,8bab4dff,a6177608,0.0
2025-02-04T04:30:00Z,147abc6a,8bab4dff,a6177608,0.0
2025-02-04T04:33:00Z,147abc6a,8bab4dff,a6177608,0.0
2025-02-04T04:36:00Z,147abc6a,8bab4dff,a6177608,0.0
2025-02-04T04:39:00Z,147abc6a,8bab4dff,a6177608,0.0
2025-02-04T04:42:00Z,147abc6a,8bab4dff,a6177608,0.0
2025-02-04T04:45:00Z,147abc6a,8bab4dff,a6177608,0.0
2025-02-04T04:48:00Z,147abc6a,8bab4dff,a6177608,0.0
2025-02-04T04:51:00Z,147abc6a,8bab4dff,a6177608,0.0
2025-02-04T04:54:00Z,147abc6a,8bab4dff,a6177608,0.0
2025-02-04T04:57:00Z,147abc6a,8bab4dff,a6177608,0.0
2025-02-04T05:00:00Z,147abc6a,8bab4dff,a6177608,0.0
2025-02-04T05:03:00Z,147abc6a,8bab4dff,a6177608,0.0
2025-02-04T05:06:00Z,147abc6a,8bab4dff,a6177608,0.0
2025-02-04T05:09:00Z,147abc6a,8bab4dff,a6177608,0.0
2025-02-04T05:12:00Z,147abc6a,8bab4dff,a6177608,0.0
2025-02-04T05:15:00Z,147abc6a,8bab4dff,a6177608,0.0
2025-02-04T05:18:00Z,147abc6a,8bab4dff,a6177608,0.0
2025-02-04T05:21:00Z,147abc6a,8bab4dff,a6177608,0.0
2025-02-04T05:24:00Z,147abc6a,8bab4dff,a6177608,0.0
2025-02-04T05:27:00Z,147abc6a,8bab4dff,a6177608,0.0
2025-02-04T05:30:00Z,147abc6a,8bab4dff,a6177608,0.0
2025-02-04T05:33:00Z,147abc6a,8bab4dff,a6177608,0.0
2025-02-04T05:36:00Z,147abc6a,8bab4dff,a6177608,0.0
2025-02-04T05:39:00Z,147abc6a,8bab4dff,a6177608,0.0
2025-02-04T05:42:00Z,147abc6a,8bab4dff,a6177608,0.0
2025-02-04T05:45:00Z,147abc6a,8bab4dff,a6177608,0.0
2025-02-04T05:48:00Z,147abc6a,8bab4dff,a6177608,0.0
2025-02-04T05:51:00Z,147abc6a,8bab4dff,a6177608,0.0
2025-02-04T05:54:00Z,147abc6a,8bab4dff,a6177608,0.0
2025-02-04T05:57:00Z,147abc6a,8bab4dff,a6177608,0.0
2025-02-04T06:00:00Z,147abc6a,8bab4dff,a6177608,0.0
2025-02-04T06:03:00Z,147abc6a,8bab4dff,a6177608,0.0
2025-02-04T06:06:00Z,147abc6a,8bab4dff,a6177608,0.0
2025-02-04T06:09:00Z,147abc6a,8bab4dff,a6177608,0.0
2025-02-04T06:12:00Z,147abc6a,8bab4dff,a6177608,0.0
2025-02-04T06:15:00Z,147abc6a,8bab4dff,a6177608,0.0
2025-02-04T06:18:00Z,147abc6a,8bab4dff,a6177608,0.0
2025-02-04T06:21:00Z,147abc6a,8bab4dff,a6177608,0.0
2025-02-04T06:24:00Z,147abc6a,8bab4dff,a6177608,0.0
2025-02-04T06:27:00Z,147abc6a,8bab4dff,a6177608,0.0
2025-02-04T06:30:00Z,147abc6a,8bab4dff,a6177608,0.0
2025-02-04T06:33:00Z,147abc6a,8bab4dff,a6177608,0.02
2025-02-04T06:36:00Z,147abc6a,8bab4dff,a6177608,0.0
2025-02-04T06:39:00Z,147abc6a,8bab4dff,a6177608,0.0
2025-02-04T06:42:00Z,147abc6a,8bab4dff,a6177608,0.0
2025-02-04T06:45:00Z,147abc6a,8bab4dff,a6177608,0.0
2025-02-04T06:48:00Z,147abc6a,8bab4dff,a6177608,0.0
2025-02-04T06:51:00Z,147abc6a,8bab4dff,a6177608,0.0
2025-02-04T06:54:00Z,147abc6a,8bab4dff,a6177608,0.0
2025-02-04T06:57:00Z,147abc6a,8bab4dff,a6177608,0.0
2025-02-04T07:00:00Z,147abc6a,8bab4dff,a6177608,0.0
2025-02-04T07:03:00Z,147abc6a,8bab4dff,a6177608,0.0
2025-02-04T07:06:00Z,147abc6a,8bab4dff,a6177608,0.0
2025-02-04T07:09:00Z,147abc6a,8bab4dff,a6177608,0.0
2025-02-04T07:12:00Z,147abc6a,8bab4dff,a6177608,0.0
2025-02-04T07:15:00Z,147abc6a,8bab4dff,a6177608,0.0
2025-02-04T07:18:00Z,147abc6a,8bab4dff,a6177608,0.0
2025-02-04T07:21:00Z,147abc6a,8bab4dff,a6177608,0.0
2025-02-04T07:24:00Z,147abc6a,8bab4dff,a6177608,0.0
2025-02-04T07:27:00Z,147abc6a,8bab4dff,a6177608,0.0
2025-02-04T07:30:00Z,147abc6a,8bab4dff,a6177608,0.0
2025-02-04T07:33:00Z,147abc6a,8bab4dff,a6177608,0.0
2025-02-04T07:36:00Z,147abc6a,8bab4dff,a6177608,0.0
2025-02-04T07:39:00Z,147abc6a,8bab4dff,a6177608,0.0
2025-02-04T07:42:00Z,147abc6a,8bab4dff,a6177608,0.0
2025-02-04T07:45:00Z,147abc6a,8bab4dff,a6177608,0.0
2025-02-04T07:48:00Z,147abc6a,8bab4dff,a6177608,0.0
2025-02-04T07:51:00Z,147abc6a,8bab4dff,a6177608,0.0
2025-02-04T07:54:00Z,147abc6a,8bab4dff,a6177608,0.0
2025-02-04T07:57:00Z,147abc6a,8bab4dff,a6177608,0.0
2025-02-04T08:00:00Z,147abc6a,8bab4dff,a6177608,0.0
2025-02-04T08:03:00Z,147abc6a,8bab4dff,a6177608,0.0
2025-02-04T08:06:00Z,147abc6a,8bab4dff,a6177608,0.0
2025-02-04T08:09:00Z,147abc6a,8bab4dff,a6177608,0.0
2025-02-04T08:12:00Z,147abc6a,8bab4dff,a6177608,0.0
2025-02-04T08:15:00Z,147abc6a,8bab4dff,a6177608,0.0
2025-02-04T08:18:00Z,147abc6a,8bab4dff,a6177608,0.0
2025-02-04T08:21:00Z,147abc6a,8bab4dff,a6177608,0.0
2025-02-04T08:24:00Z,147abc6a,8bab4dff,a6177608,0.0
2025-02-04T08:27:00Z,147abc6a,8bab4dff,a6177608,0.0
2025-02-04T08:30:00Z,147abc6a,8bab4dff,a6177608,0.0
2025-02-04T08:33:00Z,147abc6a,8bab4dff,a6177608,0.0
2025-02-04T08:36:00Z,147abc6a,8bab4dff,a6177608,0.0
2025-02-04T08:39:00Z,147abc6a,8bab4dff,a6177608,0.0
2025-02-04T08:42:00Z,147abc6a,8bab4dff,a6177608,0.0
2025-02-04T08:45:00Z,147abc6a,8bab4dff,a6177608,0.0
2025-02-04T08:48:00Z,147abc6a,8bab4dff,a6177608,0.0
2025-02-04T08:51:00Z,147abc6a,8bab4dff,a6177608,0.0
2025-02-04T08:54:00Z,147abc6a,8bab4dff,a6177608,0.0
2025-02-04T08:57:00Z,147abc6a,8bab4dff,a6177608,0.0
2025-02-04T09:00:00Z,147abc6a,8bab4dff,a6177608,0.0
2025-02-04T09:03:00Z,147abc6a,8bab4dff,a6177608,0.0
2025-02-04T09:06:00Z,147abc6a,8bab4dff,a6177608,0.0
2025-02-04T09:09:00Z,147abc6a,8bab4dff,a6177608,0.0
2025-02-04T09:12:00Z,147abc6a,8bab4dff,a6177608,0.0
2025-02-04T09:15:00Z,147abc6a,8bab4dff,a6177608,0.0
2025-02-04T09:18:00Z,147abc6a,8bab4dff,a6177608,0.0
2025-02-04T09:21:00Z,147abc6a,8bab4dff,a6177608,0.0
2025-02-04T09:24:00Z,147abc6a,8bab4dff,a6177608,0.0
2025-02-04T09:27:00Z,147abc6a,8bab4dff,a6177608,0.0
2025-02-04T09:30:00Z,147abc6a,8bab4dff,a6177608,0.0
2025-02-04T09:33:00Z,147abc6a,8bab4dff,a6177608,0.0
2025-02-04T09:36:00Z,147abc6a,8bab4dff,a6177608,0.0
2025-02-04T09:39:00Z,147abc6a,8bab4dff,a6177608,0.0
2025-02-04T09:42:00Z,147abc6a,8bab4dff,a6177608,0.0
2025-02-04T09:45:00Z,147abc6a,8bab4dff,a6177608,0.0
2025-02-04T09:48:00Z,147abc6a,8bab4dff,a6177608,0.0
2025-02-04T09:51:00Z,147abc6a,8bab4dff,a6177608,0.0
2025-02-04T09:54:00Z,147abc6a,8bab4dff,a6177608,0.0
2025-02-04T09:57:00Z,147abc6a,8bab4dff,a6177608,0.0
2025-02-04T10:00:00Z,147abc6a,8bab4dff,a6177608,0.0
2025-02-04T10:03:00Z,147abc6a,8bab4dff,a6177608,0.0
2025-02-04T10:06:00Z,147abc6a,8bab4dff,a6177608,0.0
2025-02-04T10:09:00Z,147abc6a,8bab4dff,a6177608,0.0
2025-02-04T10:12:00Z,147abc6a,8bab4dff,a6177608,0.0
2025-02-04T10:15:00Z,147abc6a,8bab4dff,a6177608,0.0
2025-02-04T10:18:00Z,147abc6a,8bab4dff,a6177608,0.0
2025-02-04T10:21:00Z,147abc6a,8bab4dff,a6177608,0.0
2025-02-04T10:24:00Z,147abc6a,8bab4dff,a6177608,0.0
2025-02-04T10:27:00Z,147abc6a,8bab4dff,a6177608,0.0
2025-02-04T10:30:00Z,147abc6a,8bab4dff,a6177608,0.0
2025-02-04T10:33:00Z,147abc6a,8bab4dff,a6177608,0.0
2025-02-04T10:36:00Z,147abc6a,8bab4dff,a6177608,0.0
2025-02-04T10:39:00Z,147abc6a,8bab4dff,a6177608,0.0
2025-02-04T10:42:00Z,147abc6a,8bab4dff,a6177608,0.0
2025-02-04T10:45:00Z,147abc6a,8bab4dff,a6177608,0.0
2025-02-04T10:48:00Z,147abc6a,8bab4dff,a6177608,0.01
2025-02-04T10:51:00Z,147abc6a,8bab4dff,a6177608,0.0
2025-02-04T10:54:00Z,147abc6a,8bab4dff,a6177608,0.0
2025-02-04T10:57:00Z,147abc6a,8bab4dff,a6177608,0.0
2025-02-04T11:00:00Z,147abc6a,8bab4dff,a6177608,0.0
2025-02-04T11:03:00Z,147abc6a,8bab4dff,a6177608,0.0
2025-02-04T11:06:00Z,147abc6a,8bab4dff,a6177608,0.0
2025-02-04T11:09:00Z,147abc6a,8bab4dff,a6177608,0.0
2025-02-04T11:12:00Z,147abc6a,8bab4dff,a6177608,0.0
2025-02-04T11:15:00Z,147abc6a,8bab4dff,a6177608,0.0
2025-02-04T11:18:00Z,147abc6a,8bab4dff,a6177608,0.0
2025-02-04T11:21:00Z,147abc6a,8bab4dff,a6177608,0.0
2025-02-04T11:24:00Z,147abc6a,8bab4dff,a6177608,0.0
2025-02-04T11:27:00Z,147abc6a,8bab4dff,a6177608,0.0
2025-02-04T11:30:00Z,147abc6a,8bab4dff,a6177608,0.0
2025-02-04T11:33:00Z,147abc6a,8bab4dff,a6177608,0.0
2025-02-04T11:36:00Z,147abc6a,8bab4dff,a6177608,0.0
2025-02-04T11:39:00Z,147abc6a,8bab4dff,a6177608,0.0
2025-02-04T11:42:00Z,147abc6a,8bab4dff,a6177608,0.0
2025-02-04T11:45:00Z,147abc6a,8bab4dff,a6177608,0.0
2025-02-04T11:48:00Z,147abc6a,8bab4dff,a6177608,0.0
2025-02-04T11:51:00Z,147abc6a,8bab4dff,a6177608,0.0
2025-02-04T11:54:00Z,147abc6a,8bab4dff,a6177608,0.0
2025-02-04T11:57:00Z,147abc6a,8bab4dff,a6177608,0.0
2025-02-04T12:00:00Z,147abc6a,8bab4dff,a6177608,0.0
2025-02-04T12:03:00Z,147abc6a,8bab4dff,a6177608,0.0
2025-02-04T12:06:00Z,147abc6a,8bab4dff,a6177608,0.0
2025-02-04T12:09:00Z,147abc6a,8bab4dff,a6177608,0.0
2025-02-04T12:12:00Z,147abc6a,8bab4dff,a6177608,0.0
2025-02-04T12:15:00Z,147abc6a,8bab4dff,a6177608,0.0
2025-02-04T12:18:00Z,147abc6a,8bab4dff,a6177608,0.0
2025-02-04T12:21:00Z,147abc6a,8bab4dff,a6177608,0.0
2025-02-04T12:24:00Z,147abc6a,8bab4dff,a6177608,0.0
2025-02-04T12:27:00Z,147abc6a,8bab4dff,a6177608,0.0
2025-02-04T12:30:00Z,147abc6a,8bab4dff,a6177608,0.0
2025-02-04T12:33:00Z,147abc6a,8bab4dff,a6177608,0.0
2025-02-04T12:36:00Z,147abc6a,8bab4dff,a6177608,0.0
2025-02-04T12:39:00Z,147abc6a,8bab4dff,a6177608,0.0
2025-02-04T12:42:00Z,147abc6a,8bab4dff,a6177608,0.0
2025-02-04T12:45:00Z,147abc6a,8bab4dff,a6177608,0.0
2025-02-04T12:48:00Z,147abc6a,8bab4dff,a6177608,0.0
2025-02-04T12:51:00Z,147abc6a,8bab4dff,a6177608,0.08
2025-02-04T12:54:00Z,147abc6a,8bab4dff,a6177608,0.0
2025-02-04T12:57:00Z,147abc6a,8bab4dff,a6177608,0.0
2025-02-04T13:00:00Z,147abc6a,8bab4dff,a6177608,0.0
2025-02-04T13:03:00Z,147abc6a,8bab4dff,a6177608,0.0
2025-02-04T13:06:00Z,147abc6a,8bab4dff,a6177608,0.0
2025-02-04T13:09:00Z,147abc6a,8bab4dff,a6177608,0.0
2025-02-04T13:12:00Z,147abc6a,8bab4dff,a6177608,0.0
2025-02-04T13:15:00Z,147abc6a,8bab4dff,a6177608,0.0
2025-02-04T13:18:00Z,147abc6a,8bab4dff,a6177608,0.0
2025-02-04T13:21:00Z,147abc6a,8bab4dff,a6177608,0.0
2025-02-04T13:24:00Z,147abc6a,8bab4dff,a6177608,0.0
2025-02-04T13:27:00Z,147abc6a,8bab4dff,a6177608,0.0
2025-02-04T13:30:00Z,147abc6a,8bab4dff,a6177608,0.0
2025-02-04T13:33:00Z,147abc6a,8bab4dff,a6177608,0.0
2025-02-04T13:36:00Z,147abc6a,8bab4dff,a6177608,0.0
2025-02-04T13:39:00Z,147abc6a,8bab4dff,a6177608,0.0
2025-02-04T13:42:00Z,147abc6a,8bab4dff,a6177608,0.0
2025-02-04T13:45:00Z,147abc6a,8bab4dff,a6177608,0.0
2025-02-04T13:48:00Z,147abc6a,8bab4dff,a6177608,0.0
2025-02-04T13:51:00Z,147abc6a,8bab4dff,a6177608,0.0
2025-02-04T13:54:00Z,147abc6a,8bab4dff,a6177608,0.0
2025-02-04T13:57:00Z,147abc6a,8bab4dff,a6177608,0.0
2025-02-04T14:00:00Z,147abc6a,8bab4dff,a6177608,0.0
2025-02-04T14:03:00Z,147abc6a,8bab4dff,a6177608,0.0
2025-02-04T14:06:00Z,147abc6a,8bab4dff,a6177608,0.0
2025-02-04T14:09:00Z,147abc6a,8bab4dff,a6177608,0.0
2025-02-04T14:12:00Z,147abc6a,8bab4dff,a6177608,0.0
2025-02-04T14:15:00Z,147abc6a,8bab4dff,a6177608,0.0
2025-02-04T14:18:00Z,147abc6a,8bab4dff,a6177608,0.0
2025-02-04T14:21:00Z,147abc6a,8bab4dff,a6177608,0.0
2025-02-04T14:24:00Z,147abc6a,8bab4dff,a6177608,0.0
2025-02-04T14:27:00Z,147abc6a,8bab4dff,a6177608,0.0
2025-02-04T14:30:00Z,147abc6a,8bab4dff,a6177608,0.0
2025-02-04T14:33:00Z,147abc6a,8bab4dff,a6177608,0.0
2025-02-04T14:36:00Z,147abc6a,8bab4dff,a6177608,0.0
2025-02-04T14:39:00Z,147abc6a,8bab4dff,a6177608,0.0
2025-02-04T14:42:00Z,147abc6a,8bab4dff,a6177608,0.0
2025-02-04T14:45:00Z,147abc6a,8bab4dff,a6177608,0.0
2025-02-04T14:48:00Z,147abc6a,8bab4dff,a6177608,0.0
2025-02-04T14:51:00Z,147abc6a,8bab4dff,a6177608,0.0
2025-02-04T14:54:00Z,147abc6a,8bab4dff,a6177608,0.0
2025-02-04T14:57:00Z,147abc6a,8bab4dff,a6177608,0.0
2025-02-04T15:00:00Z,147abc6a,8bab4dff,a6177608,0.0
2025-02-04T15:03:00Z,147abc6a,8bab4dff,a6177608,0.0
2025-02-04T15:06:00Z,147abc6a,8bab4dff,a6177608,0.0
2025-02-04T15:09:00Z,147abc6a,8bab4dff,a6177608,0.0
2025-02-04T15:12:00Z,147abc6a,8bab4dff,a6177608,0.0
2025-02-04T15:15:00Z,147abc6a,8bab4dff,a6177608,0.0
2025-02-04T15:18:00Z,147abc6a,8bab4dff,a6177608,0.0
2025-02-04T15:21:00Z,147abc6a,8bab4dff,a6177608,0.0
2025-02-04T15:24:00Z,147abc6a,8bab4dff,a6177608,0.0
2025-02-04T15:27:00Z,147abc6a,8bab4dff,a6177608,0.0
2025-02-04T15:30:00Z,147abc6a,8bab4dff,a6177608,0.0
2025-02-04T15:33:00Z,147abc6a,8bab4dff,a6177608,0.0
2025-02-04T15:36:00Z,147abc6a,8bab4dff,a6177608,0.0
2025-02-04T15:39:00Z,147abc6a,8bab4dff,a6177608,0.0
2025-02-04T15:42:00Z,147abc6a,8bab4dff,a6177608,0.0
2025-02-04T15:45:00Z,147abc6a,8bab4dff,a6177608,0.0
2025-02-04T15:48:00Z,147abc6a,8bab4dff,a6177608,0.0
2025-02-04T15:51:00Z,147abc6a,8bab4dff,a6177608,0.0
2025-02-04T15:54:00Z,147abc6a,8bab4dff,a6177608,0.0
2025-02-04T15:57:00Z,147abc6a,8bab4dff,a6177608,0.0
2025-02-04T16:00:00Z,147abc6a,8bab4dff,a6177608,0.0
2025-02-04T16:03:00Z,147abc6a,8bab4dff,a6177608,0.0
2025-02-04T16:06:00Z,147abc6a,8bab4dff,a6177608,0.0
2025-02-04T16:09:00Z,147abc6a,8bab4dff,a6177608,0.0
2025-02-04T16:12:00Z,147abc6a,8bab4dff,a6177608,0.0
2025-02-04T16:15:00Z,147abc6a,8bab4dff,a6177608,0.0
2025-02-04T16:18:00Z,147abc6a,8bab4dff,a6177608,0.0
2025-02-04T16:21:00Z,147abc6a,8bab4dff,a6177608,0.0
2025-02-04T16:24:00Z,147abc6a,8bab4dff,a6177608,0.0
2025-02-04T16:27:00Z,147abc6a,8bab4dff,a6177608,0.0
2025-02-04T16:30:00Z,147abc6a,8bab4dff,a6177608,0.0
2025-02-04T16:33:00Z,147abc6a,8bab4dff,a6177608,0.0
2025-02-04T16:36:00Z,147abc6a,8bab4dff,a6177608,0.0
2025-02-04T16:39:00Z,147abc6a,8bab4dff,a6177608,0.0
2025-02-04T16:42:00Z,147abc6a,8bab4dff,a6177608,0.0
2025-02-04T16:45:00Z,147abc6a,8bab4dff,a6177608,0.0
2025-02-04T16:48:00Z,147abc6a,8bab4dff,a6177608,0.0
2025-02-04T16:51:00Z,147abc6a,8bab4dff,a6177608,0.0
2025-02-04T16:54:00Z,147abc6a,8bab4dff,a6177608,0.0
2025-02-04T16:57:00Z,147abc6a,8bab4dff,a6177608,0.0
2025-02-04T17:00:00Z,147abc6a,8bab4dff,a6177608,0.0
2025-02-04T17:03:00Z,147abc6a,8bab4dff,a6177608,0.0
2025-02-04T17:06:00Z,147abc6a,8bab4dff,a6177608,0.0
2025-02-04T17:09:00Z,147abc6a,8bab4dff,a6177608,0.0
2025-02-04T17:12:00Z,147abc6a,8bab4dff,a6177608,0.0
2025-02-04T17:15:00Z,147abc6a,8bab4dff,a6177608,0.0
2025-02-04T17:18:00Z,147abc6a,8bab4dff,a6177608,0.0
2025-02-04T17:21:00Z,147abc6a,8bab4dff,a6177608,0.0
2025-02-04T17:24:00Z,147abc6a,8bab4dff,a6177608,0.0
2025-02-04T17:27:00Z,147abc6a,8bab4dff,a6177608,0.0
2025-02-04T17:30:00Z,147abc6a,8bab4dff,a6177608,0.0
2025-02-04T17:33:00Z,147abc6a,8bab4dff,a6177608,0.0
2025-02-04T17:36:00Z,147abc6a,8bab4dff,a6177608,0.0
2025-02-04T17:39:00Z,147abc6a,8bab4dff,a6177608,0.0
2025-02-04T17:42:00Z,147abc6a,8bab4dff,a6177608,0.0
2025-02-04T17:45:00Z,147abc6a,8bab4dff,a6177608,0.0
2025-02-04T17:48:00Z,147abc6a,8bab4dff,a6177608,0.0
2025-02-04T17:51:00Z,147abc6a,8bab4dff,a6177608,0.0
2025-02-04T17:54:00Z,147abc6a,8bab4dff,a6177608,0.0
2025-02-04T17:57:00Z,147abc6a,8bab4dff,a6177608,0.0
2025-02-04T18:00:00Z,147abc6a,8bab4dff,a6177608,0.0
2025-02-04T18:03:00Z,147abc6a,8bab4dff,a6177608,0.0
2025-02-04T18:06:00Z,147abc6a,8bab4dff,a6177608,0.0
2025-02-04T18:09:00Z,147abc6a,8bab4dff,a6177608,0.0
2025-02-04T18:12:00Z,147abc6a,8bab4dff,a6177608,0.0
2025-02-04T18:15:00Z,147abc6a,8bab4dff,a6177608,0.0
2025-02-04T18:18:00Z,147abc6a,8bab4dff,a6177608,0.0
2025-02-04T18:21:00Z,147abc6a,8bab4dff,a6177608,0.0
2025-02-04T18:24:00Z,147abc6a,8bab4dff,a6177608,0.0
2025-02-04T18:27:00Z,147abc6a,8bab4dff,a6177608,0.0
2025-02-04T18:30:00Z,147abc6a,8bab4dff,a6177608,0.0
2025-02-04T18:33:00Z,147abc6a,8bab4dff,a6177608,0.0
2025-02-04T18:36:00Z,147abc6a,8bab4dff,a6177608,0.0
2025-02-04T18:39:00Z,147abc6a,8bab4dff,a6177608,0.0
2025-02-04T18:42:00Z,147abc6a,8bab4dff,a6177608,0.0
2025-02-04T18:45:00Z,147abc6a,8bab4dff,a6177608,0.0
2025-02-04T18:48:00Z,147abc6a,8bab4dff,a6177608,0.0
2025-02-04T18:51:00Z,147abc6a,8bab4dff,a6177608,0.0
2025-02-04T18:54:00Z,147abc6a,8bab4dff,a6177608,0.0
2025-02-04T18:57:00Z,147abc6a,8bab4dff,a6177608,0.0
2025-02-04T19:00:00Z,147abc6a,8bab4dff,a6177608,0.0
2025-02-04T19:03:00Z,147abc6a,8bab4dff,a6177608,0.0
2025-02-04T19:06:00Z,147abc6a,8bab4dff,a6177608,0.0
2025-02-04T19:09:00Z,147abc6a,8bab4dff,a6177608,0.0
2025-02-04T19:12:00Z,147abc6a,8bab4dff,a6177608,0.0
2025-02-04T19:15:00Z,147abc6a,8bab4dff,a6177608,0.0
2025-02-04T19:18:00Z,147abc6a,8bab4dff,a6177608,0.0
2025-02-04T19:21:00Z,147abc6a,8bab4dff,a6177608,0.0
2025-02-04T19:24:00Z,147abc6a,8bab4dff,a6177608,0.0
2025-02-04T19:27:00Z,147abc6a,8bab4dff,a6177608,0.0
2025-02-04T19:30:00Z,147abc6a,8bab4dff,a6177608,0.0
2025-02-04T19:33:00Z,147abc6a,8bab4dff,a6177608,0.0
2025-02-04T19:36:00Z,147abc6a,8bab4dff,a6177608,0.0
2025-02-04T19:39:00Z,147abc6a,8bab4dff,a6177608,0.0
2025-02-04T19:42:00Z,147abc6a,8bab4dff,a6177608,0.0
2025-02-04T19:45:00Z,147abc6a,8bab4dff,a6177608,0.0
2025-02-04T19:48:00Z,147abc6a,8bab4dff,a6177608,0.0
2025-02-04T19:51:00Z,147abc6a,8bab4dff,a6177608,0.0
2025-02-04T19:54:00Z,147abc6a,8bab4dff,a6177608,0.0
2025-02-04T19:57:00Z,147abc6a,8bab4dff,a6177608,0.0
2025-02-04T20:00:00Z,147abc6a,8bab4dff,a6177608,0.0
2025-02-04T20:03:00Z,147abc6a,8bab4dff,a6177608,0.0
2025-02-04T20:06:00Z,147abc6a,8bab4dff,a6177608,0.0
2025-02-04T20:09:00Z,147abc6a,8bab4dff,a6177608,0.0
2025-02-04T20:12:00Z,147abc6a,8bab4dff,a6177608,0.0
2025-02-04T20:15:00Z,147abc6a,8bab4dff,a6177608,0.0
2025-02-04T20:18:00Z,147abc6a,8bab4dff,a6177608,0.0
2025-02-04T20:21:00Z,147abc6a,8bab4dff,a6177608,0.0
2025-02-04T20:24:00Z,147abc6a,8bab4dff,a6177608,0.0
2025-02-04T20:27:00Z,147abc6a,8bab4dff,a6177608,0.0
2025-02-04T20:30:00Z,147abc6a,8bab4dff,a6177608,0.0
2025-02-04T20:33:00Z,147abc6a,8bab4dff,a6177608,0.0
2025-02-04T20:36:00Z,147abc6a,8bab4dff,a6177608,0.0
2025-02-04T20:39:00Z,147abc6a,8bab4dff,a6177608,0.0
2025-02-04T20:42:00Z,147abc6a,8bab4dff,a6177608,0.0
2025-02-04T20:45:00Z,147abc6a,8bab4dff,a6177608,0.0
2025-02-04T20:48:00Z,147abc6a,8bab4dff,a6177608,0.0
2025-02-04T20:51:00Z,147abc6a,8bab4dff,a6177608,0.0
2025-02-04T20:54:00Z,147abc6a,8bab4dff,a6177608,0.0
2025-02-04T20:57:00Z,147abc6a,8bab4dff,a6177608,0.0
2025-02-04T21:00:00Z,147abc6a,8bab4dff,a6177608,0.0
2025-02-04T21:03:00Z,147abc6a,8bab4dff,a6177608,0.0
2025-02-04T21:06:00Z,147abc6a,8bab4dff,a6177608,0.01
2025-02-04T21:09:00Z,147abc6a,8bab4dff,a6177608,0.0
2025-02-04T21:12:00Z,147abc6a,8bab4dff,a6177608,0.0
2025-02-04T21:15:00Z,147abc6a,8bab4dff,a6177608,0.0
2025-02-04T21:18:00Z,147abc6a,8bab4dff,a6177608,0.0
2025-02-04T21:21:00Z,147abc6a,8bab4dff,a6177608,0.0
2025-02-04T21:24:00Z,147abc6a,8bab4dff,a6177608,0.0
2025-02-04T21:27:00Z,147abc6a,8bab4dff,a6177608,0.0
2025-02-04T21:30:00Z,147abc6a,8bab4dff,a6177608,0.0
2025-02-04T21:33:00Z,147abc6a,8bab4dff,a6177608,0.0
2025-02-04T21:36:00Z,147abc6a,8bab4dff,a6177608,0.0
2025-02-04T21:39:00Z,147abc6a,8bab4dff,a6177608,0.0
2025-02-04T21:42:00Z,147abc6a,8bab4dff,a6177608,0.0
2025-02-04T21:45:00Z,147abc6a,8bab4dff,a6177608,0.0
2025-02-04T21:48:00Z,147abc6a,8bab4dff,a6177608,0.0
2025-02-04T21:51:00Z,147abc6a,8bab4dff,a6177608,0.0
2025-02-04T21:54:00Z,147abc6a,8bab4dff,a6177608,0.0
2025-02-04T21:57:00Z,147abc6a,8bab4dff,a6177608,0.0
2025-02-04T22:00:00Z,147abc6a,8bab4dff,a6177608,0.0
2025-02-04T22:03:00Z,147abc6a,8bab4dff,a6177608,0.0
2025-02-04T22:06:00Z,147abc6a,8bab4dff,a6177608,0.0
2025-02-04T22:09:00Z,147abc6a,8bab4dff,a6177608,0.0
2025-02-04T22:12:00Z,147abc6a,8bab4dff,a6177608,0.0
2025-02-04T22:15:00Z,147abc6a,8bab4dff,a6177608,0.0
2025-02-04T22:18:00Z,147abc6a,8bab4dff,a6177608,0.0
2025-02-04T22:21:00Z,147abc6a,8bab4dff,a6177608,0.0
2025-02-04T22:24:00Z,147abc6a,8bab4dff,a6177608,0.0
2025-02-04T22:27:00Z,147abc6a,8bab4dff,a6177608,0.0
2025-02-04T22:30:00Z,147abc6a,8bab4dff,a6177608,0.0
2025-02-04T22:33:00Z,147abc6a,8bab4dff,a6177608,0.0
2025-02-04T22:36:00Z,147abc6a,8bab4dff,a6177608,0.0
2025-02-04T22:39:00Z,147abc6a,8bab4dff,a6177608,0.0
2025-02-04T22:42:00Z,147abc6a,8bab4dff,a6177608,0.0
2025-02-04T22:45:00Z,147abc6a,8bab4dff,a6177608,0.0
2025-02-04T22:48:00Z,147abc6a,8bab4dff,a6177608,0.0
2025-02-04T22:51:00Z,147abc6a,8bab4dff,a6177608,0.02
2025-02-04T22:54:00Z,147abc6a,8bab4dff,a6177608,0.0
2025-02-04T22:57:00Z,147abc6a,8bab4dff,a6177608,0.0
2025-02-04T23:00:00Z,147abc6a,8bab4dff,a6177608,0.0
2025-02-04T23:03:00Z,147abc6a,8bab4dff,a6177608,0.0
2025-02-04T23:06:00Z,147abc6a,8bab4dff,a6177608,0.0
2025-02-04T23:09:00Z,147abc6a,8bab4dff,a6177608,0.0
2025-02-04T23:12:00Z,147abc6a,8bab4dff,a6177608,0.0
2025-02-04T23:15:00Z,147abc6a,8bab4dff,a6177608,0.0
2025-02-04T23:18:00Z,147abc6a,8bab4dff,a6177608,0.0
2025-02-04T23:21:00Z,147abc6a,8bab4dff,a6177608,0.0
2025-02-04T23:24:00Z,147abc6a,8bab4dff,a6177608,0.0
2025-02-04T23:27:00Z,147abc6a,8bab4dff,a6177608,0.0
2025-02-04T23:30:00Z,147abc6a,8bab4dff,a6177608,0.0
2025-02-04T23:33:00Z,147abc6a,8bab4dff,a6177608,0.0
2025-02-04T23:36:00Z,147abc6a,8bab4dff,a6177608,0.0
2025-02-04T23:39:00Z,147abc6a,8bab4dff,a6177608,0.0
2025-02-04T23:42:00Z,147abc6a,8bab4dff,a6177608,0.0
2025-02-04T23:45:00Z,147abc6a,8bab4dff,a6177608,0.0
2025-02-04T23:48:00Z,147abc6a,8bab4dff,a6177608,0.0
2025-02-04T23:51:00Z,147abc6a,8bab4dff,a6177608,0.0
2025-02-04T23:54:00Z,147abc6a,8bab4dff,a6177608,0.0
2025-02-04T23:57:00Z,147abc6a,8bab4dff,a6177608,0.0
2025-02-05T00:00:00Z,147abc6a,8bab4dff,a6177608,0.0
2025-02-05T00:03:00Z,147abc6a,8bab4dff,a6177608,0.0
2025-02-05T00:06:00Z,147abc6a,8bab4dff,a6177608,0.0
2025-02-05T00:09:00Z,147abc6a,8bab4dff,a6177608,0.0
2025-02-05T00:12:00Z,147abc6a,8bab4dff,a6177608,0.0
2025-02-05T00:15:00Z,147abc6a,8bab4dff,a6177608,0.0
2025-02-05T00:18:00Z,147abc6a,8bab4dff,a6177608,0.07
2025-02-05T00:21:00Z,147abc6a,8bab4dff,a6177608,0.0
2025-02-05T00:24:00Z,147abc6a,8bab4dff,a6177608,0.0
2025-02-05T00:27:00Z,147abc6a,8bab4dff,a6177608,0.0
2025-02-05T00:30:00Z,147abc6a,8bab4dff,a6177608,0.0
2025-02-05T00:33:00Z,147abc6a,8bab4dff,a6177608,0.0
2025-02-05T00:36:00Z,147abc6a,8bab4dff,a6177608,0.0
2025-02-05T00:39:00Z,147abc6a,8bab4dff,a6177608,0.0
2025-02-05T00:42:00Z,147abc6a,8bab4dff,a6177608,0.0
2025-02-05T00:45:00Z,147abc6a,8bab4dff,a6177608,0.0
2025-02-05T00:48:00Z,147abc6a,8bab4dff,a6177608,0.0
2025-02-05T00:51:00Z,147abc6a,8bab4dff,a6177608,0.0
2025-02-05T00:54:00Z,147abc6a,8bab4dff,a6177608,0.0
2025-02-05T00:57:00Z,147abc6a,8bab4dff,a6177608,0.0
2025-02-05T01:00:00Z,147abc6a,8bab4dff,a6177608,0.0
2025-02-05T01:03:00Z,147abc6a,8bab4dff,a6177608,0.0
2025-02-05T01:06:00Z,147abc6a,8bab4dff,a6177608,0.0
2025-02-05T01:09:00Z,147abc6a,8bab4dff,a6177608,0.0
2025-02-05T01:12:00Z,147abc6a,8bab4dff,a6177608,0.0
2025-02-05T01:15:00Z,147abc6a,8bab4dff,a6177608,0.0
2025-02-05T01:18:00Z,147abc6a,8bab4dff,a6177608,0.0
2025-02-05T01:21:00Z,147abc6a,8bab4dff,a6177608,0.0
2025-02-05T01:24:00Z,147abc6a,8bab4dff,a6177608,0.0
2025-02-05T01:27:00Z,147abc6a,8bab4dff,a6177608,0.0
2025-02-05T01:30:00Z,147abc6a,8bab4dff,a6177608,0.0
2025-02-05T01:33:00Z,147abc6a,8bab4dff,a6177608,0.0
2025-02-05T01:36:00Z,147abc6a,8bab4dff,a6177608,0.0
2025-02-05T01:39:00Z,147abc6a,8bab4dff,a6177608,0.0
2025-02-05T01:42:00Z,147abc6a,8bab4dff,a6177608,0.0
2025-02-05T01:45:00Z,147abc6a,8bab4dff,a6177608,0.0
2025-02-05T01:48:00Z,147abc6a,8bab4dff,a6177608,0.0
2025-02-05T01:51:00Z,147abc6a,8bab4dff,a6177608,0.0
2025-02-05T01:54:00Z,147abc6a,8bab4dff,a6177608,0.0
2025-02-05T01:57:00Z,147abc6a,8bab4dff,a6177608,0.0
2025-02-05T02:00:00Z,147abc6a,8bab4dff,a6177608,0.0
2025-02-05T02:03:00Z,147abc6a,8bab4dff,a6177608,0.0
2025-02-05T02:06:00Z,147abc6a,8bab4dff,a6177608,0.0
2025-02-05T02:09:00Z,147abc6a,8bab4dff,a6177608,0.0
2025-02-05T02:12:00Z,147abc6a,8bab4dff,a6177608,0.0
2025-02-05T02:15:00Z,147abc6a,8bab4dff,a6177608,0.0
2025-02-05T02:18:00Z,147abc6a,8bab4dff,a6177608,0.0
2025-02-05T02:21:00Z,147abc6a,8bab4dff,a6177608,0.0
2025-02-05T02:24:00Z,147abc6a,8bab4dff,a6177608,0.0
2025-02-05T02:27:00Z,147abc6a,8bab4dff,a6177608,0.0
2025-02-05T02:30:00Z,147abc6a,8bab4dff,a6177608,0.0
2025-02-05T02:33:00Z,147abc6a,8bab4dff,a6177608,0.0
2025-02-05T02:36:00Z,147abc6a,8bab4dff,a6177608,0.0
2025-02-05T02:39:00Z,147abc6a,8bab4dff,a6177608,0.0
2025-02-05T02:42:00Z,147abc6a,8bab4dff,a6177608,0.0
2025-02-05T02:45:00Z,147abc6a,8bab4dff,a6177608,0.0
2025-02-05T02:48:00Z,147abc6a,8bab4dff,a6177608,0.0
2025-02-05T02:51:00Z,147abc6a,8bab4dff,a6177608,0.0
2025-02-05T02:54:00Z,147abc6a,8bab4dff,a6177608,0.0
2025-02-05T02:57:00Z,147abc6a,8bab4dff,a6177608,0.0
2025-02-05T03:00:00Z,147abc6a,8bab4dff,a6177608,0.0
2025-02-05T03:03:00Z,147abc6a,8bab4dff,a6177608,0.0
2025-02-05T03:06:00Z,147abc6a,8bab4dff,a6177608,0.0
2025-02-05T03:09:00Z,147abc6a,8bab4dff,a6177608,0.0
2025-02-05T03:12:00Z,147abc6a,8bab4dff,a6177608,0.0
2025-02-05T03:15:00Z,147abc6a,8bab4dff,a6177608,0.0
2025-02-05T03:18:00Z,147abc6a,8bab4dff,a6177608,0.0
2025-02-05T03:21:00Z,147abc6a,8bab4dff,a6177608,0.0
2025-02-05T03:24:00Z,147abc6a,8bab4dff,a6177608,0.0
2025-02-05T03:27:00Z,147abc6a,8bab4dff,a6177608,0.0
2025-02-05T03:30:00Z,147abc6a,8bab4dff,a6177608,0.0
2025-02-05T03:33:00Z,147abc6a,8bab4dff,a6177608,0.0
2025-02-05T03:36:00Z,147abc6a,8bab4dff,a6177608,0.0
2025-02-05T03:39:00Z,147abc6a,8bab4dff,a6177608,0.0
2025-02-05T03:42:00Z,147abc6a,8bab4dff,a6177608,0.0
2025-02-05T03:45:00Z,147abc6a,8bab4dff,a6177608,0.0
2025-02-05T03:48:00Z,147abc6a,8bab4dff,a6177608,0.0
2025-02-05T03:51:00Z,147abc6a,8bab4dff,a6177608,0.0
2025-02-05T03:54:00Z,147abc6a,8bab4dff,a6177608,0.0
2025-02-05T03:57:00Z,147abc6a,8bab4dff,a6177608,0.0
2025-02-05T04:00:00Z,147abc6a,8bab4dff,a6177608,0.0
2025-02-05T04:03:00Z,147abc6a,8bab4dff,a6177608,0.0
2025-02-05T04:06:00Z,147abc6a,8bab4dff,a6177608,0.0
2025-02-05T04:09:00Z,147abc6a,8bab4dff,a6177608,0.0
2025-02-05T04:12:00Z,147abc6a,8bab4dff,a6177608,0.0
2025-02-05T04:15:00Z,147abc6a,8bab4dff,a6177608,0.0
2025-02-05T04:18:00Z,147abc6a,8bab4dff,a6177608,0.0
2025-02-05T04:21:00Z,147abc6a,8bab4dff,a6177608,0.0
2025-02-05T04:24:00Z,147abc6a,8bab4dff,a6177608,0.0
2025-02-05T04:27:00Z,147abc6a,8bab4dff,a6177608,0.0
2025-02-05T04:30:00Z,147abc6a,8bab4dff,a6177608,0.0
2025-02-05T04:33:00Z,147abc6a,8bab4dff,a6177608,0.0
2025-02-05T04:36:00Z,147abc6a,8bab4dff,a6177608,0.0
2025-02-05T04:39:00Z,147abc6a,8bab4dff,a6177608,0.0
2025-02-05T04:42:00Z,147abc6a,8bab4dff,a6177608,0.0
2025-02-05T04:45:00Z,147abc6a,8bab4dff,a6177608,0.0
2025-02-05T04:48:00Z,147abc6a,8bab4dff,a6177608,0.0
2025-02-05T04:51:00Z,147abc6a,8bab4dff,a6177608,0.0
2025-02-05T04:54:00Z,147abc6a,8bab4dff,a6177608,0.0
2025-02-05T04:57:00Z,147abc6a,8bab4dff,a6177608,0.0
2025-02-05T05:00:00Z,147abc6a,8bab4dff,a6177608,0.0
2025-02-05T05:03:00Z,147abc6a,8bab4dff,a6177608,0.0
2025-02-05T05:06:00Z,147abc6a,8bab4dff,a6177608,0.0
2025-02-05T05:09:00Z,147abc6a,8bab4dff,a6177608,0.0
2025-02-05T05:12:00Z,147abc6a,8bab4dff,a6177608,0.0
2025-02-05T05:15:00Z,147abc6a,8bab4dff,a6177608,0.0
2025-02-05T05:18:00Z,147abc6a,8bab4dff,a6177608,0.0
2025-02-05T05:21:00Z,147abc6a,8bab4dff,a6177608,0.0
2025-02-05T05:24:00Z,147abc6a,8bab4dff,a6177608,0.0
2025-02-05T05:27:00Z,147abc6a,8bab4dff,a6177608,0.0
2025-02-05T05:30:00Z,147abc6a,8bab4dff,a6177608,0.0
2025-02-05T05:33:00Z,147abc6a,8bab4dff,a6177608,0.0
2025-02-05T05:36:00Z,147abc6a,8bab4dff,a6177608,0.0
2025-02-05T05:39:00Z,147abc6a,8bab4dff,a6177608,0.0
2025-02-05T05:42:00Z,147abc6a,8bab4dff,a6177608,0.0
2025-02-05T05:45:00Z,147abc6a,8bab4dff,a6177608,0.0
2025-02-05T05:48:00Z,147abc6a,8bab4dff,a6177608,0.0
2025-02-05T05:51:00Z,147abc6a,8bab4dff,a6177608,0.0
2025-02-05T05:54:00Z,147abc6a,8bab4dff,a6177608,0.0
2025-02-05T05:57:00Z,147abc6a,8bab4dff,a6177608,0.0
2025-02-05T06:00:00Z,147abc6a,8bab4dff,a6177608,0.0
2025-02-05T06:03:00Z,147abc6a,8bab4dff,a6177608,0.0
2025-02-05T06:06:00Z,147abc6a,8bab4dff,a6177608,0.0
2025-02-05T06:09:00Z,147abc6a,8bab4dff,a6177608,0.0
2025-02-05T06:12:00Z,147abc6a,8bab4dff,a6177608,0.0
2025-02-05T06:15:00Z,147abc6a,8bab4dff,a6177608,0.0
2025-02-05T06:18:00Z,147abc6a,8bab4dff,a6177608,0.0
2025-02-05T06:21:00Z,147abc6a,8bab4dff,a6177608,0.0
2025-02-05T06:24:00Z,147abc6a,8bab4dff,a6177608,0.02
2025-02-05T06:27:00Z,147abc6a,8bab4dff,a6177608,0.0
2025-02-05T06:30:00Z,147abc6a,8bab4dff,a6177608,0.0
2025-02-05T06:33:00Z,147abc6a,8bab4dff,a6177608,0.0
2025-02-05T06:36:00Z,147abc6a,8bab4dff,a6177608,0.0
2025-02-05T06:39:00Z,147abc6a,8bab4dff,a6177608,0.0
2025-02-05T06:42:00Z,147abc6a,8bab4dff,a6177608,0.0
2025-02-05T06:45:00Z,147abc6a,8bab4dff,a6177608,0.0
2025-02-05T06:48:00Z,147abc6a,8bab4dff,a6177608,0.0
2025-02-05T06:51:00Z,147abc6a,8bab4dff,a6177608,0.0
2025-02-05T06:54:00Z,147abc6a,8bab4dff,a6177608,0.0
2025-02-05T06:57:00Z,147abc6a,8bab4dff,a6177608,0.0
2025-02-05T07:00:00Z,147abc6a,8bab4dff,a6177608,0.0
2025-02-05T07:03:00Z,147abc6a,8bab4dff,a6177608,0.0
2025-02-05T07:06:00Z,147abc6a,8bab4dff,a6177608,0.0
2025-02-05T07:09:00Z,147abc6a,8bab4dff,a6177608,0.0
2025-02-05T07:12:00Z,147abc6a,8bab4dff,a6177608,0.0
2025-02-05T07:15:00Z,147abc6a,8bab4dff,a6177608,0.0
2025-02-05T07:18:00Z,147abc6a,8bab4dff,a6177608,0.0
2025-02-05T07:21:00Z,147abc6a,8bab4dff,a6177608,0.0
2025-02-05T07:24:00Z,147abc6a,8bab4dff,a6177608,0.0
2025-02-05T07:27:00Z,147abc6a,8bab4dff,a6177608,0.0
2025-02-05T07:30:00Z,147abc6a,8bab4dff,a6177608,0.0
2025-02-05T07:33:00Z,147abc6a,8bab4dff,a6177608,0.0
2025-02-05T07:36:00Z,147abc6a,8bab4dff,a6177608,0.0
2025-02-05T07:39:00Z,147abc6a,8bab4dff,a6177608,0.0
2025-02-05T07:42:00Z,147abc6a,8bab4dff,a6177608,0.0
2025-02-05T07:45:00Z,147abc6a,8bab4dff,a6177608,0.0
2025-02-05T07:48:00Z,147abc6a,8bab4dff,a6177608,0.0
2025-02-05T07:51:00Z,147abc6a,8bab4dff,a6177608,0.0
2025-02-05T07:54:00Z,147abc6a,8bab4dff,a6177608,0.0
2025-02-05T07:57:00Z,147abc6a,8bab4dff,a6177608,0.0
2025-02-05T08:00:00Z,147abc6a,8bab4dff,a6177608,0.0
2025-02-05T08:03:00Z,147abc6a,8bab4dff,a6177608,0.0
2025-02-05T08:06:00Z,147abc6a,8bab4dff,a6177608,0.0
2025-02-05T08:09:00Z,147abc6a,8bab4dff,a6177608,0.0
2025-02-05T08:12:00Z,147abc6a,8bab4dff,a6177608,0.0
2025-02-05T08:15:00Z,147abc6a,8bab4dff,a6177608,0.0
2025-02-05T08:18:00Z,147abc6a,8bab4dff,a6177608,0.0
2025-02-05T08:21:00Z,147abc6a,8bab4dff,a6177608,0.0
2025-02-05T08:24:00Z,147abc6a,8bab4dff,a6177608,0.0
2025-02-05T08:27:00Z,147abc6a,8bab4dff,a6177608,0.0
2025-02-05T08:30:00Z,147abc6a,8bab4dff,a6177608,0.0
2025-02-05T08:33:00Z,147abc6a,8bab4dff,a6177608,0.0
2025-02-05T08:36:00Z,147abc6a,8bab4dff,a6177608,0.0
2025-02-05T08:39:00Z,147abc6a,8bab4dff,a6177608,0.0
2025-02-05T08:42:00Z,147abc6a,8bab4dff,a6177608,0.0
2025-02-05T08:45:00Z,147abc6a,8bab4dff,a6177608,0.0
2025-02-05T08:48:00Z,147abc6a,8bab4dff,a6177608,0.0
2025-02-05T08:51:00Z,147abc6a,8bab4dff,a6177608,0.0
2025-02-05T08:54:00Z,147abc6a,8bab4dff,a6177608,0.0
2025-02-05T08:57:00Z,147abc6a,8bab4dff,a6177608,0.0
2025-02-05T09:00:00Z,147abc6a,8bab4dff,a6177608,0.0
2025-02-05T09:03:00Z,147abc6a,8bab4dff,a6177608,0.0
2025-02-05T09:06:00Z,147abc6a,8bab4dff,a6177608,0.0
2025-02-05T09:09:00Z,147abc6a,8bab4dff,a6177608,0.0
2025-02-05T09:12:00Z,147abc6a,8bab4dff,a6177608,0.0
2025-02-05T09:15:00Z,147abc6a,8bab4dff,a6177608,0.0
2025-02-05T09:18:00Z,147abc6a,8bab4dff,a6177608,0.0
2025-02-05T09:21:00Z,147abc6a,8bab4dff,a6177608,0.0
2025-02-05T09:24:00Z,147abc6a,8bab4dff,a6177608,0.0
2025-02-05T09:27:00Z,147abc6a,8bab4dff,a6177608,0.0
2025-02-05T09:30:00Z,147abc6a,8bab4dff,a6177608,0.0
2025-02-05T09:33:00Z,147abc6a,8bab4dff,a6177608,0.0
2025-02-05T09:36:00Z,147abc6a,8bab4dff,a6177608,0.01
2025-02-05T09:39:00Z,147abc6a,8bab4dff,a6177608,0.0
2025-02-05T09:42:00Z,147abc6a,8bab4dff,a6177608,0.0
2025-02-05T09:45:00Z,147abc6a,8bab4dff,a6177608,0.0
2025-02-05T09:48:00Z,147abc6a,8bab4dff,a6177608,0.0
2025-02-05T09:51:00Z,147abc6a,8bab4dff,a6177608,0.0
2025-02-05T09:54:00Z,147abc6a,8bab4dff,a6177608,0.0
2025-02-05T09:57:00Z,147abc6a,8bab4dff,a6177608,0.0
2025-02-05T10:00:00Z,147abc6a,8bab4dff,a6177608,0.0
2025-02-05T10:03:00Z,147abc6a,8bab4dff,a6177608,0.0
2025-02-05T10:06:00Z,147abc6a,8bab4dff,a6177608,0.0
2025-02-05T10:09:00Z,147abc6a,8bab4dff,a6177608,0.0
2025-02-05T10:12:00Z,147abc6a,8bab4dff,a6177608,0.0
2025-02-05T10:15:00Z,147abc6a,8bab4dff,a6177608,0.0
2025-02-05T10:18:00Z,147abc6a,8bab4dff,a6177608,0.0
2025-02-05T10:21:00Z,147abc6a,8bab4dff,a6177608,0.0
2025-02-05T10:24:00Z,147abc6a,8bab4dff,a6177608,0.0
2025-02-05T10:27:00Z,147abc6a,8bab4dff,a6177608,0.0
2025-02-05T10:30:00Z,147abc6a,8bab4dff,a6177608,0.0
2025-02-05T10:33:00Z,147abc6a,8bab4dff,a6177608,0.0
2025-02-05T10:36:00Z,147abc6a,8bab4dff,a6177608,0.0
2025-02-05T10:39:00Z,147abc6a,8bab4dff,a6177608,0.0
2025-02-05T10:42:00Z,147abc6a,8bab4dff,a6177608,0.0
2025-02-05T10:45:00Z,147abc6a,8bab4dff,a6177608,0.0
2025-02-05T10:48:00Z,147abc6a,8bab4dff,a6177608,0.0
2025-02-05T10:51:00Z,147abc6a,8bab4dff,a6177608,0.0
2025-02-05T10:54:00Z,147abc6a,8bab4dff,a6177608,0.0
2025-02-05T10:57:00Z,147abc6a,8bab4dff,a6177608,0.0
2025-02-05T11:00:00Z,147abc6a,8bab4dff,a6177608,0.0
2025-02-05T11:03:00Z,147abc6a,8bab4dff,a6177608,0.0
2025-02-05T11:06:00Z,147abc6a,8bab4dff,a6177608,0.0
2025-02-05T11:09:00Z,147abc6a,8bab4dff,a6177608,0.0
2025-02-05T11:12:00Z,147abc6a,8bab4dff,a6177608,0.0
2025-02-05T11:15:00Z,147abc6a,8bab4dff,a6177608,0.0
2025-02-05T11:18:00Z,147abc6a,8bab4dff,a6177608,0.0
2025-02-05T11:21:00Z,147abc6a,8bab4dff,a6177608,0.0
2025-02-05T11:24:00Z,147abc6a,8bab4dff,a6177608,0.0
2025-02-05T11:27:00Z,147abc6a,8bab4dff,a6177608,0.0
2025-02-05T11:30:00Z,147abc6a,8bab4dff,a6177608,0.0
2025-02-05T11:33:00Z,147abc6a,8bab4dff,a6177608,0.0
2025-02-05T11:36:00Z,147abc6a,8bab4dff,a6177608,0.0
2025-02-05T11:39:00Z,147abc6a,8bab4dff,a6177608,0.0
2025-02-05T11:42:00Z,147abc6a,8bab4dff,a6177608,0.0
2025-02-05T11:45:00Z,147abc6a,8bab4dff,a6177608,0.0
2025-02-05T11:48:00Z,147abc6a,8bab4dff,a6177608,0.0
2025-02-05T11:51:00Z,147abc6a,8bab4dff,a6177608,0.0
2025-02-05T11:54:00Z,147abc6a,8bab4dff,a6177608,0.0
2025-02-05T11:57:00Z,147abc6a,8bab4dff,a6177608,0.0
2025-02-05T12:00:00Z,147abc6a,8bab4dff,a6177608,0.0
2025-02-05T12:03:00Z,147abc6a,8bab4dff,a6177608,0.0
2025-02-05T12:06:00Z,147abc6a,8bab4dff,a6177608,0.0
2025-02-05T12:09:00Z,147abc6a,8bab4dff,a6177608,0.0
2025-02-05T12:12:00Z,147abc6a,8bab4dff,a6177608,0.0
2025-02-05T12:15:00Z,147abc6a,8bab4dff,a6177608,0.0
2025-02-05T12:18:00Z,147abc6a,8bab4dff,a6177608,0.0
2025-02-05T12:21:00Z,147abc6a,8bab4dff,a6177608,0.0
2025-02-05T12:24:00Z,147abc6a,8bab4dff,a6177608,0.0
2025-02-05T12:27:00Z,147abc6a,8bab4dff,a6177608,0.0
2025-02-05T12:30:00Z,147abc6a,8bab4dff,a6177608,0.0
2025-02-05T12:33:00Z,147abc6a,8bab4dff,a6177608,0.0
2025-02-05T12:36:00Z,147abc6a,8bab4dff,a6177608,0.0
2025-02-05T12:39:00Z,147abc6a,8bab4dff,a6177608,0.0
2025-02-05T12:42:00Z,147abc6a,8bab4dff,a6177608,0.0
2025-02-05T12:45:00Z,147abc6a,8bab4dff,a6177608,0.0
2025-02-05T12:48:00Z,147abc6a,8bab4dff,a6177608,0.0
2025-02-05T12:51:00Z,147abc6a,8bab4dff,a6177608,0.0
2025-02-05T12:54:00Z,147abc6a,8bab4dff,a6177608,0.0
2025-02-05T12:57:00Z,147abc6a,8bab4dff,a6177608,0.0
2025-02-05T13:00:00Z,147abc6a,8bab4dff,a6177608,0.0
2025-02-05T13:03:00Z,147abc6a,8bab4dff,a6177608,0.0
2025-02-05T13:06:00Z,147abc6a,8bab4dff,a6177608,0.0
2025-02-05T13:09:00Z,147abc6a,8bab4dff,a6177608,0.01
2025-02-05T13:12:00Z,147abc6a,8bab4dff,a6177608,0.0
2025-02-05T13:15:00Z,147abc6a,8bab4dff,a6177608,0.0
2025-02-05T13:18:00Z,147abc6a,8bab4dff,a6177608,0.0
2025-02-05T13:21:00Z,147abc6a,8bab4dff,a6177608,0.0
2025-02-05T13:24:00Z,147abc6a,8bab4dff,a6177608,0.0
2025-02-05T13:27:00Z,147abc6a,8bab4dff,a6177608,0.0
2025-02-05T13:30:00Z,147abc6a,8bab4dff,a6177608,0.0
2025-02-05T13:33:00Z,147abc6a,8bab4dff,a6177608,0.0
2025-02-05T13:36:00Z,147abc6a,8bab4dff,a6177608,0.0
2025-02-05T13:39:00Z,147abc6a,8bab4dff,a6177608,0.0
2025-02-05T13:42:00Z,147abc6a,8bab4dff,a6177608,0.0
2025-02-05T13:45:00Z,147abc6a,8bab4dff,a6177608,0.0
2025-02-05T13:48:00Z,147abc6a,8bab4dff,a6177608,0.0
2025-02-05T13:51:00Z,147abc6a,8bab4dff,a6177608,0.0
2025-02-05T13:54:00Z,147abc6a,8bab4dff,a6177608,0.0
2025-02-05T13:57:00Z,147abc6a,8bab4dff,a6177608,0.0
2025-02-05T14:00:00Z,147abc6a,8bab4dff,a6177608,0.0
2025-02-05T14:03:00Z,147abc6a,8bab4dff,a6177608,0.0
2025-02-05T14:06:00Z,147abc6a,8bab4dff,a6177608,0.0
2025-02-05T14:09:00Z,147abc6a,8bab4dff,a6177608,0.0
2025-02-05T14:12:00Z,147abc6a,8bab4dff,a6177608,0.0
2025-02-05T14:15:00Z,147abc6a,8bab4dff,a6177608,0.0
2025-02-05T14:18:00Z,147abc6a,8bab4dff,a6177608,0.0
2025-02-05T14:21:00Z,147abc6a,8bab4dff,a6177608,0.0
2025-02-05T14:24:00Z,147abc6a,8bab4dff,a6177608,0.0
2025-02-05T14:27:00Z,147abc6a,8bab4dff,a6177608,0.0
2025-02-05T14:30:00Z,147abc6a,8bab4dff,a6177608,0.0
2025-02-05T14:33:00Z,147abc6a,8bab4dff,a6177608,0.0
2025-02-05T14:36:00Z,147abc6a,8bab4dff,a6177608,0.0
2025-02-05T14:39:00Z,147abc6a,8bab4dff,a6177608,0.0
2025-02-05T14:42:00Z,147abc6a,8bab4dff,a6177608,0.0
2025-02-05T14:45:00Z,147abc6a,8bab4dff,a6177608,0.0
2025-02-05T14:48:00Z,147abc6a,8bab4dff,a6177608,0.0
2025-02-05T14:51:00Z,147abc6a,8bab4dff,a6177608,0.0
2025-02-05T14:54:00Z,147abc6a,8bab4dff,a6177608,0.0
2025-02-05T14:57:00Z,147abc6a,8bab4dff,a6177608,0.0
2025-02-05T15:00:00Z,147abc6a,8bab4dff,a6177608,0.0
2025-02-05T15:03:00Z,147abc6a,8bab4dff,a6177608,0.0
2025-02-05T15:06:00Z,147abc6a,8bab4dff,a6177608,0.0
2025-02-05T15:09:00Z,147abc6a,8bab4dff,a6177608,0.0
2025-02-05T15:12:00Z,147abc6a,8bab4dff,a6177608,0.0
2025-02-05T15:15:00Z,147abc6a,8bab4dff,a6177608,0.0
2025-02-05T15:18:00Z,147abc6a,8bab4dff,a6177608,0.0
2025-02-05T15:21:00Z,147abc6a,8bab4dff,a6177608,0.0
2025-02-05T15:24:00Z,147abc6a,8bab4dff,a6177608,0.0
2025-02-05T15:27:00Z,147abc6a,8bab4dff,a6177608,0.0
2025-02-05T15:30:00Z,147abc6a,8bab4dff,a6177608,0.0
2025-02-05T15:33:00Z,147abc6a,8bab4dff,a6177608,0.0
2025-02-05T15:36:00Z,147abc6a,8bab4dff,a6177608,0.0
2025-02-05T15:39:00Z,147abc6a,8bab4dff,a6177608,0.0
2025-02-05T15:42:00Z,147abc6a,8bab4dff,a6177608,0.0
2025-02-05T15:45:00Z,147abc6a,8bab4dff,a6177608,0.0
2025-02-05T15:48:00Z,147abc6a,8bab4dff,a6177608,0.0
2025-02-05T15:51:00Z,147abc6a,8bab4dff,a6177608,0.0
2025-02-05T15:54:00Z,147abc6a,8bab4dff,a6177608,0.0
2025-02-05T15:57:00Z,147abc6a,8bab4dff,a6177608,0.0
2025-02-05T16:00:00Z,147abc6a,8bab4dff,a6177608,0.0
2025-02-05T16:03:00Z,147abc6a,8bab4dff,a6177608,0.0
2025-02-05T16:06:00Z,147abc6a,8bab4dff,a6177608,0.0
2025-02-05T16:09:00Z,147abc6a,8bab4dff,a6177608,0.0
2025-02-05T16:12:00Z,147abc6a,8bab4dff,a6177608,0.0
2025-02-05T16:15:00Z,147abc6a,8bab4dff,a6177608,0.0
2025-02-05T16:18:00Z,147abc6a,8bab4dff,a6177608,0.0
2025-02-05T16:21:00Z,147abc6a,8bab4dff,a6177608,0.0
2025-02-05T16:24:00Z,147abc6a,8bab4dff,a6177608,0.0
2025-02-05T16:27:00Z,147abc6a,8bab4dff,a6177608,0.0
2025-02-05T16:30:00Z,147abc6a,8bab4dff,a6177608,0.0
2025-02-05T16:33:00Z,147abc6a,8bab4dff,a6177608,0.0
2025-02-05T16:36:00Z,147abc6a,8bab4dff,a6177608,0.0
2025-02-05T16:39:00Z,147abc6a,8bab4dff,a6177608,0.0
2025-02-05T16:42:00Z,147abc6a,8bab4dff,a6177608,0.0
2025-02-05T16:45:00Z,147abc6a,8bab4dff,a6177608,0.0
2025-02-05T16:48:00Z,147abc6a,8bab4dff,a6177608,0.0
2025-02-05T16:51:00Z,147abc6a,8bab4dff,a6177608,0.0
2025-02-05T16:54:00Z,147abc6a,8bab4dff,a6177608,0.0
2025-02-05T16:57:00Z,147abc6a,8bab4dff,a6177608,0.0
2025-02-05T17:00:00Z,147abc6a,8bab4dff,a6177608,0.0
2025-02-05T17:03:00Z,147abc6a,8bab4dff,a6177608,0.0
2025-02-05T17:06:00Z,147abc6a,8bab4dff,a6177608,0.0
2025-02-05T17:09:00Z,147abc6a,8bab4dff,a6177608,0.0
2025-02-05T17:12:00Z,147abc6a,8bab4dff,a6177608,0.0
2025-02-05T17:15:00Z,147abc6a,8bab4dff,a6177608,0.0
2025-02-05T17:18:00Z,147abc6a,8bab4dff,a6177608,0.0
2025-02-05T17:21:00Z,147abc6a,8bab4dff,a6177608,0.0
2025-02-05T17:24:00Z,147abc6a,8bab4dff,a6177608,0.0
2025-02-05T17:27:00Z,147abc6a,8bab4dff,a6177608,0.0
2025-02-05T17:30:00Z,147abc6a,8bab4dff,a6177608,0.0
2025-02-05T17:33:00Z,147abc6a,8bab4dff,a6177608,0.0
2025-02-05T17:36:00Z,147abc6a,8bab4dff,a6177608,0.0
2025-02-05T17:39:00Z,147abc6a,8bab4dff,a6177608,0.0
2025-02-05T17:42:00Z,147abc6a,8bab4dff,a6177608,0.0
2025-02-05T17:45:00Z,147abc6a,8bab4dff,a6177608,0.0
2025-02-05T17:48:00Z,147abc6a,8bab4dff,a6177608,0.0
2025-02-05T17:51:00Z,147abc6a,8bab4dff,a6177608,0.0
2025-02-05T17:54:00Z,147abc6a,8bab4dff,a6177608,0.0
2025-02-05T17:57:00Z,147abc6a,8bab4dff,a6177608,0.0
2025-02-05T18:00:00Z,147abc6a,8bab4dff,a6177608,0.0
2025-02-05T18:03:00Z,147abc6a,8bab4dff,a6177608,0.0
2025-02-05T18:06:00Z,147abc6a,8bab4dff,a6177608,0.0
2025-02-05T18:09:00Z,147abc6a,8bab4dff,a6177608,0.0
2025-02-05T18:12:00Z,147abc6a,8bab4dff,a6177608,0.0
2025-02-05T18:15:00Z,147abc6a,8bab4dff,a6177608,0.0
2025-02-05T18:18:00Z,147abc6a,8bab4dff,a6177608,0.0
2025-02-05T18:21:00Z,147abc6a,8bab4dff,a6177608,0.0
2025-02-05T18:24:00Z,147abc6a,8bab4dff,a6177608,0.0
2025-02-05T18:27:00Z,147abc6a,8bab4dff,a6177608,0.0
2025-02-05T18:30:00Z,147abc6a,8bab4dff,a6177608,0.0
2025-02-05T18:33:00Z,147abc6a,8bab4dff,a6177608,0.0
2025-02-05T18:36:00Z,147abc6a,8bab4dff,a6177608,0.0
2025-02-05T18:39:00Z,147abc6a,8bab4dff,a6177608,0.0
2025-02-05T18:42:00Z,147abc6a,8bab4dff,a6177608,0.0
2025-02-05T18:45:00Z,147abc6a,8bab4dff,a6177608,0.0
2025-02-05T18:48:00Z,147abc6a,8bab4dff,a6177608,0.0
2025-02-05T18:51:00Z,147abc6a,8bab4dff,a6177608,0.0
2025-02-05T18:54:00Z,147abc6a,8bab4dff,a6177608,0.0
2025-02-05T18:57:00Z,147abc6a,8bab4dff,a6177608,0.0
2025-02-05T19:00:00Z,147abc6a,8bab4dff,a6177608,0.0
2025-02-05T19:03:00Z,147abc6a,8bab4dff,a6177608,0.0
2025-02-05T19:06:00Z,147abc6a,8bab4dff,a6177608,0.0
2025-02-05T19:09:00Z,147abc6a,8bab4dff,a6177608,0.0
2025-02-05T19:12:00Z,147abc6a,8bab4dff,a6177608,0.0
2025-02-05T19:15:00Z,147abc6a,8bab4dff,a6177608,0.0
2025-02-05T19:18:00Z,147abc6a,8bab4dff,a6177608,0.0
2025-02-05T19:21:00Z,147abc6a,8bab4dff,a6177608,0.0
2025-02-05T19:24:00Z,147abc6a,8bab4dff,a6177608,0.0
2025-02-05T19:27:00Z,147abc6a,8bab4dff,a6177608,0.0
2025-02-05T19:30:00Z,147abc6a,8bab4dff,a6177608,0.0
2025-02-05T19:33:00Z,147abc6a,8bab4dff,a6177608,0.0
2025-02-05T19:36:00Z,147abc6a,8bab4dff,a6177608,0.0
2025-02-05T19:39:00Z,147abc6a,8bab4dff,a6177608,0.0
2025-02-05T19:42:00Z,147abc6a,8bab4dff,a6177608,0.0
2025-02-05T19:45:00Z,147abc6a,8bab4dff,a6177608,0.01
2025-02-05T19:48:00Z,147abc6a,8bab4dff,a6177608,0.01
2025-02-05T19:51:00Z,147abc6a,8bab4dff,a6177608,0.0
2025-02-05T19:54:00Z,147abc6a,8bab4dff,a6177608,0.0
2025-02-05T19:57:00Z,147abc6a,8bab4dff,a6177608,0.0
2025-02-05T20:00:00Z,147abc6a,8bab4dff,a6177608,0.0
2025-02-05T20:03:00Z,147abc6a,8bab4dff,a6177608,0.0
2025-02-05T20:06:00Z,147abc6a,8bab4dff,a6177608,0.0
2025-02-05T20:09:00Z,147abc6a,8bab4dff,a6177608,0.0
2025-02-05T20:12:00Z,147abc6a,8bab4dff,a6177608,0.0
2025-02-05T20:15:00Z,147abc6a,8bab4dff,a6177608,0.0
2025-02-05T20:18:00Z,147abc6a,8bab4dff,a6177608,0.0
2025-02-05T20:21:00Z,147abc6a,8bab4dff,a6177608,0.0
2025-02-05T20:24:00Z,147abc6a,8bab4dff,a6177608,0.0
2025-02-05T20:27:00Z,147abc6a,8bab4dff,a6177608,0.0
2025-02-05T20:30:00Z,147abc6a,8bab4dff,a6177608,0.0
2025-02-05T20:33:00Z,147abc6a,8bab4dff,a6177608,0.0
2025-02-05T20:36:00Z,147abc6a,8bab4dff,a6177608,0.0
2025-02-05T20:39:00Z,147abc6a,8bab4dff,a6177608,0.0
2025-02-05T20:42:00Z,147abc6a,8bab4dff,a6177608,0.0
2025-02-05T20:45:00Z,147abc6a,8bab4dff,a6177608,0.0
2025-02-05T20:48:00Z,147abc6a,8bab4dff,a6177608,0.0
2025-02-05T20:51:00Z,147abc6a,8bab4dff,a6177608,0.0
2025-02-05T20:54:00Z,147abc6a,8bab4dff,a6177608,0.0
2025-02-05T20:57:00Z,147abc6a,8bab4dff,a6177608,0.0
2025-02-05T21:00:00Z,147abc6a,8bab4dff,a6177608,0.0
2025-02-05T21:03:00Z,147abc6a,8bab4dff,a6177608,0.0
2025-02-05T21:06:00Z,147abc6a,8bab4dff,a6177608,0.0
2025-02-05T21:09:00Z,147abc6a,8bab4dff,a6177608,0.0
2025-02-05T21:12:00Z,147abc6a,8bab4dff,a6177608,0.0
2025-02-05T21:15:00Z,147abc6a,8bab4dff,a6177608,0.0
2025-02-05T21:18:00Z,147abc6a,8bab4dff,a6177608,0.0
2025-02-05T21:21:00Z,147abc6a,8bab4dff,a6177608,0.0
2025-02-05T21:24:00Z,147abc6a,8bab4dff,a6177608,0.0
2025-02-05T21:27:00Z,147abc6a,8bab4dff,a6177608,0.0
2025-02-05T21:30:00Z,147abc6a,8bab4dff,a6177608,0.0
2025-02-05T21:33:00Z,147abc6a,8bab4dff,a6177608,0.0
2025-02-05T21:36:00Z,147abc6a,8bab4dff,a6177608,0.0
2025-02-05T21:39:00Z,147abc6a,8bab4dff,a6177608,0.0
2025-02-05T21:42:00Z,147abc6a,8bab4dff,a6177608,0.0
2025-02-05T21:45:00Z,147abc6a,8bab4dff,a6177608,0.0
2025-02-05T21:48:00Z,147abc6a,8bab4dff,a6177608,0.0
2025-02-05T21:51:00Z,147abc6a,8bab4dff,a6177608,0.0
2025-02-05T21:54:00Z,147abc6a,8bab4dff,a6177608,0.0
2025-02-05T21:57:00Z,147abc6a,8bab4dff,a6177608,0.0
2025-02-05T22:00:00Z,147abc6a,8bab4dff,a6177608,0.0
2025-02-05T22:03:00Z,147abc6a,8bab4dff,a6177608,0.0
2025-02-05T22:06:00Z,147abc6a,8bab4dff,a6177608,0.0
2025-02-05T22:09:00Z,147abc6a,8bab4dff,a6177608,0.0
2025-02-05T22:12:00Z,147abc6a,8bab4dff,a6177608,0.0
2025-02-05T22:15:00Z,147abc6a,8bab4dff,a6177608,0.0
2025-02-05T22:18:00Z,147abc6a,8bab4dff,a6177608,0.0
2025-02-05T22:21:00Z,147abc6a,8bab4dff,a6177608,0.0
2025-02-05T22:24:00Z,147abc6a,8bab4dff,a6177608,0.0
2025-02-05T22:27:00Z,147abc6a,8bab4dff,a6177608,0.0
2025-02-05T22:30:00Z,147abc6a,8bab4dff,a6177608,0.0
2025-02-05T22:33:00Z,147abc6a,8bab4dff,a6177608,0.0
2025-02-05T22:36:00Z,147abc6a,8bab4dff,a6177608,0.0
2025-02-05T22:39:00Z,147abc6a,8bab4dff,a6177608,0.0
2025-02-05T22:42:00Z,147abc6a,8bab4dff,a6177608,0.0
2025-02-05T22:45:00Z,147abc6a,8bab4dff,a6177608,0.0
2025-02-05T22:48:00Z,147abc6a,8bab4dff,a6177608,0.0
2025-02-05T22:51:00Z,147abc6a,8bab4dff,a6177608,0.01
2025-02-05T22:54:00Z,147abc6a,8bab4dff,a6177608,0.0
2025-02-05T22:57:00Z,147abc6a,8bab4dff,a6177608,0.0
2025-02-05T23:00:00Z,147abc6a,8bab4dff,a6177608,0.0
2025-02-05T23:03:00Z,147abc6a,8bab4dff,a6177608,0.0
2025-02-05T23:06:00Z,147abc6a,8bab4dff,a6177608,0.0
2025-02-05T23:09:00Z,147abc6a,8bab4dff,a6177608,0.0
2025-02-05T23:12:00Z,147abc6a,8bab4dff,a6177608,0.0
2025-02-05T23:15:00Z,147abc6a,8bab4dff,a6177608,0.0
2025-02-05T23:18:00Z,147abc6a,8bab4dff,a6177608,0.0
2025-02-05T23:21:00Z,147abc6a,8bab4dff,a6177608,0.0
2025-02-05T23:24:00Z,147abc6a,8bab4dff,a6177608,0.0
2025-02-05T23:27:00Z,147abc6a,8bab4dff,a6177608,0.0
2025-02-05T23:30:00Z,147abc6a,8bab4dff,a6177608,0.0
2025-02-05T23:33:00Z,147abc6a,8bab4dff,a6177608,0.0
2025-02-05T23:36:00Z,147abc6a,8bab4dff,a6177608,0.0
2025-02-05T23:39:00Z,147abc6a,8bab4dff,a6177608,0.0
2025-02-05T23:42:00Z,147abc6a,8bab4dff,a6177608,0.0
2025-02-05T23:45:00Z,147abc6a,8bab4dff,a6177608,0.0
2025-02-05T23:48:00Z,147abc6a,8bab4dff,a6177608,0.0
2025-02-05T23:51:00Z,147abc6a,8bab4dff,a6177608,0.0
2025-02-05T23:54:00Z,147abc6a,8bab4dff,a6177608,0.0
2025-02-05T23:57:00Z,147abc6a,8bab4dff,a6177608,0.0
2025-02-06T00:00:00Z,147abc6a,8bab4dff,a6177608,0.0
2025-02-06T00:03:00Z,147abc6a,8bab4dff,a6177608,0.0
2025-02-06T00:06:00Z,147abc6a,8bab4dff,a6177608,0.0
2025-02-06T00:09:00Z,147abc6a,8bab4dff,a6177608,0.0
2025-02-06T00:12:00Z,147abc6a,8bab4dff,a6177608,0.0
2025-02-06T00:15:00Z,147abc6a,8bab4dff,a6177608,0.0
2025-02-06T00:18:00Z,147abc6a,8bab4dff,a6177608,0.0
2025-02-06T00:21:00Z,147abc6a,8bab4dff,a6177608,0.0
2025-02-06T00:24:00Z,147abc6a,8bab4dff,a6177608,0.0
2025-02-06T00:27:00Z,147abc6a,8bab4dff,a6177608,0.0
2025-02-06T00:30:00Z,147abc6a,8bab4dff,a6177608,0.0
2025-02-06T00:33:00Z,147abc6a,8bab4dff,a6177608,0.0
2025-02-06T00:36:00Z,147abc6a,8bab4dff,a6177608,0.0
2025-02-06T00:39:00Z,147abc6a,8bab4dff,a6177608,0.0
2025-02-06T00:42:00Z,147abc6a,8bab4dff,a6177608,0.0
2025-02-06T00:45:00Z,147abc6a,8bab4dff,a6177608,0.0
2025-02-06T00:48:00Z,147abc6a,8bab4dff,a6177608,0.0
2025-02-06T00:51:00Z,147abc6a,8bab4dff,a6177608,0.0
2025-02-06T00:54:00Z,147abc6a,8bab4dff,a6177608,0.0
2025-02-06T00:57:00Z,147abc6a,8bab4dff,a6177608,0.0
2025-02-06T01:00:00Z,147abc6a,8bab4dff,a6177608,0.0
2025-02-06T01:03:00Z,147abc6a,8bab4dff,a6177608,0.0
2025-02-06T01:06:00Z,147abc6a,8bab4dff,a6177608,0.0
2025-02-06T01:09:00Z,147abc6a,8bab4dff,a6177608,0.0
2025-02-06T01:12:00Z,147abc6a,8bab4dff,a6177608,0.0
2025-02-06T01:15:00Z,147abc6a,8bab4dff,a6177608,0.0
2025-02-06T01:18:00Z,147abc6a,8bab4dff,a6177608,0.0
2025-02-06T01:21:00Z,147abc6a,8bab4dff,a6177608,0.0
2025-02-06T01:24:00Z,147abc6a,8bab4dff,a6177608,0.0
2025-02-06T01:27:00Z,147abc6a,8bab4dff,a6177608,0.0
2025-02-06T01:30:00Z,147abc6a,8bab4dff,a6177608,0.0
2025-02-06T01:33:00Z,147abc6a,8bab4dff,a6177608,0.0
2025-02-06T01:36:00Z,147abc6a,8bab4dff,a6177608,0.0
2025-02-06T01:39:00Z,147abc6a,8bab4dff,a6177608,0.0
2025-02-06T01:42:00Z,147abc6a,8bab4dff,a6177608,0.0
2025-02-06T01:45:00Z,147abc6a,8bab4dff,a6177608,0.0
2025-02-06T01:48:00Z,147abc6a,8bab4dff,a6177608,0.0
2025-02-06T01:51:00Z,147abc6a,8bab4dff,a6177608,0.0
2025-02-06T01:54:00Z,147abc6a,8bab4dff,a6177608,0.0
2025-02-06T01:57:00Z,147abc6a,8bab4dff,a6177608,0.0
2025-02-06T02:00:00Z,147abc6a,8bab4dff,a6177608,0.0
2025-02-06T02:03:00Z,147abc6a,8bab4dff,a6177608,0.0
2025-02-06T02:06:00Z,147abc6a,8bab4dff,a6177608,0.0
2025-02-06T02:09:00Z,147abc6a,8bab4dff,a6177608,0.0
2025-02-06T02:12:00Z,147abc6a,8bab4dff,a6177608,0.0
2025-02-06T02:15:00Z,147abc6a,8bab4dff,a6177608,0.0
2025-02-06T02:18:00Z,147abc6a,8bab4dff,a6177608,0.0
2025-02-06T02:21:00Z,147abc6a,8bab4dff,a6177608,0.0
2025-02-06T02:24:00Z,147abc6a,8bab4dff,a6177608,0.0
2025-02-06T02:27:00Z,147abc6a,8bab4dff,a6177608,0.0
2025-02-06T02:30:00Z,147abc6a,8bab4dff,a6177608,0.0
2025-02-06T02:33:00Z,147abc6a,8bab4dff,a6177608,0.0
2025-02-06T02:36:00Z,147abc6a,8bab4dff,a6177608,0.0
2025-02-06T02:39:00Z,147abc6a,8bab4dff,a6177608,0.0
2025-02-06T02:42:00Z,147abc6a,8bab4dff,a6177608,0.0
2025-02-06T02:45:00Z,147abc6a,8bab4dff,a6177608,0.0
2025-02-06T02:48:00Z,147abc6a,8bab4dff,a6177608,0.0
2025-02-06T02:51:00Z,147abc6a,8bab4dff,a6177608,0.0
2025-02-06T02:54:00Z,147abc6a,8bab4dff,a6177608,0.0
2025-02-06T02:57:00Z,147abc6a,8bab4dff,a6177608,0.0
2025-02-06T03:00:00Z,147abc6a,8bab4dff,a6177608,0.0
2025-02-06T03:03:00Z,147abc6a,8bab4dff,a6177608,0.0
2025-02-06T03:06:00Z,147abc6a,8bab4dff,a6177608,0.0
2025-02-06T03:09:00Z,147abc6a,8bab4dff,a6177608,0.0
2025-02-06T03:12:00Z,147abc6a,8bab4dff,a6177608,0.0
2025-02-06T03:15:00Z,147abc6a,8bab4dff,a6177608,0.0
2025-02-06T03:18:00Z,147abc6a,8bab4dff,a6177608,0.0
2025-02-06T03:21:00Z,147abc6a,8bab4dff,a6177608,0.0
2025-02-06T03:24:00Z,147abc6a,8bab4dff,a6177608,0.0
2025-02-06T03:27:00Z,147abc6a,8bab4dff,a6177608,0.0
2025-02-06T03:30:00Z,147abc6a,8bab4dff,a6177608,0.01
2025-02-06T03:33:00Z,147abc6a,8bab4dff,a6177608,0.0
2025-02-06T03:36:00Z,147abc6a,8bab4dff,a6177608,0.0
2025-02-06T03:39:00Z,147abc6a,8bab4dff,a6177608,0.0
2025-02-06T03:42:00Z,147abc6a,8bab4dff,a6177608,0.0
2025-02-06T03:45:00Z,147abc6a,8bab4dff,a6177608,0.0
2025-02-06T03:48:00Z,147abc6a,8bab4dff,a6177608,0.0
2025-02-06T03:51:00Z,147abc6a,8bab4dff,a6177608,0.0
2025-02-06T03:54:00Z,147abc6a,8bab4dff,a6177608,0.0
2025-02-06T03:57:00Z,147abc6a,8bab4dff,a6177608,0.0
2025-02-06T04:00:00Z,147abc6a,8bab4dff,a6177608,0.0
2025-02-06T04:03:00Z,147abc6a,8bab4dff,a6177608,0.0
2025-02-06T04:06:00Z,147abc6a,8bab4dff,a6177608,0.0
2025-02-06T04:09:00Z,147abc6a,8bab4dff,a6177608,0.0
2025-02-06T04:12:00Z,147abc6a,8bab4dff,a6177608,0.0
2025-02-06T04:15:00Z,147abc6a,8bab4dff,a6177608,0.0
2025-02-06T04:18:00Z,147abc6a,8bab4dff,a6177608,0.0
2025-02-06T04:21:00Z,147abc6a,8bab4dff,a6177608,0.0
2025-02-06T04:24:00Z,147abc6a,8bab4dff,a6177608,0.0
2025-02-06T04:27:00Z,147abc6a,8bab4dff,a6177608,0.0
2025-02-06T04:30:00Z,147abc6a,8bab4dff,a6177608,0.0
2025-02-06T04:33:00Z,147abc6a,8bab4dff,a6177608,0.0
2025-02-06T04:36:00Z,147abc6a,8bab4dff,a6177608,0.0
2025-02-06T04:39:00Z,147abc6a,8bab4dff,a6177608,0.0
2025-02-06T04:42:00Z,147abc6a,8bab4dff,a6177608,0.0
2025-02-06T04:45:00Z,147abc6a,8bab4dff,a6177608,0.0
2025-02-06T04:48:00Z,147abc6a,8bab4dff,a6177608,0.0
2025-02-06T04:51:00Z,147abc6a,8bab4dff,a6177608,0.0
2025-02-06T04:54:00Z,147abc6a,8bab4dff,a6177608,0.0
2025-02-06T04:57:00Z,147abc6a,8bab4dff,a6177608,0.0
2025-02-06T05:00:00Z,147abc6a,8bab4dff,a6177608,0.0
2025-02-06T05:03:00Z,147abc6a,8bab4dff,a6177608,0.0
2025-02-06T05:06:00Z,147abc6a,8bab4dff,a6177608,0.0
2025-02-06T05:09:00Z,147abc6a,8bab4dff,a6177608,0.0
2025-02-06T05:12:00Z,147abc6a,8bab4dff,a6177608,0.0
2025-02-06T05:15:00Z,147abc6a,8bab4dff,a6177608,0.0
2025-02-06T05:18:00Z,147abc6a,8bab4dff,a6177608,0.0
2025-02-06T05:21:00Z,147abc6a,8bab4dff,a6177608,0.0
2025-02-06T05:24:00Z,147abc6a,8bab4dff,a6177608,0.0
2025-02-06T05:27:00Z,147abc6a,8bab4dff,a6177608,0.0
2025-02-06T05:30:00Z,147abc6a,8bab4dff,a6177608,0.0
2025-02-06T05:33:00Z,147abc6a,8bab4dff,a6177608,0.0
2025-02-06T05:36:00Z,147abc6a,8bab4dff,a6177608,0.0
2025-02-06T05:39:00Z,147abc6a,8bab4dff,a6177608,0.0
2025-02-06T05:42:00Z,147abc6a,8bab4dff,a6177608,0.0
2025-02-06T05:45:00Z,147abc6a,8bab4dff,a6177608,0.0
2025-02-06T05:48:00Z,147abc6a,8bab4dff,a6177608,0.0
2025-02-06T05:51:00Z,147abc6a,8bab4dff,a6177608,0.0
2025-02-06T05:54:00Z,147abc6a,8bab4dff,a6177608,0.0
2025-02-06T05:57:00Z,147abc6a,8bab4dff,a6177608,0.0
2025-02-06T06:00:00Z,147abc6a,8bab4dff,a6177608,0.0
2025-02-06T06:03:00Z,147abc6a,8bab4dff,a6177608,0.0
2025-02-06T06:06:00Z,147abc6a,8bab4dff,a6177608,0.0
2025-02-06T06:09:00Z,147abc6a,8bab4dff,a6177608,0.0
2025-02-06T06:12:00Z,147abc6a,8bab4dff,a6177608,0.0
2025-02-06T06:15:00Z,147abc6a,8bab4dff,a6177608,0.0
2025-02-06T06:18:00Z,147abc6a,8bab4dff,a6177608,0.0
2025-02-06T06:21:00Z,147abc6a,8bab4dff,a6177608,0.0
2025-02-06T06:24:00Z,147abc6a,8bab4dff,a6177608,0.0
2025-02-06T06:27:00Z,147abc6a,8bab4dff,a6177608,0.0
2025-02-06T06:30:00Z,147abc6a,8bab4dff,a6177608,0.0
2025-02-06T06:33:00Z,147abc6a,8bab4dff,a6177608,0.0
2025-02-06T06:36:00Z,147abc6a,8bab4dff,a6177608,0.0
2025-02-06T06:39:00Z,147abc6a,8bab4dff,a6177608,0.0
2025-02-06T06:42:00Z,147abc6a,8bab4dff,a6177608,0.0
2025-02-06T06:45:00Z,147abc6a,8bab4dff,a6177608,0.0
2025-02-06T06:48:00Z,147abc6a,8bab4dff,a6177608,0.0
2025-02-06T06:51:00Z,147abc6a,8bab4dff,a6177608,0.0
2025-02-06T06:54:00Z,147abc6a,8bab4dff,a6177608,0.0
2025-02-06T06:57:00Z,147abc6a,8bab4dff,a6177608,0.02
2025-02-06T07:00:00Z,147abc6a,8bab4dff,a6177608,0.0
2025-02-06T07:03:00Z,147abc6a,8bab4dff,a6177608,0.0
2025-02-06T07:06:00Z,147abc6a,8bab4dff,a6177608,0.0
2025-02-06T07:09:00Z,147abc6a,8bab4dff,a6177608,0.0
2025-02-06T07:12:00Z,147abc6a,8bab4dff,a6177608,0.0
2025-02-06T07:15:00Z,147abc6a,8bab4dff,a6177608,0.0
2025-02-06T07:18:00Z,147abc6a,8bab4dff,a6177608,0.0
2025-02-06T07:21:00Z,147abc6a,8bab4dff,a6177608,0.0
2025-02-06T07:24:00Z,147abc6a,8bab4dff,a6177608,0.0
2025-02-06T07:27:00Z,147abc6a,8bab4dff,a6177608,0.0
2025-02-06T07:30:00Z,147abc6a,8bab4dff,a6177608,0.0
2025-02-06T07:33:00Z,147abc6a,8bab4dff,a6177608,0.0
2025-02-06T07:36:00Z,147abc6a,8bab4dff,a6177608,0.0
2025-02-06T07:39:00Z,147abc6a,8bab4dff,a6177608,0.0
2025-02-06T07:42:00Z,147abc6a,8bab4dff,a6177608,0.0
2025-02-06T07:45:00Z,147abc6a,8bab4dff,a6177608,0.0
2025-02-06T07:48:00Z,147abc6a,8bab4dff,a6177608,0.0
2025-02-06T07:51:00Z,147abc6a,8bab4dff,a6177608,0.0
2025-02-06T07:54:00Z,147abc6a,8bab4dff,a6177608,0.0
2025-02-06T07:57:00Z,147abc6a,8bab4dff,a6177608,0.0
2025-02-06T08:00:00Z,147abc6a,8bab4dff,a6177608,0.0
2025-02-06T08:03:00Z,147abc6a,8bab4dff,a6177608,0.0
2025-02-06T08:06:00Z,147abc6a,8bab4dff,a6177608,0.0
2025-02-06T08:09:00Z,147abc6a,8bab4dff,a6177608,0.0
2025-02-06T08:12:00Z,147abc6a,8bab4dff,a6177608,0.0
2025-02-06T08:15:00Z,147abc6a,8bab4dff,a6177608,0.0
2025-02-06T08:18:00Z,147abc6a,8bab4dff,a6177608,0.0
2025-02-06T08:21:00Z,147abc6a,8bab4dff,a6177608,0.0
2025-02-06T08:24:00Z,147abc6a,8bab4dff,a6177608,0.0
2025-02-06T08:27:00Z,147abc6a,8bab4dff,a6177608,0.0
2025-02-06T08:30:00Z,147abc6a,8bab4dff,a6177608,0.0
2025-02-06T08:33:00Z,147abc6a,8bab4dff,a6177608,0.0
2025-02-06T08:36:00Z,147abc6a,8bab4dff,a6177608,0.0
2025-02-06T08:39:00Z,147abc6a,8bab4dff,a6177608,0.0
2025-02-06T08:42:00Z,147abc6a,8bab4dff,a6177608,0.0
2025-02-06T08:45:00Z,147abc6a,8bab4dff,a6177608,0.0
2025-02-06T08:48:00Z,147abc6a,8bab4dff,a6177608,0.0
2025-02-06T08:51:00Z,147abc6a,8bab4dff,a6177608,0.0
2025-02-06T08:54:00Z,147abc6a,8bab4dff,a6177608,0.0
2025-02-06T08:57:00Z,147abc6a,8bab4dff,a6177608,0.0
2025-02-06T09:00:00Z,147abc6a,8bab4dff,a6177608,0.0
2025-02-06T09:03:00Z,147abc6a,8bab4dff,a6177608,0.0
2025-02-06T09:06:00Z,147abc6a,8bab4dff,a6177608,0.0
2025-02-06T09:09:00Z,147abc6a,8bab4dff,a6177608,0.0
2025-02-06T09:12:00Z,147abc6a,8bab4dff,a6177608,0.0
2025-02-06T09:15:00Z,147abc6a,8bab4dff,a6177608,0.0
2025-02-06T09:18:00Z,147abc6a,8bab4dff,a6177608,0.0
2025-02-06T09:21:00Z,147abc6a,8bab4dff,a6177608,0.0
2025-02-06T09:24:00Z,147abc6a,8bab4dff,a6177608,0.0
2025-02-06T09:27:00Z,147abc6a,8bab4dff,a6177608,0.0
2025-02-06T09:30:00Z,147abc6a,8bab4dff,a6177608,0.0
2025-02-06T09:33:00Z,147abc6a,8bab4dff,a6177608,0.0
2025-02-06T09:36:00Z,147abc6a,8bab4dff,a6177608,0.0
2025-02-06T09:39:00Z,147abc6a,8bab4dff,a6177608,0.0
2025-02-06T09:42:00Z,147abc6a,8bab4dff,a6177608,0.0
2025-02-06T09:45:00Z,147abc6a,8bab4dff,a6177608,0.0
2025-02-06T09:48:00Z,147abc6a,8bab4dff,a6177608,0.0
2025-02-06T09:51:00Z,147abc6a,8bab4dff,a6177608,0.0
2025-02-06T09:54:00Z,147abc6a,8bab4dff,a6177608,0.0
2025-02-06T09:57:00Z,147abc6a,8bab4dff,a6177608,0.0
2025-02-06T10:00:00Z,147abc6a,8bab4dff,a6177608,0.0
2025-02-06T10:03:00Z,147abc6a,8bab4dff,a6177608,0.0
2025-02-06T10:06:00Z,147abc6a,8bab4dff,a6177608,0.0
2025-02-06T10:09:00Z,147abc6a,8bab4dff,a6177608,0.0
2025-02-06T10:12:00Z,147abc6a,8bab4dff,a6177608,0.0
2025-02-06T10:15:00Z,147abc6a,8bab4dff,a6177608,0.0
2025-02-06T10:18:00Z,147abc6a,8bab4dff,a6177608,0.0
2025-02-06T10:21:00Z,147abc6a,8bab4dff,a6177608,0.0
2025-02-06T10:24:00Z,147abc6a,8bab4dff,a6177608,0.0
2025-02-06T10:27:00Z,147abc6a,8bab4dff,a6177608,0.0
2025-02-06T10:30:00Z,147abc6a,8bab4dff,a6177608,0.0
2025-02-06T10:33:00Z,147abc6a,8bab4dff,a6177608,0.0
2025-02-06T10:36:00Z,147abc6a,8bab4dff,a6177608,0.0
2025-02-06T10:39:00Z,147abc6a,8bab4dff,a6177608,0.0
2025-02-06T10:42:00Z,147abc6a,8bab4dff,a6177608,0.0
2025-02-06T10:45:00Z,147abc6a,8bab4dff,a6177608,0.0
2025-02-06T10:48:00Z,147abc6a,8bab4dff,a6177608,0.0
2025-02-06T10:51:00Z,147abc6a,8bab4dff,a6177608,0.0
2025-02-06T10:54:00Z,147abc6a,8bab4dff,a6177608,0.0
2025-02-06T10:57:00Z,147abc6a,8bab4dff,a6177608,0.0
2025-02-06T11:00:00Z,147abc6a,8bab4dff,a6177608,0.0
2025-02-06T11:03:00Z,147abc6a,8bab4dff,a6177608,0.0
2025-02-06T11:06:00Z,147abc6a,8bab4dff,a6177608,0.0
2025-02-06T11:09:00Z,147abc6a,8bab4dff,a6177608,0.0
2025-02-06T11:12:00Z,147abc6a,8bab4dff,a6177608,0.0
2025-02-06T11:15:00Z,147abc6a,8bab4dff,a6177608,0.0
2025-02-06T11:18:00Z,147abc6a,8bab4dff,a6177608,0.0
2025-02-06T11:21:00Z,147abc6a,8bab4dff,a6177608,0.0
2025-02-06T11:24:00Z,147abc6a,8bab4dff,a6177608,0.0
2025-02-06T11:27:00Z,147abc6a,8bab4dff,a6177608,0.0
2025-02-06T11:30:00Z,147abc6a,8bab4dff,a6177608,0.0
2025-02-06T11:33:00Z,147abc6a,8bab4dff,a6177608,0.0
2025-02-06T11:36:00Z,147abc6a,8bab4dff,a6177608,0.0
2025-02-06T11:39:00Z,147abc6a,8bab4dff,a6177608,0.0
2025-02-06T11:42:00Z,147abc6a,8bab4dff,a6177608,0.0
2025-02-06T11:45:00Z,147abc6a,8bab4dff,a6177608,0.0
2025-02-06T11:48:00Z,147abc6a,8bab4dff,a6177608,0.0
2025-02-06T11:51:00Z,147abc6a,8bab4dff,a6177608,0.0
2025-02-06T11:54:00Z,147abc6a,8bab4dff,a6177608,0.0
2025-02-06T11:57:00Z,147abc6a,8bab4dff,a6177608,0.0
2025-02-06T12:00:00Z,147abc6a,8bab4dff,a6177608,0.0
2025-02-06T12:03:00Z,147abc6a,8bab4dff,a6177608,0.0
2025-02-06T12:06:00Z,147abc6a,8bab4dff,a6177608,0.0
2025-02-06T12:09:00Z,147abc6a,8bab4dff,a6177608,0.0
2025-02-06T12:12:00Z,147abc6a,8bab4dff,a6177608,0.0
2025-02-06T12:15:00Z,147abc6a,8bab4dff,a6177608,0.0
2025-02-06T12:18:00Z,147abc6a,8bab4dff,a6177608,0.0
2025-02-06T12:21:00Z,147abc6a,8bab4dff,a6177608,0.0
2025-02-06T12:24:00Z,147abc6a,8bab4dff,a6177608,0.0
2025-02-06T12:27:00Z,147abc6a,8bab4dff,a6177608,0.0
2025-02-06T12:30:00Z,147abc6a,8bab4dff,a6177608,0.0
2025-02-06T12:33:00Z,147abc6a,8bab4dff,a6177608,0.0
2025-02-06T12:36:00Z,147abc6a,8bab4dff,a6177608,0.0
2025-02-06T12:39:00Z,147abc6a,8bab4dff,a6177608,0.0
2025-02-06T12:42:00Z,147abc6a,8bab4dff,a6177608,0.0
2025-02-06T12:45:00Z,147abc6a,8bab4dff,a6177608,0.0
2025-02-06T12:48:00Z,147abc6a,8bab4dff,a6177608,0.0
2025-02-06T12:51:00Z,147abc6a,8bab4dff,a6177608,0.0
2025-02-06T12:54:00Z,147abc6a,8bab4dff,a6177608,0.0
2025-02-06T12:57:00Z,147abc6a,8bab4dff,a6177608,0.0
2025-02-06T13:00:00Z,147abc6a,8bab4dff,a6177608,0.0
2025-02-06T13:03:00Z,147abc6a,8bab4dff,a6177608,0.0
2025-02-06T13:06:00Z,147abc6a,8bab4dff,a6177608,0.0
2025-02-06T13:09:00Z,147abc6a,8bab4dff,a6177608,0.0
2025-02-06T13:12:00Z,147abc6a,8bab4dff,a6177608,0.0
2025-02-06T13:15:00Z,147abc6a,8bab4dff,a6177608,0.0
2025-02-06T13:18:00Z,147abc6a,8bab4dff,a6177608,0.0
2025-02-06T13:21:00Z,147abc6a,8bab4dff,a6177608,0.0
2025-02-06T13:24:00Z,147abc6a,8bab4dff,a6177608,0.0
2025-02-06T13:27:00Z,147abc6a,8bab4dff,a6177608,0.0
2025-02-06T13:30:00Z,147abc6a,8bab4dff,a6177608,0.0
2025-02-06T13:33:00Z,147abc6a,8bab4dff,a6177608,0.0
2025-02-06T13:36:00Z,147abc6a,8bab4dff,a6177608,0.0
2025-02-06T13:39:00Z,147abc6a,8bab4dff,a6177608,0.0
2025-02-06T13:42:00Z,147abc6a,8bab4dff,a6177608,0.0
2025-02-06T13:45:00Z,147abc6a,8bab4dff,a6177608,0.0
2025-02-06T13:48:00Z,147abc6a,8bab4dff,a6177608,0.0
2025-02-06T13:51:00Z,147abc6a,8bab4dff,a6177608,0.0
2025-02-06T13:54:00Z,147abc6a,8bab4dff,a6177608,0.0
2025-02-06T13:57:00Z,147abc6a,8bab4dff,a6177608,0.0
2025-02-06T14:00:00Z,147abc6a,8bab4dff,a6177608,0.0
2025-02-06T14:03:00Z,147abc6a,8bab4dff,a6177608,0.0
2025-02-06T14:06:00Z,147abc6a,8bab4dff,a6177608,0.0
2025-02-06T14:09:00Z,147abc6a,8bab4dff,a6177608,0.0
2025-02-06T14:12:00Z,147abc6a,8bab4dff,a6177608,0.0
2025-02-06T14:15:00Z,147abc6a,8bab4dff,a6177608,0.0
2025-02-06T14:18:00Z,147abc6a,8bab4dff,a6177608,0.0
2025-02-06T14:21:00Z,147abc6a,8bab4dff,a6177608,0.0
2025-02-06T14:24:00Z,147abc6a,8bab4dff,a6177608,0.0
2025-02-06T14:27:00Z,147abc6a,8bab4dff,a6177608,0.0
2025-02-06T14:30:00Z,147abc6a,8bab4dff,a6177608,0.0
2025-02-06T14:33:00Z,147abc6a,8bab4dff,a6177608,0.0
2025-02-06T14:36:00Z,147abc6a,8bab4dff,a6177608,0.0
2025-02-06T14:39:00Z,147abc6a,8bab4dff,a6177608,0.0
2025-02-06T14:42:00Z,147abc6a,8bab4dff,a6177608,0.0
2025-02-06T14:45:00Z,147abc6a,8bab4dff,a6177608,0.0
2025-02-06T14:48:00Z,147abc6a,8bab4dff,a6177608,0.0
2025-02-06T14:51:00Z,147abc6a,8bab4dff,a6177608,0.0
2025-02-06T14:54:00Z,147abc6a,8bab4dff,a6177608,0.0
2025-02-06T14:57:00Z,147abc6a,8bab4dff,a6177608,0.0
2025-02-06T15:00:00Z,147abc6a,8bab4dff,a6177608,0.0
2025-02-06T15:03:00Z,147abc6a,8bab4dff,a6177608,0.0
2025-02-06T15:06:00Z,147abc6a,8bab4dff,a6177608,0.0
2025-02-06T15:09:00Z,147abc6a,8bab4dff,a6177608,0.0
2025-02-06T15:12:00Z,147abc6a,8bab4dff,a6177608,0.0
2025-02-06T15:15:00Z,147abc6a,8bab4dff,a6177608,0.0
2025-02-06T15:18:00Z,147abc6a,8bab4dff,a6177608,0.0
2025-02-06T15:21:00Z,147abc6a,8bab4dff,a6177608,0.0
2025-02-06T15:24:00Z,147abc6a,8bab4dff,a6177608,0.0
2025-02-06T15:27:00Z,147abc6a,8bab4dff,a6177608,0.0
2025-02-06T15:30:00Z,147abc6a,8bab4dff,a6177608,0.0
2025-02-06T15:33:00Z,147abc6a,8bab4dff,a6177608,0.0
2025-02-06T15:36:00Z,147abc6a,8bab4dff,a6177608,0.0
2025-02-06T15:39:00Z,147abc6a,8bab4dff,a6177608,0.0
2025-02-06T15:42:00Z,147abc6a,8bab4dff,a6177608,0.0
2025-02-06T15:45:00Z,147abc6a,8bab4dff,a6177608,0.0
2025-02-06T15:48:00Z,147abc6a,8bab4dff,a6177608,0.0
2025-02-06T15:51:00Z,147abc6a,8bab4dff,a6177608,0.0
2025-02-06T15:54:00Z,147abc6a,8bab4dff,a6177608,0.0
2025-02-06T15:57:00Z,147abc6a,8bab4dff,a6177608,0.0
2025-02-06T16:00:00Z,147abc6a,8bab4dff,a6177608,0.0
2025-02-06T16:03:00Z,147abc6a,8bab4dff,a6177608,0.0
2025-02-06T16:06:00Z,147abc6a,8bab4dff,a6177608,0.0
2025-02-06T16:09:00Z,147abc6a,8bab4dff,a6177608,0.0
2025-02-06T16:12:00Z,147abc6a,8bab4dff,a6177608,0.0
2025-02-06T16:15:00Z,147abc6a,8bab4dff,a6177608,0.0
2025-02-06T16:18:00Z,147abc6a,8bab4dff,a6177608,0.0
2025-02-06T16:21:00Z,147abc6a,8bab4dff,a6177608,0.0
2025-02-06T16:24:00Z,147abc6a,8bab4dff,a6177608,0.0
2025-02-06T16:27:00Z,147abc6a,8bab4dff,a6177608,0.0
2025-02-06T16:30:00Z,147abc6a,8bab4dff,a6177608,0.0
2025-02-06T16:33:00Z,147abc6a,8bab4dff,a6177608,0.0
2025-02-06T16:36:00Z,147abc6a,8bab4dff,a6177608,0.0
2025-02-06T16:39:00Z,147abc6a,8bab4dff,a6177608,0.0
2025-02-06T16:42:00Z,147abc6a,8bab4dff,a6177608,0.0
2025-02-06T16:45:00Z,147abc6a,8bab4dff,a6177608,0.0
2025-02-06T16:48:00Z,147abc6a,8bab4dff,a6177608,0.0
2025-02-06T16:51:00Z,147abc6a,8bab4dff,a6177608,0.0
2025-02-06T16:54:00Z,147abc6a,8bab4dff,a6177608,0.0
2025-02-06T16:57:00Z,147abc6a,8bab4dff,a6177608,0.0
2025-02-06T17:00:00Z,147abc6a,8bab4dff,a6177608,0.0
2025-02-06T17:03:00Z,147abc6a,8bab4dff,a6177608,0.0
2025-02-06T17:06:00Z,147abc6a,8bab4dff,a6177608,0.0
2025-02-06T17:09:00Z,147abc6a,8bab4dff,a6177608,0.0
2025-02-06T17:12:00Z,147abc6a,8bab4dff,a6177608,0.0
2025-02-06T17:15:00Z,147abc6a,8bab4dff,a6177608,0.0
2025-02-06T17:18:00Z,147abc6a,8bab4dff,a6177608,0.0
2025-02-06T17:21:00Z,147abc6a,8bab4dff,a6177608,0.0
2025-02-06T17:24:00Z,147abc6a,8bab4dff,a6177608,0.0
2025-02-06T17:27:00Z,147abc6a,8bab4dff,a6177608,0.0
2025-02-06T17:30:00Z,147abc6a,8bab4dff,a6177608,0.0
2025-02-06T17:33:00Z,147abc6a,8bab4dff,a6177608,0.0
2025-02-06T17:36:00Z,147abc6a,8bab4dff,a6177608,0.0
2025-02-06T17:39:00Z,147abc6a,8bab4dff,a6177608,0.0
2025-02-06T17:42:00Z,147abc6a,8bab4dff,a6177608,0.0
2025-02-06T17:45:00Z,147abc6a,8bab4dff,a6177608,0.0
2025-02-06T17:48:00Z,147abc6a,8bab4dff,a6177608,0.0
2025-02-06T17:51:00Z,147abc6a,8bab4dff,a6177608,0.0
2025-02-06T17:54:00Z,147abc6a,8bab4dff,a6177608,0.0
2025-02-06T17:57:00Z,147abc6a,8bab4dff,a6177608,0.0
2025-02-06T18:00:00Z,147abc6a,8bab4dff,a6177608,0.0
2025-02-06T18:03:00Z,147abc6a,8bab4dff,a6177608,0.0
2025-02-06T18:06:00Z,147abc6a,8bab4dff,a6177608,0.0
2025-02-06T18:09:00Z,147abc6a,8bab4dff,a6177608,0.0
2025-02-06T18:12:00Z,147abc6a,8bab4dff,a6177608,0.0
2025-02-06T18:15:00Z,147abc6a,8bab4dff,a6177608,0.0
2025-02-06T18:18:00Z,147abc6a,8bab4dff,a6177608,0.0
2025-02-06T18:21:00Z,147abc6a,8bab4dff,a6177608,0.0
2025-02-06T18:24:00Z,147abc6a,8bab4dff,a6177608,0.0
2025-02-06T18:27:00Z,147abc6a,8bab4dff,a6177608,0.0
2025-02-06T18:30:00Z,147abc6a,8bab4dff,a6177608,0.0
2025-02-06T18:33:00Z,147abc6a,8bab4dff,a6177608,0.0
2025-02-06T18:36:00Z,147abc6a,8bab4dff,a6177608,0.0
2025-02-06T18:39:00Z,147abc6a,8bab4dff,a6177608,0.0
2025-02-06T18:42:00Z,147abc6a,8bab4dff,a6177608,0.0
2025-02-06T18:45:00Z,147abc6a,8bab4dff,a6177608,0.0
2025-02-06T18:48:00Z,147abc6a,8bab4dff,a6177608,0.0
2025-02-06T18:51:00Z,147abc6a,8bab4dff,a6177608,0.0
2025-02-06T18:54:00Z,147abc6a,8bab4dff,a6177608,0.0
2025-02-06T18:57:00Z,147abc6a,8bab4dff,a6177608,0.0
2025-02-06T19:00:00Z,147abc6a,8bab4dff,a6177608,0.0
2025-02-06T19:03:00Z,147abc6a,8bab4dff,a6177608,0.0
2025-02-06T19:06:00Z,147abc6a,8bab4dff,a6177608,0.0
2025-02-06T19:09:00Z,147abc6a,8bab4dff,a6177608,0.0
2025-02-06T19:12:00Z,147abc6a,8bab4dff,a6177608,0.0
2025-02-06T19:15:00Z,147abc6a,8bab4dff,a6177608,0.0
2025-02-06T19:18:00Z,147abc6a,8bab4dff,a6177608,0.0
2025-02-06T19:21:00Z,147abc6a,8bab4dff,a6177608,0.0
2025-02-06T19:24:00Z,147abc6a,8bab4dff,a6177608,0.0
2025-02-06T19:27:00Z,147abc6a,8bab4dff,a6177608,0.0
2025-02-06T19:30:00Z,147abc6a,8bab4dff,a6177608,0.0
2025-02-06T19:33:00Z,147abc6a,8bab4dff,a6177608,0.0
2025-02-06T19:36:00Z,147abc6a,8bab4dff,a6177608,0.0
2025-02-06T19:39:00Z,147abc6a,8bab4dff,a6177608,0.0
2025-02-06T19:42:00Z,147abc6a,8bab4dff,a6177608,0.0
2025-02-06T19:45:00Z,147abc6a,8bab4dff,a6177608,0.0
2025-02-06T19:48:00Z,147abc6a,8bab4dff,a6177608,0.0
2025-02-06T19:51:00Z,147abc6a,8bab4dff,a6177608,0.0
2025-02-06T19:54:00Z,147abc6a,8bab4dff,a6177608,0.0
2025-02-06T19:57:00Z,147abc6a,8bab4dff,a6177608,0.0
2025-02-06T20:00:00Z,147abc6a,8bab4dff,a6177608,0.0
2025-02-06T20:03:00Z,147abc6a,8bab4dff,a6177608,0.0
2025-02-06T20:06:00Z,147abc6a,8bab4dff,a6177608,0.0
2025-02-06T20:09:00Z,147abc6a,8bab4dff,a6177608,0.0
2025-02-06T20:12:00Z,147abc6a,8bab4dff,a6177608,0.0
2025-02-06T20:15:00Z,147abc6a,8bab4dff,a6177608,0.0
2025-02-06T20:18:00Z,147abc6a,8bab4dff,a6177608,0.0
2025-02-06T20:21:00Z,147abc6a,8bab4dff,a6177608,0.0
2025-02-06T20:24:00Z,147abc6a,8bab4dff,a6177608,0.0
2025-02-06T20:27:00Z,147abc6a,8bab4dff,a6177608,0.0
2025-02-06T20:30:00Z,147abc6a,8bab4dff,a6177608,0.0
2025-02-06T20:33:00Z,147abc6a,8bab4dff,a6177608,0.0
2025-02-06T20:36:00Z,147abc6a,8bab4dff,a6177608,0.0
2025-02-06T20:39:00Z,147abc6a,8bab4dff,a6177608,0.0
2025-02-06T20:42:00Z,147abc6a,8bab4dff,a6177608,0.0
2025-02-06T20:45:00Z,147abc6a,8bab4dff,a6177608,0.0
2025-02-06T20:48:00Z,147abc6a,8bab4dff,a6177608,0.0
2025-02-06T20:51:00Z,147abc6a,8bab4dff,a6177608,0.0
2025-02-06T20:54:00Z,147abc6a,8bab4dff,a6177608,0.0
2025-02-06T20:57:00Z,147abc6a,8bab4dff,a6177608,0.0
2025-02-06T21:00:00Z,147abc6a,8bab4dff,a6177608,0.0
2025-02-06T21:03:00Z,147abc6a,8bab4dff,a6177608,0.0
2025-02-06T21:06:00Z,147abc6a,8bab4dff,a6177608,0.0
2025-02-06T21:09:00Z,147abc6a,8bab4dff,a6177608,0.0
2025-02-06T21:12:00Z,147abc6a,8bab4dff,a6177608,0.0
2025-02-06T21:15:00Z,147abc6a,8bab4dff,a6177608,0.0
2025-02-06T21:18:00Z,147abc6a,8bab4dff,a6177608,0.01
2025-02-06T21:21:00Z,147abc6a,8bab4dff,a6177608,0.0
2025-02-06T21:24:00Z,147abc6a,8bab4dff,a6177608,0.0
2025-02-06T21:27:00Z,147abc6a,8bab4dff,a6177608,0.0
2025-02-06T21:30:00Z,147abc6a,8bab4dff,a6177608,0.0
2025-02-06T21:33:00Z,147abc6a,8bab4dff,a6177608,0.0
2025-02-06T21:36:00Z,147abc6a,8bab4dff,a6177608,0.0
2025-02-06T21:39:00Z,147abc6a,8bab4dff,a6177608,0.0
2025-02-06T21:42:00Z,147abc6a,8bab4dff,a6177608,0.0
2025-02-06T21:45:00Z,147abc6a,8bab4dff,a6177608,0.0
2025-02-06T21:48:00Z,147abc6a,8bab4dff,a6177608,0.0
2025-02-06T21:51:00Z,147abc6a,8bab4dff,a6177608,0.0
2025-02-06T21:54:00Z,147abc6a,8bab4dff,a6177608,0.0
2025-02-06T21:57:00Z,147abc6a,8bab4dff,a6177608,0.0
2025-02-06T22:00:00Z,147abc6a,8bab4dff,a6177608,0.0
2025-02-06T22:03:00Z,147abc6a,8bab4dff,a6177608,0.0
2025-02-06T22:06:00Z,147abc6a,8bab4dff,a6177608,0.0
2025-02-06T22:09:00Z,147abc6a,8bab4dff,a6177608,0.0
2025-02-06T22:12:00Z,147abc6a,8bab4dff,a6177608,0.0
2025-02-06T22:15:00Z,147abc6a,8bab4dff,a6177608,0.0
2025-02-06T22:18:00Z,147abc6a,8bab4dff,a6177608,0.0
2025-02-06T22:21:00Z,147abc6a,8bab4dff,a6177608,0.0
2025-02-06T22:24:00Z,147abc6a,8bab4dff,a6177608,0.0
2025-02-06T22:27:00Z,147abc6a,8bab4dff,a6177608,0.0
2025-02-06T22:30:00Z,147abc6a,8bab4dff,a6177608,0.0
2025-02-06T22:33:00Z,147abc6a,8bab4dff,a6177608,0.0
2025-02-06T22:36:00Z,147abc6a,8bab4dff,a6177608,0.0
2025-02-06T22:39:00Z,147abc6a,8bab4dff,a6177608,0.0
2025-02-06T22:42:00Z,147abc6a,8bab4dff,a6177608,0.0
2025-02-06T22:45:00Z,147abc6a,8bab4dff,a6177608,0.0
2025-02-06T22:48:00Z,147abc6a,8bab4dff,a6177608,0.0
2025-02-06T22:51:00Z,147abc6a,8bab4dff,a6177608,0.0
2025-02-06T22:54:00Z,147abc6a,8bab4dff,a6177608,0.0
2025-02-06T22:57:00Z,147abc6a,8bab4dff,a6177608,0.0
2025-02-06T23:00:00Z,147abc6a,8bab4dff,a6177608,0.0
2025-02-06T23:03:00Z,147abc6a,8bab4dff,a6177608,0.0
2025-02-06T23:06:00Z,147abc6a,8bab4dff,a6177608,0.0
2025-02-06T23:09:00Z,147abc6a,8bab4dff,a6177608,0.0
2025-02-06T23:12:00Z,147abc6a,8bab4dff,a6177608,0.0
2025-02-06T23:15:00Z,147abc6a,8bab4dff,a6177608,0.0
2025-02-06T23:18:00Z,147abc6a,8bab4dff,a6177608,0.0
2025-02-06T23:21:00Z,147abc6a,8bab4dff,a6177608,0.0
2025-02-06T23:24:00Z,147abc6a,8bab4dff,a6177608,0.0
2025-02-06T23:27:00Z,147abc6a,8bab4dff,a6177608,0.0
2025-02-06T23:30:00Z,147abc6a,8bab4dff,a6177608,0.0
2025-02-06T23:33:00Z,147abc6a,8bab4dff,a6177608,0.0
2025-02-06T23:36:00Z,147abc6a,8bab4dff,a6177608,0.0
2025-02-06T23:39:00Z,147abc6a,8bab4dff,a6177608,0.0
2025-02-06T23:42:00Z,147abc6a,8bab4dff,a6177608,0.0
2025-02-06T23:45:00Z,147abc6a,8bab4dff,a6177608,0.0
2025-02-06T23:48:00Z,147abc6a,8bab4dff,a6177608,0.0
2025-02-06T23:51:00Z,147abc6a,8bab4dff,a6177608,0.0
2025-02-06T23:54:00Z,147abc6a,8bab4dff,a6177608,0.0
2025-02-06T23:57:00Z,147abc6a,8bab4dff,a6177608,0.0
2025-02-07T00:00:00Z,147abc6a,8bab4dff,a6177608,0.0
2025-02-07T00:03:00Z,147abc6a,8bab4dff,a6177608,0.0
2025-02-07T00:06:00Z,147abc6a,8bab4dff,a6177608,0.0
2025-02-07T00:09:00Z,147abc6a,8bab4dff,a6177608,0.0
2025-02-07T00:12:00Z,147abc6a,8bab4dff,a6177608,0.0
2025-02-07T00:15:00Z,147abc6a,8bab4dff,a6177608,0.0
2025-02-07T00:18:00Z,147abc6a,8bab4dff,a6177608,0.0
2025-02-07T00:21:00Z,147abc6a,8bab4dff,a6177608,0.0
2025-02-07T00:24:00Z,147abc6a,8bab4dff,a6177608,0.0
2025-02-07T00:27:00Z,147abc6a,8bab4dff,a6177608,0.0
2025-02-07T00:30:00Z,147abc6a,8bab4dff,a6177608,0.0
2025-02-07T00:33:00Z,147abc6a,8bab4dff,a6177608,0.0
2025-02-07T00:36:00Z,147abc6a,8bab4dff,a6177608,0.0
2025-02-07T00:39:00Z,147abc6a,8bab4dff,a6177608,0.0
2025-02-07T00:42:00Z,147abc6a,8bab4dff,a6177608,0.0
2025-02-07T00:45:00Z,147abc6a,8bab4dff,a6177608,0.0
2025-02-07T00:48:00Z,147abc6a,8bab4dff,a6177608,0.0
2025-02-07T00:51:00Z,147abc6a,8bab4dff,a6177608,0.0
2025-02-07T00:54:00Z,147abc6a,8bab4dff,a6177608,0.0
2025-02-07T00:57:00Z,147abc6a,8bab4dff,a6177608,0.0
2025-02-07T01:00:00Z,147abc6a,8bab4dff,a6177608,0.0
2025-02-07T01:03:00Z,147abc6a,8bab4dff,a6177608,0.0
2025-02-07T01:06:00Z,147abc6a,8bab4dff,a6177608,0.0
2025-02-07T01:09:00Z,147abc6a,8bab4dff,a6177608,0.0
2025-02-07T01:12:00Z,147abc6a,8bab4dff,a6177608,0.0
2025-02-07T01:15:00Z,147abc6a,8bab4dff,a6177608,0.0
2025-02-07T01:18:00Z,147abc6a,8bab4dff,a6177608,0.0
2025-02-07T01:21:00Z,147abc6a,8bab4dff,a6177608,0.0
2025-02-07T01:24:00Z,147abc6a,8bab4dff,a6177608,0.0
2025-02-07T01:27:00Z,147abc6a,8bab4dff,a6177608,0.0
2025-02-07T01:30:00Z,147abc6a,8bab4dff,a6177608,0.0
2025-02-07T01:33:00Z,147abc6a,8bab4dff,a6177608,0.0
2025-02-07T01:36:00Z,147abc6a,8bab4dff,a6177608,0.0
2025-02-07T01:39:00Z,147abc6a,8bab4dff,a6177608,0.0
2025-02-07T01:42:00Z,147abc6a,8bab4dff,a6177608,0.0
2025-02-07T01:45:00Z,147abc6a,8bab4dff,a6177608,0.0
2025-02-07T01:48:00Z,147abc6a,8bab4dff,a6177608,0.0
2025-02-07T01:51:00Z,147abc6a,8bab4dff,a6177608,0.0
2025-02-07T01:54:00Z,147abc6a,8bab4dff,a6177608,0.0
2025-02-07T01:57:00Z,147abc6a,8bab4dff,a6177608,0.0
2025-02-07T02:00:00Z,147abc6a,8bab4dff,a6177608,0.0
2025-02-07T02:03:00Z,147abc6a,8bab4dff,a6177608,0.0
2025-02-07T02:06:00Z,147abc6a,8bab4dff,a6177608,0.0
2025-02-07T02:09:00Z,147abc6a,8bab4dff,a6177608,0.0
2025-02-07T02:12:00Z,147abc6a,8bab4dff,a6177608,0.0
2025-02-07T02:15:00Z,147abc6a,8bab4dff,a6177608,0.0
2025-02-07T02:18:00Z,147abc6a,8bab4dff,a6177608,0.0
2025-02-07T02:21:00Z,147abc6a,8bab4dff,a6177608,0.0
2025-02-07T02:24:00Z,147abc6a,8bab4dff,a6177608,0.0
2025-02-07T02:27:00Z,147abc6a,8bab4dff,a6177608,0.0
2025-02-07T02:30:00Z,147abc6a,8bab4dff,a6177608,0.0
2025-02-07T02:33:00Z,147abc6a,8bab4dff,a6177608,0.0
2025-02-07T02:36:00Z,147abc6a,8bab4dff,a6177608,0.0
2025-02-07T02:39:00Z,147abc6a,8bab4dff,a6177608,0.0
2025-02-07T02:42:00Z,147abc6a,8bab4dff,a6177608,0.0
2025-02-07T02:45:00Z,147abc6a,8bab4dff,a6177608,0.0
2025-02-07T02:48:00Z,147abc6a,8bab4dff,a6177608,0.0
2025-02-07T02:51:00Z,147abc6a,8bab4dff,a6177608,0.0
2025-02-07T02:54:00Z,147abc6a,8bab4dff,a6177608,0.0
2025-02-07T02:57:00Z,147abc6a,8bab4dff,a6177608,0.0
2025-02-07T03:00:00Z,147abc6a,8bab4dff,a6177608,0.0
2025-02-07T03:03:00Z,147abc6a,8bab4dff,a6177608,0.0
2025-02-07T03:06:00Z,147abc6a,8bab4dff,a6177608,0.0
2025-02-07T03:09:00Z,147abc6a,8bab4dff,a6177608,0.0
2025-02-07T03:12:00Z,147abc6a,8bab4dff,a6177608,0.0
2025-02-07T03:15:00Z,147abc6a,8bab4dff,a6177608,0.0
2025-02-07T03:18:00Z,147abc6a,8bab4dff,a6177608,0.0
2025-02-07T03:21:00Z,147abc6a,8bab4dff,a6177608,0.0
2025-02-07T03:24:00Z,147abc6a,8bab4dff,a6177608,0.0
2025-02-07T03:27:00Z,147abc6a,8bab4dff,a6177608,0.0
2025-02-07T03:30:00Z,147abc6a,8bab4dff,a6177608,0.0
2025-02-07T03:33:00Z,147abc6a,8bab4dff,a6177608,0.0
2025-02-07T03:36:00Z,147abc6a,8bab4dff,a6177608,0.0
2025-02-07T03:39:00Z,147abc6a,8bab4dff,a6177608,0.0
2025-02-07T03:42:00Z,147abc6a,8bab4dff,a6177608,0.0
2025-02-07T03:45:00Z,147abc6a,8bab4dff,a6177608,0.0
2025-02-07T03:48:00Z,147abc6a,8bab4dff,a6177608,0.0
2025-02-07T03:51:00Z,147abc6a,8bab4dff,a6177608,0.0
2025-02-07T03:54:00Z,147abc6a,8bab4dff,a6177608,0.0
2025-02-07T03:57:00Z,147abc6a,8bab4dff,a6177608,0.0
2025-02-07T04:00:00Z,147abc6a,8bab4dff,a6177608,0.0
2025-02-07T04:03:00Z,147abc6a,8bab4dff,a6177608,0.0
2025-02-07T04:06:00Z,147abc6a,8bab4dff,a6177608,0.0
2025-02-07T04:09:00Z,147abc6a,8bab4dff,a6177608,0.0
2025-02-07T04:12:00Z,147abc6a,8bab4dff,a6177608,0.0
2025-02-07T04:15:00Z,147abc6a,8bab4dff,a6177608,0.0
2025-02-07T04:18:00Z,147abc6a,8bab4dff,a6177608,0.0
2025-02-07T04:21:00Z,147abc6a,8bab4dff,a6177608,0.0
2025-02-07T04:24:00Z,147abc6a,8bab4dff,a6177608,0.0
2025-02-07T04:27:00Z,147abc6a,8bab4dff,a6177608,0.0
2025-02-07T04:30:00Z,147abc6a,8bab4dff,a6177608,0.0
2025-02-07T04:33:00Z,147abc6a,8bab4dff,a6177608,0.0
2025-02-07T04:36:00Z,147abc6a,8bab4dff,a6177608,0.0
2025-02-07T04:39:00Z,147abc6a,8bab4dff,a6177608,0.0
2025-02-07T04:42:00Z,147abc6a,8bab4dff,a6177608,0.0
2025-02-07T04:45:00Z,147abc6a,8bab4dff,a6177608,0.0
2025-02-07T04:48:00Z,147abc6a,8bab4dff,a6177608,0.0
2025-02-07T04:51:00Z,147abc6a,8bab4dff,a6177608,0.0
2025-02-07T04:54:00Z,147abc6a,8bab4dff,a6177608,0.0
2025-02-07T04:57:00Z,147abc6a,8bab4dff,a6177608,0.0
2025-02-07T05:00:00Z,147abc6a,8bab4dff,a6177608,0.0
2025-02-07T05:03:00Z,147abc6a,8bab4dff,a6177608,0.0
2025-02-07T05:06:00Z,147abc6a,8bab4dff,a6177608,0.0
2025-02-07T05:09:00Z,147abc6a,8bab4dff,a6177608,0.0
2025-02-07T05:12:00Z,147abc6a,8bab4dff,a6177608,0.0
2025-02-07T05:15:00Z,147abc6a,8bab4dff,a6177608,0.0
2025-02-07T05:18:00Z,147abc6a,8bab4dff,a6177608,0.0
2025-02-07T05:21:00Z,147abc6a,8bab4dff,a6177608,0.0
2025-02-07T05:24:00Z,147abc6a,8bab4dff,a6177608,0.0
2025-02-07T05:27:00Z,147abc6a,8bab4dff,a6177608,0.0
2025-02-07T05:30:00Z,147abc6a,8bab4dff,a6177608,0.0
2025-02-07T05:33:00Z,147abc6a,8bab4dff,a6177608,0.0
2025-02-07T05:36:00Z,147abc6a,8bab4dff,a6177608,0.0
2025-02-07T05:39:00Z,147abc6a,8bab4dff,a6177608,0.0
2025-02-07T05:42:00Z,147abc6a,8bab4dff,a6177608,0.0
2025-02-07T05:45:00Z,147abc6a,8bab4dff,a6177608,0.0
2025-02-07T05:48:00Z,147abc6a,8bab4dff,a6177608,0.0
2025-02-07T05:51:00Z,147abc6a,8bab4dff,a6177608,0.0
2025-02-07T05:54:00Z,147abc6a,8bab4dff,a6177608,0.0
2025-02-07T05:57:00Z,147abc6a,8bab4dff,a6177608,0.0
2025-02-07T06:00:00Z,147abc6a,8bab4dff,a6177608,0.0
2025-02-07T06:03:00Z,147abc6a,8bab4dff,a6177608,0.0
2025-02-07T06:06:00Z,147abc6a,8bab4dff,a6177608,0.0
2025-02-07T06:09:00Z,147abc6a,8bab4dff,a6177608,0.0
2025-02-07T06:12:00Z,147abc6a,8bab4dff,a6177608,0.0
2025-02-07T06:15:00Z,147abc6a,8bab4dff,a6177608,0.0
2025-02-07T06:18:00Z,147abc6a,8bab4dff,a6177608,0.0
2025-02-07T06:21:00Z,147abc6a,8bab4dff,a6177608,0.0
2025-02-07T06:24:00Z,147abc6a,8bab4dff,a6177608,0.0
2025-02-07T06:27:00Z,147abc6a,8bab4dff,a6177608,0.06
2025-02-07T06:30:00Z,147abc6a,8bab4dff,a6177608,0.08
2025-02-07T06:33:00Z,147abc6a,8bab4dff,a6177608,0.0
2025-02-07T06:36:00Z,147abc6a,8bab4dff,a6177608,0.0
2025-02-07T06:39:00Z,147abc6a,8bab4dff,a6177608,0.0
2025-02-07T06:42:00Z,147abc6a,8bab4dff,a6177608,0.0
2025-02-07T06:45:00Z,147abc6a,8bab4dff,a6177608,0.0
2025-02-07T06:48:00Z,147abc6a,8bab4dff,a6177608,0.0
2025-02-07T06:51:00Z,147abc6a,8bab4dff,a6177608,0.0
2025-02-07T06:54:00Z,147abc6a,8bab4dff,a6177608,0.0
2025-02-07T06:57:00Z,147abc6a,8bab4dff,a6177608,0.0
2025-02-07T07:00:00Z,147abc6a,8bab4dff,a6177608,0.0
2025-02-07T07:03:00Z,147abc6a,8bab4dff,a6177608,0.0
2025-02-07T07:06:00Z,147abc6a,8bab4dff,a6177608,0.0
2025-02-07T07:09:00Z,147abc6a,8bab4dff,a6177608,0.0
2025-02-07T07:12:00Z,147abc6a,8bab4dff,a6177608,0.0
2025-02-07T07:15:00Z,147abc6a,8bab4dff,a6177608,0.0
2025-02-07T07:18:00Z,147abc6a,8bab4dff,a6177608,0.0
2025-02-07T07:21:00Z,147abc6a,8bab4dff,a6177608,0.0
2025-02-07T07:24:00Z,147abc6a,8bab4dff,a6177608,0.0
2025-02-07T07:27:00Z,147abc6a,8bab4dff,a6177608,0.0
2025-02-07T07:30:00Z,147abc6a,8bab4dff,a6177608,0.0
2025-02-07T07:33:00Z,147abc6a,8bab4dff,a6177608,0.0
2025-02-07T07:36:00Z,147abc6a,8bab4dff,a6177608,0.0
2025-02-07T07:39:00Z,147abc6a,8bab4dff,a6177608,0.0
2025-02-07T07:42:00Z,147abc6a,8bab4dff,a6177608,0.0
2025-02-07T07:45:00Z,147abc6a,8bab4dff,a6177608,0.0
2025-02-07T07:48:00Z,147abc6a,8bab4dff,a6177608,0.0
2025-02-07T07:51:00Z,147abc6a,8bab4dff,a6177608,0.0
2025-02-07T07:54:00Z,147abc6a,8bab4dff,a6177608,0.0
2025-02-07T07:57:00Z,147abc6a,8bab4dff,a6177608,0.0
2025-02-07T08:00:00Z,147abc6a,8bab4dff,a6177608,0.01
2025-02-07T08:03:00Z,147abc6a,8bab4dff,a6177608,0.0
2025-02-07T08:06:00Z,147abc6a,8bab4dff,a6177608,0.0
2025-02-07T08:09:00Z,147abc6a,8bab4dff,a6177608,0.0
2025-02-07T08:12:00Z,147abc6a,8bab4dff,a6177608,0.0
2025-02-07T08:15:00Z,147abc6a,8bab4dff,a6177608,0.0
2025-02-07T08:18:00Z,147abc6a,8bab4dff,a6177608,0.0
2025-02-07T08:21:00Z,147abc6a,8bab4dff,a6177608,0.0
2025-02-07T08:24:00Z,147abc6a,8bab4dff,a6177608,0.0
2025-02-07T08:27:00Z,147abc6a,8bab4dff,a6177608,0.0
2025-02-07T08:30:00Z,147abc6a,8bab4dff,a6177608,0.0
2025-02-07T08:33:00Z,147abc6a,8bab4dff,a6177608,0.0
2025-02-07T08:36:00Z,147abc6a,8bab4dff,a6177608,0.0
2025-02-07T08:39:00Z,147abc6a,8bab4dff,a6177608,0.0
2025-02-07T08:42:00Z,147abc6a,8bab4dff,a6177608,0.0
2025-02-07T08:45:00Z,147abc6a,8bab4dff,a6177608,0.0
2025-02-07T08:48:00Z,147abc6a,8bab4dff,a6177608,0.0
2025-02-07T08:51:00Z,147abc6a,8bab4dff,a6177608,0.0
2025-02-07T08:54:00Z,147abc6a,8bab4dff,a6177608,0.0
2025-02-07T08:57:00Z,147abc6a,8bab4dff,a6177608,0.0
2025-02-07T09:00:00Z,147abc6a,8bab4dff,a6177608,0.0
2025-02-07T09:03:00Z,147abc6a,8bab4dff,a6177608,0.0
2025-02-07T09:06:00Z,147abc6a,8bab4dff,a6177608,0.0
2025-02-07T09:09:00Z,147abc6a,8bab4dff,a6177608,0.0
2025-02-07T09:12:00Z,147abc6a,8bab4dff,a6177608,0.0
2025-02-07T09:15:00Z,147abc6a,8bab4dff,a6177608,0.0
2025-02-07T09:18:00Z,147abc6a,8bab4dff,a6177608,0.0
2025-02-07T09:21:00Z,147abc6a,8bab4dff,a6177608,0.0
2025-02-07T09:24:00Z,147abc6a,8bab4dff,a6177608,0.0
2025-02-07T09:27:00Z,147abc6a,8bab4dff,a6177608,0.0
2025-02-07T09:30:00Z,147abc6a,8bab4dff,a6177608,0.1
2025-02-07T09:33:00Z,147abc6a,8bab4dff,a6177608,0.43
2025-02-07T09:36:00Z,147abc6a,8bab4dff,a6177608,0.0
2025-02-07T09:39:00Z,147abc6a,8bab4dff,a6177608,0.0
2025-02-07T09:42:00Z,147abc6a,8bab4dff,a6177608,0.0
2025-02-07T09:45:00Z,147abc6a,8bab4dff,a6177608,0.0
2025-02-07T09:48:00Z,147abc6a,8bab4dff,a6177608,0.0
2025-02-07T09:51:00Z,147abc6a,8bab4dff,a6177608,0.0
2025-02-07T09:54:00Z,147abc6a,8bab4dff,a6177608,0.0
2025-02-07T09:57:00Z,147abc6a,8bab4dff,a6177608,0.0
2025-02-07T10:00:00Z,147abc6a,8bab4dff,a6177608,0.0
2025-02-07T10:03:00Z,147abc6a,8bab4dff,a6177608,0.0
2025-02-07T10:06:00Z,147abc6a,8bab4dff,a6177608,0.0
2025-02-07T10:09:00Z,147abc6a,8bab4dff,a6177608,0.0
2025-02-07T10:12:00Z,147abc6a,8bab4dff,a6177608,0.0
2025-02-07T10:15:00Z,147abc6a,8bab4dff,a6177608,0.0
2025-02-07T10:18:00Z,147abc6a,8bab4dff,a6177608,0.0
2025-02-07T10:21:00Z,147abc6a,8bab4dff,a6177608,0.0
2025-02-07T10:24:00Z,147abc6a,8bab4dff,a6177608,0.0
2025-02-07T10:27:00Z,147abc6a,8bab4dff,a6177608,0.0
2025-02-07T10:30:00Z,147abc6a,8bab4dff,a6177608,0.0
2025-02-07T10:33:00Z,147abc6a,8bab4dff,a6177608,0.0
2025-02-07T10:36:00Z,147abc6a,8bab4dff,a6177608,0.0
2025-02-07T10:39:00Z,147abc6a,8bab4dff,a6177608,0.0
2025-02-07T10:42:00Z,147abc6a,8bab4dff,a6177608,0.0
2025-02-07T10:45:00Z,147abc6a,8bab4dff,a6177608,0.0
2025-02-07T10:48:00Z,147abc6a,8bab4dff,a6177608,0.0
2025-02-07T10:51:00Z,147abc6a,8bab4dff,a6177608,0.0
2025-02-07T10:54:00Z,147abc6a,8bab4dff,a6177608,0.0
2025-02-07T10:57:00Z,147abc6a,8bab4dff,a6177608,0.0
2025-02-07T11:00:00Z,147abc6a,8bab4dff,a6177608,0.0
2025-02-07T11:03:00Z,147abc6a,8bab4dff,a6177608,0.0
2025-02-07T11:06:00Z,147abc6a,8bab4dff,a6177608,0.0
2025-02-07T11:09:00Z,147abc6a,8bab4dff,a6177608,0.0
2025-02-07T11:12:00Z,147abc6a,8bab4dff,a6177608,0.0
2025-02-07T11:15:00Z,147abc6a,8bab4dff,a6177608,0.0
2025-02-07T11:18:00Z,147abc6a,8bab4dff,a6177608,0.0
2025-02-07T11:21:00Z,147abc6a,8bab4dff,a6177608,0.0
2025-02-07T11:24:00Z,147abc6a,8bab4dff,a6177608,0.0
2025-02-07T11:27:00Z,147abc6a,8bab4dff,a6177608,0.0
2025-02-07T11:30:00Z,147abc6a,8bab4dff,a6177608,0.0
2025-02-07T11:33:00Z,147abc6a,8bab4dff,a6177608,0.0
2025-02-07T11:36:00Z,147abc6a,8bab4dff,a6177608,0.0
2025-02-07T11:39:00Z,147abc6a,8bab4dff,a6177608,0.0
2025-02-07T11:42:00Z,147abc6a,8bab4dff,a6177608,0.0
2025-02-07T11:45:00Z,147abc6a,8bab4dff,a6177608,0.0
2025-02-07T11:48:00Z,147abc6a,8bab4dff,a6177608,0.0
2025-02-07T11:51:00Z,147abc6a,8bab4dff,a6177608,0.0
2025-02-07T11:54:00Z,147abc6a,8bab4dff,a6177608,0.0
2025-02-07T11:57:00Z,147abc6a,8bab4dff,a6177608,0.0
2025-02-07T12:00:00Z,147abc6a,8bab4dff,a6177608,0.0
2025-02-07T12:03:00Z,147abc6a,8bab4dff,a6177608,0.0
2025-02-07T12:06:00Z,147abc6a,8bab4dff,a6177608,0.0
2025-02-07T12:09:00Z,147abc6a,8bab4dff,a6177608,0.0
2025-02-07T12:12:00Z,147abc6a,8bab4dff,a6177608,0.0
2025-02-07T12:15:00Z,147abc6a,8bab4dff,a6177608,0.0
2025-02-07T12:18:00Z,147abc6a,8bab4dff,a6177608,0.0
2025-02-07T12:21:00Z,147abc6a,8bab4dff,a6177608,0.0
2025-02-07T12:24:00Z,147abc6a,8bab4dff,a6177608,0.0
2025-02-07T12:27:00Z,147abc6a,8bab4dff,a6177608,0.0
2025-02-07T12:30:00Z,147abc6a,8bab4dff,a6177608,0.0
2025-02-07T12:33:00Z,147abc6a,8bab4dff,a6177608,0.0
2025-02-07T12:36:00Z,147abc6a,8bab4dff,a6177608,0.0
2025-02-07T12:39:00Z,147abc6a,8bab4dff,a6177608,0.0
2025-02-07T12:42:00Z,147abc6a,8bab4dff,a6177608,0.0
2025-02-07T12:45:00Z,147abc6a,8bab4dff,a6177608,0.0
2025-02-07T12:48:00Z,147abc6a,8bab4dff,a6177608,0.0
2025-02-07T12:51:00Z,147abc6a,8bab4dff,a6177608,0.0
2025-02-07T12:54:00Z,147abc6a,8bab4dff,a6177608,0.0
2025-02-07T12:57:00Z,147abc6a,8bab4dff,a6177608,0.0
2025-02-07T13:00:00Z,147abc6a,8bab4dff,a6177608,0.0
2025-02-07T13:03:00Z,147abc6a,8bab4dff,a6177608,0.0
2025-02-07T13:06:00Z,147abc6a,8bab4dff,a6177608,0.0
2025-02-07T13:09:00Z,147abc6a,8bab4dff,a6177608,0.0
2025-02-07T13:12:00Z,147abc6a,8bab4dff,a6177608,0.0
2025-02-07T13:15:00Z,147abc6a,8bab4dff,a6177608,0.0
2025-02-07T13:18:00Z,147abc6a,8bab4dff,a6177608,0.0
2025-02-07T13:21:00Z,147abc6a,8bab4dff,a6177608,0.0
2025-02-07T13:24:00Z,147abc6a,8bab4dff,a6177608,0.0
2025-02-07T13:27:00Z,147abc6a,8bab4dff,a6177608,0.0
2025-02-07T13:30:00Z,147abc6a,8bab4dff,a6177608,0.0
2025-02-07T13:33:00Z,147abc6a,8bab4dff,a6177608,0.0
2025-02-07T13:36:00Z,147abc6a,8bab4dff,a6177608,0.0
2025-02-07T13:39:00Z,147abc6a,8bab4dff,a6177608,0.0
2025-02-07T13:42:00Z,147abc6a,8bab4dff,a6177608,0.0
2025-02-07T13:45:00Z,147abc6a,8bab4dff,a6177608,0.0
2025-02-07T13:48:00Z,147abc6a,8bab4dff,a6177608,0.0
2025-02-07T13:51:00Z,147abc6a,8bab4dff,a6177608,0.0
2025-02-07T13:54:00Z,147abc6a,8bab4dff,a6177608,0.0
2025-02-07T13:57:00Z,147abc6a,8bab4dff,a6177608,0.0
2025-02-07T14:00:00Z,147abc6a,8bab4dff,a6177608,0.0
2025-02-07T14:03:00Z,147abc6a,8bab4dff,a6177608,0.0
2025-02-07T14:06:00Z,147abc6a,8bab4dff,a6177608,0.0
2025-02-07T14:09:00Z,147abc6a,8bab4dff,a6177608,0.0
2025-02-07T14:12:00Z,147abc6a,8bab4dff,a6177608,0.0
2025-02-07T14:15:00Z,147abc6a,8bab4dff,a6177608,0.0
2025-02-07T14:18:00Z,147abc6a,8bab4dff,a6177608,0.0
2025-02-07T14:21:00Z,147abc6a,8bab4dff,a6177608,0.0
2025-02-07T14:24:00Z,147abc6a,8bab4dff,a6177608,0.0
2025-02-07T14:27:00Z,147abc6a,8bab4dff,a6177608,0.0
2025-02-07T14:30:00Z,147abc6a,8bab4dff,a6177608,0.0
2025-02-07T14:33:00Z,147abc6a,8bab4dff,a6177608,0.0
2025-02-07T14:36:00Z,147abc6a,8bab4dff,a6177608,0.0
2025-02-07T14:39:00Z,147abc6a,8bab4dff,a6177608,0.0
2025-02-07T14:42:00Z,147abc6a,8bab4dff,a6177608,0.0
2025-02-07T14:45:00Z,147abc6a,8bab4dff,a6177608,0.0
2025-02-07T14:48:00Z,147abc6a,8bab4dff,a6177608,0.0
2025-02-07T14:51:00Z,147abc6a,8bab4dff,a6177608,0.0
2025-02-07T14:54:00Z,147abc6a,8bab4dff,a6177608,0.0
2025-02-07T14:57:00Z,147abc6a,8bab4dff,a6177608,0.0
2025-02-07T15:00:00Z,147abc6a,8bab4dff,a6177608,0.0
2025-02-07T15:03:00Z,147abc6a,8bab4dff,a6177608,0.0
2025-02-07T15:06:00Z,147abc6a,8bab4dff,a6177608,0.0
2025-02-07T15:09:00Z,147abc6a,8bab4dff,a6177608,0.0
2025-02-07T15:12:00Z,147abc6a,8bab4dff,a6177608,0.0
2025-02-07T15:15:00Z,147abc6a,8bab4dff,a6177608,0.0
2025-02-07T15:18:00Z,147abc6a,8bab4dff,a6177608,0.0
2025-02-07T15:21:00Z,147abc6a,8bab4dff,a6177608,0.0
2025-02-07T15:24:00Z,147abc6a,8bab4dff,a6177608,0.0
2025-02-07T15:27:00Z,147abc6a,8bab4dff,a6177608,0.0
2025-02-07T15:30:00Z,147abc6a,8bab4dff,a6177608,0.0
2025-02-07T15:33:00Z,147abc6a,8bab4dff,a6177608,0.0
2025-02-07T15:36:00Z,147abc6a,8bab4dff,a6177608,0.0
2025-02-07T15:39:00Z,147abc6a,8bab4dff,a6177608,0.0
2025-02-07T15:42:00Z,147abc6a,8bab4dff,a6177608,0.0
2025-02-07T15:45:00Z,147abc6a,8bab4dff,a6177608,0.0
2025-02-07T15:48:00Z,147abc6a,8bab4dff,a6177608,0.0
2025-02-07T15:51:00Z,147abc6a,8bab4dff,a6177608,0.0
2025-02-07T15:54:00Z,147abc6a,8bab4dff,a6177608,0.0
2025-02-07T15:57:00Z,147abc6a,8bab4dff,a6177608,0.0
2025-02-07T16:00:00Z,147abc6a,8bab4dff,a6177608,0.0
2025-02-07T16:03:00Z,147abc6a,8bab4dff,a6177608,0.0
2025-02-07T16:06:00Z,147abc6a,8bab4dff,a6177608,0.0
2025-02-07T16:09:00Z,147abc6a,8bab4dff,a6177608,0.0
2025-02-07T16:12:00Z,147abc6a,8bab4dff,a6177608,0.0
2025-02-07T16:15:00Z,147abc6a,8bab4dff,a6177608,0.0
2025-02-07T16:18:00Z,147abc6a,8bab4dff,a6177608,0.0
2025-02-07T16:21:00Z,147abc6a,8bab4dff,a6177608,0.0
2025-02-07T16:24:00Z,147abc6a,8bab4dff,a6177608,0.0
2025-02-07T16:27:00Z,147abc6a,8bab4dff,a6177608,0.0
2025-02-07T16:30:00Z,147abc6a,8bab4dff,a6177608,0.0
2025-02-07T16:33:00Z,147abc6a,8bab4dff,a6177608,0.0
2025-02-07T16:36:00Z,147abc6a,8bab4dff,a6177608,0.0
2025-02-07T16:39:00Z,147abc6a,8bab4dff,a6177608,0.0
2025-02-07T16:42:00Z,147abc6a,8bab4dff,a6177608,0.0
2025-02-07T16:45:00Z,147abc6a,8bab4dff,a6177608,0.0
2025-02-07T16:48:00Z,147abc6a,8bab4dff,a6177608,0.0
2025-02-07T16:51:00Z,147abc6a,8bab4dff,a6177608,0.0
2025-02-07T16:54:00Z,147abc6a,8bab4dff,a6177608,0.0
2025-02-07T16:57:00Z,147abc6a,8bab4dff,a6177608,0.0
2025-02-07T17:00:00Z,147abc6a,8bab4dff,a6177608,0.0
2025-02-07T17:03:00Z,147abc6a,8bab4dff,a6177608,0.01
2025-02-07T17:06:00Z,147abc6a,8bab4dff,a6177608,0.0
2025-02-07T17:09:00Z,147abc6a,8bab4dff,a6177608,0.0
2025-02-07T17:12:00Z,147abc6a,8bab4dff,a6177608,0.0
2025-02-07T17:15:00Z,147abc6a,8bab4dff,a6177608,0.0
2025-02-07T17:18:00Z,147abc6a,8bab4dff,a6177608,0.0
2025-02-07T17:21:00Z,147abc6a,8bab4dff,a6177608,0.0
2025-02-07T17:24:00Z,147abc6a,8bab4dff,a6177608,0.07
2025-02-07T17:27:00Z,147abc6a,8bab4dff,a6177608,0.0
2025-02-07T17:30:00Z,147abc6a,8bab4dff,a6177608,0.0
2025-02-07T17:33:00Z,147abc6a,8bab4dff,a6177608,0.0
2025-02-07T17:36:00Z,147abc6a,8bab4dff,a6177608,0.0
2025-02-07T17:39:00Z,147abc6a,8bab4dff,a6177608,0.0
2025-02-07T17:42:00Z,147abc6a,8bab4dff,a6177608,0.0
2025-02-07T17:45:00Z,147abc6a,8bab4dff,a6177608,0.0
2025-02-07T17:48:00Z,147abc6a,8bab4dff,a6177608,0.0
2025-02-07T17:51:00Z,147abc6a,8bab4dff,a6177608,0.0
2025-02-07T17:54:00Z,147abc6a,8bab4dff,a6177608,0.0
2025-02-07T17:57:00Z,147abc6a,8bab4dff,a6177608,0.0
2025-02-07T18:00:00Z,147abc6a,8bab4dff,a6177608,0.0
2025-02-07T18:03:00Z,147abc6a,8bab4dff,a6177608,0.0
2025-02-07T18:06:00Z,147abc6a,8bab4dff,a6177608,0.0
2025-02-07T18:09:00Z,147abc6a,8bab4dff,a6177608,0.0
2025-02-07T18:12:00Z,147abc6a,8bab4dff,a6177608,0.0
2025-02-07T18:15:00Z,147abc6a,8bab4dff,a6177608,0.0
2025-02-07T18:18:00Z,147abc6a,8bab4dff,a6177608,0.0
2025-02-07T18:21:00Z,147abc6a,8bab4dff,a6177608,0.0
2025-02-07T18:24:00Z,147abc6a,8bab4dff,a6177608,0.0
2025-02-07T18:27:00Z,147abc6a,8bab4dff,a6177608,0.0
2025-02-07T18:30:00Z,147abc6a,8bab4dff,a6177608,0.0
2025-02-07T18:33:00Z,147abc6a,8bab4dff,a6177608,0.0
2025-02-07T18:36:00Z,147abc6a,8bab4dff,a6177608,0.0
2025-02-07T18:39:00Z,147abc6a,8bab4dff,a6177608,0.0
2025-02-07T18:42:00Z,147abc6a,8bab4dff,a6177608,0.0
2025-02-07T18:45:00Z,147abc6a,8bab4dff,a6177608,0.0
2025-02-07T18:48:00Z,147abc6a,8bab4dff,a6177608,0.0
2025-02-07T18:51:00Z,147abc6a,8bab4dff,a6177608,0.0
2025-02-07T18:54:00Z,147abc6a,8bab4dff,a6177608,0.01
2025-02-07T18:57:00Z,147abc6a,8bab4dff,a6177608,0.01
2025-02-07T19:00:00Z,147abc6a,8bab4dff,a6177608,0.0
2025-02-07T19:03:00Z,147abc6a,8bab4dff,a6177608,0.0
2025-02-07T19:06:00Z,147abc6a,8bab4dff,a6177608,0.0
2025-02-07T19:09:00Z,147abc6a,8bab4dff,a6177608,0.0
2025-02-07T19:12:00Z,147abc6a,8bab4dff,a6177608,0.0
2025-02-07T19:15:00Z,147abc6a,8bab4dff,a6177608,0.0
2025-02-07T19:18:00Z,147abc6a,8bab4dff,a6177608,0.0
2025-02-07T19:21:00Z,147abc6a,8bab4dff,a6177608,0.0
2025-02-07T19:24:00Z,147abc6a,8bab4dff,a6177608,0.0
2025-02-07T19:27:00Z,147abc6a,8bab4dff,a6177608,0.0
2025-02-07T19:30:00Z,147abc6a,8bab4dff,a6177608,0.0
2025-02-07T19:33:00Z,147abc6a,8bab4dff,a6177608,0.0
2025-02-07T19:36:00Z,147abc6a,8bab4dff,a6177608,0.0
2025-02-07T19:39:00Z,147abc6a,8bab4dff,a6177608,0.0
2025-02-07T19:42:00Z,147abc6a,8bab4dff,a6177608,0.0
2025-02-07T19:45:00Z,147abc6a,8bab4dff,a6177608,0.0
2025-02-07T19:48:00Z,147abc6a,8bab4dff,a6177608,0.0
2025-02-07T19:51:00Z,147abc6a,8bab4dff,a6177608,0.0
2025-02-07T19:54:00Z,147abc6a,8bab4dff,a6177608,0.0
2025-02-07T19:57:00Z,147abc6a,8bab4dff,a6177608,0.0
2025-02-07T20:00:00Z,147abc6a,8bab4dff,a6177608,0.0
2025-02-07T20:03:00Z,147abc6a,8bab4dff,a6177608,0.0
2025-02-07T20:06:00Z,147abc6a,8bab4dff,a6177608,0.0
2025-02-07T20:09:00Z,147abc6a,8bab4dff,a6177608,0.0
2025-02-07T20:12:00Z,147abc6a,8bab4dff,a6177608,0.0
2025-02-07T20:15:00Z,147abc6a,8bab4dff,a6177608,0.0
2025-02-07T20:18:00Z,147abc6a,8bab4dff,a6177608,0.0
2025-02-07T20:21:00Z,147abc6a,8bab4dff,a6177608,0.0
2025-02-07T20:24:00Z,147abc6a,8bab4dff,a6177608,0.0
2025-02-07T20:27:00Z,147abc6a,8bab4dff,a6177608,0.0
2025-02-07T20:30:00Z,147abc6a,8bab4dff,a6177608,0.0
2025-02-07T20:33:00Z,147abc6a,8bab4dff,a6177608,0.0
2025-02-07T20:36:00Z,147abc6a,8bab4dff,a6177608,0.0
2025-02-07T20:39:00Z,147abc6a,8bab4dff,a6177608,0.0
2025-02-07T20:42:00Z,147abc6a,8bab4dff,a6177608,0.0
2025-02-07T20:45:00Z,147abc6a,8bab4dff,a6177608,0.0
2025-02-07T20:48:00Z,147abc6a,8bab4dff,a6177608,0.0
2025-02-07T20:51:00Z,147abc6a,8bab4dff,a6177608,0.0
2025-02-07T20:54:00Z,147abc6a,8bab4dff,a6177608,0.0
2025-02-07T20:57:00Z,147abc6a,8bab4dff,a6177608,0.0
2025-02-07T21:00:00Z,147abc6a,8bab4dff,a6177608,0.0
2025-02-07T21:03:00Z,147abc6a,8bab4dff,a6177608,0.0
2025-02-07T21:06:00Z,147abc6a,8bab4dff,a6177608,0.0
2025-02-07T21:09:00Z,147abc6a,8bab4dff,a6177608,0.0
2025-02-07T21:12:00Z,147abc6a,8bab4dff,a6177608,0.0
2025-02-07T21:15:00Z,147abc6a,8bab4dff,a6177608,0.0
2025-02-07T21:18:00Z,147abc6a,8bab4dff,a6177608,0.0
2025-02-07T21:21:00Z,147abc6a,8bab4dff,a6177608,0.0
2025-02-07T21:24:00Z,147abc6a,8bab4dff,a6177608,0.0
2025-02-07T21:27:00Z,147abc6a,8bab4dff,a6177608,0.0
2025-02-07T21:30:00Z,147abc6a,8bab4dff,a6177608,0.0
2025-02-07T21:33:00Z,147abc6a,8bab4dff,a6177608,0.0
2025-02-07T21:36:00Z,147abc6a,8bab4dff,a6177608,0.0
2025-02-07T21:39:00Z,147abc6a,8bab4dff,a6177608,0.0
2025-02-07T21:42:00Z,147abc6a,8bab4dff,a6177608,0.0
2025-02-07T21:45:00Z,147abc6a,8bab4dff,a6177608,0.0
2025-02-07T21:48:00Z,147abc6a,8bab4dff,a6177608,0.0
2025-02-07T21:51:00Z,147abc6a,8bab4dff,a6177608,0.0
2025-02-07T21:54:00Z,147abc6a,8bab4dff,a6177608,0.0
2025-02-07T21:57:00Z,147abc6a,8bab4dff,a6177608,0.0
2025-02-07T22:00:00Z,147abc6a,8bab4dff,a6177608,0.0
2025-02-07T22:03:00Z,147abc6a,8bab4dff,a6177608,0.0
2025-02-07T22:06:00Z,147abc6a,8bab4dff,a6177608,0.0
2025-02-07T22:09:00Z,147abc6a,8bab4dff,a6177608,0.0
2025-02-07T22:12:00Z,147abc6a,8bab4dff,a6177608,0.0
2025-02-07T22:15:00Z,147abc6a,8bab4dff,a6177608,0.0
2025-02-07T22:18:00Z,147abc6a,8bab4dff,a6177608,0.0
2025-02-07T22:21:00Z,147abc6a,8bab4dff,a6177608,0.0
2025-02-07T22:24:00Z,147abc6a,8bab4dff,a6177608,0.0
2025-02-07T22:27:00Z,147abc6a,8bab4dff,a6177608,0.0
2025-02-07T22:30:00Z,147abc6a,8bab4dff,a6177608,0.0
2025-02-07T22:33:00Z,147abc6a,8bab4dff,a6177608,0.0
2025-02-07T22:36:00Z,147abc6a,8bab4dff,a6177608,0.0
2025-02-07T22:39:00Z,147abc6a,8bab4dff,a6177608,0.0
2025-02-07T22:42:00Z,147abc6a,8bab4dff,a6177608,0.0
2025-02-07T22:45:00Z,147abc6a,8bab4dff,a6177608,0.0
2025-02-07T22:48:00Z,147abc6a,8bab4dff,a6177608,0.0
2025-02-07T22:51:00Z,147abc6a,8bab4dff,a6177608,0.01
2025-02-07T22:54:00Z,147abc6a,8bab4dff,a6177608,0.0
2025-02-07T22:57:00Z,147abc6a,8bab4dff,a6177608,0.0
2025-02-07T23:00:00Z,147abc6a,8bab4dff,a6177608,0.0
2025-02-07T23:03:00Z,147abc6a,8bab4dff,a6177608,0.0
2025-02-07T23:06:00Z,147abc6a,8bab4dff,a6177608,0.0
2025-02-07T23:09:00Z,147abc6a,8bab4dff,a6177608,0.0
2025-02-07T23:12:00Z,147abc6a,8bab4dff,a6177608,0.0
2025-02-07T23:15:00Z,147abc6a,8bab4dff,a6177608,0.0
2025-02-07T23:18:00Z,147abc6a,8bab4dff,a6177608,0.0
2025-02-07T23:21:00Z,147abc6a,8bab4dff,a6177608,0.0
2025-02-07T23:24:00Z,147abc6a,8bab4dff,a6177608,0.0
2025-02-07T23:27:00Z,147abc6a,8bab4dff,a6177608,0.0
2025-02-07T23:30:00Z,147abc6a,8bab4dff,a6177608,0.0
2025-02-07T23:33:00Z,147abc6a,8bab4dff,a6177608,0.0
2025-02-07T23:36:00Z,147abc6a,8bab4dff,a6177608,0.0
2025-02-07T23:39:00Z,147abc6a,8bab4dff,a6177608,0.0
2025-02-07T23:42:00Z,147abc6a,8bab4dff,a6177608,0.0
2025-02-07T23:45:00Z,147abc6a,8bab4dff,a6177608,0.0
2025-02-07T23:48:00Z,147abc6a,8bab4dff,a6177608,0.0
2025-02-07T23:51:00Z,147abc6a,8bab4dff,a6177608,0.0
2025-02-07T23:54:00Z,147abc6a,8bab4dff,a6177608,0.0
2025-02-07T23:57:00Z,147abc6a,8bab4dff,a6177608,0.0
2025-02-08T00:00:00Z,147abc6a,8bab4dff,a6177608,0.0
2025-02-08T00:03:00Z,147abc6a,8bab4dff,a6177608,0.0
2025-02-08T00:06:00Z,147abc6a,8bab4dff,a6177608,0.0
2025-02-08T00:09:00Z,147abc6a,8bab4dff,a6177608,0.0
2025-02-08T00:12:00Z,147abc6a,8bab4dff,a6177608,0.0
2025-02-08T00:15:00Z,147abc6a,8bab4dff,a6177608,0.0
2025-02-08T00:18:00Z,147abc6a,8bab4dff,a6177608,0.0
2025-02-08T00:21:00Z,147abc6a,8bab4dff,a6177608,0.0
2025-02-08T00:24:00Z,147abc6a,8bab4dff,a6177608,0.0
2025-02-08T00:27:00Z,147abc6a,8bab4dff,a6177608,0.0
2025-02-08T00:30:00Z,147abc6a,8bab4dff,a6177608,0.0
2025-02-08T00:33:00Z,147abc6a,8bab4dff,a6177608,0.0
2025-02-08T00:36:00Z,147abc6a,8bab4dff,a6177608,0.0
2025-02-08T00:39:00Z,147abc6a,8bab4dff,a6177608,0.0
2025-02-08T00:42:00Z,147abc6a,8bab4dff,a6177608,0.0
2025-02-08T00:45:00Z,147abc6a,8bab4dff,a6177608,0.0
2025-02-08T00:48:00Z,147abc6a,8bab4dff,a6177608,0.0
2025-02-08T00:51:00Z,147abc6a,8bab4dff,a6177608,0.0
2025-02-08T00:54:00Z,147abc6a,8bab4dff,a6177608,0.0
2025-02-08T00:57:00Z,147abc6a,8bab4dff,a6177608,0.0
2025-02-08T01:00:00Z,147abc6a,8bab4dff,a6177608,0.0
2025-02-08T01:03:00Z,147abc6a,8bab4dff,a6177608,0.0
2025-02-08T01:06:00Z,147abc6a,8bab4dff,a6177608,0.0
2025-02-08T01:09:00Z,147abc6a,8bab4dff,a6177608,0.0
2025-02-08T01:12:00Z,147abc6a,8bab4dff,a6177608,0.0
2025-02-08T01:15:00Z,147abc6a,8bab4dff,a6177608,0.0
2025-02-08T01:18:00Z,147abc6a,8bab4dff,a6177608,0.0
2025-02-08T01:21:00Z,147abc6a,8bab4dff,a6177608,0.0
2025-02-08T01:24:00Z,147abc6a,8bab4dff,a6177608,0.0
2025-02-08T01:27:00Z,147abc6a,8bab4dff,a6177608,0.0
2025-02-08T01:30:00Z,147abc6a,8bab4dff,a6177608,0.0
2025-02-08T01:33:00Z,147abc6a,8bab4dff,a6177608,0.0
2025-02-08T01:36:00Z,147abc6a,8bab4dff,a6177608,0.0
2025-02-08T01:39:00Z,147abc6a,8bab4dff,a6177608,0.0
2025-02-08T01:42:00Z,147abc6a,8bab4dff,a6177608,0.0
2025-02-08T01:45:00Z,147abc6a,8bab4dff,a6177608,0.0
2025-02-08T01:48:00Z,147abc6a,8bab4dff,a6177608,0.0
2025-02-08T01:51:00Z,147abc6a,8bab4dff,a6177608,0.0
2025-02-08T01:54:00Z,147abc6a,8bab4dff,a6177608,0.0
2025-02-08T01:57:00Z,147abc6a,8bab4dff,a6177608,0.0
2025-02-08T02:00:00Z,147abc6a,8bab4dff,a6177608,0.0
2025-02-08T02:03:00Z,147abc6a,8bab4dff,a6177608,0.0
2025-02-08T02:06:00Z,147abc6a,8bab4dff,a6177608,0.0
2025-02-08T02:09:00Z,147abc6a,8bab4dff,a6177608,0.0
2025-02-08T02:12:00Z,147abc6a,8bab4dff,a6177608,0.0
2025-02-08T02:15:00Z,147abc6a,8bab4dff,a6177608,0.0
2025-02-08T02:18:00Z,147abc6a,8bab4dff,a6177608,0.0
2025-02-08T02:21:00Z,147abc6a,8bab4dff,a6177608,0.0
2025-02-08T02:24:00Z,147abc6a,8bab4dff,a6177608,0.0
2025-02-08T02:27:00Z,147abc6a,8bab4dff,a6177608,0.0
2025-02-08T02:30:00Z,147abc6a,8bab4dff,a6177608,0.0
2025-02-08T02:33:00Z,147abc6a,8bab4dff,a6177608,0.0
2025-02-08T02:36:00Z,147abc6a,8bab4dff,a6177608,0.0
2025-02-08T02:39:00Z,147abc6a,8bab4dff,a6177608,0.0
2025-02-08T02:42:00Z,147abc6a,8bab4dff,a6177608,0.0
2025-02-08T02:45:00Z,147abc6a,8bab4dff,a6177608,0.0
2025-02-08T02:48:00Z,147abc6a,8bab4dff,a6177608,0.0
2025-02-08T02:51:00Z,147abc6a,8bab4dff,a6177608,0.0
2025-02-08T02:54:00Z,147abc6a,8bab4dff,a6177608,0.0
2025-02-08T02:57:00Z,147abc6a,8bab4dff,a6177608,0.0
2025-02-08T03:00:00Z,147abc6a,8bab4dff,a6177608,0.0
2025-02-08T03:03:00Z,147abc6a,8bab4dff,a6177608,0.0
2025-02-08T03:06:00Z,147abc6a,8bab4dff,a6177608,0.0
2025-02-08T03:09:00Z,147abc6a,8bab4dff,a6177608,0.0
2025-02-08T03:12:00Z,147abc6a,8bab4dff,a6177608,0.0
2025-02-08T03:15:00Z,147abc6a,8bab4dff,a6177608,0.0
2025-02-08T03:18:00Z,147abc6a,8bab4dff,a6177608,0.0
2025-02-08T03:21:00Z,147abc6a,8bab4dff,a6177608,0.0
2025-02-08T03:24:00Z,147abc6a,8bab4dff,a6177608,0.0
2025-02-08T03:27:00Z,147abc6a,8bab4dff,a6177608,0.0
2025-02-08T03:30:00Z,147abc6a,8bab4dff,a6177608,0.0
2025-02-08T03:33:00Z,147abc6a,8bab4dff,a6177608,0.0
2025-02-08T03:36:00Z,147abc6a,8bab4dff,a6177608,0.0
2025-02-08T03:39:00Z,147abc6a,8bab4dff,a6177608,0.0
2025-02-08T03:42:00Z,147abc6a,8bab4dff,a6177608,0.0
2025-02-08T03:45:00Z,147abc6a,8bab4dff,a6177608,0.0
2025-02-08T03:48:00Z,147abc6a,8bab4dff,a6177608,0.0
2025-02-08T03:51:00Z,147abc6a,8bab4dff,a6177608,0.0
2025-02-08T03:54:00Z,147abc6a,8bab4dff,a6177608,0.0
2025-02-08T03:57:00Z,147abc6a,8bab4dff,a6177608,0.0
2025-02-08T04:00:00Z,147abc6a,8bab4dff,a6177608,0.0
2025-02-08T04:03:00Z,147abc6a,8bab4dff,a6177608,0.0
2025-02-08T04:06:00Z,147abc6a,8bab4dff,a6177608,0.0
2025-02-08T04:09:00Z,147abc6a,8bab4dff,a6177608,0.0
2025-02-08T04:12:00Z,147abc6a,8bab4dff,a6177608,0.0
2025-02-08T04:15:00Z,147abc6a,8bab4dff,a6177608,0.0
2025-02-08T04:18:00Z,147abc6a,8bab4dff,a6177608,0.0
2025-02-08T04:21:00Z,147abc6a,8bab4dff,a6177608,0.0
2025-02-08T04:24:00Z,147abc6a,8bab4dff,a6177608,0.0
2025-02-08T04:27:00Z,147abc6a,8bab4dff,a6177608,0.0
2025-02-08T04:30:00Z,147abc6a,8bab4dff,a6177608,0.0
2025-02-08T04:33:00Z,147abc6a,8bab4dff,a6177608,0.0
2025-02-08T04:36:00Z,147abc6a,8bab4dff,a6177608,0.0
2025-02-08T04:39:00Z,147abc6a,8bab4dff,a6177608,0.0
2025-02-08T04:42:00Z,147abc6a,8bab4dff,a6177608,0.0
2025-02-08T04:45:00Z,147abc6a,8bab4dff,a6177608,0.0
2025-02-08T04:48:00Z,147abc6a,8bab4dff,a6177608,0.0
2025-02-08T04:51:00Z,147abc6a,8bab4dff,a6177608,0.0
2025-02-08T04:54:00Z,147abc6a,8bab4dff,a6177608,0.0
2025-02-08T04:57:00Z,147abc6a,8bab4dff,a6177608,0.0
2025-02-08T05:00:00Z,147abc6a,8bab4dff,a6177608,0.0
2025-02-08T05:03:00Z,147abc6a,8bab4dff,a6177608,0.0
2025-02-08T05:06:00Z,147abc6a,8bab4dff,a6177608,0.0
2025-02-08T05:09:00Z,147abc6a,8bab4dff,a6177608,0.0
2025-02-08T05:12:00Z,147abc6a,8bab4dff,a6177608,0.0
2025-02-08T05:15:00Z,147abc6a,8bab4dff,a6177608,0.0
2025-02-08T05:18:00Z,147abc6a,8bab4dff,a6177608,0.0
2025-02-08T05:21:00Z,147abc6a,8bab4dff,a6177608,0.0
2025-02-08T05:24:00Z,147abc6a,8bab4dff,a6177608,0.0
2025-02-08T05:27:00Z,147abc6a,8bab4dff,a6177608,0.0
2025-02-08T05:30:00Z,147abc6a,8bab4dff,a6177608,0.0
2025-02-08T05:33:00Z,147abc6a,8bab4dff,a6177608,0.0
2025-02-08T05:36:00Z,147abc6a,8bab4dff,a6177608,0.0
2025-02-08T05:39:00Z,147abc6a,8bab4dff,a6177608,0.0
2025-02-08T05:42:00Z,147abc6a,8bab4dff,a6177608,0.0
2025-02-08T05:45:00Z,147abc6a,8bab4dff,a6177608,0.0
2025-02-08T05:48:00Z,147abc6a,8bab4dff,a6177608,0.0
2025-02-08T05:51:00Z,147abc6a,8bab4dff,a6177608,0.0
2025-02-08T05:54:00Z,147abc6a,8bab4dff,a6177608,0.01
2025-02-08T05:57:00Z,147abc6a,8bab4dff,a6177608,0.0
2025-02-08T06:00:00Z,147abc6a,8bab4dff,a6177608,0.0
2025-02-08T06:03:00Z,147abc6a,8bab4dff,a6177608,0.0
2025-02-08T06:06:00Z,147abc6a,8bab4dff,a6177608,0.0
2025-02-08T06:09:00Z,147abc6a,8bab4dff,a6177608,0.0
2025-02-08T06:12:00Z,147abc6a,8bab4dff,a6177608,0.0
2025-02-08T06:15:00Z,147abc6a,8bab4dff,a6177608,0.0
2025-02-08T06:18:00Z,147abc6a,8bab4dff,a6177608,0.02
2025-02-08T06:21:00Z,147abc6a,8bab4dff,a6177608,0.0
2025-02-08T06:24:00Z,147abc6a,8bab4dff,a6177608,0.0
2025-02-08T06:27:00Z,147abc6a,8bab4dff,a6177608,0.0
2025-02-08T06:30:00Z,147abc6a,8bab4dff,a6177608,0.0
2025-02-08T06:33:00Z,147abc6a,8bab4dff,a6177608,0.0
2025-02-08T06:36:00Z,147abc6a,8bab4dff,a6177608,0.0
2025-02-08T06:39:00Z,147abc6a,8bab4dff,a6177608,0.0
2025-02-08T06:42:00Z,147abc6a,8bab4dff,a6177608,0.0
2025-02-08T06:45:00Z,147abc6a,8bab4dff,a6177608,0.0
2025-02-08T06:48:00Z,147abc6a,8bab4dff,a6177608,0.0
2025-02-08T06:51:00Z,147abc6a,8bab4dff,a6177608,0.0
2025-02-08T06:54:00Z,147abc6a,8bab4dff,a6177608,0.0
2025-02-08T06:57:00Z,147abc6a,8bab4dff,a6177608,0.0
2025-02-08T07:00:00Z,147abc6a,8bab4dff,a6177608,0.0
2025-02-08T07:03:00Z,147abc6a,8bab4dff,a6177608,0.0
2025-02-08T07:06:00Z,147abc6a,8bab4dff,a6177608,0.0
2025-02-08T07:09:00Z,147abc6a,8bab4dff,a6177608,0.0
2025-02-08T07:12:00Z,147abc6a,8bab4dff,a6177608,0.0
2025-02-08T07:15:00Z,147abc6a,8bab4dff,a6177608,0.0
2025-02-08T07:18:00Z,147abc6a,8bab4dff,a6177608,0.0
2025-02-08T07:21:00Z,147abc6a,8bab4dff,a6177608,0.0
2025-02-08T07:24:00Z,147abc6a,8bab4dff,a6177608,0.0
2025-02-08T07:27:00Z,147abc6a,8bab4dff,a6177608,0.0
2025-02-08T07:30:00Z,147abc6a,8bab4dff,a6177608,0.0
2025-02-08T07:33:00Z,147abc6a,8bab4dff,a6177608,0.0
2025-02-08T07:36:00Z,147abc6a,8bab4dff,a6177608,0.0
2025-02-08T07:39:00Z,147abc6a,8bab4dff,a6177608,0.0
2025-02-08T07:42:00Z,147abc6a,8bab4dff,a6177608,0.0
2025-02-08T07:45:00Z,147abc6a,8bab4dff,a6177608,0.0
2025-02-08T07:48:00Z,147abc6a,8bab4dff,a6177608,0.0
2025-02-08T07:51:00Z,147abc6a,8bab4dff,a6177608,0.0
2025-02-08T07:54:00Z,147abc6a,8bab4dff,a6177608,0.0
2025-02-08T07:57:00Z,147abc6a,8bab4dff,a6177608,0.0
2025-02-08T08:00:00Z,147abc6a,8bab4dff,a6177608,0.0
2025-02-08T08:03:00Z,147abc6a,8bab4dff,a6177608,0.0
2025-02-08T08:06:00Z,147abc6a,8bab4dff,a6177608,0.0
2025-02-08T08:09:00Z,147abc6a,8bab4dff,a6177608,0.0
2025-02-08T08:12:00Z,147abc6a,8bab4dff,a6177608,0.0
2025-02-08T08:15:00Z,147abc6a,8bab4dff,a6177608,0.0
2025-02-08T08:18:00Z,147abc6a,8bab4dff,a6177608,0.0
2025-02-08T08:21:00Z,147abc6a,8bab4dff,a6177608,0.0
2025-02-08T08:24:00Z,147abc6a,8bab4dff,a6177608,0.0
2025-02-08T08:27:00Z,147abc6a,8bab4dff,a6177608,0.0
2025-02-08T08:30:00Z,147abc6a,8bab4dff,a6177608,0.0
2025-02-08T08:33:00Z,147abc6a,8bab4dff,a6177608,0.0
2025-02-08T08:36:00Z,147abc6a,8bab4dff,a6177608,0.0
2025-02-08T08:39:00Z,147abc6a,8bab4dff,a6177608,0.0
2025-02-08T08:42:00Z,147abc6a,8bab4dff,a6177608,0.0
2025-02-08T08:45:00Z,147abc6a,8bab4dff,a6177608,0.0
2025-02-08T08:48:00Z,147abc6a,8bab4dff,a6177608,0.0
2025-02-08T08:51:00Z,147abc6a,8bab4dff,a6177608,0.0
2025-02-08T08:54:00Z,147abc6a,8bab4dff,a6177608,0.0
2025-02-08T08:57:00Z,147abc6a,8bab4dff,a6177608,0.0
2025-02-08T09:00:00Z,147abc6a,8bab4dff,a6177608,0.0
2025-02-08T09:03:00Z,147abc6a,8bab4dff,a6177608,0.0
2025-02-08T09:06:00Z,147abc6a,8bab4dff,a6177608,0.0
2025-02-08T09:09:00Z,147abc6a,8bab4dff,a6177608,0.0
2025-02-08T09:12:00Z,147abc6a,8bab4dff,a6177608,0.0
2025-02-08T09:15:00Z,147abc6a,8bab4dff,a6177608,0.0
2025-02-08T09:18:00Z,147abc6a,8bab4dff,a6177608,0.0
2025-02-08T09:21:00Z,147abc6a,8bab4dff,a6177608,0.0
2025-02-08T09:24:00Z,147abc6a,8bab4dff,a6177608,0.0
2025-02-08T09:27:00Z,147abc6a,8bab4dff,a6177608,0.0
2025-02-08T09:30:00Z,147abc6a,8bab4dff,a6177608,0.0
2025-02-08T09:33:00Z,147abc6a,8bab4dff,a6177608,0.0
2025-02-08T09:36:00Z,147abc6a,8bab4dff,a6177608,0.0
2025-02-08T09:39:00Z,147abc6a,8bab4dff,a6177608,0.0
2025-02-08T09:42:00Z,147abc6a,8bab4dff,a6177608,0.0
2025-02-08T09:45:00Z,147abc6a,8bab4dff,a6177608,0.0
2025-02-08T09:48:00Z,147abc6a,8bab4dff,a6177608,0.0
2025-02-08T09:51:00Z,147abc6a,8bab4dff,a6177608,0.0
2025-02-08T09:54:00Z,147abc6a,8bab4dff,a6177608,0.0
2025-02-08T09:57:00Z,147abc6a,8bab4dff,a6177608,0.0
2025-02-08T10:00:00Z,147abc6a,8bab4dff,a6177608,0.0
2025-02-08T10:03:00Z,147abc6a,8bab4dff,a6177608,0.0
2025-02-08T10:06:00Z,147abc6a,8bab4dff,a6177608,0.0
2025-02-08T10:09:00Z,147abc6a,8bab4dff,a6177608,0.0
2025-02-08T10:12:00Z,147abc6a,8bab4dff,a6177608,0.0
2025-02-08T10:15:00Z,147abc6a,8bab4dff,a6177608,0.0
2025-02-08T10:18:00Z,147abc6a,8bab4dff,a6177608,0.0
2025-02-08T10:21:00Z,147abc6a,8bab4dff,a6177608,0.0
2025-02-08T10:24:00Z,147abc6a,8bab4dff,a6177608,0.0
2025-02-08T10:27:00Z,147abc6a,8bab4dff,a6177608,0.0
2025-02-08T10:30:00Z,147abc6a,8bab4dff,a6177608,0.0
2025-02-08T10:33:00Z,147abc6a,8bab4dff,a6177608,0.0
2025-02-08T10:36:00Z,147abc6a,8bab4dff,a6177608,0.0
2025-02-08T10:39:00Z,147abc6a,8bab4dff,a6177608,0.0
2025-02-08T10:42:00Z,147abc6a,8bab4dff,a6177608,0.0
2025-02-08T10:45:00Z,147abc6a,8bab4dff,a6177608,0.0
2025-02-08T10:48:00Z,147abc6a,8bab4dff,a6177608,0.0
2025-02-08T10:51:00Z,147abc6a,8bab4dff,a6177608,0.0
2025-02-08T10:54:00Z,147abc6a,8bab4dff,a6177608,0.0
2025-02-08T10:57:00Z,147abc6a,8bab4dff,a6177608,0.0
2025-02-08T11:00:00Z,147abc6a,8bab4dff,a6177608,0.0
2025-02-08T11:03:00Z,147abc6a,8bab4dff,a6177608,0.0
2025-02-08T11:06:00Z,147abc6a,8bab4dff,a6177608,0.0
2025-02-08T11:09:00Z,147abc6a,8bab4dff,a6177608,0.0
2025-02-08T11:12:00Z,147abc6a,8bab4dff,a6177608,0.0
2025-02-08T11:15:00Z,147abc6a,8bab4dff,a6177608,0.0
2025-02-08T11:18:00Z,147abc6a,8bab4dff,a6177608,0.0
2025-02-08T11:21:00Z,147abc6a,8bab4dff,a6177608,0.0
2025-02-08T11:24:00Z,147abc6a,8bab4dff,a6177608,0.0
2025-02-08T11:27:00Z,147abc6a,8bab4dff,a6177608,0.0
2025-02-08T11:30:00Z,147abc6a,8bab4dff,a6177608,0.0
2025-02-08T11:33:00Z,147abc6a,8bab4dff,a6177608,0.0
2025-02-08T11:36:00Z,147abc6a,8bab4dff,a6177608,0.0
2025-02-08T11:39:00Z,147abc6a,8bab4dff,a6177608,0.0
2025-02-08T11:42:00Z,147abc6a,8bab4dff,a6177608,0.0
2025-02-08T11:45:00Z,147abc6a,8bab4dff,a6177608,0.0
2025-02-08T11:48:00Z,147abc6a,8bab4dff,a6177608,0.0
2025-02-08T11:51:00Z,147abc6a,8bab4dff,a6177608,0.0
2025-02-08T11:54:00Z,147abc6a,8bab4dff,a6177608,0.0
2025-02-08T11:57:00Z,147abc6a,8bab4dff,a6177608,0.0
2025-02-08T12:00:00Z,147abc6a,8bab4dff,a6177608,0.0
2025-02-08T12:03:00Z,147abc6a,8bab4dff,a6177608,0.0
2025-02-08T12:06:00Z,147abc6a,8bab4dff,a6177608,0.0
2025-02-08T12:09:00Z,147abc6a,8bab4dff,a6177608,0.0
2025-02-08T12:12:00Z,147abc6a,8bab4dff,a6177608,0.0
2025-02-08T12:15:00Z,147abc6a,8bab4dff,a6177608,0.0
2025-02-08T12:18:00Z,147abc6a,8bab4dff,a6177608,0.0
2025-02-08T12:21:00Z,147abc6a,8bab4dff,a6177608,0.0
2025-02-08T12:24:00Z,147abc6a,8bab4dff,a6177608,0.0
2025-02-08T12:27:00Z,147abc6a,8bab4dff,a6177608,0.0
2025-02-08T12:30:00Z,147abc6a,8bab4dff,a6177608,0.0
2025-02-08T12:33:00Z,147abc6a,8bab4dff,a6177608,0.0
2025-02-08T12:36:00Z,147abc6a,8bab4dff,a6177608,0.0
2025-02-08T12:39:00Z,147abc6a,8bab4dff,a6177608,0.0
2025-02-08T12:42:00Z,147abc6a,8bab4dff,a6177608,0.0
2025-02-08T12:45:00Z,147abc6a,8bab4dff,a6177608,0.0
2025-02-08T12:48:00Z,147abc6a,8bab4dff,a6177608,0.0
2025-02-08T12:51:00Z,147abc6a,8bab4dff,a6177608,0.0
2025-02-08T12:54:00Z,147abc6a,8bab4dff,a6177608,0.0
2025-02-08T12:57:00Z,147abc6a,8bab4dff,a6177608,0.0
2025-02-08T13:00:00Z,147abc6a,8bab4dff,a6177608,0.0
2025-02-08T13:03:00Z,147abc6a,8bab4dff,a6177608,0.0
2025-02-08T13:06:00Z,147abc6a,8bab4dff,a6177608,0.0
2025-02-08T13:09:00Z,147abc6a,8bab4dff,a6177608,0.0
2025-02-08T13:12:00Z,147abc6a,8bab4dff,a6177608,0.0
2025-02-08T13:15:00Z,147abc6a,8bab4dff,a6177608,0.0
2025-02-08T13:18:00Z,147abc6a,8bab4dff,a6177608,0.0
2025-02-08T13:21:00Z,147abc6a,8bab4dff,a6177608,0.0
2025-02-08T13:24:00Z,147abc6a,8bab4dff,a6177608,0.0
2025-02-08T13:27:00Z,147abc6a,8bab4dff,a6177608,0.0
2025-02-08T13:30:00Z,147abc6a,8bab4dff,a6177608,0.0
2025-02-08T13:33:00Z,147abc6a,8bab4dff,a6177608,0.0
2025-02-08T13:36:00Z,147abc6a,8bab4dff,a6177608,0.0
2025-02-08T13:39:00Z,147abc6a,8bab4dff,a6177608,0.0
2025-02-08T13:42:00Z,147abc6a,8bab4dff,a6177608,0.0
2025-02-08T13:45:00Z,147abc6a,8bab4dff,a6177608,0.0
2025-02-08T13:48:00Z,147abc6a,8bab4dff,a6177608,0.0
2025-02-08T13:51:00Z,147abc6a,8bab4dff,a6177608,0.0
2025-02-08T13:54:00Z,147abc6a,8bab4dff,a6177608,0.0
2025-02-08T13:57:00Z,147abc6a,8bab4dff,a6177608,0.0
2025-02-08T14:00:00Z,147abc6a,8bab4dff,a6177608,0.0
2025-02-08T14:03:00Z,147abc6a,8bab4dff,a6177608,0.0
2025-02-08T14:06:00Z,147abc6a,8bab4dff,a6177608,0.0
2025-02-08T14:09:00Z,147abc6a,8bab4dff,a6177608,0.0
2025-02-08T14:12:00Z,147abc6a,8bab4dff,a6177608,0.0
2025-02-08T14:15:00Z,147abc6a,8bab4dff,a6177608,0.0
2025-02-08T14:18:00Z,147abc6a,8bab4dff,a6177608,0.0
2025-02-08T14:21:00Z,147abc6a,8bab4dff,a6177608,0.0
2025-02-08T14:24:00Z,147abc6a,8bab4dff,a6177608,0.0
2025-02-08T14:27:00Z,147abc6a,8bab4dff,a6177608,0.0
2025-02-08T14:30:00Z,147abc6a,8bab4dff,a6177608,0.0
2025-02-08T14:33:00Z,147abc6a,8bab4dff,a6177608,0.0
2025-02-08T14:36:00Z,147abc6a,8bab4dff,a6177608,0.0
2025-02-08T14:39:00Z,147abc6a,8bab4dff,a6177608,0.0
2025-02-08T14:42:00Z,147abc6a,8bab4dff,a6177608,0.0
2025-02-08T14:45:00Z,147abc6a,8bab4dff,a6177608,0.0
2025-02-08T14:48:00Z,147abc6a,8bab4dff,a6177608,0.0
2025-02-08T14:51:00Z,147abc6a,8bab4dff,a6177608,0.0
2025-02-08T14:54:00Z,147abc6a,8bab4dff,a6177608,0.0
2025-02-08T14:57:00Z,147abc6a,8bab4dff,a6177608,0.0
2025-02-08T15:00:00Z,147abc6a,8bab4dff,a6177608,0.0
2025-02-08T15:03:00Z,147abc6a,8bab4dff,a6177608,0.0
2025-02-08T15:06:00Z,147abc6a,8bab4dff,a6177608,0.0
2025-02-08T15:09:00Z,147abc6a,8bab4dff,a6177608,0.0
2025-02-08T15:12:00Z,147abc6a,8bab4dff,a6177608,0.0
2025-02-08T15:15:00Z,147abc6a,8bab4dff,a6177608,0.0
2025-02-08T15:18:00Z,147abc6a,8bab4dff,a6177608,0.0
2025-02-08T15:21:00Z,147abc6a,8bab4dff,a6177608,0.0
2025-02-08T15:24:00Z,147abc6a,8bab4dff,a6177608,0.0
2025-02-08T15:27:00Z,147abc6a,8bab4dff,a6177608,0.0
2025-02-08T15:30:00Z,147abc6a,8bab4dff,a6177608,0.0
2025-02-08T15:33:00Z,147abc6a,8bab4dff,a6177608,0.0
2025-02-08T15:36:00Z,147abc6a,8bab4dff,a6177608,0.0
2025-02-08T15:39:00Z,147abc6a,8bab4dff,a6177608,0.0
2025-02-08T15:42:00Z,147abc6a,8bab4dff,a6177608,0.0
2025-02-08T15:45:00Z,147abc6a,8bab4dff,a6177608,0.0
2025-02-08T15:48:00Z,147abc6a,8bab4dff,a6177608,0.0
2025-02-08T15:51:00Z,147abc6a,8bab4dff,a6177608,0.0
2025-02-08T15:54:00Z,147abc6a,8bab4dff,a6177608,0.0
2025-02-08T15:57:00Z,147abc6a,8bab4dff,a6177608,0.0
2025-02-08T16:00:00Z,147abc6a,8bab4dff,a6177608,0.0
2025-02-08T16:03:00Z,147abc6a,8bab4dff,a6177608,0.0
2025-02-08T16:06:00Z,147abc6a,8bab4dff,a6177608,0.0
2025-02-08T16:09:00Z,147abc6a,8bab4dff,a6177608,0.0
2025-02-08T16:12:00Z,147abc6a,8bab4dff,a6177608,0.0
2025-02-08T16:15:00Z,147abc6a,8bab4dff,a6177608,0.0
2025-02-08T16:18:00Z,147abc6a,8bab4dff,a6177608,0.0
2025-02-08T16:21:00Z,147abc6a,8bab4dff,a6177608,0.0
2025-02-08T16:24:00Z,147abc6a,8bab4dff,a6177608,0.0
2025-02-08T16:27:00Z,147abc6a,8bab4dff,a6177608,0.0
2025-02-08T16:30:00Z,147abc6a,8bab4dff,a6177608,0.0
2025-02-08T16:33:00Z,147abc6a,8bab4dff,a6177608,0.0
2025-02-08T16:36:00Z,147abc6a,8bab4dff,a6177608,0.0
2025-02-08T16:39:00Z,147abc6a,8bab4dff,a6177608,0.0
2025-02-08T16:42:00Z,147abc6a,8bab4dff,a6177608,0.0
2025-02-08T16:45:00Z,147abc6a,8bab4dff,a6177608,0.0
2025-02-08T16:48:00Z,147abc6a,8bab4dff,a6177608,0.0
2025-02-08T16:51:00Z,147abc6a,8bab4dff,a6177608,0.0
2025-02-08T16:54:00Z,147abc6a,8bab4dff,a6177608,0.0
2025-02-08T16:57:00Z,147abc6a,8bab4dff,a6177608,0.0
2025-02-08T17:00:00Z,147abc6a,8bab4dff,a6177608,0.0
2025-02-08T17:03:00Z,147abc6a,8bab4dff,a6177608,0.0
2025-02-08T17:06:00Z,147abc6a,8bab4dff,a6177608,0.0
2025-02-08T17:09:00Z,147abc6a,8bab4dff,a6177608,0.0
2025-02-08T17:12:00Z,147abc6a,8bab4dff,a6177608,0.0
2025-02-08T17:15:00Z,147abc6a,8bab4dff,a6177608,0.0
2025-02-08T17:18:00Z,147abc6a,8bab4dff,a6177608,0.0
2025-02-08T17:21:00Z,147abc6a,8bab4dff,a6177608,0.0
2025-02-08T17:24:00Z,147abc6a,8bab4dff,a6177608,0.0
2025-02-08T17:27:00Z,147abc6a,8bab4dff,a6177608,0.0
2025-02-08T17:30:00Z,147abc6a,8bab4dff,a6177608,0.0
2025-02-08T17:33:00Z,147abc6a,8bab4dff,a6177608,0.0
2025-02-08T17:36:00Z,147abc6a,8bab4dff,a6177608,0.0
2025-02-08T17:39:00Z,147abc6a,8bab4dff,a6177608,0.0
2025-02-08T17:42:00Z,147abc6a,8bab4dff,a6177608,0.0
2025-02-08T17:45:00Z,147abc6a,8bab4dff,a6177608,0.0
2025-02-08T17:48:00Z,147abc6a,8bab4dff,a6177608,0.0
2025-02-08T17:51:00Z,147abc6a,8bab4dff,a6177608,0.0
2025-02-08T17:54:00Z,147abc6a,8bab4dff,a6177608,0.0
2025-02-08T17:57:00Z,147abc6a,8bab4dff,a6177608,0.0
2025-02-08T18:00:00Z,147abc6a,8bab4dff,a6177608,0.0
2025-02-08T18:03:00Z,147abc6a,8bab4dff,a6177608,0.0
2025-02-08T18:06:00Z,147abc6a,8bab4dff,a6177608,0.0
2025-02-08T18:09:00Z,147abc6a,8bab4dff,a6177608,0.0
2025-02-08T18:12:00Z,147abc6a,8bab4dff,a6177608,0.0
2025-02-08T18:15:00Z,147abc6a,8bab4dff,a6177608,0.0
2025-02-08T18:18:00Z,147abc6a,8bab4dff,a6177608,0.0
2025-02-08T18:21:00Z,147abc6a,8bab4dff,a6177608,0.0
2025-02-08T18:24:00Z,147abc6a,8bab4dff,a6177608,0.0
2025-02-08T18:27:00Z,147abc6a,8bab4dff,a6177608,0.0
2025-02-08T18:30:00Z,147abc6a,8bab4dff,a6177608,0.0
2025-02-08T18:33:00Z,147abc6a,8bab4dff,a6177608,0.0
2025-02-08T18:36:00Z,147abc6a,8bab4dff,a6177608,0.0
2025-02-08T18:39:00Z,147abc6a,8bab4dff,a6177608,0.0
2025-02-08T18:42:00Z,147abc6a,8bab4dff,a6177608,0.0
2025-02-08T18:45:00Z,147abc6a,8bab4dff,a6177608,0.0
2025-02-08T18:48:00Z,147abc6a,8bab4dff,a6177608,0.0
2025-02-08T18:51:00Z,147abc6a,8bab4dff,a6177608,0.0
2025-02-08T18:54:00Z,147abc6a,8bab4dff,a6177608,0.0
2025-02-08T18:57:00Z,147abc6a,8bab4dff,a6177608,0.0
2025-02-08T19:00:00Z,147abc6a,8bab4dff,a6177608,0.0
2025-02-08T19:03:00Z,147abc6a,8bab4dff,a6177608,0.0
2025-02-08T19:06:00Z,147abc6a,8bab4dff,a6177608,0.0
2025-02-08T19:09:00Z,147abc6a,8bab4dff,a6177608,0.0
2025-02-08T19:12:00Z,147abc6a,8bab4dff,a6177608,0.0
2025-02-08T19:15:00Z,147abc6a,8bab4dff,a6177608,0.0
2025-02-08T19:18:00Z,147abc6a,8bab4dff,a6177608,0.0
2025-02-08T19:21:00Z,147abc6a,8bab4dff,a6177608,0.0
2025-02-08T19:24:00Z,147abc6a,8bab4dff,a6177608,0.0
2025-02-08T19:27:00Z,147abc6a,8bab4dff,a6177608,0.0
2025-02-08T19:30:00Z,147abc6a,8bab4dff,a6177608,0.0
2025-02-08T19:33:00Z,147abc6a,8bab4dff,a6177608,0.0
2025-02-08T19:36:00Z,147abc6a,8bab4dff,a6177608,0.0
2025-02-08T19:39:00Z,147abc6a,8bab4dff,a6177608,0.0
2025-02-08T19:42:00Z,147abc6a,8bab4dff,a6177608,0.0
2025-02-08T19:45:00Z,147abc6a,8bab4dff,a6177608,0.0
2025-02-08T19:48:00Z,147abc6a,8bab4dff,a6177608,0.0
2025-02-08T19:51:00Z,147abc6a,8bab4dff,a6177608,0.0
2025-02-08T19:54:00Z,147abc6a,8bab4dff,a6177608,0.01
2025-02-08T19:57:00Z,147abc6a,8bab4dff,a6177608,0.0
2025-02-08T20:00:00Z,147abc6a,8bab4dff,a6177608,0.0
2025-02-08T20:03:00Z,147abc6a,8bab4dff,a6177608,0.0
2025-02-08T20:06:00Z,147abc6a,8bab4dff,a6177608,0.0
2025-02-08T20:09:00Z,147abc6a,8bab4dff,a6177608,0.0
2025-02-08T20:12:00Z,147abc6a,8bab4dff,a6177608,0.0
2025-02-08T20:15:00Z,147abc6a,8bab4dff,a6177608,0.0
2025-02-08T20:18:00Z,147abc6a,8bab4dff,a6177608,0.0
2025-02-08T20:21:00Z,147abc6a,8bab4dff,a6177608,0.0
2025-02-08T20:24:00Z,147abc6a,8bab4dff,a6177608,0.0
2025-02-08T20:27:00Z,147abc6a,8bab4dff,a6177608,0.0
2025-02-08T20:30:00Z,147abc6a,8bab4dff,a6177608,0.0
2025-02-08T20:33:00Z,147abc6a,8bab4dff,a6177608,0.0
2025-02-08T20:36:00Z,147abc6a,8bab4dff,a6177608,0.01
2025-02-08T20:39:00Z,147abc6a,8bab4dff,a6177608,0.0
2025-02-08T20:42:00Z,147abc6a,8bab4dff,a6177608,0.0
2025-02-08T20:45:00Z,147abc6a,8bab4dff,a6177608,0.0
2025-02-08T20:48:00Z,147abc6a,8bab4dff,a6177608,0.0
2025-02-08T20:51:00Z,147abc6a,8bab4dff,a6177608,0.0
2025-02-08T20:54:00Z,147abc6a,8bab4dff,a6177608,0.0
2025-02-08T20:57:00Z,147abc6a,8bab4dff,a6177608,0.0
2025-02-08T21:00:00Z,147abc6a,8bab4dff,a6177608,0.0
2025-02-08T21:03:00Z,147abc6a,8bab4dff,a6177608,0.0
2025-02-08T21:06:00Z,147abc6a,8bab4dff,a6177608,0.0
2025-02-08T21:09:00Z,147abc6a,8bab4dff,a6177608,0.0
2025-02-08T21:12:00Z,147abc6a,8bab4dff,a6177608,0.0
2025-02-08T21:15:00Z,147abc6a,8bab4dff,a6177608,0.0
2025-02-08T21:18:00Z,147abc6a,8bab4dff,a6177608,0.0
2025-02-08T21:21:00Z,147abc6a,8bab4dff,a6177608,0.0
2025-02-08T21:24:00Z,147abc6a,8bab4dff,a6177608,0.0
2025-02-08T21:27:00Z,147abc6a,8bab4dff,a6177608,0.0
2025-02-08T21:30:00Z,147abc6a,8bab4dff,a6177608,0.0
2025-02-08T21:33:00Z,147abc6a,8bab4dff,a6177608,0.0
2025-02-08T21:36:00Z,147abc6a,8bab4dff,a6177608,0.0
2025-02-08T21:39:00Z,147abc6a,8bab4dff,a6177608,0.0
2025-02-08T21:42:00Z,147abc6a,8bab4dff,a6177608,0.0
2025-02-08T21:45:00Z,147abc6a,8bab4dff,a6177608,0.0
2025-02-08T21:48:00Z,147abc6a,8bab4dff,a6177608,0.0
2025-02-08T21:51:00Z,147abc6a,8bab4dff,a6177608,0.0
2025-02-08T21:54:00Z,147abc6a,8bab4dff,a6177608,0.0
2025-02-08T21:57:00Z,147abc6a,8bab4dff,a6177608,0.0
2025-02-08T22:00:00Z,147abc6a,8bab4dff,a6177608,0.0
2025-02-08T22:03:00Z,147abc6a,8bab4dff,a6177608,0.0
2025-02-08T22:06:00Z,147abc6a,8bab4dff,a6177608,0.0
2025-02-08T22:09:00Z,147abc6a,8bab4dff,a6177608,0.0
2025-02-08T22:12:00Z,147abc6a,8bab4dff,a6177608,0.0
2025-02-08T22:15:00Z,147abc6a,8bab4dff,a6177608,0.0
2025-02-08T22:18:00Z,147abc6a,8bab4dff,a6177608,0.0
2025-02-08T22:21:00Z,147abc6a,8bab4dff,a6177608,0.0
2025-02-08T22:24:00Z,147abc6a,8bab4dff,a6177608,0.0
2025-02-08T22:27:00Z,147abc6a,8bab4dff,a6177608,0.0
2025-02-08T22:30:00Z,147abc6a,8bab4dff,a6177608,0.0
2025-02-08T22:33:00Z,147abc6a,8bab4dff,a6177608,0.0
2025-02-08T22:36:00Z,147abc6a,8bab4dff,a6177608,0.0
2025-02-08T22:39:00Z,147abc6a,8bab4dff,a6177608,0.0
2025-02-08T22:42:00Z,147abc6a,8bab4dff,a6177608,0.0
2025-02-08T22:45:00Z,147abc6a,8bab4dff,a6177608,0.0
2025-02-08T22:48:00Z,147abc6a,8bab4dff,a6177608,0.0
2025-02-08T22:51:00Z,147abc6a,8bab4dff,a6177608,0.03
2025-02-08T22:54:00Z,147abc6a,8bab4dff,a6177608,0.0
2025-02-08T22:57:00Z,147abc6a,8bab4dff,a6177608,0.0
2025-02-08T23:00:00Z,147abc6a,8bab4dff,a6177608,0.0
2025-02-08T23:03:00Z,147abc6a,8bab4dff,a6177608,0.0
2025-02-08T23:06:00Z,147abc6a,8bab4dff,a6177608,0.0
2025-02-08T23:09:00Z,147abc6a,8bab4dff,a6177608,0.0
2025-02-08T23:12:00Z,147abc6a,8bab4dff,a6177608,0.0
2025-02-08T23:15:00Z,147abc6a,8bab4dff,a6177608,0.0
2025-02-08T23:18:00Z,147abc6a,8bab4dff,a6177608,0.0
2025-02-08T23:21:00Z,147abc6a,8bab4dff,a6177608,0.0
2025-02-08T23:24:00Z,147abc6a,8bab4dff,a6177608,0.0
2025-02-08T23:27:00Z,147abc6a,8bab4dff,a6177608,0.0
2025-02-08T23:30:00Z,147abc6a,8bab4dff,a6177608,0.0
2025-02-08T23:33:00Z,147abc6a,8bab4dff,a6177608,0.0
2025-02-08T23:36:00Z,147abc6a,8bab4dff,a6177608,0.0
2025-02-08T23:39:00Z,147abc6a,8bab4dff,a6177608,0.0
2025-02-08T23:42:00Z,147abc6a,8bab4dff,a6177608,0.0
2025-02-08T23:45:00Z,147abc6a,8bab4dff,a6177608,0.0
2025-02-08T23:48:00Z,147abc6a,8bab4dff,a6177608,0.0
2025-02-08T23:51:00Z,147abc6a,8bab4dff,a6177608,0.0
2025-02-08T23:54:00Z,147abc6a,8bab4dff,a6177608,0.0
2025-02-08T23:57:00Z,147abc6a,8bab4dff,a6177608,0.0
2025-02-09T00:00:00Z,147abc6a,8bab4dff,a6177608,0.0
2025-02-09T00:03:00Z,147abc6a,8bab4dff,a6177608,0.0
2025-02-09T00:06:00Z,147abc6a,8bab4dff,a6177608,0.0
2025-02-09T00:09:00Z,147abc6a,8bab4dff,a6177608,0.0
2025-02-09T00:12:00Z,147abc6a,8bab4dff,a6177608,0.0
2025-02-09T00:15:00Z,147abc6a,8bab4dff,a6177608,0.0
2025-02-09T00:18:00Z,147abc6a,8bab4dff,a6177608,0.0
2025-02-09T00:21:00Z,147abc6a,8bab4dff,a6177608,0.0
2025-02-09T00:24:00Z,147abc6a,8bab4dff,a6177608,0.0
2025-02-09T00:27:00Z,147abc6a,8bab4dff,a6177608,0.0
2025-02-09T00:30:00Z,147abc6a,8bab4dff,a6177608,0.0
2025-02-09T00:33:00Z,147abc6a,8bab4dff,a6177608,0.0
2025-02-09T00:36:00Z,147abc6a,8bab4dff,a6177608,0.0
2025-02-09T00:39:00Z,147abc6a,8bab4dff,a6177608,0.0
2025-02-09T00:42:00Z,147abc6a,8bab4dff,a6177608,0.0
2025-02-09T00:45:00Z,147abc6a,8bab4dff,a6177608,0.0
2025-02-09T00:48:00Z,147abc6a,8bab4dff,a6177608,0.0
2025-02-09T00:51:00Z,147abc6a,8bab4dff,a6177608,0.0
2025-02-09T00:54:00Z,147abc6a,8bab4dff,a6177608,0.0
2025-02-09T00:57:00Z,147abc6a,8bab4dff,a6177608,0.0
2025-02-09T01:00:00Z,147abc6a,8bab4dff,a6177608,0.0
2025-02-09T01:03:00Z,147abc6a,8bab4dff,a6177608,0.0
2025-02-09T01:06:00Z,147abc6a,8bab4dff,a6177608,0.0
2025-02-09T01:09:00Z,147abc6a,8bab4dff,a6177608,0.0
2025-02-09T01:12:00Z,147abc6a,8bab4dff,a6177608,0.0
2025-02-09T01:15:00Z,147abc6a,8bab4dff,a6177608,0.0
2025-02-09T01:18:00Z,147abc6a,8bab4dff,a6177608,0.0
2025-02-09T01:21:00Z,147abc6a,8bab4dff,a6177608,0.0
2025-02-09T01:24:00Z,147abc6a,8bab4dff,a6177608,0.0
2025-02-09T01:27:00Z,147abc6a,8bab4dff,a6177608,0.0
2025-02-09T01:30:00Z,147abc6a,8bab4dff,a6177608,0.0
2025-02-09T01:33:00Z,147abc6a,8bab4dff,a6177608,0.0
2025-02-09T01:36:00Z,147abc6a,8bab4dff,a6177608,0.0
2025-02-09T01:39:00Z,147abc6a,8bab4dff,a6177608,0.0
2025-02-09T01:42:00Z,147abc6a,8bab4dff,a6177608,0.0
2025-02-09T01:45:00Z,147abc6a,8bab4dff,a6177608,0.0
2025-02-09T01:48:00Z,147abc6a,8bab4dff,a6177608,0.0
2025-02-09T01:51:00Z,147abc6a,8bab4dff,a6177608,0.0
2025-02-09T01:54:00Z,147abc6a,8bab4dff,a6177608,0.0
2025-02-09T01:57:00Z,147abc6a,8bab4dff,a6177608,0.0
2025-02-09T02:00:00Z,147abc6a,8bab4dff,a6177608,0.0
2025-02-09T02:03:00Z,147abc6a,8bab4dff,a6177608,0.0
2025-02-09T02:06:00Z,147abc6a,8bab4dff,a6177608,0.0
2025-02-09T02:09:00Z,147abc6a,8bab4dff,a6177608,0.0
2025-02-09T02:12:00Z,147abc6a,8bab4dff,a6177608,0.0
2025-02-09T02:15:00Z,147abc6a,8bab4dff,a6177608,0.0
2025-02-09T02:18:00Z,147abc6a,8bab4dff,a6177608,0.0
2025-02-09T02:21:00Z,147abc6a,8bab4dff,a6177608,0.0
2025-02-09T02:24:00Z,147abc6a,8bab4dff,a6177608,0.0
2025-02-09T02:27:00Z,147abc6a,8bab4dff,a6177608,0.0
2025-02-09T02:30:00Z,147abc6a,8bab4dff,a6177608,0.0
2025-02-09T02:33:00Z,147abc6a,8bab4dff,a6177608,0.0
2025-02-09T02:36:00Z,147abc6a,8bab4dff,a6177608,0.0
2025-02-09T02:39:00Z,147abc6a,8bab4dff,a6177608,0.0
2025-02-09T02:42:00Z,147abc6a,8bab4dff,a6177608,0.0
2025-02-09T02:45:00Z,147abc6a,8bab4dff,a6177608,0.0
2025-02-09T02:48:00Z,147abc6a,8bab4dff,a6177608,0.0
2025-02-09T02:51:00Z,147abc6a,8bab4dff,a6177608,0.0
2025-02-09T02:54:00Z,147abc6a,8bab4dff,a6177608,0.0
2025-02-09T02:57:00Z,147abc6a,8bab4dff,a6177608,0.0
2025-02-09T03:00:00Z,147abc6a,8bab4dff,a6177608,0.0
2025-02-09T03:03:00Z,147abc6a,8bab4dff,a6177608,0.0
2025-02-09T03:06:00Z,147abc6a,8bab4dff,a6177608,0.0
2025-02-09T03:09:00Z,147abc6a,8bab4dff,a6177608,0.0
2025-02-09T03:12:00Z,147abc6a,8bab4dff,a6177608,0.0
2025-02-09T03:15:00Z,147abc6a,8bab4dff,a6177608,0.0
2025-02-09T03:18:00Z,147abc6a,8bab4dff,a6177608,0.0
2025-02-09T03:21:00Z,147abc6a,8bab4dff,a6177608,0.0
2025-02-09T03:24:00Z,147abc6a,8bab4dff,a6177608,0.0
2025-02-09T03:27:00Z,147abc6a,8bab4dff,a6177608,0.0
2025-02-09T03:30:00Z,147abc6a,8bab4dff,a6177608,0.0
2025-02-09T03:33:00Z,147abc6a,8bab4dff,a6177608,0.0
2025-02-09T03:36:00Z,147abc6a,8bab4dff,a6177608,0.0
2025-02-09T03:39:00Z,147abc6a,8bab4dff,a6177608,0.0
2025-02-09T03:42:00Z,147abc6a,8bab4dff,a6177608,0.0
2025-02-09T03:45:00Z,147abc6a,8bab4dff,a6177608,0.0
2025-02-09T03:48:00Z,147abc6a,8bab4dff,a6177608,0.0
2025-02-09T03:51:00Z,147abc6a,8bab4dff,a6177608,0.0
2025-02-09T03:54:00Z,147abc6a,8bab4dff,a6177608,0.0
2025-02-09T03:57:00Z,147abc6a,8bab4dff,a6177608,0.0
2025-02-09T04:00:00Z,147abc6a,8bab4dff,a6177608,0.0
2025-02-09T04:03:00Z,147abc6a,8bab4dff,a6177608,0.0
2025-02-09T04:06:00Z,147abc6a,8bab4dff,a6177608,0.0
2025-02-09T04:09:00Z,147abc6a,8bab4dff,a6177608,0.0
2025-02-09T04:12:00Z,147abc6a,8bab4dff,a6177608,0.0
2025-02-09T04:15:00Z,147abc6a,8bab4dff,a6177608,0.0
2025-02-09T04:18:00Z,147abc6a,8bab4dff,a6177608,0.0
2025-02-09T04:21:00Z,147abc6a,8bab4dff,a6177608,0.0
2025-02-09T04:24:00Z,147abc6a,8bab4dff,a6177608,0.0
2025-02-09T04:27:00Z,147abc6a,8bab4dff,a6177608,0.0
2025-02-09T04:30:00Z,147abc6a,8bab4dff,a6177608,0.0
2025-02-09T04:33:00Z,147abc6a,8bab4dff,a6177608,0.0
2025-02-09T04:36:00Z,147abc6a,8bab4dff,a6177608,0.0
2025-02-09T04:39:00Z,147abc6a,8bab4dff,a6177608,0.0
2025-02-09T04:42:00Z,147abc6a,8bab4dff,a6177608,0.0
2025-02-09T04:45:00Z,147abc6a,8bab4dff,a6177608,0.0
2025-02-09T04:48:00Z,147abc6a,8bab4dff,a6177608,0.0
2025-02-09T04:51:00Z,147abc6a,8bab4dff,a6177608,0.0
2025-02-09T04:54:00Z,147abc6a,8bab4dff,a6177608,0.0
2025-02-09T04:57:00Z,147abc6a,8bab4dff,a6177608,0.0
2025-02-09T05:00:00Z,147abc6a,8bab4dff,a6177608,0.0
2025-02-09T05:03:00Z,147abc6a,8bab4dff,a6177608,0.0
2025-02-09T05:06:00Z,147abc6a,8bab4dff,a6177608,0.0
2025-02-09T05:09:00Z,147abc6a,8bab4dff,a6177608,0.0
2025-02-09T05:12:00Z,147abc6a,8bab4dff,a6177608,0.0
2025-02-09T05:15:00Z,147abc6a,8bab4dff,a6177608,0.0
2025-02-09T05:18:00Z,147abc6a,8bab4dff,a6177608,0.0
2025-02-09T05:21:00Z,147abc6a,8bab4dff,a6177608,0.0
2025-02-09T05:24:00Z,147abc6a,8bab4dff,a6177608,0.0
2025-02-09T05:27:00Z,147abc6a,8bab4dff,a6177608,0.0
2025-02-09T05:30:00Z,147abc6a,8bab4dff,a6177608,0.0
2025-02-09T05:33:00Z,147abc6a,8bab4dff,a6177608,0.0
2025-02-09T05:36:00Z,147abc6a,8bab4dff,a6177608,0.0
2025-02-09T05:39:00Z,147abc6a,8bab4dff,a6177608,0.0
2025-02-09T05:42:00Z,147abc6a,8bab4dff,a6177608,0.0
2025-02-09T05:45:00Z,147abc6a,8bab4dff,a6177608,0.0
2025-02-09T05:48:00Z,147abc6a,8bab4dff,a6177608,0.0
2025-02-09T05:51:00Z,147abc6a,8bab4dff,a6177608,0.0
2025-02-09T05:54:00Z,147abc6a,8bab4dff,a6177608,0.0
2025-02-09T05:57:00Z,147abc6a,8bab4dff,a6177608,0.0
2025-02-09T06:00:00Z,147abc6a,8bab4dff,a6177608,0.0
2025-02-09T06:03:00Z,147abc6a,8bab4dff,a6177608,0.0
2025-02-09T06:06:00Z,147abc6a,8bab4dff,a6177608,0.0
2025-02-09T06:09:00Z,147abc6a,8bab4dff,a6177608,0.0
2025-02-09T06:12:00Z,147abc6a,8bab4dff,a6177608,0.0
2025-02-09T06:15:00Z,147abc6a,8bab4dff,a6177608,0.0
2025-02-09T06:18:00Z,147abc6a,8bab4dff,a6177608,0.0
2025-02-09T06:21:00Z,147abc6a,8bab4dff,a6177608,0.0
2025-02-09T06:24:00Z,147abc6a,8bab4dff,a6177608,0.0
2025-02-09T06:27:00Z,147abc6a,8bab4dff,a6177608,0.0
2025-02-09T06:30:00Z,147abc6a,8bab4dff,a6177608,0.0
2025-02-09T06:33:00Z,147abc6a,8bab4dff,a6177608,0.0
2025-02-09T06:36:00Z,147abc6a,8bab4dff,a6177608,0.0
2025-02-09T06:39:00Z,147abc6a,8bab4dff,a6177608,0.0
2025-02-09T06:42:00Z,147abc6a,8bab4dff,a6177608,0.0
2025-02-09T06:45:00Z,147abc6a,8bab4dff,a6177608,0.0
2025-02-09T06:48:00Z,147abc6a,8bab4dff,a6177608,0.0
2025-02-09T06:51:00Z,147abc6a,8bab4dff,a6177608,0.0
2025-02-09T06:54:00Z,147abc6a,8bab4dff,a6177608,0.0
2025-02-09T06:57:00Z,147abc6a,8bab4dff,a6177608,0.0
2025-02-09T07:00:00Z,147abc6a,8bab4dff,a6177608,0.0
2025-02-09T07:03:00Z,147abc6a,8bab4dff,a6177608,0.0
2025-02-09T07:06:00Z,147abc6a,8bab4dff,a6177608,0.0
2025-02-09T07:09:00Z,147abc6a,8bab4dff,a6177608,0.0
2025-02-09T07:12:00Z,147abc6a,8bab4dff,a6177608,0.0
2025-02-09T07:15:00Z,147abc6a,8bab4dff,a6177608,0.0
2025-02-09T07:18:00Z,147abc6a,8bab4dff,a6177608,0.0
2025-02-09T07:21:00Z,147abc6a,8bab4dff,a6177608,0.0
2025-02-09T07:24:00Z,147abc6a,8bab4dff,a6177608,0.0
2025-02-09T07:27:00Z,147abc6a,8bab4dff,a6177608,0.0
2025-02-09T07:30:00Z,147abc6a,8bab4dff,a6177608,0.0
2025-02-09T07:33:00Z,147abc6a,8bab4dff,a6177608,0.0
2025-02-09T07:36:00Z,147abc6a,8bab4dff,a6177608,0.0
2025-02-09T07:39:00Z,147abc6a,8bab4dff,a6177608,0.0
2025-02-09T07:42:00Z,147abc6a,8bab4dff,a6177608,0.0
2025-02-09T07:45:00Z,147abc6a,8bab4dff,a6177608,0.0
2025-02-09T07:48:00Z,147abc6a,8bab4dff,a6177608,0.0
2025-02-09T07:51:00Z,147abc6a,8bab4dff,a6177608,0.0
2025-02-09T07:54:00Z,147abc6a,8bab4dff,a6177608,0.0
2025-02-09T07:57:00Z,147abc6a,8bab4dff,a6177608,0.0
2025-02-09T08:00:00Z,147abc6a,8bab4dff,a6177608,0.0
2025-02-09T08:03:00Z,147abc6a,8bab4dff,a6177608,0.0
2025-02-09T08:06:00Z,147abc6a,8bab4dff,a6177608,0.0
2025-02-09T08:09:00Z,147abc6a,8bab4dff,a6177608,0.0
2025-02-09T08:12:00Z,147abc6a,8bab4dff,a6177608,0.0
2025-02-09T08:15:00Z,147abc6a,8bab4dff,a6177608,0.0
2025-02-09T08:18:00Z,147abc6a,8bab4dff,a6177608,0.0
2025-02-09T08:21:00Z,147abc6a,8bab4dff,a6177608,0.0
2025-02-09T08:24:00Z,147abc6a,8bab4dff,a6177608,0.0
2025-02-09T08:27:00Z,147abc6a,8bab4dff,a6177608,0.0
2025-02-09T08:30:00Z,147abc6a,8bab4dff,a6177608,0.0
2025-02-09T08:33:00Z,147abc6a,8bab4dff,a6177608,0.0
2025-02-09T08:36:00Z,147abc6a,8bab4dff,a6177608,0.0
2025-02-09T08:39:00Z,147abc6a,8bab4dff,a6177608,0.0
2025-02-09T08:42:00Z,147abc6a,8bab4dff,a6177608,0.0
2025-02-09T08:45:00Z,147abc6a,8bab4dff,a6177608,0.0
2025-02-09T08:48:00Z,147abc6a,8bab4dff,a6177608,0.0
2025-02-09T08:51:00Z,147abc6a,8bab4dff,a6177608,0.0
2025-02-09T08:54:00Z,147abc6a,8bab4dff,a6177608,0.0
2025-02-09T08:57:00Z,147abc6a,8bab4dff,a6177608,0.0
2025-02-09T09:00:00Z,147abc6a,8bab4dff,a6177608,0.0
2025-02-09T09:03:00Z,147abc6a,8bab4dff,a6177608,0.0
2025-02-09T09:06:00Z,147abc6a,8bab4dff,a6177608,0.0
2025-02-09T09:09:00Z,147abc6a,8bab4dff,a6177608,0.0
2025-02-09T09:12:00Z,147abc6a,8bab4dff,a6177608,0.0
2025-02-09T09:15:00Z,147abc6a,8bab4dff,a6177608,0.0
2025-02-09T09:18:00Z,147abc6a,8bab4dff,a6177608,0.0
2025-02-09T09:21:00Z,147abc6a,8bab4dff,a6177608,0.0
2025-02-09T09:24:00Z,147abc6a,8bab4dff,a6177608,0.0
2025-02-09T09:27:00Z,147abc6a,8bab4dff,a6177608,0.0
2025-02-09T09:30:00Z,147abc6a,8bab4dff,a6177608,0.0
2025-02-09T09:33:00Z,147abc6a,8bab4dff,a6177608,0.0
2025-02-09T09:36:00Z,147abc6a,8bab4dff,a6177608,0.01
2025-02-09T09:39:00Z,147abc6a,8bab4dff,a6177608,0.0
2025-02-09T09:42:00Z,147abc6a,8bab4dff,a6177608,0.0
2025-02-09T09:45:00Z,147abc6a,8bab4dff,a6177608,0.0
2025-02-09T09:48:00Z,147abc6a,8bab4dff,a6177608,0.0
2025-02-09T09:51:00Z,147abc6a,8bab4dff,a6177608,0.0
2025-02-09T09:54:00Z,147abc6a,8bab4dff,a6177608,0.0
2025-02-09T09:57:00Z,147abc6a,8bab4dff,a6177608,0.0
2025-02-09T10:00:00Z,147abc6a,8bab4dff,a6177608,0.0
2025-02-09T10:03:00Z,147abc6a,8bab4dff,a6177608,0.0
2025-02-09T10:06:00Z,147abc6a,8bab4dff,a6177608,0.0
2025-02-09T10:09:00Z,147abc6a,8bab4dff,a6177608,0.0
2025-02-09T10:12:00Z,147abc6a,8bab4dff,a6177608,0.0
2025-02-09T10:15:00Z,147abc6a,8bab4dff,a6177608,0.0
2025-02-09T10:18:00Z,147abc6a,8bab4dff,a6177608,0.0
2025-02-09T10:21:00Z,147abc6a,8bab4dff,a6177608,0.0
2025-02-09T10:24:00Z,147abc6a,8bab4dff,a6177608,0.0
2025-02-09T10:27:00Z,147abc6a,8bab4dff,a6177608,0.0
2025-02-09T10:30:00Z,147abc6a,8bab4dff,a6177608,0.0
2025-02-09T10:33:00Z,147abc6a,8bab4dff,a6177608,0.0
2025-02-09T10:36:00Z,147abc6a,8bab4dff,a6177608,0.0
2025-02-09T10:39:00Z,147abc6a,8bab4dff,a6177608,0.0
2025-02-09T10:42:00Z,147abc6a,8bab4dff,a6177608,0.0
2025-02-09T10:45:00Z,147abc6a,8bab4dff,a6177608,0.0
2025-02-09T10:48:00Z,147abc6a,8bab4dff,a6177608,0.0
2025-02-09T10:51:00Z,147abc6a,8bab4dff,a6177608,0.0
2025-02-09T10:54:00Z,147abc6a,8bab4dff,a6177608,0.0
2025-02-09T10:57:00Z,147abc6a,8bab4dff,a6177608,0.0
2025-02-09T11:00:00Z,147abc6a,8bab4dff,a6177608,0.0
2025-02-09T11:03:00Z,147abc6a,8bab4dff,a6177608,0.0
2025-02-09T11:06:00Z,147abc6a,8bab4dff,a6177608,0.0
2025-02-09T11:09:00Z,147abc6a,8bab4dff,a6177608,0.0
2025-02-09T11:12:00Z,147abc6a,8bab4dff,a6177608,0.0
2025-02-09T11:15:00Z,147abc6a,8bab4dff,a6177608,0.0
2025-02-09T11:18:00Z,147abc6a,8bab4dff,a6177608,0.0
2025-02-09T11:21:00Z,147abc6a,8bab4dff,a6177608,0.0
2025-02-09T11:24:00Z,147abc6a,8bab4dff,a6177608,0.0
2025-02-09T11:27:00Z,147abc6a,8bab4dff,a6177608,0.0
2025-02-09T11:30:00Z,147abc6a,8bab4dff,a6177608,0.0
2025-02-09T11:33:00Z,147abc6a,8bab4dff,a6177608,0.0
2025-02-09T11:36:00Z,147abc6a,8bab4dff,a6177608,0.0
2025-02-09T11:39:00Z,147abc6a,8bab4dff,a6177608,0.0
2025-02-09T11:42:00Z,147abc6a,8bab4dff,a6177608,0.0
2025-02-09T11:45:00Z,147abc6a,8bab4dff,a6177608,0.0
2025-02-09T11:48:00Z,147abc6a,8bab4dff,a6177608,0.0
2025-02-09T11:51:00Z,147abc6a,8bab4dff,a6177608,0.0
2025-02-09T11:54:00Z,147abc6a,8bab4dff,a6177608,0.0
2025-02-09T11:57:00Z,147abc6a,8bab4dff,a6177608,0.15
2025-02-09T12:00:00Z,147abc6a,8bab4dff,a6177608,0.0
2025-02-09T12:03:00Z,147abc6a,8bab4dff,a6177608,0.0
2025-02-09T12:06:00Z,147abc6a,8bab4dff,a6177608,0.0
2025-02-09T12:09:00Z,147abc6a,8bab4dff,a6177608,0.0
2025-02-09T12:12:00Z,147abc6a,8bab4dff,a6177608,0.0
2025-02-09T12:15:00Z,147abc6a,8bab4dff,a6177608,0.0
2025-02-09T12:18:00Z,147abc6a,8bab4dff,a6177608,0.0
2025-02-09T12:21:00Z,147abc6a,8bab4dff,a6177608,0.0
2025-02-09T12:24:00Z,147abc6a,8bab4dff,a6177608,0.0
2025-02-09T12:27:00Z,147abc6a,8bab4dff,a6177608,0.0
2025-02-09T12:30:00Z,147abc6a,8bab4dff,a6177608,0.0
2025-02-09T12:33:00Z,147abc6a,8bab4dff,a6177608,0.0
2025-02-09T12:36:00Z,147abc6a,8bab4dff,a6177608,0.0
2025-02-09T12:39:00Z,147abc6a,8bab4dff,a6177608,0.0
2025-02-09T12:42:00Z,147abc6a,8bab4dff,a6177608,0.0
2025-02-09T12:45:00Z,147abc6a,8bab4dff,a6177608,0.0
2025-02-09T12:48:00Z,147abc6a,8bab4dff,a6177608,0.0
2025-02-09T12:51:00Z,147abc6a,8bab4dff,a6177608,0.0
2025-02-09T12:54:00Z,147abc6a,8bab4dff,a6177608,0.0
2025-02-09T12:57:00Z,147abc6a,8bab4dff,a6177608,0.0
2025-02-09T13:00:00Z,147abc6a,8bab4dff,a6177608,0.0
2025-02-09T13:03:00Z,147abc6a,8bab4dff,a6177608,0.0
2025-02-09T13:06:00Z,147abc6a,8bab4dff,a6177608,0.01
2025-02-09T13:09:00Z,147abc6a,8bab4dff,a6177608,0.0
2025-02-09T13:12:00Z,147abc6a,8bab4dff,a6177608,0.0
2025-02-09T13:15:00Z,147abc6a,8bab4dff,a6177608,0.0
2025-02-09T13:18:00Z,147abc6a,8bab4dff,a6177608,0.0
2025-02-09T13:21:00Z,147abc6a,8bab4dff,a6177608,0.0
2025-02-09T13:24:00Z,147abc6a,8bab4dff,a6177608,0.0
2025-02-09T13:27:00Z,147abc6a,8bab4dff,a6177608,0.0
2025-02-09T13:30:00Z,147abc6a,8bab4dff,a6177608,0.0
2025-02-09T13:33:00Z,147abc6a,8bab4dff,a6177608,0.0
2025-02-09T13:36:00Z,147abc6a,8bab4dff,a6177608,0.0
2025-02-09T13:39:00Z,147abc6a,8bab4dff,a6177608,0.0
2025-02-09T13:42:00Z,147abc6a,8bab4dff,a6177608,0.0
2025-02-09T13:45:00Z,147abc6a,8bab4dff,a6177608,0.0
2025-02-09T13:48:00Z,147abc6a,8bab4dff,a6177608,0.0
2025-02-09T13:51:00Z,147abc6a,8bab4dff,a6177608,0.0
2025-02-09T13:54:00Z,147abc6a,8bab4dff,a6177608,0.0
2025-02-09T13:57:00Z,147abc6a,8bab4dff,a6177608,0.0
2025-02-09T14:00:00Z,147abc6a,8bab4dff,a6177608,0.0
2025-02-09T14:03:00Z,147abc6a,8bab4dff,a6177608,0.0
2025-02-09T14:06:00Z,147abc6a,8bab4dff,a6177608,0.0
2025-02-09T14:09:00Z,147abc6a,8bab4dff,a6177608,0.0
2025-02-09T14:12:00Z,147abc6a,8bab4dff,a6177608,0.0
2025-02-09T14:15:00Z,147abc6a,8bab4dff,a6177608,0.0
2025-02-09T14:18:00Z,147abc6a,8bab4dff,a6177608,0.0
2025-02-09T14:21:00Z,147abc6a,8bab4dff,a6177608,0.0
2025-02-09T14:24:00Z,147abc6a,8bab4dff,a6177608,0.0
2025-02-09T14:27:00Z,147abc6a,8bab4dff,a6177608,0.0
2025-02-09T14:30:00Z,147abc6a,8bab4dff,a6177608,0.0
2025-02-09T14:33:00Z,147abc6a,8bab4dff,a6177608,0.0
2025-02-09T14:36:00Z,147abc6a,8bab4dff,a6177608,0.0
2025-02-09T14:39:00Z,147abc6a,8bab4dff,a6177608,0.0
2025-02-09T14:42:00Z,147abc6a,8bab4dff,a6177608,0.0
2025-02-09T14:45:00Z,147abc6a,8bab4dff,a6177608,0.0
2025-02-09T14:48:00Z,147abc6a,8bab4dff,a6177608,0.0
2025-02-09T14:51:00Z,147abc6a,8bab4dff,a6177608,0.0
2025-02-09T14:54:00Z,147abc6a,8bab4dff,a6177608,0.0
2025-02-09T14:57:00Z,147abc6a,8bab4dff,a6177608,0.0
2025-02-09T15:00:00Z,147abc6a,8bab4dff,a6177608,0.0
2025-02-09T15:03:00Z,147abc6a,8bab4dff,a6177608,0.0
2025-02-09T15:06:00Z,147abc6a,8bab4dff,a6177608,0.0
2025-02-09T15:09:00Z,147abc6a,8bab4dff,a6177608,0.0
2025-02-09T15:12:00Z,147abc6a,8bab4dff,a6177608,0.0
2025-02-09T15:15:00Z,147abc6a,8bab4dff,a6177608,0.0
2025-02-09T15:18:00Z,147abc6a,8bab4dff,a6177608,0.0
2025-02-09T15:21:00Z,147abc6a,8bab4dff,a6177608,0.0
2025-02-09T15:24:00Z,147abc6a,8bab4dff,a6177608,0.0
2025-02-09T15:27:00Z,147abc6a,8bab4dff,a6177608,0.0
2025-02-09T15:30:00Z,147abc6a,8bab4dff,a6177608,0.0
2025-02-09T15:33:00Z,147abc6a,8bab4dff,a6177608,0.0
2025-02-09T15:36:00Z,147abc6a,8bab4dff,a6177608,0.0
2025-02-09T15:39:00Z,147abc6a,8bab4dff,a6177608,0.0
2025-02-09T15:42:00Z,147abc6a,8bab4dff,a6177608,0.0
2025-02-09T15:45:00Z,147abc6a,8bab4dff,a6177608,0.0
2025-02-09T15:48:00Z,147abc6a,8bab4dff,a6177608,0.0
2025-02-09T15:51:00Z,147abc6a,8bab4dff,a6177608,0.0
2025-02-09T15:54:00Z,147abc6a,8bab4dff,a6177608,0.0
2025-02-09T15:57:00Z,147abc6a,8bab4dff,a6177608,0.0
2025-02-09T16:00:00Z,147abc6a,8bab4dff,a6177608,0.0
2025-02-09T16:03:00Z,147abc6a,8bab4dff,a6177608,0.0
2025-02-09T16:06:00Z,147abc6a,8bab4dff,a6177608,0.0
2025-02-09T16:09:00Z,147abc6a,8bab4dff,a6177608,0.0
2025-02-09T16:12:00Z,147abc6a,8bab4dff,a6177608,0.0
2025-02-09T16:15:00Z,147abc6a,8bab4dff,a6177608,0.0
2025-02-09T16:18:00Z,147abc6a,8bab4dff,a6177608,0.0
2025-02-09T16:21:00Z,147abc6a,8bab4dff,a6177608,0.0
2025-02-09T16:24:00Z,147abc6a,8bab4dff,a6177608,0.0
2025-02-09T16:27:00Z,147abc6a,8bab4dff,a6177608,0.0
2025-02-09T16:30:00Z,147abc6a,8bab4dff,a6177608,0.0
2025-02-09T16:33:00Z,147abc6a,8bab4dff,a6177608,0.0
2025-02-09T16:36:00Z,147abc6a,8bab4dff,a6177608,0.0
2025-02-09T16:39:00Z,147abc6a,8bab4dff,a6177608,0.0
2025-02-09T16:42:00Z,147abc6a,8bab4dff,a6177608,0.0
2025-02-09T16:45:00Z,147abc6a,8bab4dff,a6177608,0.0
2025-02-09T16:48:00Z,147abc6a,8bab4dff,a6177608,0.0
2025-02-09T16:51:00Z,147abc6a,8bab4dff,a6177608,0.0
2025-02-09T16:54:00Z,147abc6a,8bab4dff,a6177608,0.0
2025-02-09T16:57:00Z,147abc6a,8bab4dff,a6177608,0.0
2025-02-09T17:00:00Z,147abc6a,8bab4dff,a6177608,0.0
2025-02-09T17:03:00Z,147abc6a,8bab4dff,a6177608,0.0
2025-02-09T17:06:00Z,147abc6a,8bab4dff,a6177608,0.0
2025-02-09T17:09:00Z,147abc6a,8bab4dff,a6177608,0.0
2025-02-09T17:12:00Z,147abc6a,8bab4dff,a6177608,0.0
2025-02-09T17:15:00Z,147abc6a,8bab4dff,a6177608,0.0
2025-02-09T17:18:00Z,147abc6a,8bab4dff,a6177608,0.0
2025-02-09T17:21:00Z,147abc6a,8bab4dff,a6177608,0.0
2025-02-09T17:24:00Z,147abc6a,8bab4dff,a6177608,0.0
2025-02-09T17:27:00Z,147abc6a,8bab4dff,a6177608,0.0
2025-02-09T17:30:00Z,147abc6a,8bab4dff,a6177608,0.0
2025-02-09T17:33:00Z,147abc6a,8bab4dff,a6177608,0.0
2025-02-09T17:36:00Z,147abc6a,8bab4dff,a6177608,0.0
2025-02-09T17:39:00Z,147abc6a,8bab4dff,a6177608,0.0
2025-02-09T17:42:00Z,147abc6a,8bab4dff,a6177608,0.0
2025-02-09T17:45:00Z,147abc6a,8bab4dff,a6177608,0.0
2025-02-09T17:48:00Z,147abc6a,8bab4dff,a6177608,0.0
2025-02-09T17:51:00Z,147abc6a,8bab4dff,a6177608,0.0
2025-02-09T17:54:00Z,147abc6a,8bab4dff,a6177608,0.0
2025-02-09T17:57:00Z,147abc6a,8bab4dff,a6177608,0.0
2025-02-09T18:00:00Z,147abc6a,8bab4dff,a6177608,0.0
2025-02-09T18:03:00Z,147abc6a,8bab4dff,a6177608,0.0
2025-02-09T18:06:00Z,147abc6a,8bab4dff,a6177608,0.0
2025-02-09T18:09:00Z,147abc6a,8bab4dff,a6177608,0.0
2025-02-09T18:12:00Z,147abc6a,8bab4dff,a6177608,0.0
2025-02-09T18:15:00Z,147abc6a,8bab4dff,a6177608,0.0
2025-02-09T18:18:00Z,147abc6a,8bab4dff,a6177608,0.0
2025-02-09T18:21:00Z,147abc6a,8bab4dff,a6177608,0.0
2025-02-09T18:24:00Z,147abc6a,8bab4dff,a6177608,0.0
2025-02-09T18:27:00Z,147abc6a,8bab4dff,a6177608,0.0
2025-02-09T18:30:00Z,147abc6a,8bab4dff,a6177608,0.0
2025-02-09T18:33:00Z,147abc6a,8bab4dff,a6177608,0.0
2025-02-09T18:36:00Z,147abc6a,8bab4dff,a6177608,0.0
2025-02-09T18:39:00Z,147abc6a,8bab4dff,a6177608,0.0
2025-02-09T18:42:00Z,147abc6a,8bab4dff,a6177608,0.0
2025-02-09T18:45:00Z,147abc6a,8bab4dff,a6177608,0.0
2025-02-09T18:48:00Z,147abc6a,8bab4dff,a6177608,0.0
2025-02-09T18:51:00Z,147abc6a,8bab4dff,a6177608,0.0
2025-02-09T18:54:00Z,147abc6a,8bab4dff,a6177608,0.0
2025-02-09T18:57:00Z,147abc6a,8bab4dff,a6177608,0.0
2025-02-09T19:00:00Z,147abc6a,8bab4dff,a6177608,0.0
2025-02-09T19:03:00Z,147abc6a,8bab4dff,a6177608,0.0
2025-02-09T19:06:00Z,147abc6a,8bab4dff,a6177608,0.0
2025-02-09T19:09:00Z,147abc6a,8bab4dff,a6177608,0.0
2025-02-09T19:12:00Z,147abc6a,8bab4dff,a6177608,0.0
2025-02-09T19:15:00Z,147abc6a,8bab4dff,a6177608,0.0
2025-02-09T19:18:00Z,147abc6a,8bab4dff,a6177608,0.0
2025-02-09T19:21:00Z,147abc6a,8bab4dff,a6177608,0.0
2025-02-09T19:24:00Z,147abc6a,8bab4dff,a6177608,0.0
2025-02-09T19:27:00Z,147abc6a,8bab4dff,a6177608,0.0
2025-02-09T19:30:00Z,147abc6a,8bab4dff,a6177608,0.0
2025-02-09T19:33:00Z,147abc6a,8bab4dff,a6177608,0.0
2025-02-09T19:36:00Z,147abc6a,8bab4dff,a6177608,0.0
2025-02-09T19:39:00Z,147abc6a,8bab4dff,a6177608,0.0
2025-02-09T19:42:00Z,147abc6a,8bab4dff,a6177608,0.0
2025-02-09T19:45:00Z,147abc6a,8bab4dff,a6177608,0.0
2025-02-09T19:48:00Z,147abc6a,8bab4dff,a6177608,0.0
2025-02-09T19:51:00Z,147abc6a,8bab4dff,a6177608,0.0
2025-02-09T19:54:00Z,147abc6a,8bab4dff,a6177608,0.0
2025-02-09T19:57:00Z,147abc6a,8bab4dff,a6177608,0.0
2025-02-09T20:00:00Z,147abc6a,8bab4dff,a6177608,0.0
2025-02-09T20:03:00Z,147abc6a,8bab4dff,a6177608,0.0
2025-02-09T20:06:00Z,147abc6a,8bab4dff,a6177608,0.0
2025-02-09T20:09:00Z,147abc6a,8bab4dff,a6177608,0.0
2025-02-09T20:12:00Z,147abc6a,8bab4dff,a6177608,0.0
2025-02-09T20:15:00Z,147abc6a,8bab4dff,a6177608,0.0
2025-02-09T20:18:00Z,147abc6a,8bab4dff,a6177608,0.0
2025-02-09T20:21:00Z,147abc6a,8bab4dff,a6177608,0.0
2025-02-09T20:24:00Z,147abc6a,8bab4dff,a6177608,0.0
2025-02-09T20:27:00Z,147abc6a,8bab4dff,a6177608,0.0
2025-02-09T20:30:00Z,147abc6a,8bab4dff,a6177608,0.0
2025-02-09T20:33:00Z,147abc6a,8bab4dff,a6177608,0.0
2025-02-09T20:36:00Z,147abc6a,8bab4dff,a6177608,0.0
2025-02-09T20:39:00Z,147abc6a,8bab4dff,a6177608,0.0
2025-02-09T20:42:00Z,147abc6a,8bab4dff,a6177608,0.0
2025-02-09T20:45:00Z,147abc6a,8bab4dff,a6177608,0.0
2025-02-09T20:48:00Z,147abc6a,8bab4dff,a6177608,0.0
2025-02-09T20:51:00Z,147abc6a,8bab4dff,a6177608,0.0
2025-02-09T20:54:00Z,147abc6a,8bab4dff,a6177608,0.0
2025-02-09T20:57:00Z,147abc6a,8bab4dff,a6177608,0.0
2025-02-09T21:00:00Z,147abc6a,8bab4dff,a6177608,0.0
2025-02-09T21:03:00Z,147abc6a,8bab4dff,a6177608,0.0
2025-02-09T21:06:00Z,147abc6a,8bab4dff,a6177608,0.0
2025-02-09T21:09:00Z,147abc6a,8bab4dff,a6177608,0.0
2025-02-09T21:12:00Z,147abc6a,8bab4dff,a6177608,0.0
2025-02-09T21:15:00Z,147abc6a,8bab4dff,a6177608,0.0
2025-02-09T21:18:00Z,147abc6a,8bab4dff,a6177608,0.0
2025-02-09T21:21:00Z,147abc6a,8bab4dff,a6177608,0.0
2025-02-09T21:24:00Z,147abc6a,8bab4dff,a6177608,0.0
2025-02-09T21:27:00Z,147abc6a,8bab4dff,a6177608,0.0
2025-02-09T21:30:00Z,147abc6a,8bab4dff,a6177608,0.0
2025-02-09T21:33:00Z,147abc6a,8bab4dff,a6177608,0.0
2025-02-09T21:36:00Z,147abc6a,8bab4dff,a6177608,0.0
2025-02-09T21:39:00Z,147abc6a,8bab4dff,a6177608,0.0
2025-02-09T21:42:00Z,147abc6a,8bab4dff,a6177608,0.0
2025-02-09T21:45:00Z,147abc6a,8bab4dff,a6177608,0.0
2025-02-09T21:48:00Z,147abc6a,8bab4dff,a6177608,0.0
2025-02-09T21:51:00Z,147abc6a,8bab4dff,a6177608,0.0
2025-02-09T21:54:00Z,147abc6a,8bab4dff,a6177608,0.0
2025-02-09T21:57:00Z,147abc6a,8bab4dff,a6177608,0.0
2025-02-09T22:00:00Z,147abc6a,8bab4dff,a6177608,0.0
2025-02-09T22:03:00Z,147abc6a,8bab4dff,a6177608,0.0
2025-02-09T22:06:00Z,147abc6a,8bab4dff,a6177608,0.0
2025-02-09T22:09:00Z,147abc6a,8bab4dff,a6177608,0.0
2025-02-09T22:12:00Z,147abc6a,8bab4dff,a6177608,0.0
2025-02-09T22:15:00Z,147abc6a,8bab4dff,a6177608,0.0
2025-02-09T22:18:00Z,147abc6a,8bab4dff,a6177608,0.0
2025-02-09T22:21:00Z,147abc6a,8bab4dff,a6177608,0.0
2025-02-09T22:24:00Z,147abc6a,8bab4dff,a6177608,0.0
2025-02-09T22:27:00Z,147abc6a,8bab4dff,a6177608,0.0
2025-02-09T22:30:00Z,147abc6a,8bab4dff,a6177608,0.0
2025-02-09T22:33:00Z,147abc6a,8bab4dff,a6177608,0.0
2025-02-09T22:36:00Z,147abc6a,8bab4dff,a6177608,0.0
2025-02-09T22:39:00Z,147abc6a,8bab4dff,a6177608,0.0
2025-02-09T22:42:00Z,147abc6a,8bab4dff,a6177608,0.0
2025-02-09T22:45:00Z,147abc6a,8bab4dff,a6177608,0.0
2025-02-09T22:48:00Z,147abc6a,8bab4dff,a6177608,0.0
2025-02-09T22:51:00Z,147abc6a,8bab4dff,a6177608,0.0
2025-02-09T22:54:00Z,147abc6a,8bab4dff,a6177608,0.0
2025-02-09T22:57:00Z,147abc6a,8bab4dff,a6177608,0.0
2025-02-09T23:00:00Z,147abc6a,8bab4dff,a6177608,0.0
2025-02-09T23:03:00Z,147abc6a,8bab4dff,a6177608,0.0
2025-02-09T23:06:00Z,147abc6a,8bab4dff,a6177608,0.0
2025-02-09T23:09:00Z,147abc6a,8bab4dff,a6177608,0.0
2025-02-09T23:12:00Z,147abc6a,8bab4dff,a6177608,0.0
2025-02-09T23:15:00Z,147abc6a,8bab4dff,a6177608,0.0
2025-02-09T23:18:00Z,147abc6a,8bab4dff,a6177608,0.0
2025-02-09T23:21:00Z,147abc6a,8bab4dff,a6177608,0.0
2025-02-09T23:24:00Z,147abc6a,8bab4dff,a6177608,0.0
2025-02-09T23:27:00Z,147abc6a,8bab4dff,a6177608,0.0
2025-02-09T23:30:00Z,147abc6a,8bab4dff,a6177608,0.0
2025-02-09T23:33:00Z,147abc6a,8bab4dff,a6177608,0.0
2025-02-09T23:36:00Z,147abc6a,8bab4dff,a6177608,0.0
2025-02-09T23:39:00Z,147abc6a,8bab4dff,a6177608,0.0
2025-02-09T23:42:00Z,147abc6a,8bab4dff,a6177608,0.0
2025-02-09T23:45:00Z,147abc6a,8bab4dff,a6177608,0.0
2025-02-09T23:48:00Z,147abc6a,8bab4dff,a6177608,0.0
2025-02-09T23:51:00Z,147abc6a,8bab4dff,a6177608,0.0
2025-02-09T23:54:00Z,147abc6a,8bab4dff,a6177608,0.0
2025-02-09T23:57:00Z,147abc6a,8bab4dff,a6177608,0.0
2025-02-10T00:00:00Z,147abc6a,8bab4dff,a6177608,0.01
2025-02-10T00:03:00Z,147abc6a,8bab4dff,a6177608,0.02
2025-02-10T00:06:00Z,147abc6a,8bab4dff,a6177608,0.0
2025-02-10T00:09:00Z,147abc6a,8bab4dff,a6177608,0.0
2025-02-10T00:12:00Z,147abc6a,8bab4dff,a6177608,0.0
2025-02-10T00:15:00Z,147abc6a,8bab4dff,a6177608,0.0
2025-02-10T00:18:00Z,147abc6a,8bab4dff,a6177608,0.0
2025-02-10T00:21:00Z,147abc6a,8bab4dff,a6177608,0.0
2025-02-10T00:24:00Z,147abc6a,8bab4dff,a6177608,0.0
2025-02-10T00:27:00Z,147abc6a,8bab4dff,a6177608,0.0
2025-02-10T00:30:00Z,147abc6a,8bab4dff,a6177608,0.0
2025-02-10T00:33:00Z,147abc6a,8bab4dff,a6177608,0.0
2025-02-10T00:36:00Z,147abc6a,8bab4dff,a6177608,0.0
2025-02-10T00:39:00Z,147abc6a,8bab4dff,a6177608,0.0
2025-02-10T00:42:00Z,147abc6a,8bab4dff,a6177608,0.0
2025-02-10T00:45:00Z,147abc6a,8bab4dff,a6177608,0.0
2025-02-10T00:48:00Z,147abc6a,8bab4dff,a6177608,0.0
2025-02-10T00:51:00Z,147abc6a,8bab4dff,a6177608,0.0
2025-02-10T00:54:00Z,147abc6a,8bab4dff,a6177608,0.0
2025-02-10T00:57:00Z,147abc6a,8bab4dff,a6177608,0.0
2025-02-10T01:00:00Z,147abc6a,8bab4dff,a6177608,0.0
2025-02-10T01:03:00Z,147abc6a,8bab4dff,a6177608,0.0
2025-02-10T01:06:00Z,147abc6a,8bab4dff,a6177608,0.0
2025-02-10T01:09:00Z,147abc6a,8bab4dff,a6177608,0.0
2025-02-10T01:12:00Z,147abc6a,8bab4dff,a6177608,0.0
2025-02-10T01:15:00Z,147abc6a,8bab4dff,a6177608,0.0
2025-02-10T01:18:00Z,147abc6a,8bab4dff,a6177608,0.0
2025-02-10T01:21:00Z,147abc6a,8bab4dff,a6177608,0.0
2025-02-10T01:24:00Z,147abc6a,8bab4dff,a6177608,0.0
2025-02-10T01:27:00Z,147abc6a,8bab4dff,a6177608,0.0
2025-02-10T01:30:00Z,147abc6a,8bab4dff,a6177608,0.0
2025-02-10T01:33:00Z,147abc6a,8bab4dff,a6177608,0.0
2025-02-10T01:36:00Z,147abc6a,8bab4dff,a6177608,0.0
2025-02-10T01:39:00Z,147abc6a,8bab4dff,a6177608,0.0
2025-02-10T01:42:00Z,147abc6a,8bab4dff,a6177608,0.0
2025-02-10T01:45:00Z,147abc6a,8bab4dff,a6177608,0.0
2025-02-10T01:48:00Z,147abc6a,8bab4dff,a6177608,0.0
2025-02-10T01:51:00Z,147abc6a,8bab4dff,a6177608,0.0
2025-02-10T01:54:00Z,147abc6a,8bab4dff,a6177608,0.0
2025-02-10T01:57:00Z,147abc6a,8bab4dff,a6177608,0.0
2025-02-10T02:00:00Z,147abc6a,8bab4dff,a6177608,0.0
2025-02-10T02:03:00Z,147abc6a,8bab4dff,a6177608,0.0
2025-02-10T02:06:00Z,147abc6a,8bab4dff,a6177608,0.0
2025-02-10T02:09:00Z,147abc6a,8bab4dff,a6177608,0.0
2025-02-10T02:12:00Z,147abc6a,8bab4dff,a6177608,0.0
2025-02-10T02:15:00Z,147abc6a,8bab4dff,a6177608,0.0
2025-02-10T02:18:00Z,147abc6a,8bab4dff,a6177608,0.0
2025-02-10T02:21:00Z,147abc6a,8bab4dff,a6177608,0.0
2025-02-10T02:24:00Z,147abc6a,8bab4dff,a6177608,0.0
2025-02-10T02:27:00Z,147abc6a,8bab4dff,a6177608,0.0
2025-02-10T02:30:00Z,147abc6a,8bab4dff,a6177608,0.0
2025-02-10T02:33:00Z,147abc6a,8bab4dff,a6177608,0.0
2025-02-10T02:36:00Z,147abc6a,8bab4dff,a6177608,0.0
2025-02-10T02:39:00Z,147abc6a,8bab4dff,a6177608,0.0
2025-02-10T02:42:00Z,147abc6a,8bab4dff,a6177608,0.0
2025-02-10T02:45:00Z,147abc6a,8bab4dff,a6177608,0.0
2025-02-10T02:48:00Z,147abc6a,8bab4dff,a6177608,0.0
2025-02-10T02:51:00Z,147abc6a,8bab4dff,a6177608,0.0
2025-02-10T02:54:00Z,147abc6a,8bab4dff,a6177608,0.0
2025-02-10T02:57:00Z,147abc6a,8bab4dff,a6177608,0.0
2025-02-10T03:00:00Z,147abc6a,8bab4dff,a6177608,0.0
2025-02-10T03:03:00Z,147abc6a,8bab4dff,a6177608,0.0
2025-02-10T03:06:00Z,147abc6a,8bab4dff,a6177608,0.0
2025-02-10T03:09:00Z,147abc6a,8bab4dff,a6177608,0.0
2025-02-10T03:12:00Z,147abc6a,8bab4dff,a6177608,0.0
2025-02-10T03:15:00Z,147abc6a,8bab4dff,a6177608,0.0
2025-02-10T03:18:00Z,147abc6a,8bab4dff,a6177608,0.0
2025-02-10T03:21:00Z,147abc6a,8bab4dff,a6177608,0.0
2025-02-10T03:24:00Z,147abc6a,8bab4dff,a6177608,0.0
2025-02-10T03:27:00Z,147abc6a,8bab4dff,a6177608,0.0
2025-02-10T03:30:00Z,147abc6a,8bab4dff,a6177608,0.0
2025-02-10T03:33:00Z,147abc6a,8bab4dff,a6177608,0.0
2025-02-10T03:36:00Z,147abc6a,8bab4dff,a6177608,0.0
2025-02-10T03:39:00Z,147abc6a,8bab4dff,a6177608,0.0
2025-02-10T03:42:00Z,147abc6a,8bab4dff,a6177608,0.0
2025-02-10T03:45:00Z,147abc6a,8bab4dff,a6177608,0.0
2025-02-10T03:48:00Z,147abc6a,8bab4dff,a6177608,0.0
2025-02-10T03:51:00Z,147abc6a,8bab4dff,a6177608,0.0
2025-02-10T03:54:00Z,147abc6a,8bab4dff,a6177608,0.0
2025-02-10T03:57:00Z,147abc6a,8bab4dff,a6177608,0.0
2025-02-10T04:00:00Z,147abc6a,8bab4dff,a6177608,0.0
2025-02-10T04:03:00Z,147abc6a,8bab4dff,a6177608,0.0
2025-02-10T04:06:00Z,147abc6a,8bab4dff,a6177608,0.0
2025-02-10T04:09:00Z,147abc6a,8bab4dff,a6177608,0.0
2025-02-10T04:12:00Z,147abc6a,8bab4dff,a6177608,0.0
2025-02-10T04:15:00Z,147abc6a,8bab4dff,a6177608,0.0
2025-02-10T04:18:00Z,147abc6a,8bab4dff,a6177608,0.0
2025-02-10T04:21:00Z,147abc6a,8bab4dff,a6177608,0.0
2025-02-10T04:24:00Z,147abc6a,8bab4dff,a6177608,0.0
2025-02-10T04:27:00Z,147abc6a,8bab4dff,a6177608,0.0
2025-02-10T04:30:00Z,147abc6a,8bab4dff,a6177608,0.0
2025-02-10T04:33:00Z,147abc6a,8bab4dff,a6177608,0.0
2025-02-10T04:36:00Z,147abc6a,8bab4dff,a6177608,0.0
2025-02-10T04:39:00Z,147abc6a,8bab4dff,a6177608,0.0
2025-02-10T04:42:00Z,147abc6a,8bab4dff,a6177608,0.0
2025-02-10T04:45:00Z,147abc6a,8bab4dff,a6177608,0.0
2025-02-10T04:48:00Z,147abc6a,8bab4dff,a6177608,0.0
2025-02-10T04:51:00Z,147abc6a,8bab4dff,a6177608,0.0
2025-02-10T04:54:00Z,147abc6a,8bab4dff,a6177608,0.0
2025-02-10T04:57:00Z,147abc6a,8bab4dff,a6177608,0.0
2025-02-10T05:00:00Z,147abc6a,8bab4dff,a6177608,0.0
2025-02-10T05:03:00Z,147abc6a,8bab4dff,a6177608,0.0
2025-02-10T05:06:00Z,147abc6a,8bab4dff,a6177608,0.0
2025-02-10T05:09:00Z,147abc6a,8bab4dff,a6177608,0.0
2025-02-10T05:12:00Z,147abc6a,8bab4dff,a6177608,0.0
2025-02-10T05:15:00Z,147abc6a,8bab4dff,a6177608,0.0
2025-02-10T05:18:00Z,147abc6a,8bab4dff,a6177608,0.0
2025-02-10T05:21:00Z,147abc6a,8bab4dff,a6177608,0.0
2025-02-10T05:24:00Z,147abc6a,8bab4dff,a6177608,0.0
2025-02-10T05:27:00Z,147abc6a,8bab4dff,a6177608,0.0
2025-02-10T05:30:00Z,147abc6a,8bab4dff,a6177608,0.0
2025-02-10T05:33:00Z,147abc6a,8bab4dff,a6177608,0.0
2025-02-10T05:36:00Z,147abc6a,8bab4dff,a6177608,0.0
2025-02-10T05:39:00Z,147abc6a,8bab4dff,a6177608,0.0
2025-02-10T05:42:00Z,147abc6a,8bab4dff,a6177608,0.0
2025-02-10T05:45:00Z,147abc6a,8bab4dff,a6177608,0.0
2025-02-10T05:48:00Z,147abc6a,8bab4dff,a6177608,0.0
2025-02-10T05:51:00Z,147abc6a,8bab4dff,a6177608,0.0
2025-02-10T05:54:00Z,147abc6a,8bab4dff,a6177608,0.0
2025-02-10T05:57:00Z,147abc6a,8bab4dff,a6177608,0.0
2025-02-10T06:00:00Z,147abc6a,8bab4dff,a6177608,0.0
2025-02-10T06:03:00Z,147abc6a,8bab4dff,a6177608,0.0
2025-02-10T06:06:00Z,147abc6a,8bab4dff,a6177608,0.0
2025-02-10T06:09:00Z,147abc6a,8bab4dff,a6177608,0.0
2025-02-10T06:12:00Z,147abc6a,8bab4dff,a6177608,0.0
2025-02-10T06:15:00Z,147abc6a,8bab4dff,a6177608,0.0
2025-02-10T06:18:00Z,147abc6a,8bab4dff,a6177608,0.0
2025-02-10T06:21:00Z,147abc6a,8bab4dff,a6177608,0.0
2025-02-10T06:24:00Z,147abc6a,8bab4dff,a6177608,0.0
2025-02-10T06:27:00Z,147abc6a,8bab4dff,a6177608,0.02
2025-02-10T06:30:00Z,147abc6a,8bab4dff,a6177608,0.0
2025-02-10T06:33:00Z,147abc6a,8bab4dff,a6177608,0.0
2025-02-10T06:36:00Z,147abc6a,8bab4dff,a6177608,0.0
2025-02-10T06:39:00Z,147abc6a,8bab4dff,a6177608,0.0
2025-02-10T06:42:00Z,147abc6a,8bab4dff,a6177608,0.0
2025-02-10T06:45:00Z,147abc6a,8bab4dff,a6177608,0.0
2025-02-10T06:48:00Z,147abc6a,8bab4dff,a6177608,0.0
2025-02-10T06:51:00Z,147abc6a,8bab4dff,a6177608,0.0
2025-02-10T06:54:00Z,147abc6a,8bab4dff,a6177608,0.0
2025-02-10T06:57:00Z,147abc6a,8bab4dff,a6177608,0.0
2025-02-10T07:00:00Z,147abc6a,8bab4dff,a6177608,0.0
2025-02-10T07:03:00Z,147abc6a,8bab4dff,a6177608,0.0
2025-02-10T07:06:00Z,147abc6a,8bab4dff,a6177608,0.0
2025-02-10T07:09:00Z,147abc6a,8bab4dff,a6177608,0.0
2025-02-10T07:12:00Z,147abc6a,8bab4dff,a6177608,0.0
2025-02-10T07:15:00Z,147abc6a,8bab4dff,a6177608,0.0
2025-02-10T07:18:00Z,147abc6a,8bab4dff,a6177608,0.0
2025-02-10T07:21:00Z,147abc6a,8bab4dff,a6177608,0.0
2025-02-10T07:24:00Z,147abc6a,8bab4dff,a6177608,0.0
2025-02-10T07:27:00Z,147abc6a,8bab4dff,a6177608,0.0
2025-02-10T07:30:00Z,147abc6a,8bab4dff,a6177608,0.0
2025-02-10T07:33:00Z,147abc6a,8bab4dff,a6177608,0.0
2025-02-10T07:36:00Z,147abc6a,8bab4dff,a6177608,0.0
2025-02-10T07:39:00Z,147abc6a,8bab4dff,a6177608,0.0
2025-02-10T07:42:00Z,147abc6a,8bab4dff,a6177608,0.0
2025-02-10T07:45:00Z,147abc6a,8bab4dff,a6177608,0.0
2025-02-10T07:48:00Z,147abc6a,8bab4dff,a6177608,0.0
2025-02-10T07:51:00Z,147abc6a,8bab4dff,a6177608,0.0
2025-02-10T07:54:00Z,147abc6a,8bab4dff,a6177608,0.0
2025-02-10T07:57:00Z,147abc6a,8bab4dff,a6177608,0.0
2025-02-10T08:00:00Z,147abc6a,8bab4dff,a6177608,0.0
2025-02-10T08:03:00Z,147abc6a,8bab4dff,a6177608,0.0
2025-02-10T08:06:00Z,147abc6a,8bab4dff,a6177608,0.0
2025-02-10T08:09:00Z,147abc6a,8bab4dff,a6177608,0.0
2025-02-10T08:12:00Z,147abc6a,8bab4dff,a6177608,0.0
2025-02-10T08:15:00Z,147abc6a,8bab4dff,a6177608,0.0
2025-02-10T08:18:00Z,147abc6a,8bab4dff,a6177608,0.0
2025-02-10T08:21:00Z,147abc6a,8bab4dff,a6177608,0.0
2025-02-10T08:24:00Z,147abc6a,8bab4dff,a6177608,0.0
2025-02-10T08:27:00Z,147abc6a,8bab4dff,a6177608,0.0
2025-02-10T08:30:00Z,147abc6a,8bab4dff,a6177608,0.0
2025-02-10T08:33:00Z,147abc6a,8bab4dff,a6177608,0.0
2025-02-10T08:36:00Z,147abc6a,8bab4dff,a6177608,0.0
2025-02-10T08:39:00Z,147abc6a,8bab4dff,a6177608,0.0
2025-02-10T08:42:00Z,147abc6a,8bab4dff,a6177608,0.0
2025-02-10T08:45:00Z,147abc6a,8bab4dff,a6177608,0.0
2025-02-10T08:48:00Z,147abc6a,8bab4dff,a6177608,0.0
2025-02-10T08:51:00Z,147abc6a,8bab4dff,a6177608,0.0
2025-02-10T08:54:00Z,147abc6a,8bab4dff,a6177608,0.0
2025-02-10T08:57:00Z,147abc6a,8bab4dff,a6177608,0.0
2025-02-10T09:00:00Z,147abc6a,8bab4dff,a6177608,0.0
2025-02-10T09:03:00Z,147abc6a,8bab4dff,a6177608,0.0
2025-02-10T09:06:00Z,147abc6a,8bab4dff,a6177608,0.0
2025-02-10T09:09:00Z,147abc6a,8bab4dff,a6177608,0.0
2025-02-10T09:12:00Z,147abc6a,8bab4dff,a6177608,0.0
2025-02-10T09:15:00Z,147abc6a,8bab4dff,a6177608,0.0
2025-02-10T09:18:00Z,147abc6a,8bab4dff,a6177608,0.0
2025-02-10T09:21:00Z,147abc6a,8bab4dff,a6177608,0.0
2025-02-10T09:24:00Z,147abc6a,8bab4dff,a6177608,0.0
2025-02-10T09:27:00Z,147abc6a,8bab4dff,a6177608,0.0
2025-02-10T09:30:00Z,147abc6a,8bab4dff,a6177608,0.0
2025-02-10T09:33:00Z,147abc6a,8bab4dff,a6177608,0.0
2025-02-10T09:36:00Z,147abc6a,8bab4dff,a6177608,0.0
2025-02-10T09:39:00Z,147abc6a,8bab4dff,a6177608,0.01
2025-02-10T09:42:00Z,147abc6a,8bab4dff,a6177608,0.0
2025-02-10T09:45:00Z,147abc6a,8bab4dff,a6177608,0.0
2025-02-10T09:48:00Z,147abc6a,8bab4dff,a6177608,0.0
2025-02-10T09:51:00Z,147abc6a,8bab4dff,a6177608,0.0
2025-02-10T09:54:00Z,147abc6a,8bab4dff,a6177608,0.0
2025-02-10T09:57:00Z,147abc6a,8bab4dff,a6177608,0.0
2025-02-10T10:00:00Z,147abc6a,8bab4dff,a6177608,0.0
2025-02-10T10:03:00Z,147abc6a,8bab4dff,a6177608,0.0
2025-02-10T10:06:00Z,147abc6a,8bab4dff,a6177608,0.0
2025-02-10T10:09:00Z,147abc6a,8bab4dff,a6177608,0.0
2025-02-10T10:12:00Z,147abc6a,8bab4dff,a6177608,0.0
2025-02-10T10:15:00Z,147abc6a,8bab4dff,a6177608,0.0
2025-02-10T10:18:00Z,147abc6a,8bab4dff,a6177608,0.0
2025-02-10T10:21:00Z,147abc6a,8bab4dff,a6177608,0.0
2025-02-10T10:24:00Z,147abc6a,8bab4dff,a6177608,0.0
2025-02-10T10:27:00Z,147abc6a,8bab4dff,a6177608,0.0
2025-02-10T10:30:00Z,147abc6a,8bab4dff,a6177608,0.0
2025-02-10T10:33:00Z,147abc6a,8bab4dff,a6177608,0.0
2025-02-10T10:36:00Z,147abc6a,8bab4dff,a6177608,0.0
2025-02-10T10:39:00Z,147abc6a,8bab4dff,a6177608,0.0
2025-02-10T10:42:00Z,147abc6a,8bab4dff,a6177608,0.0
2025-02-10T10:45:00Z,147abc6a,8bab4dff,a6177608,0.0
2025-02-10T10:48:00Z,147abc6a,8bab4dff,a6177608,0.0
2025-02-10T10:51:00Z,147abc6a,8bab4dff,a6177608,0.0
2025-02-10T10:54:00Z,147abc6a,8bab4dff,a6177608,0.0
2025-02-10T10:57:00Z,147abc6a,8bab4dff,a6177608,0.0
2025-02-10T11:00:00Z,147abc6a,8bab4dff,a6177608,0.0
2025-02-10T11:03:00Z,147abc6a,8bab4dff,a6177608,0.0
2025-02-10T11:06:00Z,147abc6a,8bab4dff,a6177608,0.0
2025-02-10T11:09:00Z,147abc6a,8bab4dff,a6177608,0.0
2025-02-10T11:12:00Z,147abc6a,8bab4dff,a6177608,0.0
2025-02-10T11:15:00Z,147abc6a,8bab4dff,a6177608,0.0
2025-02-10T11:18:00Z,147abc6a,8bab4dff,a6177608,0.0
2025-02-10T11:21:00Z,147abc6a,8bab4dff,a6177608,0.0
2025-02-10T11:24:00Z,147abc6a,8bab4dff,a6177608,0.0
2025-02-10T11:27:00Z,147abc6a,8bab4dff,a6177608,0.0
2025-02-10T11:30:00Z,147abc6a,8bab4dff,a6177608,0.0
2025-02-10T11:33:00Z,147abc6a,8bab4dff,a6177608,0.0
2025-02-10T11:36:00Z,147abc6a,8bab4dff,a6177608,0.0
2025-02-10T11:39:00Z,147abc6a,8bab4dff,a6177608,0.0
2025-02-10T11:42:00Z,147abc6a,8bab4dff,a6177608,0.0
2025-02-10T11:45:00Z,147abc6a,8bab4dff,a6177608,0.01
2025-02-10T11:48:00Z,147abc6a,8bab4dff,a6177608,0.0
2025-02-10T11:51:00Z,147abc6a,8bab4dff,a6177608,0.0
2025-02-10T11:54:00Z,147abc6a,8bab4dff,a6177608,0.0
2025-02-10T11:57:00Z,147abc6a,8bab4dff,a6177608,0.0
2025-02-10T12:00:00Z,147abc6a,8bab4dff,a6177608,0.0
2025-02-10T12:03:00Z,147abc6a,8bab4dff,a6177608,0.0
2025-02-10T12:06:00Z,147abc6a,8bab4dff,a6177608,0.0
2025-02-10T12:09:00Z,147abc6a,8bab4dff,a6177608,0.0
2025-02-10T12:12:00Z,147abc6a,8bab4dff,a6177608,0.0
2025-02-10T12:15:00Z,147abc6a,8bab4dff,a6177608,0.0
2025-02-10T12:18:00Z,147abc6a,8bab4dff,a6177608,0.0
2025-02-10T12:21:00Z,147abc6a,8bab4dff,a6177608,0.0
2025-02-10T12:24:00Z,147abc6a,8bab4dff,a6177608,0.0
2025-02-10T12:27:00Z,147abc6a,8bab4dff,a6177608,0.0
2025-02-10T12:30:00Z,147abc6a,8bab4dff,a6177608,0.0
2025-02-10T12:33:00Z,147abc6a,8bab4dff,a6177608,0.0
2025-02-10T12:36:00Z,147abc6a,8bab4dff,a6177608,0.0
2025-02-10T12:39:00Z,147abc6a,8bab4dff,a6177608,0.0
2025-02-10T12:42:00Z,147abc6a,8bab4dff,a6177608,0.0
2025-02-10T12:45:00Z,147abc6a,8bab4dff,a6177608,0.0
2025-02-10T12:48:00Z,147abc6a,8bab4dff,a6177608,0.0
2025-02-10T12:51:00Z,147abc6a,8bab4dff,a6177608,0.0
2025-02-10T12:54:00Z,147abc6a,8bab4dff,a6177608,0.0
2025-02-10T12:57:00Z,147abc6a,8bab4dff,a6177608,0.0
2025-02-10T13:00:00Z,147abc6a,8bab4dff,a6177608,0.0
2025-02-10T13:03:00Z,147abc6a,8bab4dff,a6177608,0.0
2025-02-10T13:06:00Z,147abc6a,8bab4dff,a6177608,0.0
2025-02-10T13:09:00Z,147abc6a,8bab4dff,a6177608,0.0
2025-02-10T13:12:00Z,147abc6a,8bab4dff,a6177608,0.0
2025-02-10T13:15:00Z,147abc6a,8bab4dff,a6177608,0.0
2025-02-10T13:18:00Z,147abc6a,8bab4dff,a6177608,0.0
2025-02-10T13:21:00Z,147abc6a,8bab4dff,a6177608,0.0
2025-02-10T13:24:00Z,147abc6a,8bab4dff,a6177608,0.0
2025-02-10T13:27:00Z,147abc6a,8bab4dff,a6177608,0.0
2025-02-10T13:30:00Z,147abc6a,8bab4dff,a6177608,0.0
2025-02-10T13:33:00Z,147abc6a,8bab4dff,a6177608,0.0
2025-02-10T13:36:00Z,147abc6a,8bab4dff,a6177608,0.0
2025-02-10T13:39:00Z,147abc6a,8bab4dff,a6177608,0.0
2025-02-10T13:42:00Z,147abc6a,8bab4dff,a6177608,0.0
2025-02-10T13:45:00Z,147abc6a,8bab4dff,a6177608,0.0
2025-02-10T13:48:00Z,147abc6a,8bab4dff,a6177608,0.0
2025-02-10T13:51:00Z,147abc6a,8bab4dff,a6177608,0.0
2025-02-10T13:54:00Z,147abc6a,8bab4dff,a6177608,0.0
2025-02-10T13:57:00Z,147abc6a,8bab4dff,a6177608,0.0
2025-02-10T14:00:00Z,147abc6a,8bab4dff,a6177608,0.0
2025-02-10T14:03:00Z,147abc6a,8bab4dff,a6177608,0.0
2025-02-10T14:06:00Z,147abc6a,8bab4dff,a6177608,0.0
2025-02-10T14:09:00Z,147abc6a,8bab4dff,a6177608,0.0
2025-02-10T14:12:00Z,147abc6a,8bab4dff,a6177608,0.0
2025-02-10T14:15:00Z,147abc6a,8bab4dff,a6177608,0.0
2025-02-10T14:18:00Z,147abc6a,8bab4dff,a6177608,0.0
2025-02-10T14:21:00Z,147abc6a,8bab4dff,a6177608,0.0
2025-02-10T14:24:00Z,147abc6a,8bab4dff,a6177608,0.0
2025-02-10T14:27:00Z,147abc6a,8bab4dff,a6177608,0.0
2025-02-10T14:30:00Z,147abc6a,8bab4dff,a6177608,0.0
2025-02-10T14:33:00Z,147abc6a,8bab4dff,a6177608,0.0
2025-02-10T14:36:00Z,147abc6a,8bab4dff,a6177608,0.0
2025-02-10T14:39:00Z,147abc6a,8bab4dff,a6177608,0.0
2025-02-10T14:42:00Z,147abc6a,8bab4dff,a6177608,0.0
2025-02-10T14:45:00Z,147abc6a,8bab4dff,a6177608,0.0
2025-02-10T14:48:00Z,147abc6a,8bab4dff,a6177608,0.0
2025-02-10T14:51:00Z,147abc6a,8bab4dff,a6177608,0.0
2025-02-10T14:54:00Z,147abc6a,8bab4dff,a6177608,0.0
2025-02-10T14:57:00Z,147abc6a,8bab4dff,a6177608,0.0
2025-02-10T15:00:00Z,147abc6a,8bab4dff,a6177608,0.0
2025-02-10T15:03:00Z,147abc6a,8bab4dff,a6177608,0.0
2025-02-10T15:06:00Z,147abc6a,8bab4dff,a6177608,0.0
2025-02-10T15:09:00Z,147abc6a,8bab4dff,a6177608,0.0
2025-02-10T15:12:00Z,147abc6a,8bab4dff,a6177608,0.0
2025-02-10T15:15:00Z,147abc6a,8bab4dff,a6177608,0.0
2025-02-10T15:18:00Z,147abc6a,8bab4dff,a6177608,0.0
2025-02-10T15:21:00Z,147abc6a,8bab4dff,a6177608,0.0
2025-02-10T15:24:00Z,147abc6a,8bab4dff,a6177608,0.0
2025-02-10T15:27:00Z,147abc6a,8bab4dff,a6177608,0.0
2025-02-10T15:30:00Z,147abc6a,8bab4dff,a6177608,0.0
2025-02-10T15:33:00Z,147abc6a,8bab4dff,a6177608,0.0
2025-02-10T15:36:00Z,147abc6a,8bab4dff,a6177608,0.0
2025-02-10T15:39:00Z,147abc6a,8bab4dff,a6177608,0.0
2025-02-10T15:42:00Z,147abc6a,8bab4dff,a6177608,0.0
2025-02-10T15:45:00Z,147abc6a,8bab4dff,a6177608,0.0
2025-02-10T15:48:00Z,147abc6a,8bab4dff,a6177608,0.0
2025-02-10T15:51:00Z,147abc6a,8bab4dff,a6177608,0.0
2025-02-10T15:54:00Z,147abc6a,8bab4dff,a6177608,0.0
2025-02-10T15:57:00Z,147abc6a,8bab4dff,a6177608,0.0
2025-02-10T16:00:00Z,147abc6a,8bab4dff,a6177608,0.0
2025-02-10T16:03:00Z,147abc6a,8bab4dff,a6177608,0.0
2025-02-10T16:06:00Z,147abc6a,8bab4dff,a6177608,0.0
2025-02-10T16:09:00Z,147abc6a,8bab4dff,a6177608,0.0
2025-02-10T16:12:00Z,147abc6a,8bab4dff,a6177608,0.0
2025-02-10T16:15:00Z,147abc6a,8bab4dff,a6177608,0.0
2025-02-10T16:18:00Z,147abc6a,8bab4dff,a6177608,0.0
2025-02-10T16:21:00Z,147abc6a,8bab4dff,a6177608,0.0
2025-02-10T16:24:00Z,147abc6a,8bab4dff,a6177608,0.0
2025-02-10T16:27:00Z,147abc6a,8bab4dff,a6177608,0.0
2025-02-10T16:30:00Z,147abc6a,8bab4dff,a6177608,0.0
2025-02-10T16:33:00Z,147abc6a,8bab4dff,a6177608,0.0
2025-02-10T16:36:00Z,147abc6a,8bab4dff,a6177608,0.0
2025-02-10T16:39:00Z,147abc6a,8bab4dff,a6177608,0.0
2025-02-10T16:42:00Z,147abc6a,8bab4dff,a6177608,0.0
2025-02-10T16:45:00Z,147abc6a,8bab4dff,a6177608,0.0
2025-02-10T16:48:00Z,147abc6a,8bab4dff,a6177608,0.0
2025-02-10T16:51:00Z,147abc6a,8bab4dff,a6177608,0.0
2025-02-10T16:54:00Z,147abc6a,8bab4dff,a6177608,0.0
2025-02-10T16:57:00Z,147abc6a,8bab4dff,a6177608,0.0
2025-02-10T17:00:00Z,147abc6a,8bab4dff,a6177608,0.0
2025-02-10T17:03:00Z,147abc6a,8bab4dff,a6177608,0.0
2025-02-10T17:06:00Z,147abc6a,8bab4dff,a6177608,0.0
2025-02-10T17:09:00Z,147abc6a,8bab4dff,a6177608,0.0
2025-02-10T17:12:00Z,147abc6a,8bab4dff,a6177608,0.0
2025-02-10T17:15:00Z,147abc6a,8bab4dff,a6177608,0.0
2025-02-10T17:18:00Z,147abc6a,8bab4dff,a6177608,0.0
2025-02-10T17:21:00Z,147abc6a,8bab4dff,a6177608,0.0
2025-02-10T17:24:00Z,147abc6a,8bab4dff,a6177608,0.0
2025-02-10T17:27:00Z,147abc6a,8bab4dff,a6177608,0.0
2025-02-10T17:30:00Z,147abc6a,8bab4dff,a6177608,0.0
2025-02-10T17:33:00Z,147abc6a,8bab4dff,a6177608,0.0
2025-02-10T17:36:00Z,147abc6a,8bab4dff,a6177608,0.0
2025-02-10T17:39:00Z,147abc6a,8bab4dff,a6177608,0.0
2025-02-10T17:42:00Z,147abc6a,8bab4dff,a6177608,0.0
2025-02-10T17:45:00Z,147abc6a,8bab4dff,a6177608,0.0
2025-02-10T17:48:00Z,147abc6a,8bab4dff,a6177608,0.0
2025-02-10T17:51:00Z,147abc6a,8bab4dff,a6177608,0.0
2025-02-10T17:54:00Z,147abc6a,8bab4dff,a6177608,0.0
2025-02-10T17:57:00Z,147abc6a,8bab4dff,a6177608,0.0
2025-02-10T18:00:00Z,147abc6a,8bab4dff,a6177608,0.0
2025-02-10T18:03:00Z,147abc6a,8bab4dff,a6177608,0.0
2025-02-10T18:06:00Z,147abc6a,8bab4dff,a6177608,0.0
2025-02-10T18:09:00Z,147abc6a,8bab4dff,a6177608,0.0
2025-02-10T18:12:00Z,147abc6a,8bab4dff,a6177608,0.0
2025-02-10T18:15:00Z,147abc6a,8bab4dff,a6177608,0.0
2025-02-10T18:18:00Z,147abc6a,8bab4dff,a6177608,0.0
2025-02-10T18:21:00Z,147abc6a,8bab4dff,a6177608,0.0
2025-02-10T18:24:00Z,147abc6a,8bab4dff,a6177608,0.0
2025-02-10T18:27:00Z,147abc6a,8bab4dff,a6177608,0.0
2025-02-10T18:30:00Z,147abc6a,8bab4dff,a6177608,0.0
2025-02-10T18:33:00Z,147abc6a,8bab4dff,a6177608,0.0
2025-02-10T18:36:00Z,147abc6a,8bab4dff,a6177608,0.0
2025-02-10T18:39:00Z,147abc6a,8bab4dff,a6177608,0.0
2025-02-10T18:42:00Z,147abc6a,8bab4dff,a6177608,0.0
2025-02-10T18:45:00Z,147abc6a,8bab4dff,a6177608,0.0
2025-02-10T18:48:00Z,147abc6a,8bab4dff,a6177608,0.0
2025-02-10T18:51:00Z,147abc6a,8bab4dff,a6177608,0.0
2025-02-10T18:54:00Z,147abc6a,8bab4dff,a6177608,0.0
2025-02-10T18:57:00Z,147abc6a,8bab4dff,a6177608,0.0
2025-02-10T19:00:00Z,147abc6a,8bab4dff,a6177608,0.0
2025-02-10T19:03:00Z,147abc6a,8bab4dff,a6177608,0.01
2025-02-10T19:06:00Z,147abc6a,8bab4dff,a6177608,0.0
2025-02-10T19:09:00Z,147abc6a,8bab4dff,a6177608,0.0
2025-02-10T19:12:00Z,147abc6a,8bab4dff,a6177608,0.0
2025-02-10T19:15:00Z,147abc6a,8bab4dff,a6177608,0.0
2025-02-10T19:18:00Z,147abc6a,8bab4dff,a6177608,0.0
2025-02-10T19:21:00Z,147abc6a,8bab4dff,a6177608,0.0
2025-02-10T19:24:00Z,147abc6a,8bab4dff,a6177608,0.0
2025-02-10T19:27:00Z,147abc6a,8bab4dff,a6177608,0.0
2025-02-10T19:30:00Z,147abc6a,8bab4dff,a6177608,0.0
2025-02-10T19:33:00Z,147abc6a,8bab4dff,a6177608,0.0
2025-02-10T19:36:00Z,147abc6a,8bab4dff,a6177608,0.0
2025-02-10T19:39:00Z,147abc6a,8bab4dff,a6177608,0.0
2025-02-10T19:42:00Z,147abc6a,8bab4dff,a6177608,0.0
2025-02-10T19:45:00Z,147abc6a,8bab4dff,a6177608,0.0
2025-02-10T19:48:00Z,147abc6a,8bab4dff,a6177608,0.0
2025-02-10T19:51:00Z,147abc6a,8bab4dff,a6177608,0.0
2025-02-10T19:54:00Z,147abc6a,8bab4dff,a6177608,0.0
2025-02-10T19:57:00Z,147abc6a,8bab4dff,a6177608,0.0
2025-02-10T20:00:00Z,147abc6a,8bab4dff,a6177608,0.0
2025-02-10T20:03:00Z,147abc6a,8bab4dff,a6177608,0.0
2025-02-10T20:06:00Z,147abc6a,8bab4dff,a6177608,0.0
2025-02-10T20:09:00Z,147abc6a,8bab4dff,a6177608,0.0
2025-02-10T20:12:00Z,147abc6a,8bab4dff,a6177608,0.0
2025-02-10T20:15:00Z,147abc6a,8bab4dff,a6177608,0.0
2025-02-10T20:18:00Z,147abc6a,8bab4dff,a6177608,0.0
2025-02-10T20:21:00Z,147abc6a,8bab4dff,a6177608,0.0
2025-02-10T20:24:00Z,147abc6a,8bab4dff,a6177608,0.0
2025-02-10T20:27:00Z,147abc6a,8bab4dff,a6177608,0.0
2025-02-10T20:30:00Z,147abc6a,8bab4dff,a6177608,0.0
2025-02-10T20:33:00Z,147abc6a,8bab4dff,a6177608,0.0
2025-02-10T20:36:00Z,147abc6a,8bab4dff,a6177608,0.0
2025-02-10T20:39:00Z,147abc6a,8bab4dff,a6177608,0.0
2025-02-10T20:42:00Z,147abc6a,8bab4dff,a6177608,0.0
2025-02-10T20:45:00Z,147abc6a,8bab4dff,a6177608,0.0
2025-02-10T20:48:00Z,147abc6a,8bab4dff,a6177608,0.0
2025-02-10T20:51:00Z,147abc6a,8bab4dff,a6177608,0.0
2025-02-10T20:54:00Z,147abc6a,8bab4dff,a6177608,0.0
2025-02-10T20:57:00Z,147abc6a,8bab4dff,a6177608,0.0
2025-02-10T21:00:00Z,147abc6a,8bab4dff,a6177608,0.0
2025-02-10T21:03:00Z,147abc6a,8bab4dff,a6177608,0.0
2025-02-10T21:06:00Z,147abc6a,8bab4dff,a6177608,0.0
2025-02-10T21:09:00Z,147abc6a,8bab4dff,a6177608,0.0
2025-02-10T21:12:00Z,147abc6a,8bab4dff,a6177608,0.0
2025-02-10T21:15:00Z,147abc6a,8bab4dff,a6177608,0.0
2025-02-10T21:18:00Z,147abc6a,8bab4dff,a6177608,0.0
2025-02-10T21:21:00Z,147abc6a,8bab4dff,a6177608,0.0
2025-02-10T21:24:00Z,147abc6a,8bab4dff,a6177608,0.0
2025-02-10T21:27:00Z,147abc6a,8bab4dff,a6177608,0.0
2025-02-10T21:30:00Z,147abc6a,8bab4dff,a6177608,0.0
2025-02-10T21:33:00Z,147abc6a,8bab4dff,a6177608,0.0
2025-02-10T21:36:00Z,147abc6a,8bab4dff,a6177608,0.0
2025-02-10T21:39:00Z,147abc6a,8bab4dff,a6177608,0.0
2025-02-10T21:42:00Z,147abc6a,8bab4dff,a6177608,0.0
2025-02-10T21:45:00Z,147abc6a,8bab4dff,a6177608,0.0
2025-02-10T21:48:00Z,147abc6a,8bab4dff,a6177608,0.0
2025-02-10T21:51:00Z,147abc6a,8bab4dff,a6177608,0.0
2025-02-10T21:54:00Z,147abc6a,8bab4dff,a6177608,0.0
2025-02-10T21:57:00Z,147abc6a,8bab4dff,a6177608,0.0
2025-02-10T22:00:00Z,147abc6a,8bab4dff,a6177608,0.0
2025-02-10T22:03:00Z,147abc6a,8bab4dff,a6177608,0.0
2025-02-10T22:06:00Z,147abc6a,8bab4dff,a6177608,0.0
2025-02-10T22:09:00Z,147abc6a,8bab4dff,a6177608,0.0
2025-02-10T22:12:00Z,147abc6a,8bab4dff,a6177608,0.0
2025-02-10T22:15:00Z,147abc6a,8bab4dff,a6177608,0.0
2025-02-10T22:18:00Z,147abc6a,8bab4dff,a6177608,0.0
2025-02-10T22:21:00Z,147abc6a,8bab4dff,a6177608,0.0
2025-02-10T22:24:00Z,147abc6a,8bab4dff,a6177608,0.0
2025-02-10T22:27:00Z,147abc6a,8bab4dff,a6177608,0.0
2025-02-10T22:30:00Z,147abc6a,8bab4dff,a6177608,0.0
2025-02-10T22:33:00Z,147abc6a,8bab4dff,a6177608,0.0
2025-02-10T22:36:00Z,147abc6a,8bab4dff,a6177608,0.0
2025-02-10T22:39:00Z,147abc6a,8bab4dff,a6177608,0.0
2025-02-10T22:42:00Z,147abc6a,8bab4dff,a6177608,0.0
2025-02-10T22:45:00Z,147abc6a,8bab4dff,a6177608,0.0
2025-02-10T22:48:00Z,147abc6a,8bab4dff,a6177608,0.0
2025-02-10T22:51:00Z,147abc6a,8bab4dff,a6177608,0.01
2025-02-10T22:54:00Z,147abc6a,8bab4dff,a6177608,0.0
2025-02-10T22:57:00Z,147abc6a,8bab4dff,a6177608,0.0
2025-02-10T23:00:00Z,147abc6a,8bab4dff,a6177608,0.0
2025-02-10T23:03:00Z,147abc6a,8bab4dff,a6177608,0.0
2025-02-10T23:06:00Z,147abc6a,8bab4dff,a6177608,0.0
2025-02-10T23:09:00Z,147abc6a,8bab4dff,a6177608,0.0
2025-02-10T23:12:00Z,147abc6a,8bab4dff,a6177608,0.0
2025-02-10T23:15:00Z,147abc6a,8bab4dff,a6177608,0.0
2025-02-10T23:18:00Z,147abc6a,8bab4dff,a6177608,0.0
2025-02-10T23:21:00Z,147abc6a,8bab4dff,a6177608,0.0
2025-02-10T23:24:00Z,147abc6a,8bab4dff,a6177608,0.0
2025-02-10T23:27:00Z,147abc6a,8bab4dff,a6177608,0.0
2025-02-10T23:30:00Z,147abc6a,8bab4dff,a6177608,0.0
2025-02-10T23:33:00Z,147abc6a,8bab4dff,a6177608,0.0
2025-02-10T23:36:00Z,147abc6a,8bab4dff,a6177608,0.0
2025-02-10T23:39:00Z,147abc6a,8bab4dff,a6177608,0.0
2025-02-10T23:42:00Z,147abc6a,8bab4dff,a6177608,0.0
2025-02-10T23:45:00Z,147abc6a,8bab4dff,a6177608,0.0
2025-02-10T23:48:00Z,147abc6a,8bab4dff,a6177608,0.0
2025-02-10T23:51:00Z,147abc6a,8bab4dff,a6177608,0.0
2025-02-10T23:54:00Z,147abc6a,8bab4dff,a6177608,0.0
2025-02-10T23:57:00Z,147abc6a,8bab4dff,a6177608,0.0
2025-02-11T00:00:00Z,147abc6a,8bab4dff,a6177608,0.0
2025-02-11T00:03:00Z,147abc6a,8bab4dff,a6177608,0.0
2025-02-11T00:06:00Z,147abc6a,8bab4dff,a6177608,0.0
2025-02-11T00:09:00Z,147abc6a,8bab4dff,a6177608,0.0
2025-02-11T00:12:00Z,147abc6a,8bab4dff,a6177608,0.0
2025-02-11T00:15:00Z,147abc6a,8bab4dff,a6177608,0.0
2025-02-11T00:18:00Z,147abc6a,8bab4dff,a6177608,0.0
2025-02-11T00:21:00Z,147abc6a,8bab4dff,a6177608,0.0
2025-02-11T00:24:00Z,147abc6a,8bab4dff,a6177608,0.0
2025-02-11T00:27:00Z,147abc6a,8bab4dff,a6177608,0.0
2025-02-11T00:30:00Z,147abc6a,8bab4dff,a6177608,0.0
2025-02-11T00:33:00Z,147abc6a,8bab4dff,a6177608,0.0
2025-02-11T00:36:00Z,147abc6a,8bab4dff,a6177608,0.0
2025-02-11T00:39:00Z,147abc6a,8bab4dff,a6177608,0.0
2025-02-11T00:42:00Z,147abc6a,8bab4dff,a6177608,0.0
2025-02-11T00:45:00Z,147abc6a,8bab4dff,a6177608,0.0
2025-02-11T00:48:00Z,147abc6a,8bab4dff,a6177608,0.0
2025-02-11T00:51:00Z,147abc6a,8bab4dff,a6177608,0.0
2025-02-11T00:54:00Z,147abc6a,8bab4dff,a6177608,0.0
2025-02-11T00:57:00Z,147abc6a,8bab4dff,a6177608,0.0
2025-02-11T01:00:00Z,147abc6a,8bab4dff,a6177608,0.0
2025-02-11T01:03:00Z,147abc6a,8bab4dff,a6177608,0.0
2025-02-11T01:06:00Z,147abc6a,8bab4dff,a6177608,0.0
2025-02-11T01:09:00Z,147abc6a,8bab4dff,a6177608,0.0
2025-02-11T01:12:00Z,147abc6a,8bab4dff,a6177608,0.0
2025-02-11T01:15:00Z,147abc6a,8bab4dff,a6177608,0.0
2025-02-11T01:18:00Z,147abc6a,8bab4dff,a6177608,0.0
2025-02-11T01:21:00Z,147abc6a,8bab4dff,a6177608,0.0
2025-02-11T01:24:00Z,147abc6a,8bab4dff,a6177608,0.0
2025-02-11T01:27:00Z,147abc6a,8bab4dff,a6177608,0.0
2025-02-11T01:30:00Z,147abc6a,8bab4dff,a6177608,0.0
2025-02-11T01:33:00Z,147abc6a,8bab4dff,a6177608,0.0
2025-02-11T01:36:00Z,147abc6a,8bab4dff,a6177608,0.0
2025-02-11T01:39:00Z,147abc6a,8bab4dff,a6177608,0.0
2025-02-11T01:42:00Z,147abc6a,8bab4dff,a6177608,0.0
2025-02-11T01:45:00Z,147abc6a,8bab4dff,a6177608,0.0
2025-02-11T01:48:00Z,147abc6a,8bab4dff,a6177608,0.0
2025-02-11T01:51:00Z,147abc6a,8bab4dff,a6177608,0.0
2025-02-11T01:54:00Z,147abc6a,8bab4dff,a6177608,0.0
2025-02-11T01:57:00Z,147abc6a,8bab4dff,a6177608,0.0
2025-02-11T02:00:00Z,147abc6a,8bab4dff,a6177608,0.0
2025-02-11T02:03:00Z,147abc6a,8bab4dff,a6177608,0.0
2025-02-11T02:06:00Z,147abc6a,8bab4dff,a6177608,0.0
2025-02-11T02:09:00Z,147abc6a,8bab4dff,a6177608,0.0
2025-02-11T02:12:00Z,147abc6a,8bab4dff,a6177608,0.0
2025-02-11T02:15:00Z,147abc6a,8bab4dff,a6177608,0.0
2025-02-11T02:18:00Z,147abc6a,8bab4dff,a6177608,0.0
2025-02-11T02:21:00Z,147abc6a,8bab4dff,a6177608,0.0
2025-02-11T02:24:00Z,147abc6a,8bab4dff,a6177608,0.0
2025-02-11T02:27:00Z,147abc6a,8bab4dff,a6177608,0.0
2025-02-11T02:30:00Z,147abc6a,8bab4dff,a6177608,0.0
2025-02-11T02:33:00Z,147abc6a,8bab4dff,a6177608,0.0
2025-02-11T02:36:00Z,147abc6a,8bab4dff,a6177608,0.0
2025-02-11T02:39:00Z,147abc6a,8bab4dff,a6177608,0.01
2025-02-11T02:42:00Z,147abc6a,8bab4dff,a6177608,0.0
2025-02-11T02:45:00Z,147abc6a,8bab4dff,a6177608,0.0
2025-02-11T02:48:00Z,147abc6a,8bab4dff,a6177608,0.0
2025-02-11T02:51:00Z,147abc6a,8bab4dff,a6177608,0.0
2025-02-11T02:54:00Z,147abc6a,8bab4dff,a6177608,0.0
2025-02-11T02:57:00Z,147abc6a,8bab4dff,a6177608,0.0
2025-02-11T03:00:00Z,147abc6a,8bab4dff,a6177608,0.0
2025-02-11T03:03:00Z,147abc6a,8bab4dff,a6177608,0.0
2025-02-11T03:06:00Z,147abc6a,8bab4dff,a6177608,0.0
2025-02-11T03:09:00Z,147abc6a,8bab4dff,a6177608,0.0
2025-02-11T03:12:00Z,147abc6a,8bab4dff,a6177608,0.0
2025-02-11T03:15:00Z,147abc6a,8bab4dff,a6177608,0.0
2025-02-11T03:18:00Z,147abc6a,8bab4dff,a6177608,0.0
2025-02-11T03:21:00Z,147abc6a,8bab4dff,a6177608,0.0
2025-02-11T03:24:00Z,147abc6a,8bab4dff,a6177608,0.0
2025-02-11T03:27:00Z,147abc6a,8bab4dff,a6177608,0.0
2025-02-11T03:30:00Z,147abc6a,8bab4dff,a6177608,0.0
2025-02-11T03:33:00Z,147abc6a,8bab4dff,a6177608,0.0
2025-02-11T03:36:00Z,147abc6a,8bab4dff,a6177608,0.0
2025-02-11T03:39:00Z,147abc6a,8bab4dff,a6177608,0.0
2025-02-11T03:42:00Z,147abc6a,8bab4dff,a6177608,0.0
2025-02-11T03:45:00Z,147abc6a,8bab4dff,a6177608,0.0
2025-02-11T03:48:00Z,147abc6a,8bab4dff,a6177608,0.0
2025-02-11T03:51:00Z,147abc6a,8bab4dff,a6177608,0.0
2025-02-11T03:54:00Z,147abc6a,8bab4dff,a6177608,0.0
2025-02-11T03:57:00Z,147abc6a,8bab4dff,a6177608,0.0
2025-02-11T04:00:00Z,147abc6a,8bab4dff,a6177608,0.0
2025-02-11T04:03:00Z,147abc6a,8bab4dff,a6177608,0.0
2025-02-11T04:06:00Z,147abc6a,8bab4dff,a6177608,0.0
2025-02-11T04:09:00Z,147abc6a,8bab4dff,a6177608,0.0
2025-02-11T04:12:00Z,147abc6a,8bab4dff,a6177608,0.0
2025-02-11T04:15:00Z,147abc6a,8bab4dff,a6177608,0.0
2025-02-11T04:18:00Z,147abc6a,8bab4dff,a6177608,0.0
2025-02-11T04:21:00Z,147abc6a,8bab4dff,a6177608,0.0
2025-02-11T04:24:00Z,147abc6a,8bab4dff,a6177608,0.0
2025-02-11T04:27:00Z,147abc6a,8bab4dff,a6177608,0.0
2025-02-11T04:30:00Z,147abc6a,8bab4dff,a6177608,0.0
2025-02-11T04:33:00Z,147abc6a,8bab4dff,a6177608,0.0
2025-02-11T04:36:00Z,147abc6a,8bab4dff,a6177608,0.0
2025-02-11T04:39:00Z,147abc6a,8bab4dff,a6177608,0.0
2025-02-11T04:42:00Z,147abc6a,8bab4dff,a6177608,0.0
2025-02-11T04:45:00Z,147abc6a,8bab4dff,a6177608,0.0
2025-02-11T04:48:00Z,147abc6a,8bab4dff,a6177608,0.0
2025-02-11T04:51:00Z,147abc6a,8bab4dff,a6177608,0.0
2025-02-11T04:54:00Z,147abc6a,8bab4dff,a6177608,0.0
2025-02-11T04:57:00Z,147abc6a,8bab4dff,a6177608,0.0
2025-02-11T05:00:00Z,147abc6a,8bab4dff,a6177608,0.0
2025-02-11T05:03:00Z,147abc6a,8bab4dff,a6177608,0.0
2025-02-11T05:06:00Z,147abc6a,8bab4dff,a6177608,0.0
2025-02-11T05:09:00Z,147abc6a,8bab4dff,a6177608,0.0
2025-02-11T05:12:00Z,147abc6a,8bab4dff,a6177608,0.0
2025-02-11T05:15:00Z,147abc6a,8bab4dff,a6177608,0.0
2025-02-11T05:18:00Z,147abc6a,8bab4dff,a6177608,0.0
2025-02-11T05:21:00Z,147abc6a,8bab4dff,a6177608,0.0
2025-02-11T05:24:00Z,147abc6a,8bab4dff,a6177608,0.0
2025-02-11T05:27:00Z,147abc6a,8bab4dff,a6177608,0.0
2025-02-11T05:30:00Z,147abc6a,8bab4dff,a6177608,0.0
2025-02-11T05:33:00Z,147abc6a,8bab4dff,a6177608,0.0
2025-02-11T05:36:00Z,147abc6a,8bab4dff,a6177608,0.0
2025-02-11T05:39:00Z,147abc6a,8bab4dff,a6177608,0.0
2025-02-11T05:42:00Z,147abc6a,8bab4dff,a6177608,0.0
2025-02-11T05:45:00Z,147abc6a,8bab4dff,a6177608,0.0
2025-02-11T05:48:00Z,147abc6a,8bab4dff,a6177608,0.0
2025-02-11T05:51:00Z,147abc6a,8bab4dff,a6177608,0.0
2025-02-11T05:54:00Z,147abc6a,8bab4dff,a6177608,0.0
2025-02-11T05:57:00Z,147abc6a,8bab4dff,a6177608,0.0
2025-02-11T06:00:00Z,147abc6a,8bab4dff,a6177608,0.0
2025-02-11T06:03:00Z,147abc6a,8bab4dff,a6177608,0.0
2025-02-11T06:06:00Z,147abc6a,8bab4dff,a6177608,0.0
2025-02-11T06:09:00Z,147abc6a,8bab4dff,a6177608,0.0
2025-02-11T06:12:00Z,147abc6a,8bab4dff,a6177608,0.0
2025-02-11T06:15:00Z,147abc6a,8bab4dff,a6177608,0.0
2025-02-11T06:18:00Z,147abc6a,8bab4dff,a6177608,0.0
2025-02-11T06:21:00Z,147abc6a,8bab4dff,a6177608,0.0
2025-02-11T06:24:00Z,147abc6a,8bab4dff,a6177608,0.0
2025-02-11T06:27:00Z,147abc6a,8bab4dff,a6177608,0.0
2025-02-11T06:30:00Z,147abc6a,8bab4dff,a6177608,0.0
2025-02-11T06:33:00Z,147abc6a,8bab4dff,a6177608,0.0
2025-02-11T06:36:00Z,147abc6a,8bab4dff,a6177608,0.0
2025-02-11T06:39:00Z,147abc6a,8bab4dff,a6177608,0.0
2025-02-11T06:42:00Z,147abc6a,8bab4dff,a6177608,0.0
2025-02-11T06:45:00Z,147abc6a,8bab4dff,a6177608,0.0
2025-02-11T06:48:00Z,147abc6a,8bab4dff,a6177608,0.02
2025-02-11T06:51:00Z,147abc6a,8bab4dff,a6177608,0.0
2025-02-11T06:54:00Z,147abc6a,8bab4dff,a6177608,0.0
2025-02-11T06:57:00Z,147abc6a,8bab4dff,a6177608,0.0
2025-02-11T07:00:00Z,147abc6a,8bab4dff,a6177608,0.0
2025-02-11T07:03:00Z,147abc6a,8bab4dff,a6177608,0.0
2025-02-11T07:06:00Z,147abc6a,8bab4dff,a6177608,0.0
2025-02-11T07:09:00Z,147abc6a,8bab4dff,a6177608,0.0
2025-02-11T07:12:00Z,147abc6a,8bab4dff,a6177608,0.0
2025-02-11T07:15:00Z,147abc6a,8bab4dff,a6177608,0.0
2025-02-11T07:18:00Z,147abc6a,8bab4dff,a6177608,0.0
2025-02-11T07:21:00Z,147abc6a,8bab4dff,a6177608,0.0
2025-02-11T07:24:00Z,147abc6a,8bab4dff,a6177608,0.0
2025-02-11T07:27:00Z,147abc6a,8bab4dff,a6177608,0.0
2025-02-11T07:30:00Z,147abc6a,8bab4dff,a6177608,0.0
2025-02-11T07:33:00Z,147abc6a,8bab4dff,a6177608,0.0
2025-02-11T07:36:00Z,147abc6a,8bab4dff,a6177608,0.0
2025-02-11T07:39:00Z,147abc6a,8bab4dff,a6177608,0.0
2025-02-11T07:42:00Z,147abc6a,8bab4dff,a6177608,0.0
2025-02-11T07:45:00Z,147abc6a,8bab4dff,a6177608,0.0
2025-02-11T07:48:00Z,147abc6a,8bab4dff,a6177608,0.0
2025-02-11T07:51:00Z,147abc6a,8bab4dff,a6177608,0.0
2025-02-11T07:54:00Z,147abc6a,8bab4dff,a6177608,0.0
2025-02-11T07:57:00Z,147abc6a,8bab4dff,a6177608,0.0
2025-02-11T08:00:00Z,147abc6a,8bab4dff,a6177608,0.0
2025-02-11T08:03:00Z,147abc6a,8bab4dff,a6177608,0.0
2025-02-11T08:06:00Z,147abc6a,8bab4dff,a6177608,0.0
2025-02-11T08:09:00Z,147abc6a,8bab4dff,a6177608,0.0
2025-02-11T08:12:00Z,147abc6a,8bab4dff,a6177608,0.0
2025-02-11T08:15:00Z,147abc6a,8bab4dff,a6177608,0.0
2025-02-11T08:18:00Z,147abc6a,8bab4dff,a6177608,0.0
2025-02-11T08:21:00Z,147abc6a,8bab4dff,a6177608,0.0
2025-02-11T08:24:00Z,147abc6a,8bab4dff,a6177608,0.0
2025-02-11T08:27:00Z,147abc6a,8bab4dff,a6177608,0.0
2025-02-11T08:30:00Z,147abc6a,8bab4dff,a6177608,0.0
2025-02-11T08:33:00Z,147abc6a,8bab4dff,a6177608,0.0
2025-02-11T08:36:00Z,147abc6a,8bab4dff,a6177608,0.0
2025-02-11T08:39:00Z,147abc6a,8bab4dff,a6177608,0.0
2025-02-11T08:42:00Z,147abc6a,8bab4dff,a6177608,0.0
2025-02-11T08:45:00Z,147abc6a,8bab4dff,a6177608,0.0
2025-02-11T08:48:00Z,147abc6a,8bab4dff,a6177608,0.0
2025-02-11T08:51:00Z,147abc6a,8bab4dff,a6177608,0.0
2025-02-11T08:54:00Z,147abc6a,8bab4dff,a6177608,0.0
2025-02-11T08:57:00Z,147abc6a,8bab4dff,a6177608,0.0
2025-02-11T09:00:00Z,147abc6a,8bab4dff,a6177608,0.0
2025-02-11T09:03:00Z,147abc6a,8bab4dff,a6177608,0.0
2025-02-11T09:06:00Z,147abc6a,8bab4dff,a6177608,0.0
2025-02-11T09:09:00Z,147abc6a,8bab4dff,a6177608,0.0
2025-02-11T09:12:00Z,147abc6a,8bab4dff,a6177608,0.0
2025-02-11T09:15:00Z,147abc6a,8bab4dff,a6177608,0.0
2025-02-11T09:18:00Z,147abc6a,8bab4dff,a6177608,0.0
2025-02-11T09:21:00Z,147abc6a,8bab4dff,a6177608,0.0
2025-02-11T09:24:00Z,147abc6a,8bab4dff,a6177608,0.0
2025-02-11T09:27:00Z,147abc6a,8bab4dff,a6177608,0.0
2025-02-11T09:30:00Z,147abc6a,8bab4dff,a6177608,0.51
2025-02-11T09:33:00Z,147abc6a,8bab4dff,a6177608,0.05
2025-02-11T09:36:00Z,147abc6a,8bab4dff,a6177608,0.0
2025-02-11T09:39:00Z,147abc6a,8bab4dff,a6177608,0.0
2025-02-11T09:42:00Z,147abc6a,8bab4dff,a6177608,0.0
2025-02-11T09:45:00Z,147abc6a,8bab4dff,a6177608,0.0
2025-02-11T09:48:00Z,147abc6a,8bab4dff,a6177608,0.0
2025-02-11T09:51:00Z,147abc6a,8bab4dff,a6177608,0.0
2025-02-11T09:54:00Z,147abc6a,8bab4dff,a6177608,0.0
2025-02-11T09:57:00Z,147abc6a,8bab4dff,a6177608,0.0
2025-02-11T10:00:00Z,147abc6a,8bab4dff,a6177608,0.0
2025-02-11T10:03:00Z,147abc6a,8bab4dff,a6177608,0.0
2025-02-11T10:06:00Z,147abc6a,8bab4dff,a6177608,0.0
2025-02-11T10:09:00Z,147abc6a,8bab4dff,a6177608,0.0
2025-02-11T10:12:00Z,147abc6a,8bab4dff,a6177608,0.0
2025-02-11T10:15:00Z,147abc6a,8bab4dff,a6177608,0.0
2025-02-11T10:18:00Z,147abc6a,8bab4dff,a6177608,0.0
2025-02-11T10:21:00Z,147abc6a,8bab4dff,a6177608,0.0
2025-02-11T10:24:00Z,147abc6a,8bab4dff,a6177608,0.0
2025-02-11T10:27:00Z,147abc6a,8bab4dff,a6177608,0.0
2025-02-11T10:30:00Z,147abc6a,8bab4dff,a6177608,0.0
2025-02-11T10:33:00Z,147abc6a,8bab4dff,a6177608,0.0
2025-02-11T10:36:00Z,147abc6a,8bab4dff,a6177608,0.0
2025-02-11T10:39:00Z,147abc6a,8bab4dff,a6177608,0.0
2025-02-11T10:42:00Z,147abc6a,8bab4dff,a6177608,0.0
2025-02-11T10:45:00Z,147abc6a,8bab4dff,a6177608,0.0
2025-02-11T10:48:00Z,147abc6a,8bab4dff,a6177608,0.0
2025-02-11T10:51:00Z,147abc6a,8bab4dff,a6177608,0.0
2025-02-11T10:54:00Z,147abc6a,8bab4dff,a6177608,0.0
2025-02-11T10:57:00Z,147abc6a,8bab4dff,a6177608,0.0
2025-02-11T11:00:00Z,147abc6a,8bab4dff,a6177608,0.0
2025-02-11T11:03:00Z,147abc6a,8bab4dff,a6177608,0.0
2025-02-11T11:06:00Z,147abc6a,8bab4dff,a6177608,0.0
2025-02-11T11:09:00Z,147abc6a,8bab4dff,a6177608,0.0
2025-02-11T11:12:00Z,147abc6a,8bab4dff,a6177608,0.0
2025-02-11T11:15:00Z,147abc6a,8bab4dff,a6177608,0.0
2025-02-11T11:18:00Z,147abc6a,8bab4dff,a6177608,0.0
2025-02-11T11:21:00Z,147abc6a,8bab4dff,a6177608,0.0
2025-02-11T11:24:00Z,147abc6a,8bab4dff,a6177608,0.0
2025-02-11T11:27:00Z,147abc6a,8bab4dff,a6177608,0.0
2025-02-11T11:30:00Z,147abc6a,8bab4dff,a6177608,0.0
2025-02-11T11:33:00Z,147abc6a,8bab4dff,a6177608,0.0
2025-02-11T11:36:00Z,147abc6a,8bab4dff,a6177608,0.0
2025-02-11T11:39:00Z,147abc6a,8bab4dff,a6177608,0.0
2025-02-11T11:42:00Z,147abc6a,8bab4dff,a6177608,0.0
2025-02-11T11:45:00Z,147abc6a,8bab4dff,a6177608,0.0
2025-02-11T11:48:00Z,147abc6a,8bab4dff,a6177608,0.0
2025-02-11T11:51:00Z,147abc6a,8bab4dff,a6177608,0.0
2025-02-11T11:54:00Z,147abc6a,8bab4dff,a6177608,0.0
2025-02-11T11:57:00Z,147abc6a,8bab4dff,a6177608,0.0
2025-02-11T12:00:00Z,147abc6a,8bab4dff,a6177608,0.0
2025-02-11T12:03:00Z,147abc6a,8bab4dff,a6177608,0.0
2025-02-11T12:06:00Z,147abc6a,8bab4dff,a6177608,0.0
2025-02-11T12:09:00Z,147abc6a,8bab4dff,a6177608,0.0
2025-02-11T12:12:00Z,147abc6a,8bab4dff,a6177608,0.0
2025-02-11T12:15:00Z,147abc6a,8bab4dff,a6177608,0.0
2025-02-11T12:18:00Z,147abc6a,8bab4dff,a6177608,0.0
2025-02-11T12:21:00Z,147abc6a,8bab4dff,a6177608,0.0
2025-02-11T12:24:00Z,147abc6a,8bab4dff,a6177608,0.0
2025-02-11T12:27:00Z,147abc6a,8bab4dff,a6177608,0.0
2025-02-11T12:30:00Z,147abc6a,8bab4dff,a6177608,0.0
2025-02-11T12:33:00Z,147abc6a,8bab4dff,a6177608,0.0
2025-02-11T12:36:00Z,147abc6a,8bab4dff,a6177608,0.0
2025-02-11T12:39:00Z,147abc6a,8bab4dff,a6177608,0.0
2025-02-11T12:42:00Z,147abc6a,8bab4dff,a6177608,0.0
2025-02-11T12:45:00Z,147abc6a,8bab4dff,a6177608,0.0
2025-02-11T12:48:00Z,147abc6a,8bab4dff,a6177608,0.0
2025-02-11T12:51:00Z,147abc6a,8bab4dff,a6177608,0.0
2025-02-11T12:54:00Z,147abc6a,8bab4dff,a6177608,0.0
2025-02-11T12:57:00Z,147abc6a,8bab4dff,a6177608,0.0
2025-02-11T13:00:00Z,147abc6a,8bab4dff,a6177608,0.0
2025-02-11T13:03:00Z,147abc6a,8bab4dff,a6177608,0.0
2025-02-11T13:06:00Z,147abc6a,8bab4dff,a6177608,0.0
2025-02-11T13:09:00Z,147abc6a,8bab4dff,a6177608,0.0
2025-02-11T13:12:00Z,147abc6a,8bab4dff,a6177608,0.0
2025-02-11T13:15:00Z,147abc6a,8bab4dff,a6177608,0.0
2025-02-11T13:18:00Z,147abc6a,8bab4dff,a6177608,0.0
2025-02-11T13:21:00Z,147abc6a,8bab4dff,a6177608,0.0
2025-02-11T13:24:00Z,147abc6a,8bab4dff,a6177608,0.0
2025-02-11T13:27:00Z,147abc6a,8bab4dff,a6177608,0.0
2025-02-11T13:30:00Z,147abc6a,8bab4dff,a6177608,0.0
2025-02-11T13:33:00Z,147abc6a,8bab4dff,a6177608,0.0
2025-02-11T13:36:00Z,147abc6a,8bab4dff,a6177608,0.0
2025-02-11T13:39:00Z,147abc6a,8bab4dff,a6177608,0.0
2025-02-11T13:42:00Z,147abc6a,8bab4dff,a6177608,0.0
2025-02-11T13:45:00Z,147abc6a,8bab4dff,a6177608,0.0
2025-02-11T13:48:00Z,147abc6a,8bab4dff,a6177608,0.0
2025-02-11T13:51:00Z,147abc6a,8bab4dff,a6177608,0.0
2025-02-11T13:54:00Z,147abc6a,8bab4dff,a6177608,0.0
2025-02-11T13:57:00Z,147abc6a,8bab4dff,a6177608,0.0
2025-02-11T14:00:00Z,147abc6a,8bab4dff,a6177608,0.0
2025-02-11T14:03:00Z,147abc6a,8bab4dff,a6177608,0.0
2025-02-11T14:06:00Z,147abc6a,8bab4dff,a6177608,0.0
2025-02-11T14:09:00Z,147abc6a,8bab4dff,a6177608,0.0
2025-02-11T14:12:00Z,147abc6a,8bab4dff,a6177608,0.0
2025-02-11T14:15:00Z,147abc6a,8bab4dff,a6177608,0.0
2025-02-11T14:18:00Z,147abc6a,8bab4dff,a6177608,0.0
2025-02-11T14:21:00Z,147abc6a,8bab4dff,a6177608,0.0
2025-02-11T14:24:00Z,147abc6a,8bab4dff,a6177608,0.0
2025-02-11T14:27:00Z,147abc6a,8bab4dff,a6177608,0.0
2025-02-11T14:30:00Z,147abc6a,8bab4dff,a6177608,0.0
2025-02-11T14:33:00Z,147abc6a,8bab4dff,a6177608,0.0
2025-02-11T14:36:00Z,147abc6a,8bab4dff,a6177608,0.0
2025-02-11T14:39:00Z,147abc6a,8bab4dff,a6177608,0.0
2025-02-11T14:42:00Z,147abc6a,8bab4dff,a6177608,0.0
2025-02-11T14:45:00Z,147abc6a,8bab4dff,a6177608,0.0
2025-02-11T14:48:00Z,147abc6a,8bab4dff,a6177608,0.0
2025-02-11T14:51:00Z,147abc6a,8bab4dff,a6177608,0.0
2025-02-11T14:54:00Z,147abc6a,8bab4dff,a6177608,0.0
2025-02-11T14:57:00Z,147abc6a,8bab4dff,a6177608,0.0
2025-02-11T15:00:00Z,147abc6a,8bab4dff,a6177608,0.0
2025-02-11T15:03:00Z,147abc6a,8bab4dff,a6177608,0.0
2025-02-11T15:06:00Z,147abc6a,8bab4dff,a6177608,0.0
2025-02-11T15:09:00Z,147abc6a,8bab4dff,a6177608,0.01
2025-02-11T15:12:00Z,147abc6a,8bab4dff,a6177608,0.0
2025-02-11T15:15:00Z,147abc6a,8bab4dff,a6177608,0.0
2025-02-11T15:18:00Z,147abc6a,8bab4dff,a6177608,0.0
2025-02-11T15:21:00Z,147abc6a,8bab4dff,a6177608,0.0
2025-02-11T15:24:00Z,147abc6a,8bab4dff,a6177608,0.0
2025-02-11T15:27:00Z,147abc6a,8bab4dff,a6177608,0.0
2025-02-11T15:30:00Z,147abc6a,8bab4dff,a6177608,0.0
2025-02-11T15:33:00Z,147abc6a,8bab4dff,a6177608,0.0
2025-02-11T15:36:00Z,147abc6a,8bab4dff,a6177608,0.0
2025-02-11T15:39:00Z,147abc6a,8bab4dff,a6177608,0.0
2025-02-11T15:42:00Z,147abc6a,8bab4dff,a6177608,0.0
2025-02-11T15:45:00Z,147abc6a,8bab4dff,a6177608,0.0
2025-02-11T15:48:00Z,147abc6a,8bab4dff,a6177608,0.0
2025-02-11T15:51:00Z,147abc6a,8bab4dff,a6177608,0.0
2025-02-11T15:54:00Z,147abc6a,8bab4dff,a6177608,0.0
2025-02-11T15:57:00Z,147abc6a,8bab4dff,a6177608,0.0
2025-02-11T16:00:00Z,147abc6a,8bab4dff,a6177608,0.19
2025-02-11T16:03:00Z,147abc6a,8bab4dff,a6177608,0.0
2025-02-11T16:06:00Z,147abc6a,8bab4dff,a6177608,0.0
2025-02-11T16:09:00Z,147abc6a,8bab4dff,a6177608,0.0
2025-02-11T16:12:00Z,147abc6a,8bab4dff,a6177608,0.0
2025-02-11T16:15:00Z,147abc6a,8bab4dff,a6177608,0.0
2025-02-11T16:18:00Z,147abc6a,8bab4dff,a6177608,0.0
2025-02-11T16:21:00Z,147abc6a,8bab4dff,a6177608,0.0
2025-02-11T16:24:00Z,147abc6a,8bab4dff,a6177608,0.0
2025-02-11T16:27:00Z,147abc6a,8bab4dff,a6177608,0.0
2025-02-11T16:30:00Z,147abc6a,8bab4dff,a6177608,0.0
2025-02-11T16:33:00Z,147abc6a,8bab4dff,a6177608,0.0
2025-02-11T16:36:00Z,147abc6a,8bab4dff,a6177608,0.0
2025-02-11T16:39:00Z,147abc6a,8bab4dff,a6177608,0.0
2025-02-11T16:42:00Z,147abc6a,8bab4dff,a6177608,0.0
2025-02-11T16:45:00Z,147abc6a,8bab4dff,a6177608,0.0
2025-02-11T16:48:00Z,147abc6a,8bab4dff,a6177608,0.0
2025-02-11T16:51:00Z,147abc6a,8bab4dff,a6177608,0.0
2025-02-11T16:54:00Z,147abc6a,8bab4dff,a6177608,0.0
2025-02-11T16:57:00Z,147abc6a,8bab4dff,a6177608,0.0
2025-02-11T17:00:00Z,147abc6a,8bab4dff,a6177608,0.0
2025-02-11T17:03:00Z,147abc6a,8bab4dff,a6177608,0.0
2025-02-11T17:06:00Z,147abc6a,8bab4dff,a6177608,0.0
2025-02-11T17:09:00Z,147abc6a,8bab4dff,a6177608,0.0
2025-02-11T17:12:00Z,147abc6a,8bab4dff,a6177608,0.0
2025-02-11T17:15:00Z,147abc6a,8bab4dff,a6177608,0.0
2025-02-11T17:18:00Z,147abc6a,8bab4dff,a6177608,0.0
2025-02-11T17:21:00Z,147abc6a,8bab4dff,a6177608,0.0
2025-02-11T17:24:00Z,147abc6a,8bab4dff,a6177608,0.0
2025-02-11T17:27:00Z,147abc6a,8bab4dff,a6177608,0.0
2025-02-11T17:30:00Z,147abc6a,8bab4dff,a6177608,0.0
2025-02-11T17:33:00Z,147abc6a,8bab4dff,a6177608,0.0
2025-02-11T17:36:00Z,147abc6a,8bab4dff,a6177608,0.0
2025-02-11T17:39:00Z,147abc6a,8bab4dff,a6177608,0.0
2025-02-11T17:42:00Z,147abc6a,8bab4dff,a6177608,0.0
2025-02-11T17:45:00Z,147abc6a,8bab4dff,a6177608,0.0
2025-02-11T17:48:00Z,147abc6a,8bab4dff,a6177608,0.0
2025-02-11T17:51:00Z,147abc6a,8bab4dff,a6177608,0.0
2025-02-11T17:54:00Z,147abc6a,8bab4dff,a6177608,0.0
2025-02-11T17:57:00Z,147abc6a,8bab4dff,a6177608,0.0
2025-02-11T18:00:00Z,147abc6a,8bab4dff,a6177608,0.0
2025-02-11T18:03:00Z,147abc6a,8bab4dff,a6177608,0.0
2025-02-11T18:06:00Z,147abc6a,8bab4dff,a6177608,0.0
2025-02-11T18:09:00Z,147abc6a,8bab4dff,a6177608,0.0
2025-02-11T18:12:00Z,147abc6a,8bab4dff,a6177608,0.0
2025-02-11T18:15:00Z,147abc6a,8bab4dff,a6177608,0.0
2025-02-11T18:18:00Z,147abc6a,8bab4dff,a6177608,0.0
2025-02-11T18:21:00Z,147abc6a,8bab4dff,a6177608,0.0
2025-02-11T18:24:00Z,147abc6a,8bab4dff,a6177608,0.0
2025-02-11T18:27:00Z,147abc6a,8bab4dff,a6177608,0.0
2025-02-11T18:30:00Z,147abc6a,8bab4dff,a6177608,0.0
2025-02-11T18:33:00Z,147abc6a,8bab4dff,a6177608,0.0
2025-02-11T18:36:00Z,147abc6a,8bab4dff,a6177608,0.0
2025-02-11T18:39:00Z,147abc6a,8bab4dff,a6177608,0.0
2025-02-11T18:42:00Z,147abc6a,8bab4dff,a6177608,0.0
2025-02-11T18:45:00Z,147abc6a,8bab4dff,a6177608,0.0
2025-02-11T18:48:00Z,147abc6a,8bab4dff,a6177608,0.0
2025-02-11T18:51:00Z,147abc6a,8bab4dff,a6177608,0.0
2025-02-11T18:54:00Z,147abc6a,8bab4dff,a6177608,0.0
2025-02-11T18:57:00Z,147abc6a,8bab4dff,a6177608,0.0
2025-02-11T19:00:00Z,147abc6a,8bab4dff,a6177608,0.0
2025-02-11T19:03:00Z,147abc6a,8bab4dff,a6177608,0.0
2025-02-11T19:06:00Z,147abc6a,8bab4dff,a6177608,0.0
2025-02-11T19:09:00Z,147abc6a,8bab4dff,a6177608,0.0
2025-02-11T19:12:00Z,147abc6a,8bab4dff,a6177608,0.0
2025-02-11T19:15:00Z,147abc6a,8bab4dff,a6177608,0.0
2025-02-11T19:18:00Z,147abc6a,8bab4dff,a6177608,0.0
2025-02-11T19:21:00Z,147abc6a,8bab4dff,a6177608,0.0
2025-02-11T19:24:00Z,147abc6a,8bab4dff,a6177608,0.0
2025-02-11T19:27:00Z,147abc6a,8bab4dff,a6177608,0.0
2025-02-11T19:30:00Z,147abc6a,8bab4dff,a6177608,0.0
2025-02-11T19:33:00Z,147abc6a,8bab4dff,a6177608,0.0
2025-02-11T19:36:00Z,147abc6a,8bab4dff,a6177608,0.0
2025-02-11T19:39:00Z,147abc6a,8bab4dff,a6177608,0.0
2025-02-11T19:42:00Z,147abc6a,8bab4dff,a6177608,0.0
2025-02-11T19:45:00Z,147abc6a,8bab4dff,a6177608,0.0
2025-02-11T19:48:00Z,147abc6a,8bab4dff,a6177608,0.0
2025-02-11T19:51:00Z,147abc6a,8bab4dff,a6177608,0.0
2025-02-11T19:54:00Z,147abc6a,8bab4dff,a6177608,0.0
2025-02-11T19:57:00Z,147abc6a,8bab4dff,a6177608,0.0
2025-02-11T20:00:00Z,147abc6a,8bab4dff,a6177608,0.0
2025-02-11T20:03:00Z,147abc6a,8bab4dff,a6177608,0.0
2025-02-11T20:06:00Z,147abc6a,8bab4dff,a6177608,0.0
2025-02-11T20:09:00Z,147abc6a,8bab4dff,a6177608,0.0
2025-02-11T20:12:00Z,147abc6a,8bab4dff,a6177608,0.0
2025-02-11T20:15:00Z,147abc6a,8bab4dff,a6177608,0.0
2025-02-11T20:18:00Z,147abc6a,8bab4dff,a6177608,0.0
2025-02-11T20:21:00Z,147abc6a,8bab4dff,a6177608,0.0
2025-02-11T20:24:00Z,147abc6a,8bab4dff,a6177608,0.0
2025-02-11T20:27:00Z,147abc6a,8bab4dff,a6177608,0.0
2025-02-11T20:30:00Z,147abc6a,8bab4dff,a6177608,0.0
2025-02-11T20:33:00Z,147abc6a,8bab4dff,a6177608,0.0
2025-02-11T20:36:00Z,147abc6a,8bab4dff,a6177608,0.0
2025-02-11T20:39:00Z,147abc6a,8bab4dff,a6177608,0.0
2025-02-11T20:42:00Z,147abc6a,8bab4dff,a6177608,0.0
2025-02-11T20:45:00Z,147abc6a,8bab4dff,a6177608,0.0
2025-02-11T20:48:00Z,147abc6a,8bab4dff,a6177608,0.0
2025-02-11T20:51:00Z,147abc6a,8bab4dff,a6177608,0.0
2025-02-11T20:54:00Z,147abc6a,8bab4dff,a6177608,0.0
2025-02-11T20:57:00Z,147abc6a,8bab4dff,a6177608,0.0
2025-02-11T21:00:00Z,147abc6a,8bab4dff,a6177608,0.0
2025-02-11T21:03:00Z,147abc6a,8bab4dff,a6177608,0.0
2025-02-11T21:06:00Z,147abc6a,8bab4dff,a6177608,0.0
2025-02-11T21:09:00Z,147abc6a,8bab4dff,a6177608,0.0
2025-02-11T21:12:00Z,147abc6a,8bab4dff,a6177608,0.0
2025-02-11T21:15:00Z,147abc6a,8bab4dff,a6177608,0.0
2025-02-11T21:18:00Z,147abc6a,8bab4dff,a6177608,0.0
2025-02-11T21:21:00Z,147abc6a,8bab4dff,a6177608,0.0
2025-02-11T21:24:00Z,147abc6a,8bab4dff,a6177608,0.0
2025-02-11T21:27:00Z,147abc6a,8bab4dff,a6177608,0.0
2025-02-11T21:30:00Z,147abc6a,8bab4dff,a6177608,0.0
2025-02-11T21:33:00Z,147abc6a,8bab4dff,a6177608,0.0
2025-02-11T21:36:00Z,147abc6a,8bab4dff,a6177608,0.0
2025-02-11T21:39:00Z,147abc6a,8bab4dff,a6177608,0.01
2025-02-11T21:42:00Z,147abc6a,8bab4dff,a6177608,0.0
2025-02-11T21:45:00Z,147abc6a,8bab4dff,a6177608,0.0
2025-02-11T21:48:00Z,147abc6a,8bab4dff,a6177608,0.0
2025-02-11T21:51:00Z,147abc6a,8bab4dff,a6177608,0.0
2025-02-11T21:54:00Z,147abc6a,8bab4dff,a6177608,0.0
2025-02-11T21:57:00Z,147abc6a,8bab4dff,a6177608,0.0
2025-02-11T22:00:00Z,147abc6a,8bab4dff,a6177608,0.0
2025-02-11T22:03:00Z,147abc6a,8bab4dff,a6177608,0.0
2025-02-11T22:06:00Z,147abc6a,8bab4dff,a6177608,0.0
2025-02-11T22:09:00Z,147abc6a,8bab4dff,a6177608,0.0
2025-02-11T22:12:00Z,147abc6a,8bab4dff,a6177608,0.0
2025-02-11T22:15:00Z,147abc6a,8bab4dff,a6177608,0.0
2025-02-11T22:18:00Z,147abc6a,8bab4dff,a6177608,0.0
2025-02-11T22:21:00Z,147abc6a,8bab4dff,a6177608,0.0
2025-02-11T22:24:00Z,147abc6a,8bab4dff,a6177608,0.0
2025-02-11T22:27:00Z,147abc6a,8bab4dff,a6177608,0.0
2025-02-11T22:30:00Z,147abc6a,8bab4dff,a6177608,0.0
2025-02-11T22:33:00Z,147abc6a,8bab4dff,a6177608,0.0
2025-02-11T22:36:00Z,147abc6a,8bab4dff,a6177608,0.0
2025-02-11T22:39:00Z,147abc6a,8bab4dff,a6177608,0.0
2025-02-11T22:42:00Z,147abc6a,8bab4dff,a6177608,0.0
2025-02-11T22:45:00Z,147abc6a,8bab4dff,a6177608,0.0
2025-02-11T22:48:00Z,147abc6a,8bab4dff,a6177608,0.0
2025-02-11T22:51:00Z,147abc6a,8bab4dff,a6177608,0.01
2025-02-11T22:54:00Z,147abc6a,8bab4dff,a6177608,0.0
2025-02-11T22:57:00Z,147abc6a,8bab4dff,a6177608,0.0
2025-02-11T23:00:00Z,147abc6a,8bab4dff,a6177608,0.0
2025-02-11T23:03:00Z,147abc6a,8bab4dff,a6177608,0.0
2025-02-11T23:06:00Z,147abc6a,8bab4dff,a6177608,0.0
2025-02-11T23:09:00Z,147abc6a,8bab4dff,a6177608,0.0
2025-02-11T23:12:00Z,147abc6a,8bab4dff,a6177608,0.0
2025-02-11T23:15:00Z,147abc6a,8bab4dff,a6177608,0.0
2025-02-11T23:18:00Z,147abc6a,8bab4dff,a6177608,0.0
2025-02-11T23:21:00Z,147abc6a,8bab4dff,a6177608,0.0
2025-02-11T23:24:00Z,147abc6a,8bab4dff,a6177608,0.0
2025-02-11T23:27:00Z,147abc6a,8bab4dff,a6177608,0.0
2025-02-11T23:30:00Z,147abc6a,8bab4dff,a6177608,0.0
2025-02-11T23:33:00Z,147abc6a,8bab4dff,a6177608,0.0
2025-02-11T23:36:00Z,147abc6a,8bab4dff,a6177608,0.0
2025-02-11T23:39:00Z,147abc6a,8bab4dff,a6177608,0.0
2025-02-11T23:42:00Z,147abc6a,8bab4dff,a6177608,0.0
2025-02-11T23:45:00Z,147abc6a,8bab4dff,a6177608,0.0
2025-02-11T23:48:00Z,147abc6a,8bab4dff,a6177608,0.0
2025-02-11T23:51:00Z,147abc6a,8bab4dff,a6177608,0.0
2025-02-11T23:54:00Z,147abc6a,8bab4dff,a6177608,0.0
2025-02-11T23:57:00Z,147abc6a,8bab4dff,a6177608,0.0
2025-02-12T00:00:00Z,147abc6a,8bab4dff,a6177608,0.0
2025-02-12T00:03:00Z,147abc6a,8bab4dff,a6177608,0.0
2025-02-12T00:06:00Z,147abc6a,8bab4dff,a6177608,0.0
2025-02-12T00:09:00Z,147abc6a,8bab4dff,a6177608,0.0
2025-02-12T00:12:00Z,147abc6a,8bab4dff,a6177608,0.0
2025-02-12T00:15:00Z,147abc6a,8bab4dff,a6177608,0.0
2025-02-12T00:18:00Z,147abc6a,8bab4dff,a6177608,0.0
2025-02-12T00:21:00Z,147abc6a,8bab4dff,a6177608,0.0
2025-02-12T00:24:00Z,147abc6a,8bab4dff,a6177608,0.0
2025-02-12T00:27:00Z,147abc6a,8bab4dff,a6177608,0.0
2025-02-12T00:30:00Z,147abc6a,8bab4dff,a6177608,0.0
2025-02-12T00:33:00Z,147abc6a,8bab4dff,a6177608,0.0
2025-02-12T00:36:00Z,147abc6a,8bab4dff,a6177608,0.0
2025-02-12T00:39:00Z,147abc6a,8bab4dff,a6177608,0.0
2025-02-12T00:42:00Z,147abc6a,8bab4dff,a6177608,0.0
2025-02-12T00:45:00Z,147abc6a,8bab4dff,a6177608,0.0
2025-02-12T00:48:00Z,147abc6a,8bab4dff,a6177608,0.0
2025-02-12T00:51:00Z,147abc6a,8bab4dff,a6177608,0.0
2025-02-12T00:54:00Z,147abc6a,8bab4dff,a6177608,0.0
2025-02-12T00:57:00Z,147abc6a,8bab4dff,a6177608,0.0
2025-02-12T01:00:00Z,147abc6a,8bab4dff,a6177608,0.0
2025-02-12T01:03:00Z,147abc6a,8bab4dff,a6177608,0.0
2025-02-12T01:06:00Z,147abc6a,8bab4dff,a6177608,0.0
2025-02-12T01:09:00Z,147abc6a,8bab4dff,a6177608,0.0
2025-02-12T01:12:00Z,147abc6a,8bab4dff,a6177608,0.0
2025-02-12T01:15:00Z,147abc6a,8bab4dff,a6177608,0.0
2025-02-12T01:18:00Z,147abc6a,8bab4dff,a6177608,0.0
2025-02-12T01:21:00Z,147abc6a,8bab4dff,a6177608,0.0
2025-02-12T01:24:00Z,147abc6a,8bab4dff,a6177608,0.0
2025-02-12T01:27:00Z,147abc6a,8bab4dff,a6177608,0.0
2025-02-12T01:30:00Z,147abc6a,8bab4dff,a6177608,0.0
2025-02-12T01:33:00Z,147abc6a,8bab4dff,a6177608,0.0
2025-02-12T01:36:00Z,147abc6a,8bab4dff,a6177608,0.0
2025-02-12T01:39:00Z,147abc6a,8bab4dff,a6177608,0.0
2025-02-12T01:42:00Z,147abc6a,8bab4dff,a6177608,0.0
2025-02-12T01:45:00Z,147abc6a,8bab4dff,a6177608,0.0
2025-02-12T01:48:00Z,147abc6a,8bab4dff,a6177608,0.0
2025-02-12T01:51:00Z,147abc6a,8bab4dff,a6177608,0.0
2025-02-12T01:54:00Z,147abc6a,8bab4dff,a6177608,0.0
2025-02-12T01:57:00Z,147abc6a,8bab4dff,a6177608,0.0
2025-02-12T02:00:00Z,147abc6a,8bab4dff,a6177608,0.0
2025-02-12T02:03:00Z,147abc6a,8bab4dff,a6177608,0.0
2025-02-12T02:06:00Z,147abc6a,8bab4dff,a6177608,0.0
2025-02-12T02:09:00Z,147abc6a,8bab4dff,a6177608,0.0
2025-02-12T02:12:00Z,147abc6a,8bab4dff,a6177608,0.0
2025-02-12T02:15:00Z,147abc6a,8bab4dff,a6177608,0.0
2025-02-12T02:18:00Z,147abc6a,8bab4dff,a6177608,0.0
2025-02-12T02:21:00Z,147abc6a,8bab4dff,a6177608,0.0
2025-02-12T02:24:00Z,147abc6a,8bab4dff,a6177608,0.0
2025-02-12T02:27:00Z,147abc6a,8bab4dff,a6177608,0.0
2025-02-12T02:30:00Z,147abc6a,8bab4dff,a6177608,0.0
2025-02-12T02:33:00Z,147abc6a,8bab4dff,a6177608,0.0
2025-02-12T02:36:00Z,147abc6a,8bab4dff,a6177608,0.0
2025-02-12T02:39:00Z,147abc6a,8bab4dff,a6177608,0.0
2025-02-12T02:42:00Z,147abc6a,8bab4dff,a6177608,0.0
2025-02-12T02:45:00Z,147abc6a,8bab4dff,a6177608,0.0
2025-02-12T02:48:00Z,147abc6a,8bab4dff,a6177608,0.0
2025-02-12T02:51:00Z,147abc6a,8bab4dff,a6177608,0.0
2025-02-12T02:54:00Z,147abc6a,8bab4dff,a6177608,0.0
2025-02-12T02:57:00Z,147abc6a,8bab4dff,a6177608,0.0
2025-02-12T03:00:00Z,147abc6a,8bab4dff,a6177608,0.0
2025-02-12T03:03:00Z,147abc6a,8bab4dff,a6177608,0.0
2025-02-12T03:06:00Z,147abc6a,8bab4dff,a6177608,0.0
2025-02-12T03:09:00Z,147abc6a,8bab4dff,a6177608,0.0
2025-02-12T03:12:00Z,147abc6a,8bab4dff,a6177608,0.0
2025-02-12T03:15:00Z,147abc6a,8bab4dff,a6177608,0.0
2025-02-12T03:18:00Z,147abc6a,8bab4dff,a6177608,0.0
2025-02-12T03:21:00Z,147abc6a,8bab4dff,a6177608,0.0
2025-02-12T03:24:00Z,147abc6a,8bab4dff,a6177608,0.0
2025-02-12T03:27:00Z,147abc6a,8bab4dff,a6177608,0.0
2025-02-12T03:30:00Z,147abc6a,8bab4dff,a6177608,0.0
2025-02-12T03:33:00Z,147abc6a,8bab4dff,a6177608,0.0
2025-02-12T03:36:00Z,147abc6a,8bab4dff,a6177608,0.0
2025-02-12T03:39:00Z,147abc6a,8bab4dff,a6177608,0.0
2025-02-12T03:42:00Z,147abc6a,8bab4dff,a6177608,0.0
2025-02-12T03:45:00Z,147abc6a,8bab4dff,a6177608,0.0
2025-02-12T03:48:00Z,147abc6a,8bab4dff,a6177608,0.0
2025-02-12T03:51:00Z,147abc6a,8bab4dff,a6177608,0.0
2025-02-12T03:54:00Z,147abc6a,8bab4dff,a6177608,0.0
2025-02-12T03:57:00Z,147abc6a,8bab4dff,a6177608,0.0
2025-02-12T04:00:00Z,147abc6a,8bab4dff,a6177608,0.0
2025-02-12T04:03:00Z,147abc6a,8bab4dff,a6177608,0.0
2025-02-12T04:06:00Z,147abc6a,8bab4dff,a6177608,0.0
2025-02-12T04:09:00Z,147abc6a,8bab4dff,a6177608,0.0
2025-02-12T04:12:00Z,147abc6a,8bab4dff,a6177608,0.0
2025-02-12T04:15:00Z,147abc6a,8bab4dff,a6177608,0.0
2025-02-12T04:18:00Z,147abc6a,8bab4dff,a6177608,0.0
2025-02-12T04:21:00Z,147abc6a,8bab4dff,a6177608,0.0
2025-02-12T04:24:00Z,147abc6a,8bab4dff,a6177608,0.0
2025-02-12T04:27:00Z,147abc6a,8bab4dff,a6177608,0.0
2025-02-12T04:30:00Z,147abc6a,8bab4dff,a6177608,0.0
2025-02-12T04:33:00Z,147abc6a,8bab4dff,a6177608,0.0
2025-02-12T04:36:00Z,147abc6a,8bab4dff,a6177608,0.0
2025-02-12T04:39:00Z,147abc6a,8bab4dff,a6177608,0.0
2025-02-12T04:42:00Z,147abc6a,8bab4dff,a6177608,0.0
2025-02-12T04:45:00Z,147abc6a,8bab4dff,a6177608,0.0
2025-02-12T04:48:00Z,147abc6a,8bab4dff,a6177608,0.0
2025-02-12T04:51:00Z,147abc6a,8bab4dff,a6177608,0.0
2025-02-12T04:54:00Z,147abc6a,8bab4dff,a6177608,0.0
2025-02-12T04:57:00Z,147abc6a,8bab4dff,a6177608,0.0
2025-02-12T05:00:00Z,147abc6a,8bab4dff,a6177608,0.0
2025-02-12T05:03:00Z,147abc6a,8bab4dff,a6177608,0.0
2025-02-12T05:06:00Z,147abc6a,8bab4dff,a6177608,0.0
2025-02-12T05:09:00Z,147abc6a,8bab4dff,a6177608,0.0
2025-02-12T05:12:00Z,147abc6a,8bab4dff,a6177608,0.0
2025-02-12T05:15:00Z,147abc6a,8bab4dff,a6177608,0.0
2025-02-12T05:18:00Z,147abc6a,8bab4dff,a6177608,0.0
2025-02-12T05:21:00Z,147abc6a,8bab4dff,a6177608,0.0
2025-02-12T05:24:00Z,147abc6a,8bab4dff,a6177608,0.0
2025-02-12T05:27:00Z,147abc6a,8bab4dff,a6177608,0.0
2025-02-12T05:30:00Z,147abc6a,8bab4dff,a6177608,0.0
2025-02-12T05:33:00Z,147abc6a,8bab4dff,a6177608,0.0
2025-02-12T05:36:00Z,147abc6a,8bab4dff,a6177608,0.0
2025-02-12T05:39:00Z,147abc6a,8bab4dff,a6177608,0.0
2025-02-12T05:42:00Z,147abc6a,8bab4dff,a6177608,0.0
2025-02-12T05:45:00Z,147abc6a,8bab4dff,a6177608,0.0
2025-02-12T05:48:00Z,147abc6a,8bab4dff,a6177608,0.0
2025-02-12T05:51:00Z,147abc6a,8bab4dff,a6177608,0.0
2025-02-12T05:54:00Z,147abc6a,8bab4dff,a6177608,0.0
2025-02-12T05:57:00Z,147abc6a,8bab4dff,a6177608,0.0
2025-02-12T06:00:00Z,147abc6a,8bab4dff,a6177608,0.0
2025-02-12T06:03:00Z,147abc6a,8bab4dff,a6177608,0.0
2025-02-12T06:06:00Z,147abc6a,8bab4dff,a6177608,0.0
2025-02-12T06:09:00Z,147abc6a,8bab4dff,a6177608,0.0
2025-02-12T06:12:00Z,147abc6a,8bab4dff,a6177608,0.0
2025-02-12T06:15:00Z,147abc6a,8bab4dff,a6177608,0.0
2025-02-12T06:18:00Z,147abc6a,8bab4dff,a6177608,0.0
2025-02-12T06:21:00Z,147abc6a,8bab4dff,a6177608,0.0
2025-02-12T06:24:00Z,147abc6a,8bab4dff,a6177608,0.1
2025-02-12T06:27:00Z,147abc6a,8bab4dff,a6177608,0.0
2025-02-12T06:30:00Z,147abc6a,8bab4dff,a6177608,0.0
2025-02-12T06:33:00Z,147abc6a,8bab4dff,a6177608,0.0
2025-02-12T06:36:00Z,147abc6a,8bab4dff,a6177608,0.0
2025-02-12T06:39:00Z,147abc6a,8bab4dff,a6177608,0.0
2025-02-12T06:42:00Z,147abc6a,8bab4dff,a6177608,0.0
2025-02-12T06:45:00Z,147abc6a,8bab4dff,a6177608,0.0
2025-02-12T06:48:00Z,147abc6a,8bab4dff,a6177608,0.0
2025-02-12T06:51:00Z,147abc6a,8bab4dff,a6177608,0.0
2025-02-12T06:54:00Z,147abc6a,8bab4dff,a6177608,0.0
2025-02-12T06:57:00Z,147abc6a,8bab4dff,a6177608,0.0
2025-02-12T07:00:00Z,147abc6a,8bab4dff,a6177608,0.0
2025-02-12T07:03:00Z,147abc6a,8bab4dff,a6177608,0.0
2025-02-12T07:06:00Z,147abc6a,8bab4dff,a6177608,0.0
2025-02-12T07:09:00Z,147abc6a,8bab4dff,a6177608,0.0
2025-02-12T07:12:00Z,147abc6a,8bab4dff,a6177608,0.0
2025-02-12T07:15:00Z,147abc6a,8bab4dff,a6177608,0.0
2025-02-12T07:18:00Z,147abc6a,8bab4dff,a6177608,0.0
2025-02-12T07:21:00Z,147abc6a,8bab4dff,a6177608,0.0
2025-02-12T07:24:00Z,147abc6a,8bab4dff,a6177608,0.0
2025-02-12T07:27:00Z,147abc6a,8bab4dff,a6177608,0.0
2025-02-12T07:30:00Z,147abc6a,8bab4dff,a6177608,0.09
2025-02-12T07:33:00Z,147abc6a,8bab4dff,a6177608,0.0
2025-02-12T07:36:00Z,147abc6a,8bab4dff,a6177608,0.0
2025-02-12T07:39:00Z,147abc6a,8bab4dff,a6177608,0.0
2025-02-12T07:42:00Z,147abc6a,8bab4dff,a6177608,0.0
2025-02-12T07:45:00Z,147abc6a,8bab4dff,a6177608,0.0
2025-02-12T07:48:00Z,147abc6a,8bab4dff,a6177608,0.0
2025-02-12T07:51:00Z,147abc6a,8bab4dff,a6177608,0.0
2025-02-12T07:54:00Z,147abc6a,8bab4dff,a6177608,0.0
2025-02-12T07:57:00Z,147abc6a,8bab4dff,a6177608,0.0
2025-02-12T08:00:00Z,147abc6a,8bab4dff,a6177608,0.0
2025-02-12T08:03:00Z,147abc6a,8bab4dff,a6177608,0.0
2025-02-12T08:06:00Z,147abc6a,8bab4dff,a6177608,0.0
2025-02-12T08:09:00Z,147abc6a,8bab4dff,a6177608,0.0
2025-02-12T08:12:00Z,147abc6a,8bab4dff,a6177608,0.0
2025-02-12T08:15:00Z,147abc6a,8bab4dff,a6177608,0.0
2025-02-12T08:18:00Z,147abc6a,8bab4dff,a6177608,0.0
2025-02-12T08:21:00Z,147abc6a,8bab4dff,a6177608,0.0
2025-02-12T08:24:00Z,147abc6a,8bab4dff,a6177608,0.0
2025-02-12T08:27:00Z,147abc6a,8bab4dff,a6177608,0.0
2025-02-12T08:30:00Z,147abc6a,8bab4dff,a6177608,0.0
2025-02-12T08:33:00Z,147abc6a,8bab4dff,a6177608,0.0
2025-02-12T08:36:00Z,147abc6a,8bab4dff,a6177608,0.0
2025-02-12T08:39:00Z,147abc6a,8bab4dff,a6177608,0.0
2025-02-12T08:42:00Z,147abc6a,8bab4dff,a6177608,0.0
2025-02-12T08:45:00Z,147abc6a,8bab4dff,a6177608,0.0
2025-02-12T08:48:00Z,147abc6a,8bab4dff,a6177608,0.0
2025-02-12T08:51:00Z,147abc6a,8bab4dff,a6177608,0.05
2025-02-12T08:54:00Z,147abc6a,8bab4dff,a6177608,0.0
2025-02-12T08:57:00Z,147abc6a,8bab4dff,a6177608,0.0
2025-02-12T09:00:00Z,147abc6a,8bab4dff,a6177608,0.0
2025-02-12T09:03:00Z,147abc6a,8bab4dff,a6177608,0.0
2025-02-12T09:06:00Z,147abc6a,8bab4dff,a6177608,0.0
2025-02-12T09:09:00Z,147abc6a,8bab4dff,a6177608,0.0
2025-02-12T09:12:00Z,147abc6a,8bab4dff,a6177608,0.0
2025-02-12T09:15:00Z,147abc6a,8bab4dff,a6177608,0.0
2025-02-12T09:18:00Z,147abc6a,8bab4dff,a6177608,0.0
2025-02-12T09:21:00Z,147abc6a,8bab4dff,a6177608,0.0
2025-02-12T09:24:00Z,147abc6a,8bab4dff,a6177608,0.0
2025-02-12T09:27:00Z,147abc6a,8bab4dff,a6177608,0.0
2025-02-12T09:30:00Z,147abc6a,8bab4dff,a6177608,0.0
2025-02-12T09:33:00Z,147abc6a,8bab4dff,a6177608,0.0
2025-02-12T09:36:00Z,147abc6a,8bab4dff,a6177608,0.0
2025-02-12T09:39:00Z,147abc6a,8bab4dff,a6177608,0.0
2025-02-12T09:42:00Z,147abc6a,8bab4dff,a6177608,0.0
2025-02-12T09:45:00Z,147abc6a,8bab4dff,a6177608,0.0
2025-02-12T09:48:00Z,147abc6a,8bab4dff,a6177608,0.0
2025-02-12T09:51:00Z,147abc6a,8bab4dff,a6177608,0.0
2025-02-12T09:54:00Z,147abc6a,8bab4dff,a6177608,0.0
2025-02-12T09:57:00Z,147abc6a,8bab4dff,a6177608,0.0
2025-02-12T10:00:00Z,147abc6a,8bab4dff,a6177608,0.0
2025-02-12T10:03:00Z,147abc6a,8bab4dff,a6177608,0.0
2025-02-12T10:06:00Z,147abc6a,8bab4dff,a6177608,0.0
2025-02-12T10:09:00Z,147abc6a,8bab4dff,a6177608,0.0
2025-02-12T10:12:00Z,147abc6a,8bab4dff,a6177608,0.0
2025-02-12T10:15:00Z,147abc6a,8bab4dff,a6177608,0.0
2025-02-12T10:18:00Z,147abc6a,8bab4dff,a6177608,0.0
2025-02-12T10:21:00Z,147abc6a,8bab4dff,a6177608,0.0
2025-02-12T10:24:00Z,147abc6a,8bab4dff,a6177608,0.0
2025-02-12T10:27:00Z,147abc6a,8bab4dff,a6177608,0.0
2025-02-12T10:30:00Z,147abc6a,8bab4dff,a6177608,0.0
2025-02-12T10:33:00Z,147abc6a,8bab4dff,a6177608,0.0
2025-02-12T10:36:00Z,147abc6a,8bab4dff,a6177608,0.0
2025-02-12T10:39:00Z,147abc6a,8bab4dff,a6177608,0.0
2025-02-12T10:42:00Z,147abc6a,8bab4dff,a6177608,0.0
2025-02-12T10:45:00Z,147abc6a,8bab4dff,a6177608,0.0
2025-02-12T10:48:00Z,147abc6a,8bab4dff,a6177608,0.0
2025-02-12T10:51:00Z,147abc6a,8bab4dff,a6177608,0.0
2025-02-12T10:54:00Z,147abc6a,8bab4dff,a6177608,0.0
2025-02-12T10:57:00Z,147abc6a,8bab4dff,a6177608,0.0
2025-02-12T11:00:00Z,147abc6a,8bab4dff,a6177608,0.01
2025-02-12T11:03:00Z,147abc6a,8bab4dff,a6177608,0.0
2025-02-12T11:06:00Z,147abc6a,8bab4dff,a6177608,0.0
2025-02-12T11:09:00Z,147abc6a,8bab4dff,a6177608,0.0
2025-02-12T11:12:00Z,147abc6a,8bab4dff,a6177608,0.0
2025-02-12T11:15:00Z,147abc6a,8bab4dff,a6177608,0.0
2025-02-12T11:18:00Z,147abc6a,8bab4dff,a6177608,0.0
2025-02-12T11:21:00Z,147abc6a,8bab4dff,a6177608,0.0
2025-02-12T11:24:00Z,147abc6a,8bab4dff,a6177608,0.0
2025-02-12T11:27:00Z,147abc6a,8bab4dff,a6177608,0.0
2025-02-12T11:30:00Z,147abc6a,8bab4dff,a6177608,0.0
2025-02-12T11:33:00Z,147abc6a,8bab4dff,a6177608,0.0
2025-02-12T11:36:00Z,147abc6a,8bab4dff,a6177608,0.0
2025-02-12T11:39:00Z,147abc6a,8bab4dff,a6177608,0.0
2025-02-12T11:42:00Z,147abc6a,8bab4dff,a6177608,0.0
2025-02-12T11:45:00Z,147abc6a,8bab4dff,a6177608,0.0
2025-02-12T11:48:00Z,147abc6a,8bab4dff,a6177608,0.0
2025-02-12T11:51:00Z,147abc6a,8bab4dff,a6177608,0.0
2025-02-12T11:54:00Z,147abc6a,8bab4dff,a6177608,0.0
2025-02-12T11:57:00Z,147abc6a,8bab4dff,a6177608,0.0
2025-02-12T12:00:00Z,147abc6a,8bab4dff,a6177608,0.0
2025-02-12T12:03:00Z,147abc6a,8bab4dff,a6177608,0.0
2025-02-12T12:06:00Z,147abc6a,8bab4dff,a6177608,0.0
2025-02-12T12:09:00Z,147abc6a,8bab4dff,a6177608,0.0
2025-02-12T12:12:00Z,147abc6a,8bab4dff,a6177608,0.0
2025-02-12T12:15:00Z,147abc6a,8bab4dff,a6177608,0.0
2025-02-12T12:18:00Z,147abc6a,8bab4dff,a6177608,0.0
2025-02-12T12:21:00Z,147abc6a,8bab4dff,a6177608,0.0
2025-02-12T12:24:00Z,147abc6a,8bab4dff,a6177608,0.0
2025-02-12T12:27:00Z,147abc6a,8bab4dff,a6177608,0.0
2025-02-12T12:30:00Z,147abc6a,8bab4dff,a6177608,0.0
2025-02-12T12:33:00Z,147abc6a,8bab4dff,a6177608,0.0
2025-02-12T12:36:00Z,147abc6a,8bab4dff,a6177608,0.0
2025-02-12T12:39:00Z,147abc6a,8bab4dff,a6177608,0.0
2025-02-12T12:42:00Z,147abc6a,8bab4dff,a6177608,0.0
2025-02-12T12:45:00Z,147abc6a,8bab4dff,a6177608,0.0
2025-02-12T12:48:00Z,147abc6a,8bab4dff,a6177608,0.0
2025-02-12T12:51:00Z,147abc6a,8bab4dff,a6177608,0.0
2025-02-12T12:54:00Z,147abc6a,8bab4dff,a6177608,0.0
2025-02-12T12:57:00Z,147abc6a,8bab4dff,a6177608,0.0
2025-02-12T13:00:00Z,147abc6a,8bab4dff,a6177608,0.0
2025-02-12T13:03:00Z,147abc6a,8bab4dff,a6177608,0.0
2025-02-12T13:06:00Z,147abc6a,8bab4dff,a6177608,0.0
2025-02-12T13:09:00Z,147abc6a,8bab4dff,a6177608,0.0
2025-02-12T13:12:00Z,147abc6a,8bab4dff,a6177608,0.0
2025-02-12T13:15:00Z,147abc6a,8bab4dff,a6177608,0.0
2025-02-12T13:18:00Z,147abc6a,8bab4dff,a6177608,0.0
2025-02-12T13:21:00Z,147abc6a,8bab4dff,a6177608,0.0
2025-02-12T13:24:00Z,147abc6a,8bab4dff,a6177608,0.0
2025-02-12T13:27:00Z,147abc6a,8bab4dff,a6177608,0.0
2025-02-12T13:30:00Z,147abc6a,8bab4dff,a6177608,0.0
2025-02-12T13:33:00Z,147abc6a,8bab4dff,a6177608,0.0
2025-02-12T13:36:00Z,147abc6a,8bab4dff,a6177608,0.0
2025-02-12T13:39:00Z,147abc6a,8bab4dff,a6177608,0.0
2025-02-12T13:42:00Z,147abc6a,8bab4dff,a6177608,0.0
2025-02-12T13:45:00Z,147abc6a,8bab4dff,a6177608,0.0
2025-02-12T13:48:00Z,147abc6a,8bab4dff,a6177608,0.0
2025-02-12T13:51:00Z,147abc6a,8bab4dff,a6177608,0.0
2025-02-12T13:54:00Z,147abc6a,8bab4dff,a6177608,0.0
2025-02-12T13:57:00Z,147abc6a,8bab4dff,a6177608,0.0
2025-02-12T14:00:00Z,147abc6a,8bab4dff,a6177608,0.0
2025-02-12T14:03:00Z,147abc6a,8bab4dff,a6177608,0.0
2025-02-12T14:06:00Z,147abc6a,8bab4dff,a6177608,0.0
2025-02-12T14:09:00Z,147abc6a,8bab4dff,a6177608,0.0
2025-02-12T14:12:00Z,147abc6a,8bab4dff,a6177608,0.0
2025-02-12T14:15:00Z,147abc6a,8bab4dff,a6177608,0.0
2025-02-12T14:18:00Z,147abc6a,8bab4dff,a6177608,0.0
2025-02-12T14:21:00Z,147abc6a,8bab4dff,a6177608,0.0
2025-02-12T14:24:00Z,147abc6a,8bab4dff,a6177608,0.0
2025-02-12T14:27:00Z,147abc6a,8bab4dff,a6177608,0.0
2025-02-12T14:30:00Z,147abc6a,8bab4dff,a6177608,0.0
2025-02-12T14:33:00Z,147abc6a,8bab4dff,a6177608,0.0
2025-02-12T14:36:00Z,147abc6a,8bab4dff,a6177608,0.0
2025-02-12T14:39:00Z,147abc6a,8bab4dff,a6177608,0.0
2025-02-12T14:42:00Z,147abc6a,8bab4dff,a6177608,0.0
2025-02-12T14:45:00Z,147abc6a,8bab4dff,a6177608,0.0
2025-02-12T14:48:00Z,147abc6a,8bab4dff,a6177608,0.0
2025-02-12T14:51:00Z,147abc6a,8bab4dff,a6177608,0.0
2025-02-12T14:54:00Z,147abc6a,8bab4dff,a6177608,0.0
2025-02-12T14:57:00Z,147abc6a,8bab4dff,a6177608,0.0
2025-02-12T15:00:00Z,147abc6a,8bab4dff,a6177608,0.0
2025-02-12T15:03:00Z,147abc6a,8bab4dff,a6177608,0.0
2025-02-12T15:06:00Z,147abc6a,8bab4dff,a6177608,0.0
2025-02-12T15:09:00Z,147abc6a,8bab4dff,a6177608,0.0
2025-02-12T15:12:00Z,147abc6a,8bab4dff,a6177608,0.0
2025-02-12T15:15:00Z,147abc6a,8bab4dff,a6177608,0.0
2025-02-12T15:18:00Z,147abc6a,8bab4dff,a6177608,0.0
2025-02-12T15:21:00Z,147abc6a,8bab4dff,a6177608,0.0
2025-02-12T15:24:00Z,147abc6a,8bab4dff,a6177608,0.0
2025-02-12T15:27:00Z,147abc6a,8bab4dff,a6177608,0.0
2025-02-12T15:30:00Z,147abc6a,8bab4dff,a6177608,0.01
2025-02-12T15:33:00Z,147abc6a,8bab4dff,a6177608,0.0
2025-02-12T15:36:00Z,147abc6a,8bab4dff,a6177608,0.0
2025-02-12T15:39:00Z,147abc6a,8bab4dff,a6177608,0.0
2025-02-12T15:42:00Z,147abc6a,8bab4dff,a6177608,0.0
2025-02-12T15:45:00Z,147abc6a,8bab4dff,a6177608,0.0
2025-02-12T15:48:00Z,147abc6a,8bab4dff,a6177608,0.0
2025-02-12T15:51:00Z,147abc6a,8bab4dff,a6177608,0.0
2025-02-12T15:54:00Z,147abc6a,8bab4dff,a6177608,0.0
2025-02-12T15:57:00Z,147abc6a,8bab4dff,a6177608,0.0
2025-02-12T16:00:00Z,147abc6a,8bab4dff,a6177608,0.0
2025-02-12T16:03:00Z,147abc6a,8bab4dff,a6177608,0.0
2025-02-12T16:06:00Z,147abc6a,8bab4dff,a6177608,0.0
2025-02-12T16:09:00Z,147abc6a,8bab4dff,a6177608,0.0
2025-02-12T16:12:00Z,147abc6a,8bab4dff,a6177608,0.0
2025-02-12T16:15:00Z,147abc6a,8bab4dff,a6177608,0.0
2025-02-12T16:18:00Z,147abc6a,8bab4dff,a6177608,0.0
2025-02-12T16:21:00Z,147abc6a,8bab4dff,a6177608,0.0
2025-02-12T16:24:00Z,147abc6a,8bab4dff,a6177608,0.0
2025-02-12T16:27:00Z,147abc6a,8bab4dff,a6177608,0.0
2025-02-12T16:30:00Z,147abc6a,8bab4dff,a6177608,0.0
2025-02-12T16:33:00Z,147abc6a,8bab4dff,a6177608,0.0
2025-02-12T16:36:00Z,147abc6a,8bab4dff,a6177608,0.0
2025-02-12T16:39:00Z,147abc6a,8bab4dff,a6177608,0.0
2025-02-12T16:42:00Z,147abc6a,8bab4dff,a6177608,0.0
2025-02-12T16:45:00Z,147abc6a,8bab4dff,a6177608,0.0
2025-02-12T16:48:00Z,147abc6a,8bab4dff,a6177608,0.0
2025-02-12T16:51:00Z,147abc6a,8bab4dff,a6177608,0.0
2025-02-12T16:54:00Z,147abc6a,8bab4dff,a6177608,0.0
2025-02-12T16:57:00Z,147abc6a,8bab4dff,a6177608,0.0
2025-02-12T17:00:00Z,147abc6a,8bab4dff,a6177608,0.0
2025-02-12T17:03:00Z,147abc6a,8bab4dff,a6177608,0.0
2025-02-12T17:06:00Z,147abc6a,8bab4dff,a6177608,0.0
2025-02-12T17:09:00Z,147abc6a,8bab4dff,a6177608,0.0
2025-02-12T17:12:00Z,147abc6a,8bab4dff,a6177608,0.0
2025-02-12T17:15:00Z,147abc6a,8bab4dff,a6177608,0.0
2025-02-12T17:18:00Z,147abc6a,8bab4dff,a6177608,0.0
2025-02-12T17:21:00Z,147abc6a,8bab4dff,a6177608,0.0
2025-02-12T17:24:00Z,147abc6a,8bab4dff,a6177608,0.0
2025-02-12T17:27:00Z,147abc6a,8bab4dff,a6177608,0.0
2025-02-12T17:30:00Z,147abc6a,8bab4dff,a6177608,0.0
2025-02-12T17:33:00Z,147abc6a,8bab4dff,a6177608,0.0
2025-02-12T17:36:00Z,147abc6a,8bab4dff,a6177608,0.0
2025-02-12T17:39:00Z,147abc6a,8bab4dff,a6177608,0.0
2025-02-12T17:42:00Z,147abc6a,8bab4dff,a6177608,0.0
2025-02-12T17:45:00Z,147abc6a,8bab4dff,a6177608,0.0
2025-02-12T17:48:00Z,147abc6a,8bab4dff,a6177608,0.0
2025-02-12T17:51:00Z,147abc6a,8bab4dff,a6177608,0.0
2025-02-12T17:54:00Z,147abc6a,8bab4dff,a6177608,0.0
2025-02-12T17:57:00Z,147abc6a,8bab4dff,a6177608,0.0
2025-02-12T18:00:00Z,147abc6a,8bab4dff,a6177608,0.0
2025-02-12T18:03:00Z,147abc6a,8bab4dff,a6177608,0.0
2025-02-12T18:06:00Z,147abc6a,8bab4dff,a6177608,0.0
2025-02-12T18:09:00Z,147abc6a,8bab4dff,a6177608,0.0
2025-02-12T18:12:00Z,147abc6a,8bab4dff,a6177608,0.0
2025-02-12T18:15:00Z,147abc6a,8bab4dff,a6177608,0.0
2025-02-12T18:18:00Z,147abc6a,8bab4dff,a6177608,0.0
2025-02-12T18:21:00Z,147abc6a,8bab4dff,a6177608,0.0
2025-02-12T18:24:00Z,147abc6a,8bab4dff,a6177608,0.0
2025-02-12T18:27:00Z,147abc6a,8bab4dff,a6177608,0.01
2025-02-12T18:30:00Z,147abc6a,8bab4dff,a6177608,0.0
2025-02-12T18:33:00Z,147abc6a,8bab4dff,a6177608,0.0
2025-02-12T18:36:00Z,147abc6a,8bab4dff,a6177608,0.0
2025-02-12T18:39:00Z,147abc6a,8bab4dff,a6177608,0.0
2025-02-12T18:42:00Z,147abc6a,8bab4dff,a6177608,0.0
2025-02-12T18:45:00Z,147abc6a,8bab4dff,a6177608,0.0
2025-02-12T18:48:00Z,147abc6a,8bab4dff,a6177608,0.0
2025-02-12T18:51:00Z,147abc6a,8bab4dff,a6177608,0.0
2025-02-12T18:54:00Z,147abc6a,8bab4dff,a6177608,0.0
2025-02-12T18:57:00Z,147abc6a,8bab4dff,a6177608,0.0
2025-02-12T19:00:00Z,147abc6a,8bab4dff,a6177608,0.0
2025-02-12T19:03:00Z,147abc6a,8bab4dff,a6177608,0.0
2025-02-12T19:06:00Z,147abc6a,8bab4dff,a6177608,0.0
2025-02-12T19:09:00Z,147abc6a,8bab4dff,a6177608,0.0
2025-02-12T19:12:00Z,147abc6a,8bab4dff,a6177608,0.0
2025-02-12T19:15:00Z,147abc6a,8bab4dff,a6177608,0.0
2025-02-12T19:18:00Z,147abc6a,8bab4dff,a6177608,0.0
2025-02-12T19:21:00Z,147abc6a,8bab4dff,a6177608,0.0
2025-02-12T19:24:00Z,147abc6a,8bab4dff,a6177608,0.0
2025-02-12T19:27:00Z,147abc6a,8bab4dff,a6177608,0.0
2025-02-12T19:30:00Z,147abc6a,8bab4dff,a6177608,0.0
2025-02-12T19:33:00Z,147abc6a,8bab4dff,a6177608,0.0
2025-02-12T19:36:00Z,147abc6a,8bab4dff,a6177608,0.0
2025-02-12T19:39:00Z,147abc6a,8bab4dff,a6177608,0.0
2025-02-12T19:42:00Z,147abc6a,8bab4dff,a6177608,0.0
2025-02-12T19:45:00Z,147abc6a,8bab4dff,a6177608,0.0
2025-02-12T19:48:00Z,147abc6a,8bab4dff,a6177608,0.0
2025-02-12T19:51:00Z,147abc6a,8bab4dff,a6177608,0.0
2025-02-12T19:54:00Z,147abc6a,8bab4dff,a6177608,0.0
2025-02-12T19:57:00Z,147abc6a,8bab4dff,a6177608,0.0
2025-02-12T20:00:00Z,147abc6a,8bab4dff,a6177608,0.0
2025-02-12T20:03:00Z,147abc6a,8bab4dff,a6177608,0.0
2025-02-12T20:06:00Z,147abc6a,8bab4dff,a6177608,0.0
2025-02-12T20:09:00Z,147abc6a,8bab4dff,a6177608,0.0
2025-02-12T20:12:00Z,147abc6a,8bab4dff,a6177608,0.0
2025-02-12T20:15:00Z,147abc6a,8bab4dff,a6177608,0.0
2025-02-12T20:18:00Z,147abc6a,8bab4dff,a6177608,0.0
2025-02-12T20:21:00Z,147abc6a,8bab4dff,a6177608,0.0
2025-02-12T20:24:00Z,147abc6a,8bab4dff,a6177608,0.0
2025-02-12T20:27:00Z,147abc6a,8bab4dff,a6177608,0.0
2025-02-12T20:30:00Z,147abc6a,8bab4dff,a6177608,0.0
2025-02-12T20:33:00Z,147abc6a,8bab4dff,a6177608,0.0
2025-02-12T20:36:00Z,147abc6a,8bab4dff,a6177608,0.0
2025-02-12T20:39:00Z,147abc6a,8bab4dff,a6177608,0.0
2025-02-12T20:42:00Z,147abc6a,8bab4dff,a6177608,0.0
2025-02-12T20:45:00Z,147abc6a,8bab4dff,a6177608,0.0
2025-02-12T20:48:00Z,147abc6a,8bab4dff,a6177608,0.0
2025-02-12T20:51:00Z,147abc6a,8bab4dff,a6177608,0.0
2025-02-12T20:54:00Z,147abc6a,8bab4dff,a6177608,0.0
2025-02-12T20:57:00Z,147abc6a,8bab4dff,a6177608,0.0
2025-02-12T21:00:00Z,147abc6a,8bab4dff,a6177608,0.0
2025-02-12T21:03:00Z,147abc6a,8bab4dff,a6177608,0.0
2025-02-12T21:06:00Z,147abc6a,8bab4dff,a6177608,0.0
2025-02-12T21:09:00Z,147abc6a,8bab4dff,a6177608,0.0
2025-02-12T21:12:00Z,147abc6a,8bab4dff,a6177608,0.0
2025-02-12T21:15:00Z,147abc6a,8bab4dff,a6177608,0.0
2025-02-12T21:18:00Z,147abc6a,8bab4dff,a6177608,0.0
2025-02-12T21:21:00Z,147abc6a,8bab4dff,a6177608,0.0
2025-02-12T21:24:00Z,147abc6a,8bab4dff,a6177608,0.0
2025-02-12T21:27:00Z,147abc6a,8bab4dff,a6177608,0.0
2025-02-12T21:30:00Z,147abc6a,8bab4dff,a6177608,0.0
2025-02-12T21:33:00Z,147abc6a,8bab4dff,a6177608,0.0
2025-02-12T21:36:00Z,147abc6a,8bab4dff,a6177608,0.0
2025-02-12T21:39:00Z,147abc6a,8bab4dff,a6177608,0.0
2025-02-12T21:42:00Z,147abc6a,8bab4dff,a6177608,0.0
2025-02-12T21:45:00Z,147abc6a,8bab4dff,a6177608,0.0
2025-02-12T21:48:00Z,147abc6a,8bab4dff,a6177608,0.0
2025-02-12T21:51:00Z,147abc6a,8bab4dff,a6177608,0.0
2025-02-12T21:54:00Z,147abc6a,8bab4dff,a6177608,0.0
2025-02-12T21:57:00Z,147abc6a,8bab4dff,a6177608,0.0
2025-02-12T22:00:00Z,147abc6a,8bab4dff,a6177608,0.0
2025-02-12T22:03:00Z,147abc6a,8bab4dff,a6177608,0.0
2025-02-12T22:06:00Z,147abc6a,8bab4dff,a6177608,0.0
2025-02-12T22:09:00Z,147abc6a,8bab4dff,a6177608,0.0
2025-02-12T22:12:00Z,147abc6a,8bab4dff,a6177608,0.0
2025-02-12T22:15:00Z,147abc6a,8bab4dff,a6177608,0.0
2025-02-12T22:18:00Z,147abc6a,8bab4dff,a6177608,0.0
2025-02-12T22:21:00Z,147abc6a,8bab4dff,a6177608,0.0
2025-02-12T22:24:00Z,147abc6a,8bab4dff,a6177608,0.0
2025-02-12T22:27:00Z,147abc6a,8bab4dff,a6177608,0.0
2025-02-12T22:30:00Z,147abc6a,8bab4dff,a6177608,0.0
2025-02-12T22:33:00Z,147abc6a,8bab4dff,a6177608,0.0
2025-02-12T22:36:00Z,147abc6a,8bab4dff,a6177608,0.0
2025-02-12T22:39:00Z,147abc6a,8bab4dff,a6177608,0.0
2025-02-12T22:42:00Z,147abc6a,8bab4dff,a6177608,0.0
2025-02-12T22:45:00Z,147abc6a,8bab4dff,a6177608,0.0
2025-02-12T22:48:00Z,147abc6a,8bab4dff,a6177608,0.0
2025-02-12T22:51:00Z,147abc6a,8bab4dff,a6177608,0.01
2025-02-12T22:54:00Z,147abc6a,8bab4dff,a6177608,0.0
2025-02-12T22:57:00Z,147abc6a,8bab4dff,a6177608,0.0
2025-02-12T23:00:00Z,147abc6a,8bab4dff,a6177608,0.0
2025-02-12T23:03:00Z,147abc6a,8bab4dff,a6177608,0.0
2025-02-12T23:06:00Z,147abc6a,8bab4dff,a6177608,0.0
2025-02-12T23:09:00Z,147abc6a,8bab4dff,a6177608,0.0
2025-02-12T23:12:00Z,147abc6a,8bab4dff,a6177608,0.0
2025-02-12T23:15:00Z,147abc6a,8bab4dff,a6177608,0.0
2025-02-12T23:18:00Z,147abc6a,8bab4dff,a6177608,0.0
2025-02-12T23:21:00Z,147abc6a,8bab4dff,a6177608,0.0
2025-02-12T23:24:00Z,147abc6a,8bab4dff,a6177608,0.0
2025-02-12T23:27:00Z,147abc6a,8bab4dff,a6177608,0.0
2025-02-12T23:30:00Z,147abc6a,8bab4dff,a6177608,0.0
2025-02-12T23:33:00Z,147abc6a,8bab4dff,a6177608,0.0
2025-02-12T23:36:00Z,147abc6a,8bab4dff,a6177608,0.0
2025-02-12T23:39:00Z,147abc6a,8bab4dff,a6177608,0.0
2025-02-12T23:42:00Z,147abc6a,8bab4dff,a6177608,0.0
2025-02-12T23:45:00Z,147abc6a,8bab4dff,a6177608,0.0
2025-02-12T23:48:00Z,147abc6a,8bab4dff,a6177608,0.0
2025-02-12T23:51:00Z,147abc6a,8bab4dff,a6177608,0.0
2025-02-12T23:54:00Z,147abc6a,8bab4dff,a6177608,0.0
2025-02-12T23:57:00Z,147abc6a,8bab4dff,a6177608,0.0
2025-02-13T00:00:00Z,147abc6a,8bab4dff,a6177608,0.0
2025-02-13T00:03:00Z,147abc6a,8bab4dff,a6177608,0.0
2025-02-13T00:06:00Z,147abc6a,8bab4dff,a6177608,0.0
2025-02-13T00:09:00Z,147abc6a,8bab4dff,a6177608,0.0
2025-02-13T00:12:00Z,147abc6a,8bab4dff,a6177608,0.0
2025-02-13T00:15:00Z,147abc6a,8bab4dff,a6177608,0.0
2025-02-13T00:18:00Z,147abc6a,8bab4dff,a6177608,0.0
2025-02-13T00:21:00Z,147abc6a,8bab4dff,a6177608,0.0
2025-02-13T00:24:00Z,147abc6a,8bab4dff,a6177608,0.0
2025-02-13T00:27:00Z,147abc6a,8bab4dff,a6177608,0.0
2025-02-13T00:30:00Z,147abc6a,8bab4dff,a6177608,0.0
2025-02-13T00:33:00Z,147abc6a,8bab4dff,a6177608,0.0
2025-02-13T00:36:00Z,147abc6a,8bab4dff,a6177608,0.0
2025-02-13T00:39:00Z,147abc6a,8bab4dff,a6177608,0.0
2025-02-13T00:42:00Z,147abc6a,8bab4dff,a6177608,0.0
2025-02-13T00:45:00Z,147abc6a,8bab4dff,a6177608,0.0
2025-02-13T00:48:00Z,147abc6a,8bab4dff,a6177608,0.0
2025-02-13T00:51:00Z,147abc6a,8bab4dff,a6177608,0.0
2025-02-13T00:54:00Z,147abc6a,8bab4dff,a6177608,0.0
2025-02-13T00:57:00Z,147abc6a,8bab4dff,a6177608,0.0
2025-02-13T01:00:00Z,147abc6a,8bab4dff,a6177608,0.0
2025-02-13T01:03:00Z,147abc6a,8bab4dff,a6177608,0.0
2025-02-13T01:06:00Z,147abc6a,8bab4dff,a6177608,0.0
2025-02-13T01:09:00Z,147abc6a,8bab4dff,a6177608,0.0
2025-02-13T01:12:00Z,147abc6a,8bab4dff,a6177608,0.0
2025-02-13T01:15:00Z,147abc6a,8bab4dff,a6177608,0.0
2025-02-13T01:18:00Z,147abc6a,8bab4dff,a6177608,0.0
2025-02-13T01:21:00Z,147abc6a,8bab4dff,a6177608,0.0
2025-02-13T01:24:00Z,147abc6a,8bab4dff,a6177608,0.0
2025-02-13T01:27:00Z,147abc6a,8bab4dff,a6177608,0.0
2025-02-13T01:30:00Z,147abc6a,8bab4dff,a6177608,0.0
2025-02-13T01:33:00Z,147abc6a,8bab4dff,a6177608,0.0
2025-02-13T01:36:00Z,147abc6a,8bab4dff,a6177608,0.0
2025-02-13T01:39:00Z,147abc6a,8bab4dff,a6177608,0.0
2025-02-13T01:42:00Z,147abc6a,8bab4dff,a6177608,0.0
2025-02-13T01:45:00Z,147abc6a,8bab4dff,a6177608,0.0
2025-02-13T01:48:00Z,147abc6a,8bab4dff,a6177608,0.0
2025-02-13T01:51:00Z,147abc6a,8bab4dff,a6177608,0.0
2025-02-13T01:54:00Z,147abc6a,8bab4dff,a6177608,0.0
2025-02-13T01:57:00Z,147abc6a,8bab4dff,a6177608,0.0
2025-02-13T02:00:00Z,147abc6a,8bab4dff,a6177608,0.0
2025-02-13T02:03:00Z,147abc6a,8bab4dff,a6177608,0.0
2025-02-13T02:06:00Z,147abc6a,8bab4dff,a6177608,0.0
2025-02-13T02:09:00Z,147abc6a,8bab4dff,a6177608,0.0
2025-02-13T02:12:00Z,147abc6a,8bab4dff,a6177608,0.0
2025-02-13T02:15:00Z,147abc6a,8bab4dff,a6177608,0.0
2025-02-13T02:18:00Z,147abc6a,8bab4dff,a6177608,0.0
2025-02-13T02:21:00Z,147abc6a,8bab4dff,a6177608,0.0
2025-02-13T02:24:00Z,147abc6a,8bab4dff,a6177608,0.0
2025-02-13T02:27:00Z,147abc6a,8bab4dff,a6177608,0.0
2025-02-13T02:30:00Z,147abc6a,8bab4dff,a6177608,0.0
2025-02-13T02:33:00Z,147abc6a,8bab4dff,a6177608,0.0
2025-02-13T02:36:00Z,147abc6a,8bab4dff,a6177608,0.0
2025-02-13T02:39:00Z,147abc6a,8bab4dff,a6177608,0.0
2025-02-13T02:42:00Z,147abc6a,8bab4dff,a6177608,0.0
2025-02-13T02:45:00Z,147abc6a,8bab4dff,a6177608,0.0
2025-02-13T02:48:00Z,147abc6a,8bab4dff,a6177608,0.0
2025-02-13T02:51:00Z,147abc6a,8bab4dff,a6177608,0.0
2025-02-13T02:54:00Z,147abc6a,8bab4dff,a6177608,0.0
2025-02-13T02:57:00Z,147abc6a,8bab4dff,a6177608,0.0
2025-02-13T03:00:00Z,147abc6a,8bab4dff,a6177608,0.0
2025-02-13T03:03:00Z,147abc6a,8bab4dff,a6177608,0.0
2025-02-13T03:06:00Z,147abc6a,8bab4dff,a6177608,0.0
2025-02-13T03:09:00Z,147abc6a,8bab4dff,a6177608,0.0
2025-02-13T03:12:00Z,147abc6a,8bab4dff,a6177608,0.0
2025-02-13T03:15:00Z,147abc6a,8bab4dff,a6177608,0.0
2025-02-13T03:18:00Z,147abc6a,8bab4dff,a6177608,0.0
2025-02-13T03:21:00Z,147abc6a,8bab4dff,a6177608,0.0
2025-02-13T03:24:00Z,147abc6a,8bab4dff,a6177608,0.0
2025-02-13T03:27:00Z,147abc6a,8bab4dff,a6177608,0.0
2025-02-13T03:30:00Z,147abc6a,8bab4dff,a6177608,0.0
2025-02-13T03:33:00Z,147abc6a,8bab4dff,a6177608,0.0
2025-02-13T03:36:00Z,147abc6a,8bab4dff,a6177608,0.0
2025-02-13T03:39:00Z,147abc6a,8bab4dff,a6177608,0.0
2025-02-13T03:42:00Z,147abc6a,8bab4dff,a6177608,0.01
2025-02-13T03:45:00Z,147abc6a,8bab4dff,a6177608,0.0
2025-02-13T03:48:00Z,147abc6a,8bab4dff,a6177608,0.0
2025-02-13T03:51:00Z,147abc6a,8bab4dff,a6177608,0.0
2025-02-13T03:54:00Z,147abc6a,8bab4dff,a6177608,0.0
2025-02-13T03:57:00Z,147abc6a,8bab4dff,a6177608,0.0
2025-02-13T04:00:00Z,147abc6a,8bab4dff,a6177608,0.0
2025-02-13T04:03:00Z,147abc6a,8bab4dff,a6177608,0.0
2025-02-13T04:06:00Z,147abc6a,8bab4dff,a6177608,0.0
2025-02-13T04:09:00Z,147abc6a,8bab4dff,a6177608,0.0
2025-02-13T04:12:00Z,147abc6a,8bab4dff,a6177608,0.0
2025-02-13T04:15:00Z,147abc6a,8bab4dff,a6177608,0.0
2025-02-13T04:18:00Z,147abc6a,8bab4dff,a6177608,0.0
2025-02-13T04:21:00Z,147abc6a,8bab4dff,a6177608,0.0
2025-02-13T04:24:00Z,147abc6a,8bab4dff,a6177608,0.0
2025-02-13T04:27:00Z,147abc6a,8bab4dff,a6177608,0.0
2025-02-13T04:30:00Z,147abc6a,8bab4dff,a6177608,0.0
2025-02-13T04:33:00Z,147abc6a,8bab4dff,a6177608,0.0
2025-02-13T04:36:00Z,147abc6a,8bab4dff,a6177608,0.0
2025-02-13T04:39:00Z,147abc6a,8bab4dff,a6177608,0.0
2025-02-13T04:42:00Z,147abc6a,8bab4dff,a6177608,0.0
2025-02-13T04:45:00Z,147abc6a,8bab4dff,a6177608,0.0
2025-02-13T04:48:00Z,147abc6a,8bab4dff,a6177608,0.0
2025-02-13T04:51:00Z,147abc6a,8bab4dff,a6177608,0.0
2025-02-13T04:54:00Z,147abc6a,8bab4dff,a6177608,0.0
2025-02-13T04:57:00Z,147abc6a,8bab4dff,a6177608,0.0
2025-02-13T05:00:00Z,147abc6a,8bab4dff,a6177608,0.0
2025-02-13T05:03:00Z,147abc6a,8bab4dff,a6177608,0.0
2025-02-13T05:06:00Z,147abc6a,8bab4dff,a6177608,0.0
2025-02-13T05:09:00Z,147abc6a,8bab4dff,a6177608,0.0
2025-02-13T05:12:00Z,147abc6a,8bab4dff,a6177608,0.0
2025-02-13T05:15:00Z,147abc6a,8bab4dff,a6177608,0.0
2025-02-13T05:18:00Z,147abc6a,8bab4dff,a6177608,0.0
2025-02-13T05:21:00Z,147abc6a,8bab4dff,a6177608,0.0
2025-02-13T05:24:00Z,147abc6a,8bab4dff,a6177608,0.0
2025-02-13T05:27:00Z,147abc6a,8bab4dff,a6177608,0.0
2025-02-13T05:30:00Z,147abc6a,8bab4dff,a6177608,0.0
2025-02-13T05:33:00Z,147abc6a,8bab4dff,a6177608,0.0
2025-02-13T05:36:00Z,147abc6a,8bab4dff,a6177608,0.0
2025-02-13T05:39:00Z,147abc6a,8bab4dff,a6177608,0.0
2025-02-13T05:42:00Z,147abc6a,8bab4dff,a6177608,0.0
2025-02-13T05:45:00Z,147abc6a,8bab4dff,a6177608,0.0
2025-02-13T05:48:00Z,147abc6a,8bab4dff,a6177608,0.0
2025-02-13T05:51:00Z,147abc6a,8bab4dff,a6177608,0.0
2025-02-13T05:54:00Z,147abc6a,8bab4dff,a6177608,0.0
2025-02-13T05:57:00Z,147abc6a,8bab4dff,a6177608,0.0
2025-02-13T06:00:00Z,147abc6a,8bab4dff,a6177608,0.0
2025-02-13T06:03:00Z,147abc6a,8bab4dff,a6177608,0.0
2025-02-13T06:06:00Z,147abc6a,8bab4dff,a6177608,0.0
2025-02-13T06:09:00Z,147abc6a,8bab4dff,a6177608,0.0
2025-02-13T06:12:00Z,147abc6a,8bab4dff,a6177608,0.0
2025-02-13T06:15:00Z,147abc6a,8bab4dff,a6177608,0.0
2025-02-13T06:18:00Z,147abc6a,8bab4dff,a6177608,0.0
2025-02-13T06:21:00Z,147abc6a,8bab4dff,a6177608,0.0
2025-02-13T06:24:00Z,147abc6a,8bab4dff,a6177608,0.0
2025-02-13T06:27:00Z,147abc6a,8bab4dff,a6177608,0.0
2025-02-13T06:30:00Z,147abc6a,8bab4dff,a6177608,0.02
2025-02-13T06:33:00Z,147abc6a,8bab4dff,a6177608,0.02
2025-02-13T06:36:00Z,147abc6a,8bab4dff,a6177608,0.0
2025-02-13T06:39:00Z,147abc6a,8bab4dff,a6177608,0.0
2025-02-13T06:42:00Z,147abc6a,8bab4dff,a6177608,0.0
2025-02-13T06:45:00Z,147abc6a,8bab4dff,a6177608,0.0
2025-02-13T06:48:00Z,147abc6a,8bab4dff,a6177608,0.0
2025-02-13T06:51:00Z,147abc6a,8bab4dff,a6177608,0.0
2025-02-13T06:54:00Z,147abc6a,8bab4dff,a6177608,0.0
2025-02-13T06:57:00Z,147abc6a,8bab4dff,a6177608,0.0
2025-02-13T07:00:00Z,147abc6a,8bab4dff,a6177608,0.0
2025-02-13T07:03:00Z,147abc6a,8bab4dff,a6177608,0.0
2025-02-13T07:06:00Z,147abc6a,8bab4dff,a6177608,0.0
2025-02-13T07:09:00Z,147abc6a,8bab4dff,a6177608,0.0
2025-02-13T07:12:00Z,147abc6a,8bab4dff,a6177608,0.0
2025-02-13T07:15:00Z,147abc6a,8bab4dff,a6177608,0.0
2025-02-13T07:18:00Z,147abc6a,8bab4dff,a6177608,0.0
2025-02-13T07:21:00Z,147abc6a,8bab4dff,a6177608,0.0
2025-02-13T07:24:00Z,147abc6a,8bab4dff,a6177608,0.0
2025-02-13T07:27:00Z,147abc6a,8bab4dff,a6177608,0.0
2025-02-13T07:30:00Z,147abc6a,8bab4dff,a6177608,0.0
2025-02-13T07:33:00Z,147abc6a,8bab4dff,a6177608,0.0
2025-02-13T07:36:00Z,147abc6a,8bab4dff,a6177608,0.0
2025-02-13T07:39:00Z,147abc6a,8bab4dff,a6177608,0.0
2025-02-13T07:42:00Z,147abc6a,8bab4dff,a6177608,0.0
2025-02-13T07:45:00Z,147abc6a,8bab4dff,a6177608,0.0
2025-02-13T07:48:00Z,147abc6a,8bab4dff,a6177608,0.0
2025-02-13T07:51:00Z,147abc6a,8bab4dff,a6177608,0.0
2025-02-13T07:54:00Z,147abc6a,8bab4dff,a6177608,0.0
2025-02-13T07:57:00Z,147abc6a,8bab4dff,a6177608,0.0
2025-02-13T08:00:00Z,147abc6a,8bab4dff,a6177608,0.0
2025-02-13T08:03:00Z,147abc6a,8bab4dff,a6177608,0.0
2025-02-13T08:06:00Z,147abc6a,8bab4dff,a6177608,0.0
2025-02-13T08:09:00Z,147abc6a,8bab4dff,a6177608,0.0
2025-02-13T08:12:00Z,147abc6a,8bab4dff,a6177608,0.0
2025-02-13T08:15:00Z,147abc6a,8bab4dff,a6177608,0.0
2025-02-13T08:18:00Z,147abc6a,8bab4dff,a6177608,0.0
2025-02-13T08:21:00Z,147abc6a,8bab4dff,a6177608,0.0
2025-02-13T08:24:00Z,147abc6a,8bab4dff,a6177608,0.0
2025-02-13T08:27:00Z,147abc6a,8bab4dff,a6177608,0.0
2025-02-13T08:30:00Z,147abc6a,8bab4dff,a6177608,0.0
2025-02-13T08:33:00Z,147abc6a,8bab4dff,a6177608,0.0
2025-02-13T08:36:00Z,147abc6a,8bab4dff,a6177608,0.0
2025-02-13T08:39:00Z,147abc6a,8bab4dff,a6177608,0.0
2025-02-13T08:42:00Z,147abc6a,8bab4dff,a6177608,0.0
2025-02-13T08:45:00Z,147abc6a,8bab4dff,a6177608,0.0
2025-02-13T08:48:00Z,147abc6a,8bab4dff,a6177608,0.0
2025-02-13T08:51:00Z,147abc6a,8bab4dff,a6177608,0.0
2025-02-13T08:54:00Z,147abc6a,8bab4dff,a6177608,0.0
2025-02-13T08:57:00Z,147abc6a,8bab4dff,a6177608,0.0
2025-02-13T09:00:00Z,147abc6a,8bab4dff,a6177608,0.0
2025-02-13T09:03:00Z,147abc6a,8bab4dff,a6177608,0.0
2025-02-13T09:06:00Z,147abc6a,8bab4dff,a6177608,0.0
2025-02-13T09:09:00Z,147abc6a,8bab4dff,a6177608,0.0
2025-02-13T09:12:00Z,147abc6a,8bab4dff,a6177608,0.0
2025-02-13T09:15:00Z,147abc6a,8bab4dff,a6177608,0.0
2025-02-13T09:18:00Z,147abc6a,8bab4dff,a6177608,0.0
2025-02-13T09:21:00Z,147abc6a,8bab4dff,a6177608,0.0
2025-02-13T09:24:00Z,147abc6a,8bab4dff,a6177608,0.0
2025-02-13T09:27:00Z,147abc6a,8bab4dff,a6177608,0.0
2025-02-13T09:30:00Z,147abc6a,8bab4dff,a6177608,0.0
2025-02-13T09:33:00Z,147abc6a,8bab4dff,a6177608,0.0
2025-02-13T09:36:00Z,147abc6a,8bab4dff,a6177608,0.0
2025-02-13T09:39:00Z,147abc6a,8bab4dff,a6177608,0.0
2025-02-13T09:42:00Z,147abc6a,8bab4dff,a6177608,0.0
2025-02-13T09:45:00Z,147abc6a,8bab4dff,a6177608,0.0
2025-02-13T09:48:00Z,147abc6a,8bab4dff,a6177608,0.0
2025-02-13T09:51:00Z,147abc6a,8bab4dff,a6177608,0.0
2025-02-13T09:54:00Z,147abc6a,8bab4dff,a6177608,0.0
2025-02-13T09:57:00Z,147abc6a,8bab4dff,a6177608,0.0
2025-02-13T10:00:00Z,147abc6a,8bab4dff,a6177608,0.0
2025-02-13T10:03:00Z,147abc6a,8bab4dff,a6177608,0.0
2025-02-13T10:06:00Z,147abc6a,8bab4dff,a6177608,0.0
2025-02-13T10:09:00Z,147abc6a,8bab4dff,a6177608,0.0
2025-02-13T10:12:00Z,147abc6a,8bab4dff,a6177608,0.0
2025-02-13T10:15:00Z,147abc6a,8bab4dff,a6177608,0.0
2025-02-13T10:18:00Z,147abc6a,8bab4dff,a6177608,0.0
2025-02-13T10:21:00Z,147abc6a,8bab4dff,a6177608,0.0
2025-02-13T10:24:00Z,147abc6a,8bab4dff,a6177608,0.0
2025-02-13T10:27:00Z,147abc6a,8bab4dff,a6177608,0.0
2025-02-13T10:30:00Z,147abc6a,8bab4dff,a6177608,0.0
2025-02-13T10:33:00Z,147abc6a,8bab4dff,a6177608,0.0
2025-02-13T10:36:00Z,147abc6a,8bab4dff,a6177608,0.0
2025-02-13T10:39:00Z,147abc6a,8bab4dff,a6177608,0.0
2025-02-13T10:42:00Z,147abc6a,8bab4dff,a6177608,0.0
2025-02-13T10:45:00Z,147abc6a,8bab4dff,a6177608,0.0
2025-02-13T10:48:00Z,147abc6a,8bab4dff,a6177608,0.0
2025-02-13T10:51:00Z,147abc6a,8bab4dff,a6177608,0.0
2025-02-13T10:54:00Z,147abc6a,8bab4dff,a6177608,0.0
2025-02-13T10:57:00Z,147abc6a,8bab4dff,a6177608,0.0
2025-02-13T11:00:00Z,147abc6a,8bab4dff,a6177608,0.0
2025-02-13T11:03:00Z,147abc6a,8bab4dff,a6177608,0.0
2025-02-13T11:06:00Z,147abc6a,8bab4dff,a6177608,0.0
2025-02-13T11:09:00Z,147abc6a,8bab4dff,a6177608,0.0
2025-02-13T11:12:00Z,147abc6a,8bab4dff,a6177608,0.0
2025-02-13T11:15:00Z,147abc6a,8bab4dff,a6177608,0.0
2025-02-13T11:18:00Z,147abc6a,8bab4dff,a6177608,0.0
2025-02-13T11:21:00Z,147abc6a,8bab4dff,a6177608,0.0
2025-02-13T11:24:00Z,147abc6a,8bab4dff,a6177608,0.0
2025-02-13T11:27:00Z,147abc6a,8bab4dff,a6177608,0.0
2025-02-13T11:30:00Z,147abc6a,8bab4dff,a6177608,0.0
2025-02-13T11:33:00Z,147abc6a,8bab4dff,a6177608,0.0
2025-02-13T11:36:00Z,147abc6a,8bab4dff,a6177608,0.0
2025-02-13T11:39:00Z,147abc6a,8bab4dff,a6177608,0.0
2025-02-13T11:42:00Z,147abc6a,8bab4dff,a6177608,0.0
2025-02-13T11:45:00Z,147abc6a,8bab4dff,a6177608,0.0
2025-02-13T11:48:00Z,147abc6a,8bab4dff,a6177608,0.0
2025-02-13T11:51:00Z,147abc6a,8bab4dff,a6177608,0.0
2025-02-13T11:54:00Z,147abc6a,8bab4dff,a6177608,0.0
2025-02-13T11:57:00Z,147abc6a,8bab4dff,a6177608,0.0
2025-02-13T12:00:00Z,147abc6a,8bab4dff,a6177608,0.0
2025-02-13T12:03:00Z,147abc6a,8bab4dff,a6177608,0.0
2025-02-13T12:06:00Z,147abc6a,8bab4dff,a6177608,0.0
2025-02-13T12:09:00Z,147abc6a,8bab4dff,a6177608,0.0
2025-02-13T12:12:00Z,147abc6a,8bab4dff,a6177608,0.0
2025-02-13T12:15:00Z,147abc6a,8bab4dff,a6177608,0.0
2025-02-13T12:18:00Z,147abc6a,8bab4dff,a6177608,0.0
2025-02-13T12:21:00Z,147abc6a,8bab4dff,a6177608,0.0
2025-02-13T12:24:00Z,147abc6a,8bab4dff,a6177608,0.0
2025-02-13T12:27:00Z,147abc6a,8bab4dff,a6177608,0.0
2025-02-13T12:30:00Z,147abc6a,8bab4dff,a6177608,0.0
2025-02-13T12:33:00Z,147abc6a,8bab4dff,a6177608,0.0
2025-02-13T12:36:00Z,147abc6a,8bab4dff,a6177608,0.0
2025-02-13T12:39:00Z,147abc6a,8bab4dff,a6177608,0.0
2025-02-13T12:42:00Z,147abc6a,8bab4dff,a6177608,0.0
2025-02-13T12:45:00Z,147abc6a,8bab4dff,a6177608,0.0
2025-02-13T12:48:00Z,147abc6a,8bab4dff,a6177608,0.0
2025-02-13T12:51:00Z,147abc6a,8bab4dff,a6177608,0.0
2025-02-13T12:54:00Z,147abc6a,8bab4dff,a6177608,0.0
2025-02-13T12:57:00Z,147abc6a,8bab4dff,a6177608,0.0
2025-02-13T13:00:00Z,147abc6a,8bab4dff,a6177608,0.0
2025-02-13T13:03:00Z,147abc6a,8bab4dff,a6177608,0.0
2025-02-13T13:06:00Z,147abc6a,8bab4dff,a6177608,0.0
2025-02-13T13:09:00Z,147abc6a,8bab4dff,a6177608,0.0
2025-02-13T13:12:00Z,147abc6a,8bab4dff,a6177608,0.0
2025-02-13T13:15:00Z,147abc6a,8bab4dff,a6177608,0.0
2025-02-13T13:18:00Z,147abc6a,8bab4dff,a6177608,0.0
2025-02-13T13:21:00Z,147abc6a,8bab4dff,a6177608,0.0
2025-02-13T13:24:00Z,147abc6a,8bab4dff,a6177608,0.0
2025-02-13T13:27:00Z,147abc6a,8bab4dff,a6177608,0.0
2025-02-13T13:30:00Z,147abc6a,8bab4dff,a6177608,0.0
2025-02-13T13:33:00Z,147abc6a,8bab4dff,a6177608,0.0
2025-02-13T13:36:00Z,147abc6a,8bab4dff,a6177608,0.0
2025-02-13T13:39:00Z,147abc6a,8bab4dff,a6177608,0.0
2025-02-13T13:42:00Z,147abc6a,8bab4dff,a6177608,0.0
2025-02-13T13:45:00Z,147abc6a,8bab4dff,a6177608,0.0
2025-02-13T13:48:00Z,147abc6a,8bab4dff,a6177608,0.0
2025-02-13T13:51:00Z,147abc6a,8bab4dff,a6177608,0.0
2025-02-13T13:54:00Z,147abc6a,8bab4dff,a6177608,0.0
2025-02-13T13:57:00Z,147abc6a,8bab4dff,a6177608,0.0
2025-02-13T14:00:00Z,147abc6a,8bab4dff,a6177608,0.0
2025-02-13T14:03:00Z,147abc6a,8bab4dff,a6177608,0.0
2025-02-13T14:06:00Z,147abc6a,8bab4dff,a6177608,0.0
2025-02-13T14:09:00Z,147abc6a,8bab4dff,a6177608,0.0
2025-02-13T14:12:00Z,147abc6a,8bab4dff,a6177608,0.0
2025-02-13T14:15:00Z,147abc6a,8bab4dff,a6177608,0.0
2025-02-13T14:18:00Z,147abc6a,8bab4dff,a6177608,0.0
2025-02-13T14:21:00Z,147abc6a,8bab4dff,a6177608,0.0
2025-02-13T14:24:00Z,147abc6a,8bab4dff,a6177608,0.0
2025-02-13T14:27:00Z,147abc6a,8bab4dff,a6177608,0.0
2025-02-13T14:30:00Z,147abc6a,8bab4dff,a6177608,0.0
2025-02-13T14:33:00Z,147abc6a,8bab4dff,a6177608,0.0
2025-02-13T14:36:00Z,147abc6a,8bab4dff,a6177608,0.0
2025-02-13T14:39:00Z,147abc6a,8bab4dff,a6177608,0.0
2025-02-13T14:42:00Z,147abc6a,8bab4dff,a6177608,0.0
2025-02-13T14:45:00Z,147abc6a,8bab4dff,a6177608,0.0
2025-02-13T14:48:00Z,147abc6a,8bab4dff,a6177608,0.0
2025-02-13T14:51:00Z,147abc6a,8bab4dff,a6177608,0.0
2025-02-13T14:54:00Z,147abc6a,8bab4dff,a6177608,0.0
2025-02-13T14:57:00Z,147abc6a,8bab4dff,a6177608,0.0
2025-02-13T15:00:00Z,147abc6a,8bab4dff,a6177608,0.0
2025-02-13T15:03:00Z,147abc6a,8bab4dff,a6177608,0.08
2025-02-13T15:06:00Z,147abc6a,8bab4dff,a6177608,0.0
2025-02-13T15:09:00Z,147abc6a,8bab4dff,a6177608,0.0
2025-02-13T15:12:00Z,147abc6a,8bab4dff,a6177608,0.0
2025-02-13T15:15:00Z,147abc6a,8bab4dff,a6177608,0.0
2025-02-13T15:18:00Z,147abc6a,8bab4dff,a6177608,0.0
2025-02-13T15:21:00Z,147abc6a,8bab4dff,a6177608,0.0
2025-02-13T15:24:00Z,147abc6a,8bab4dff,a6177608,0.0
2025-02-13T15:27:00Z,147abc6a,8bab4dff,a6177608,0.0
2025-02-13T15:30:00Z,147abc6a,8bab4dff,a6177608,0.0
2025-02-13T15:33:00Z,147abc6a,8bab4dff,a6177608,0.0
2025-02-13T15:36:00Z,147abc6a,8bab4dff,a6177608,0.0
2025-02-13T15:39:00Z,147abc6a,8bab4dff,a6177608,0.0
2025-02-13T15:42:00Z,147abc6a,8bab4dff,a6177608,0.0
2025-02-13T15:45:00Z,147abc6a,8bab4dff,a6177608,0.0
2025-02-13T15:48:00Z,147abc6a,8bab4dff,a6177608,0.0
2025-02-13T15:51:00Z,147abc6a,8bab4dff,a6177608,0.0
2025-02-13T15:54:00Z,147abc6a,8bab4dff,a6177608,0.0
2025-02-13T15:57:00Z,147abc6a,8bab4dff,a6177608,0.0
2025-02-13T16:00:00Z,147abc6a,8bab4dff,a6177608,0.0
2025-02-13T16:03:00Z,147abc6a,8bab4dff,a6177608,0.0
2025-02-13T16:06:00Z,147abc6a,8bab4dff,a6177608,0.0
2025-02-13T16:09:00Z,147abc6a,8bab4dff,a6177608,0.0
2025-02-13T16:12:00Z,147abc6a,8bab4dff,a6177608,0.0
2025-02-13T16:15:00Z,147abc6a,8bab4dff,a6177608,0.0
2025-02-13T16:18:00Z,147abc6a,8bab4dff,a6177608,0.0
2025-02-13T16:21:00Z,147abc6a,8bab4dff,a6177608,0.0
2025-02-13T16:24:00Z,147abc6a,8bab4dff,a6177608,0.0
2025-02-13T16:27:00Z,147abc6a,8bab4dff,a6177608,0.0
2025-02-13T16:30:00Z,147abc6a,8bab4dff,a6177608,0.0
2025-02-13T16:33:00Z,147abc6a,8bab4dff,a6177608,0.0
2025-02-13T16:36:00Z,147abc6a,8bab4dff,a6177608,0.0
2025-02-13T16:39:00Z,147abc6a,8bab4dff,a6177608,0.0
2025-02-13T16:42:00Z,147abc6a,8bab4dff,a6177608,0.0
2025-02-13T16:45:00Z,147abc6a,8bab4dff,a6177608,0.0
2025-02-13T16:48:00Z,147abc6a,8bab4dff,a6177608,0.0
2025-02-13T16:51:00Z,147abc6a,8bab4dff,a6177608,0.0
2025-02-13T16:54:00Z,147abc6a,8bab4dff,a6177608,0.0
2025-02-13T16:57:00Z,147abc6a,8bab4dff,a6177608,0.0
2025-02-13T17:00:00Z,147abc6a,8bab4dff,a6177608,0.0
2025-02-13T17:03:00Z,147abc6a,8bab4dff,a6177608,0.0
2025-02-13T17:06:00Z,147abc6a,8bab4dff,a6177608,0.0
2025-02-13T17:09:00Z,147abc6a,8bab4dff,a6177608,0.0
2025-02-13T17:12:00Z,147abc6a,8bab4dff,a6177608,0.0
2025-02-13T17:15:00Z,147abc6a,8bab4dff,a6177608,0.0
2025-02-13T17:18:00Z,147abc6a,8bab4dff,a6177608,0.0
2025-02-13T17:21:00Z,147abc6a,8bab4dff,a6177608,0.0
2025-02-13T17:24:00Z,147abc6a,8bab4dff,a6177608,0.0
2025-02-13T17:27:00Z,147abc6a,8bab4dff,a6177608,0.0
2025-02-13T17:30:00Z,147abc6a,8bab4dff,a6177608,0.0
2025-02-13T17:33:00Z,147abc6a,8bab4dff,a6177608,0.0
2025-02-13T17:36:00Z,147abc6a,8bab4dff,a6177608,0.0
2025-02-13T17:39:00Z,147abc6a,8bab4dff,a6177608,0.0
2025-02-13T17:42:00Z,147abc6a,8bab4dff,a6177608,0.0
2025-02-13T17:45:00Z,147abc6a,8bab4dff,a6177608,0.0
2025-02-13T17:48:00Z,147abc6a,8bab4dff,a6177608,0.0
2025-02-13T17:51:00Z,147abc6a,8bab4dff,a6177608,0.0
2025-02-13T17:54:00Z,147abc6a,8bab4dff,a6177608,0.0
2025-02-13T17:57:00Z,147abc6a,8bab4dff,a6177608,0.0
2025-02-13T18:00:00Z,147abc6a,8bab4dff,a6177608,0.0
2025-02-13T18:03:00Z,147abc6a,8bab4dff,a6177608,0.0
2025-02-13T18:06:00Z,147abc6a,8bab4dff,a6177608,0.01
2025-02-13T18:09:00Z,147abc6a,8bab4dff,a6177608,0.0
2025-02-13T18:12:00Z,147abc6a,8bab4dff,a6177608,0.0
2025-02-13T18:15:00Z,147abc6a,8bab4dff,a6177608,0.0
2025-02-13T18:18:00Z,147abc6a,8bab4dff,a6177608,0.0
2025-02-13T18:21:00Z,147abc6a,8bab4dff,a6177608,0.0
2025-02-13T18:24:00Z,147abc6a,8bab4dff,a6177608,0.0
2025-02-13T18:27:00Z,147abc6a,8bab4dff,a6177608,0.0
2025-02-13T18:30:00Z,147abc6a,8bab4dff,a6177608,0.0
2025-02-13T18:33:00Z,147abc6a,8bab4dff,a6177608,0.0
2025-02-13T18:36:00Z,147abc6a,8bab4dff,a6177608,0.0
2025-02-13T18:39:00Z,147abc6a,8bab4dff,a6177608,0.0
2025-02-13T18:42:00Z,147abc6a,8bab4dff,a6177608,0.0
2025-02-13T18:45:00Z,147abc6a,8bab4dff,a6177608,0.0
2025-02-13T18:48:00Z,147abc6a,8bab4dff,a6177608,0.0
2025-02-13T18:51:00Z,147abc6a,8bab4dff,a6177608,0.0
2025-02-13T18:54:00Z,147abc6a,8bab4dff,a6177608,0.0
2025-02-13T18:57:00Z,147abc6a,8bab4dff,a6177608,0.0
2025-02-13T19:00:00Z,147abc6a,8bab4dff,a6177608,0.0
2025-02-13T19:03:00Z,147abc6a,8bab4dff,a6177608,0.0
2025-02-13T19:06:00Z,147abc6a,8bab4dff,a6177608,0.0
2025-02-13T19:09:00Z,147abc6a,8bab4dff,a6177608,0.0
2025-02-13T19:12:00Z,147abc6a,8bab4dff,a6177608,0.0
2025-02-13T19:15:00Z,147abc6a,8bab4dff,a6177608,0.0
2025-02-13T19:18:00Z,147abc6a,8bab4dff,a6177608,0.0
2025-02-13T19:21:00Z,147abc6a,8bab4dff,a6177608,0.0
2025-02-13T19:24:00Z,147abc6a,8bab4dff,a6177608,0.0
2025-02-13T19:27:00Z,147abc6a,8bab4dff,a6177608,0.0
2025-02-13T19:30:00Z,147abc6a,8bab4dff,a6177608,0.0
2025-02-13T19:33:00Z,147abc6a,8bab4dff,a6177608,0.0
2025-02-13T19:36:00Z,147abc6a,8bab4dff,a6177608,0.0
2025-02-13T19:39:00Z,147abc6a,8bab4dff,a6177608,0.0
2025-02-13T19:42:00Z,147abc6a,8bab4dff,a6177608,0.0
2025-02-13T19:45:00Z,147abc6a,8bab4dff,a6177608,0.0
2025-02-13T19:48:00Z,147abc6a,8bab4dff,a6177608,0.0
2025-02-13T19:51:00Z,147abc6a,8bab4dff,a6177608,0.0
2025-02-13T19:54:00Z,147abc6a,8bab4dff,a6177608,0.0
2025-02-13T19:57:00Z,147abc6a,8bab4dff,a6177608,0.0
2025-02-13T20:00:00Z,147abc6a,8bab4dff,a6177608,0.0
2025-02-13T20:03:00Z,147abc6a,8bab4dff,a6177608,0.0
2025-02-13T20:06:00Z,147abc6a,8bab4dff,a6177608,0.0
2025-02-13T20:09:00Z,147abc6a,8bab4dff,a6177608,0.0
2025-02-13T20:12:00Z,147abc6a,8bab4dff,a6177608,0.0
2025-02-13T20:15:00Z,147abc6a,8bab4dff,a6177608,0.0
2025-02-13T20:18:00Z,147abc6a,8bab4dff,a6177608,0.0
2025-02-13T20:21:00Z,147abc6a,8bab4dff,a6177608,0.0
2025-02-13T20:24:00Z,147abc6a,8bab4dff,a6177608,0.0
2025-02-13T20:27:00Z,147abc6a,8bab4dff,a6177608,0.0
2025-02-13T20:30:00Z,147abc6a,8bab4dff,a6177608,0.0
2025-02-13T20:33:00Z,147abc6a,8bab4dff,a6177608,0.0
2025-02-13T20:36:00Z,147abc6a,8bab4dff,a6177608,0.0
2025-02-13T20:39:00Z,147abc6a,8bab4dff,a6177608,0.0
2025-02-13T20:42:00Z,147abc6a,8bab4dff,a6177608,0.0
2025-02-13T20:45:00Z,147abc6a,8bab4dff,a6177608,0.0
2025-02-13T20:48:00Z,147abc6a,8bab4dff,a6177608,0.0
2025-02-13T20:51:00Z,147abc6a,8bab4dff,a6177608,0.0
2025-02-13T20:54:00Z,147abc6a,8bab4dff,a6177608,0.0
2025-02-13T20:57:00Z,147abc6a,8bab4dff,a6177608,0.0
2025-02-13T21:00:00Z,147abc6a,8bab4dff,a6177608,0.0
2025-02-13T21:03:00Z,147abc6a,8bab4dff,a6177608,0.0
2025-02-13T21:06:00Z,147abc6a,8bab4dff,a6177608,0.0
2025-02-13T21:09:00Z,147abc6a,8bab4dff,a6177608,0.0
2025-02-13T21:12:00Z,147abc6a,8bab4dff,a6177608,0.0
2025-02-13T21:15:00Z,147abc6a,8bab4dff,a6177608,0.0
2025-02-13T21:18:00Z,147abc6a,8bab4dff,a6177608,0.0
2025-02-13T21:21:00Z,147abc6a,8bab4dff,a6177608,0.0
2025-02-13T21:24:00Z,147abc6a,8bab4dff,a6177608,0.0
2025-02-13T21:27:00Z,147abc6a,8bab4dff,a6177608,0.0
2025-02-13T21:30:00Z,147abc6a,8bab4dff,a6177608,0.0
2025-02-13T21:33:00Z,147abc6a,8bab4dff,a6177608,0.0
2025-02-13T21:36:00Z,147abc6a,8bab4dff,a6177608,0.0
2025-02-13T21:39:00Z,147abc6a,8bab4dff,a6177608,0.0
2025-02-13T21:42:00Z,147abc6a,8bab4dff,a6177608,0.0
2025-02-13T21:45:00Z,147abc6a,8bab4dff,a6177608,0.0
2025-02-13T21:48:00Z,147abc6a,8bab4dff,a6177608,0.0
2025-02-13T21:51:00Z,147abc6a,8bab4dff,a6177608,0.0
2025-02-13T21:54:00Z,147abc6a,8bab4dff,a6177608,0.0
2025-02-13T21:57:00Z,147abc6a,8bab4dff,a6177608,0.0
2025-02-13T22:00:00Z,147abc6a,8bab4dff,a6177608,0.0
2025-02-13T22:03:00Z,147abc6a,8bab4dff,a6177608,0.0
2025-02-13T22:06:00Z,147abc6a,8bab4dff,a6177608,0.0
2025-02-13T22:09:00Z,147abc6a,8bab4dff,a6177608,0.0
2025-02-13T22:12:00Z,147abc6a,8bab4dff,a6177608,0.0
2025-02-13T22:15:00Z,147abc6a,8bab4dff,a6177608,0.0
2025-02-13T22:18:00Z,147abc6a,8bab4dff,a6177608,0.0
2025-02-13T22:21:00Z,147abc6a,8bab4dff,a6177608,0.0
2025-02-13T22:24:00Z,147abc6a,8bab4dff,a6177608,0.0
2025-02-13T22:27:00Z,147abc6a,8bab4dff,a6177608,0.0
2025-02-13T22:30:00Z,147abc6a,8bab4dff,a6177608,0.0
2025-02-13T22:33:00Z,147abc6a,8bab4dff,a6177608,0.0
2025-02-13T22:36:00Z,147abc6a,8bab4dff,a6177608,0.0
2025-02-13T22:39:00Z,147abc6a,8bab4dff,a6177608,0.0
2025-02-13T22:42:00Z,147abc6a,8bab4dff,a6177608,0.0
2025-02-13T22:45:00Z,147abc6a,8bab4dff,a6177608,0.0
2025-02-13T22:48:00Z,147abc6a,8bab4dff,a6177608,0.0
2025-02-13T22:51:00Z,147abc6a,8bab4dff,a6177608,0.03
2025-02-13T22:54:00Z,147abc6a,8bab4dff,a6177608,0.0
2025-02-13T22:57:00Z,147abc6a,8bab4dff,a6177608,0.0
2025-02-13T23:00:00Z,147abc6a,8bab4dff,a6177608,0.0
2025-02-13T23:03:00Z,147abc6a,8bab4dff,a6177608,0.0
2025-02-13T23:06:00Z,147abc6a,8bab4dff,a6177608,0.0
2025-02-13T23:09:00Z,147abc6a,8bab4dff,a6177608,0.0
2025-02-13T23:12:00Z,147abc6a,8bab4dff,a6177608,0.0
2025-02-13T23:15:00Z,147abc6a,8bab4dff,a6177608,0.0
2025-02-13T23:18:00Z,147abc6a,8bab4dff,a6177608,0.0
2025-02-13T23:21:00Z,147abc6a,8bab4dff,a6177608,0.0
2025-02-13T23:24:00Z,147abc6a,8bab4dff,a6177608,0.0
2025-02-13T23:27:00Z,147abc6a,8bab4dff,a6177608,0.0
2025-02-13T23:30:00Z,147abc6a,8bab4dff,a6177608,0.0
2025-02-13T23:33:00Z,147abc6a,8bab4dff,a6177608,0.0
2025-02-13T23:36:00Z,147abc6a,8bab4dff,a6177608,0.0
2025-02-13T23:39:00Z,147abc6a,8bab4dff,a6177608,0.0
2025-02-13T23:42:00Z,147abc6a,8bab4dff,a6177608,0.0
2025-02-13T23:45:00Z,147abc6a,8bab4dff,a6177608,0.0
2025-02-13T23:48:00Z,147abc6a,8bab4dff,a6177608,0.0
2025-02-13T23:51:00Z,147abc6a,8bab4dff,a6177608,0.0
2025-02-13T23:54:00Z,147abc6a,8bab4dff,a6177608,0.0
2025-02-13T23:57:00Z,147abc6a,8bab4dff,a6177608,0.0
2025-02-14T00:00:00Z,147abc6a,8bab4dff,a6177608,0.0
2025-02-14T00:03:00Z,147abc6a,8bab4dff,a6177608,0.0
2025-02-14T00:06:00Z,147abc6a,8bab4dff,a6177608,0.0
2025-02-14T00:09:00Z,147abc6a,8bab4dff,a6177608,0.0
2025-02-14T00:12:00Z,147abc6a,8bab4dff,a6177608,0.0
2025-02-14T00:15:00Z,147abc6a,8bab4dff,a6177608,0.0
2025-02-14T00:18:00Z,147abc6a,8bab4dff,a6177608,0.0
2025-02-14T00:21:00Z,147abc6a,8bab4dff,a6177608,0.0
2025-02-14T00:24:00Z,147abc6a,8bab4dff,a6177608,0.0
2025-02-14T00:27:00Z,147abc6a,8bab4dff,a6177608,0.0
2025-02-14T00:30:00Z,147abc6a,8bab4dff,a6177608,0.0
2025-02-14T00:33:00Z,147abc6a,8bab4dff,a6177608,0.0
2025-02-14T00:36:00Z,147abc6a,8bab4dff,a6177608,0.0
2025-02-14T00:39:00Z,147abc6a,8bab4dff,a6177608,0.0
2025-02-14T00:42:00Z,147abc6a,8bab4dff,a6177608,0.0
2025-02-14T00:45:00Z,147abc6a,8bab4dff,a6177608,0.0
2025-02-14T00:48:00Z,147abc6a,8bab4dff,a6177608,0.0
2025-02-14T00:51:00Z,147abc6a,8bab4dff,a6177608,0.0
2025-02-14T00:54:00Z,147abc6a,8bab4dff,a6177608,0.0
2025-02-14T00:57:00Z,147abc6a,8bab4dff,a6177608,0.0
2025-02-14T01:00:00Z,147abc6a,8bab4dff,a6177608,0.0
2025-02-14T01:03:00Z,147abc6a,8bab4dff,a6177608,0.0
2025-02-14T01:06:00Z,147abc6a,8bab4dff,a6177608,0.0
2025-02-14T01:09:00Z,147abc6a,8bab4dff,a6177608,0.0
2025-02-14T01:12:00Z,147abc6a,8bab4dff,a6177608,0.0
2025-02-14T01:15:00Z,147abc6a,8bab4dff,a6177608,0.0
2025-02-14T01:18:00Z,147abc6a,8bab4dff,a6177608,0.0
2025-02-14T01:21:00Z,147abc6a,8bab4dff,a6177608,0.0
2025-02-14T01:24:00Z,147abc6a,8bab4dff,a6177608,0.0
2025-02-14T01:27:00Z,147abc6a,8bab4dff,a6177608,0.16
2025-02-14T01:30:00Z,147abc6a,8bab4dff,a6177608,0.0
2025-02-14T01:33:00Z,147abc6a,8bab4dff,a6177608,0.0
2025-02-14T01:36:00Z,147abc6a,8bab4dff,a6177608,0.0
2025-02-14T01:39:00Z,147abc6a,8bab4dff,a6177608,0.0
2025-02-14T01:42:00Z,147abc6a,8bab4dff,a6177608,0.0
2025-02-14T01:45:00Z,147abc6a,8bab4dff,a6177608,0.0
2025-02-14T01:48:00Z,147abc6a,8bab4dff,a6177608,0.0
2025-02-14T01:51:00Z,147abc6a,8bab4dff,a6177608,0.0
2025-02-14T01:54:00Z,147abc6a,8bab4dff,a6177608,0.0
2025-02-14T01:57:00Z,147abc6a,8bab4dff,a6177608,0.0
2025-02-14T02:00:00Z,147abc6a,8bab4dff,a6177608,0.0
2025-02-14T02:03:00Z,147abc6a,8bab4dff,a6177608,0.0
2025-02-14T02:06:00Z,147abc6a,8bab4dff,a6177608,0.0
2025-02-14T02:09:00Z,147abc6a,8bab4dff,a6177608,0.0
2025-02-14T02:12:00Z,147abc6a,8bab4dff,a6177608,0.0
2025-02-14T02:15:00Z,147abc6a,8bab4dff,a6177608,0.0
2025-02-14T02:18:00Z,147abc6a,8bab4dff,a6177608,0.0
2025-02-14T02:21:00Z,147abc6a,8bab4dff,a6177608,0.0
2025-02-14T02:24:00Z,147abc6a,8bab4dff,a6177608,0.0
2025-02-14T02:27:00Z,147abc6a,8bab4dff,a6177608,0.0
2025-02-14T02:30:00Z,147abc6a,8bab4dff,a6177608,0.0
2025-02-14T02:33:00Z,147abc6a,8bab4dff,a6177608,0.0
2025-02-14T02:36:00Z,147abc6a,8bab4dff,a6177608,0.0
2025-02-14T02:39:00Z,147abc6a,8bab4dff,a6177608,0.0
2025-02-14T02:42:00Z,147abc6a,8bab4dff,a6177608,0.0
2025-02-14T02:45:00Z,147abc6a,8bab4dff,a6177608,0.0
2025-02-14T02:48:00Z,147abc6a,8bab4dff,a6177608,0.0
2025-02-14T02:51:00Z,147abc6a,8bab4dff,a6177608,0.0
2025-02-14T02:54:00Z,147abc6a,8bab4dff,a6177608,0.0
2025-02-14T02:57:00Z,147abc6a,8bab4dff,a6177608,0.0
2025-02-14T03:00:00Z,147abc6a,8bab4dff,a6177608,0.0
2025-02-14T03:03:00Z,147abc6a,8bab4dff,a6177608,0.0
2025-02-14T03:06:00Z,147abc6a,8bab4dff,a6177608,0.0
2025-02-14T03:09:00Z,147abc6a,8bab4dff,a6177608,0.0
2025-02-14T03:12:00Z,147abc6a,8bab4dff,a6177608,0.0
2025-02-14T03:15:00Z,147abc6a,8bab4dff,a6177608,0.0
2025-02-14T03:18:00Z,147abc6a,8bab4dff,a6177608,0.0
2025-02-14T03:21:00Z,147abc6a,8bab4dff,a6177608,0.0
2025-02-14T03:24:00Z,147abc6a,8bab4dff,a6177608,0.0
2025-02-14T03:27:00Z,147abc6a,8bab4dff,a6177608,0.0
2025-02-14T03:30:00Z,147abc6a,8bab4dff,a6177608,0.0
2025-02-14T03:33:00Z,147abc6a,8bab4dff,a6177608,0.0
2025-02-14T03:36:00Z,147abc6a,8bab4dff,a6177608,0.0
2025-02-14T03:39:00Z,147abc6a,8bab4dff,a6177608,0.0
2025-02-14T03:42:00Z,147abc6a,8bab4dff,a6177608,0.0
2025-02-14T03:45:00Z,147abc6a,8bab4dff,a6177608,0.0
2025-02-14T03:48:00Z,147abc6a,8bab4dff,a6177608,0.0
2025-02-14T03:51:00Z,147abc6a,8bab4dff,a6177608,0.0
2025-02-14T03:54:00Z,147abc6a,8bab4dff,a6177608,0.0
2025-02-14T03:57:00Z,147abc6a,8bab4dff,a6177608,0.0
2025-02-14T04:00:00Z,147abc6a,8bab4dff,a6177608,0.0
2025-02-14T04:03:00Z,147abc6a,8bab4dff,a6177608,0.0
2025-02-14T04:06:00Z,147abc6a,8bab4dff,a6177608,0.0
2025-02-14T04:09:00Z,147abc6a,8bab4dff,a6177608,0.0
2025-02-14T04:12:00Z,147abc6a,8bab4dff,a6177608,0.0
2025-02-14T04:15:00Z,147abc6a,8bab4dff,a6177608,0.0
2025-02-14T04:18:00Z,147abc6a,8bab4dff,a6177608,0.0
2025-02-14T04:21:00Z,147abc6a,8bab4dff,a6177608,0.0
2025-02-14T04:24:00Z,147abc6a,8bab4dff,a6177608,0.0
2025-02-14T04:27:00Z,147abc6a,8bab4dff,a6177608,0.0
2025-02-14T04:30:00Z,147abc6a,8bab4dff,a6177608,0.0
2025-02-14T04:33:00Z,147abc6a,8bab4dff,a6177608,0.0
2025-02-14T04:36:00Z,147abc6a,8bab4dff,a6177608,0.0
2025-02-14T04:39:00Z,147abc6a,8bab4dff,a6177608,0.0
2025-02-14T04:42:00Z,147abc6a,8bab4dff,a6177608,0.0
2025-02-14T04:45:00Z,147abc6a,8bab4dff,a6177608,0.0
2025-02-14T04:48:00Z,147abc6a,8bab4dff,a6177608,0.0
2025-02-14T04:51:00Z,147abc6a,8bab4dff,a6177608,0.0
2025-02-14T04:54:00Z,147abc6a,8bab4dff,a6177608,0.0
2025-02-14T04:57:00Z,147abc6a,8bab4dff,a6177608,0.0
2025-02-14T05:00:00Z,147abc6a,8bab4dff,a6177608,0.0
2025-02-14T05:03:00Z,147abc6a,8bab4dff,a6177608,0.0
2025-02-14T05:06:00Z,147abc6a,8bab4dff,a6177608,0.0
2025-02-14T05:09:00Z,147abc6a,8bab4dff,a6177608,0.0
2025-02-14T05:12:00Z,147abc6a,8bab4dff,a6177608,0.0
2025-02-14T05:15:00Z,147abc6a,8bab4dff,a6177608,0.0
2025-02-14T05:18:00Z,147abc6a,8bab4dff,a6177608,0.0
2025-02-14T05:21:00Z,147abc6a,8bab4dff,a6177608,0.0
2025-02-14T05:24:00Z,147abc6a,8bab4dff,a6177608,0.0
2025-02-14T05:27:00Z,147abc6a,8bab4dff,a6177608,0.0
2025-02-14T05:30:00Z,147abc6a,8bab4dff,a6177608,0.0
2025-02-14T05:33:00Z,147abc6a,8bab4dff,a6177608,0.0
2025-02-14T05:36:00Z,147abc6a,8bab4dff,a6177608,0.0
2025-02-14T05:39:00Z,147abc6a,8bab4dff,a6177608,0.0
2025-02-14T05:42:00Z,147abc6a,8bab4dff,a6177608,0.0
2025-02-14T05:45:00Z,147abc6a,8bab4dff,a6177608,0.0
2025-02-14T05:48:00Z,147abc6a,8bab4dff,a6177608,0.0
2025-02-14T05:51:00Z,147abc6a,8bab4dff,a6177608,0.0
2025-02-14T05:54:00Z,147abc6a,8bab4dff,a6177608,0.0
2025-02-14T05:57:00Z,147abc6a,8bab4dff,a6177608,0.0
2025-02-14T06:00:00Z,147abc6a,8bab4dff,a6177608,0.0
2025-02-14T06:03:00Z,147abc6a,8bab4dff,a6177608,0.0
2025-02-14T06:06:00Z,147abc6a,8bab4dff,a6177608,0.0
2025-02-14T06:09:00Z,147abc6a,8bab4dff,a6177608,0.0
2025-02-14T06:12:00Z,147abc6a,8bab4dff,a6177608,0.0
2025-02-14T06:15:00Z,147abc6a,8bab4dff,a6177608,0.0
2025-02-14T06:18:00Z,147abc6a,8bab4dff,a6177608,0.0
2025-02-14T06:21:00Z,147abc6a,8bab4dff,a6177608,0.05
2025-02-14T06:24:00Z,147abc6a,8bab4dff,a6177608,0.05
2025-02-14T06:27:00Z,147abc6a,8bab4dff,a6177608,0.0
2025-02-14T06:30:00Z,147abc6a,8bab4dff,a6177608,0.0
2025-02-14T06:33:00Z,147abc6a,8bab4dff,a6177608,0.0
2025-02-14T06:36:00Z,147abc6a,8bab4dff,a6177608,0.0
2025-02-14T06:39:00Z,147abc6a,8bab4dff,a6177608,0.0
2025-02-14T06:42:00Z,147abc6a,8bab4dff,a6177608,0.0
2025-02-14T06:45:00Z,147abc6a,8bab4dff,a6177608,0.0
2025-02-14T06:48:00Z,147abc6a,8bab4dff,a6177608,0.0
2025-02-14T06:51:00Z,147abc6a,8bab4dff,a6177608,0.0
2025-02-14T06:54:00Z,147abc6a,8bab4dff,a6177608,0.0
2025-02-14T06:57:00Z,147abc6a,8bab4dff,a6177608,0.0
2025-02-14T07:00:00Z,147abc6a,8bab4dff,a6177608,0.0
2025-02-14T07:03:00Z,147abc6a,8bab4dff,a6177608,0.0
2025-02-14T07:06:00Z,147abc6a,8bab4dff,a6177608,0.0
2025-02-14T07:09:00Z,147abc6a,8bab4dff,a6177608,0.0
2025-02-14T07:12:00Z,147abc6a,8bab4dff,a6177608,0.0
2025-02-14T07:15:00Z,147abc6a,8bab4dff,a6177608,0.0
2025-02-14T07:18:00Z,147abc6a,8bab4dff,a6177608,0.0
2025-02-14T07:21:00Z,147abc6a,8bab4dff,a6177608,0.0
2025-02-14T07:24:00Z,147abc6a,8bab4dff,a6177608,0.0
2025-02-14T07:27:00Z,147abc6a,8bab4dff,a6177608,0.0
2025-02-14T07:30:00Z,147abc6a,8bab4dff,a6177608,0.0
2025-02-14T07:33:00Z,147abc6a,8bab4dff,a6177608,0.0
2025-02-14T07:36:00Z,147abc6a,8bab4dff,a6177608,0.0
2025-02-14T07:39:00Z,147abc6a,8bab4dff,a6177608,0.0
2025-02-14T07:42:00Z,147abc6a,8bab4dff,a6177608,0.0
2025-02-14T07:45:00Z,147abc6a,8bab4dff,a6177608,0.0
2025-02-14T07:48:00Z,147abc6a,8bab4dff,a6177608,0.0
2025-02-14T07:51:00Z,147abc6a,8bab4dff,a6177608,0.0
2025-02-14T07:54:00Z,147abc6a,8bab4dff,a6177608,0.0
2025-02-14T07:57:00Z,147abc6a,8bab4dff,a6177608,0.0
2025-02-14T08:00:00Z,147abc6a,8bab4dff,a6177608,0.0
2025-02-14T08:03:00Z,147abc6a,8bab4dff,a6177608,0.0
2025-02-14T08:06:00Z,147abc6a,8bab4dff,a6177608,0.0
2025-02-14T08:09:00Z,147abc6a,8bab4dff,a6177608,0.0
2025-02-14T08:12:00Z,147abc6a,8bab4dff,a6177608,0.0
2025-02-14T08:15:00Z,147abc6a,8bab4dff,a6177608,0.0
2025-02-14T08:18:00Z,147abc6a,8bab4dff,a6177608,0.0
2025-02-14T08:21:00Z,147abc6a,8bab4dff,a6177608,0.0
2025-02-14T08:24:00Z,147abc6a,8bab4dff,a6177608,0.0
2025-02-14T08:27:00Z,147abc6a,8bab4dff,a6177608,0.0
2025-02-14T08:30:00Z,147abc6a,8bab4dff,a6177608,0.0
2025-02-14T08:33:00Z,147abc6a,8bab4dff,a6177608,0.0
2025-02-14T08:36:00Z,147abc6a,8bab4dff,a6177608,0.0
2025-02-14T08:39:00Z,147abc6a,8bab4dff,a6177608,0.0
2025-02-14T08:42:00Z,147abc6a,8bab4dff,a6177608,0.0
2025-02-14T08:45:00Z,147abc6a,8bab4dff,a6177608,0.0
2025-02-14T08:48:00Z,147abc6a,8bab4dff,a6177608,0.0
2025-02-14T08:51:00Z,147abc6a,8bab4dff,a6177608,0.0
2025-02-14T08:54:00Z,147abc6a,8bab4dff,a6177608,0.0
2025-02-14T08:57:00Z,147abc6a,8bab4dff,a6177608,0.0
2025-02-14T09:00:00Z,147abc6a,8bab4dff,a6177608,0.0
2025-02-14T09:03:00Z,147abc6a,8bab4dff,a6177608,0.0
2025-02-14T09:06:00Z,147abc6a,8bab4dff,a6177608,0.0
2025-02-14T09:09:00Z,147abc6a,8bab4dff,a6177608,0.0
2025-02-14T09:12:00Z,147abc6a,8bab4dff,a6177608,0.0
2025-02-14T09:15:00Z,147abc6a,8bab4dff,a6177608,0.0
2025-02-14T09:18:00Z,147abc6a,8bab4dff,a6177608,0.0
2025-02-14T09:21:00Z,147abc6a,8bab4dff,a6177608,0.0
2025-02-14T09:24:00Z,147abc6a,8bab4dff,a6177608,0.0
2025-02-14T09:27:00Z,147abc6a,8bab4dff,a6177608,0.0
2025-02-14T09:30:00Z,147abc6a,8bab4dff,a6177608,0.0
2025-02-14T09:33:00Z,147abc6a,8bab4dff,a6177608,0.0
2025-02-14T09:36:00Z,147abc6a,8bab4dff,a6177608,0.0
2025-02-14T09:39:00Z,147abc6a,8bab4dff,a6177608,0.0
2025-02-14T09:42:00Z,147abc6a,8bab4dff,a6177608,0.0
2025-02-14T09:45:00Z,147abc6a,8bab4dff,a6177608,0.0
2025-02-14T09:48:00Z,147abc6a,8bab4dff,a6177608,0.0
2025-02-14T09:51:00Z,147abc6a,8bab4dff,a6177608,0.0
2025-02-14T09:54:00Z,147abc6a,8bab4dff,a6177608,0.0
2025-02-14T09:57:00Z,147abc6a,8bab4dff,a6177608,0.0
2025-02-14T10:00:00Z,147abc6a,8bab4dff,a6177608,0.0
2025-02-14T10:03:00Z,147abc6a,8bab4dff,a6177608,0.0
2025-02-14T10:06:00Z,147abc6a,8bab4dff,a6177608,0.0
2025-02-14T10:09:00Z,147abc6a,8bab4dff,a6177608,0.0
2025-02-14T10:12:00Z,147abc6a,8bab4dff,a6177608,0.0
2025-02-14T10:15:00Z,147abc6a,8bab4dff,a6177608,0.0
2025-02-14T10:18:00Z,147abc6a,8bab4dff,a6177608,0.0
2025-02-14T10:21:00Z,147abc6a,8bab4dff,a6177608,0.0
2025-02-14T10:24:00Z,147abc6a,8bab4dff,a6177608,0.0
2025-02-14T10:27:00Z,147abc6a,8bab4dff,a6177608,0.01
2025-02-14T10:30:00Z,147abc6a,8bab4dff,a6177608,0.0
2025-02-14T10:33:00Z,147abc6a,8bab4dff,a6177608,0.0
2025-02-14T10:36:00Z,147abc6a,8bab4dff,a6177608,0.0
2025-02-14T10:39:00Z,147abc6a,8bab4dff,a6177608,0.0
2025-02-14T10:42:00Z,147abc6a,8bab4dff,a6177608,0.0
2025-02-14T10:45:00Z,147abc6a,8bab4dff,a6177608,0.0
2025-02-14T10:48:00Z,147abc6a,8bab4dff,a6177608,0.0
2025-02-14T10:51:00Z,147abc6a,8bab4dff,a6177608,0.0
2025-02-14T10:54:00Z,147abc6a,8bab4dff,a6177608,0.0
2025-02-14T10:57:00Z,147abc6a,8bab4dff,a6177608,0.0
2025-02-14T11:00:00Z,147abc6a,8bab4dff,a6177608,0.0
2025-02-14T11:03:00Z,147abc6a,8bab4dff,a6177608,0.0
2025-02-14T11:06:00Z,147abc6a,8bab4dff,a6177608,0.0
2025-02-14T11:09:00Z,147abc6a,8bab4dff,a6177608,0.0
2025-02-14T11:12:00Z,147abc6a,8bab4dff,a6177608,0.0
2025-02-14T11:15:00Z,147abc6a,8bab4dff,a6177608,0.0
2025-02-14T11:18:00Z,147abc6a,8bab4dff,a6177608,0.0
2025-02-14T11:21:00Z,147abc6a,8bab4dff,a6177608,0.0
2025-02-14T11:24:00Z,147abc6a,8bab4dff,a6177608,0.0
2025-02-14T11:27:00Z,147abc6a,8bab4dff,a6177608,0.0
2025-02-14T11:30:00Z,147abc6a,8bab4dff,a6177608,0.0
2025-02-14T11:33:00Z,147abc6a,8bab4dff,a6177608,0.0
2025-02-14T11:36:00Z,147abc6a,8bab4dff,a6177608,0.0
2025-02-14T11:39:00Z,147abc6a,8bab4dff,a6177608,0.0
2025-02-14T11:42:00Z,147abc6a,8bab4dff,a6177608,0.0
2025-02-14T11:45:00Z,147abc6a,8bab4dff,a6177608,0.0
2025-02-14T11:48:00Z,147abc6a,8bab4dff,a6177608,0.0
2025-02-14T11:51:00Z,147abc6a,8bab4dff,a6177608,0.0
2025-02-14T11:54:00Z,147abc6a,8bab4dff,a6177608,0.0
2025-02-14T11:57:00Z,147abc6a,8bab4dff,a6177608,0.0
2025-02-14T12:00:00Z,147abc6a,8bab4dff,a6177608,0.0
2025-02-14T12:03:00Z,147abc6a,8bab4dff,a6177608,0.0
2025-02-14T12:06:00Z,147abc6a,8bab4dff,a6177608,0.0
2025-02-14T12:09:00Z,147abc6a,8bab4dff,a6177608,0.0
2025-02-14T12:12:00Z,147abc6a,8bab4dff,a6177608,0.0
2025-02-14T12:15:00Z,147abc6a,8bab4dff,a6177608,0.0
2025-02-14T12:18:00Z,147abc6a,8bab4dff,a6177608,0.0
2025-02-14T12:21:00Z,147abc6a,8bab4dff,a6177608,0.0
2025-02-14T12:24:00Z,147abc6a,8bab4dff,a6177608,0.0
2025-02-14T12:27:00Z,147abc6a,8bab4dff,a6177608,0.0
2025-02-14T12:30:00Z,147abc6a,8bab4dff,a6177608,0.0
2025-02-14T12:33:00Z,147abc6a,8bab4dff,a6177608,0.0
2025-02-14T12:36:00Z,147abc6a,8bab4dff,a6177608,0.0
2025-02-14T12:39:00Z,147abc6a,8bab4dff,a6177608,0.0
2025-02-14T12:42:00Z,147abc6a,8bab4dff,a6177608,0.0
2025-02-14T12:45:00Z,147abc6a,8bab4dff,a6177608,0.0
2025-02-14T12:48:00Z,147abc6a,8bab4dff,a6177608,0.0
2025-02-14T12:51:00Z,147abc6a,8bab4dff,a6177608,0.0
2025-02-14T12:54:00Z,147abc6a,8bab4dff,a6177608,0.0
2025-02-14T12:57:00Z,147abc6a,8bab4dff,a6177608,0.0
2025-02-14T13:00:00Z,147abc6a,8bab4dff,a6177608,0.0
2025-02-14T13:03:00Z,147abc6a,8bab4dff,a6177608,0.0
2025-02-14T13:06:00Z,147abc6a,8bab4dff,a6177608,0.0
2025-02-14T13:09:00Z,147abc6a,8bab4dff,a6177608,0.0
2025-02-14T13:12:00Z,147abc6a,8bab4dff,a6177608,0.0
2025-02-14T13:15:00Z,147abc6a,8bab4dff,a6177608,0.0
2025-02-14T13:18:00Z,147abc6a,8bab4dff,a6177608,0.0
2025-02-14T13:21:00Z,147abc6a,8bab4dff,a6177608,0.0
2025-02-14T13:24:00Z,147abc6a,8bab4dff,a6177608,0.0
2025-02-14T13:27:00Z,147abc6a,8bab4dff,a6177608,0.0
2025-02-14T13:30:00Z,147abc6a,8bab4dff,a6177608,0.0
2025-02-14T13:33:00Z,147abc6a,8bab4dff,a6177608,0.0
2025-02-14T13:36:00Z,147abc6a,8bab4dff,a6177608,0.0
2025-02-14T13:39:00Z,147abc6a,8bab4dff,a6177608,0.0
2025-02-14T13:42:00Z,147abc6a,8bab4dff,a6177608,0.0
2025-02-14T13:45:00Z,147abc6a,8bab4dff,a6177608,0.0
2025-02-14T13:48:00Z,147abc6a,8bab4dff,a6177608,0.0
2025-02-14T13:51:00Z,147abc6a,8bab4dff,a6177608,0.0
2025-02-14T13:54:00Z,147abc6a,8bab4dff,a6177608,0.0
2025-02-14T13:57:00Z,147abc6a,8bab4dff,a6177608,0.0
2025-02-14T14:00:00Z,147abc6a,8bab4dff,a6177608,0.0
2025-02-14T14:03:00Z,147abc6a,8bab4dff,a6177608,0.0
2025-02-14T14:06:00Z,147abc6a,8bab4dff,a6177608,0.0
2025-02-14T14:09:00Z,147abc6a,8bab4dff,a6177608,0.0
2025-02-14T14:12:00Z,147abc6a,8bab4dff,a6177608,0.0
2025-02-14T14:15:00Z,147abc6a,8bab4dff,a6177608,0.0
2025-02-14T14:18:00Z,147abc6a,8bab4dff,a6177608,0.0
2025-02-14T14:21:00Z,147abc6a,8bab4dff,a6177608,0.0
2025-02-14T14:24:00Z,147abc6a,8bab4dff,a6177608,0.0
2025-02-14T14:27:00Z,147abc6a,8bab4dff,a6177608,0.0
2025-02-14T14:30:00Z,147abc6a,8bab4dff,a6177608,0.0
2025-02-14T14:33:00Z,147abc6a,8bab4dff,a6177608,0.0
2025-02-14T14:36:00Z,147abc6a,8bab4dff,a6177608,0.0
2025-02-14T14:39:00Z,147abc6a,8bab4dff,a6177608,0.0
2025-02-14T14:42:00Z,147abc6a,8bab4dff,a6177608,0.0
2025-02-14T14:45:00Z,147abc6a,8bab4dff,a6177608,0.0
2025-02-14T14:48:00Z,147abc6a,8bab4dff,a6177608,0.0
2025-02-14T14:51:00Z,147abc6a,8bab4dff,a6177608,0.0
2025-02-14T14:54:00Z,147abc6a,8bab4dff,a6177608,0.0
2025-02-14T14:57:00Z,147abc6a,8bab4dff,a6177608,0.0
2025-02-14T15:00:00Z,147abc6a,8bab4dff,a6177608,0.0
2025-02-14T15:03:00Z,147abc6a,8bab4dff,a6177608,0.0
2025-02-14T15:06:00Z,147abc6a,8bab4dff,a6177608,0.0
2025-02-14T15:09:00Z,147abc6a,8bab4dff,a6177608,0.0
2025-02-14T15:12:00Z,147abc6a,8bab4dff,a6177608,0.0
2025-02-14T15:15:00Z,147abc6a,8bab4dff,a6177608,0.0
2025-02-14T15:18:00Z,147abc6a,8bab4dff,a6177608,0.0
2025-02-14T15:21:00Z,147abc6a,8bab4dff,a6177608,0.0
2025-02-14T15:24:00Z,147abc6a,8bab4dff,a6177608,0.0
2025-02-14T15:27:00Z,147abc6a,8bab4dff,a6177608,0.0
2025-02-14T15:30:00Z,147abc6a,8bab4dff,a6177608,0.0
2025-02-14T15:33:00Z,147abc6a,8bab4dff,a6177608,0.0
2025-02-14T15:36:00Z,147abc6a,8bab4dff,a6177608,0.0
2025-02-14T15:39:00Z,147abc6a,8bab4dff,a6177608,0.0
2025-02-14T15:42:00Z,147abc6a,8bab4dff,a6177608,0.0
2025-02-14T15:45:00Z,147abc6a,8bab4dff,a6177608,0.0
2025-02-14T15:48:00Z,147abc6a,8bab4dff,a6177608,0.0
2025-02-14T15:51:00Z,147abc6a,8bab4dff,a6177608,0.0
2025-02-14T15:54:00Z,147abc6a,8bab4dff,a6177608,0.0
2025-02-14T15:57:00Z,147abc6a,8bab4dff,a6177608,0.0
2025-02-14T16:00:00Z,147abc6a,8bab4dff,a6177608,0.0
2025-02-14T16:03:00Z,147abc6a,8bab4dff,a6177608,0.0
2025-02-14T16:06:00Z,147abc6a,8bab4dff,a6177608,0.0
2025-02-14T16:09:00Z,147abc6a,8bab4dff,a6177608,0.0
2025-02-14T16:12:00Z,147abc6a,8bab4dff,a6177608,0.0
2025-02-14T16:15:00Z,147abc6a,8bab4dff,a6177608,0.0
2025-02-14T16:18:00Z,147abc6a,8bab4dff,a6177608,0.0
2025-02-14T16:21:00Z,147abc6a,8bab4dff,a6177608,0.0
2025-02-14T16:24:00Z,147abc6a,8bab4dff,a6177608,0.0
2025-02-14T16:27:00Z,147abc6a,8bab4dff,a6177608,0.0
2025-02-14T16:30:00Z,147abc6a,8bab4dff,a6177608,0.0
2025-02-14T16:33:00Z,147abc6a,8bab4dff,a6177608,0.0
2025-02-14T16:36:00Z,147abc6a,8bab4dff,a6177608,0.0
2025-02-14T16:39:00Z,147abc6a,8bab4dff,a6177608,0.0
2025-02-14T16:42:00Z,147abc6a,8bab4dff,a6177608,0.0
2025-02-14T16:45:00Z,147abc6a,8bab4dff,a6177608,0.0
2025-02-14T16:48:00Z,147abc6a,8bab4dff,a6177608,0.0
2025-02-14T16:51:00Z,147abc6a,8bab4dff,a6177608,0.0
2025-02-14T16:54:00Z,147abc6a,8bab4dff,a6177608,0.0
2025-02-14T16:57:00Z,147abc6a,8bab4dff,a6177608,0.0
2025-02-14T17:00:00Z,147abc6a,8bab4dff,a6177608,0.0
2025-02-14T17:03:00Z,147abc6a,8bab4dff,a6177608,0.0
2025-02-14T17:06:00Z,147abc6a,8bab4dff,a6177608,0.0
2025-02-14T17:09:00Z,147abc6a,8bab4dff,a6177608,0.0
2025-02-14T17:12:00Z,147abc6a,8bab4dff,a6177608,0.0
2025-02-14T17:15:00Z,147abc6a,8bab4dff,a6177608,0.01
2025-02-14T17:18:00Z,147abc6a,8bab4dff,a6177608,0.0
2025-02-14T17:21:00Z,147abc6a,8bab4dff,a6177608,0.0
2025-02-14T17:24:00Z,147abc6a,8bab4dff,a6177608,0.0
2025-02-14T17:27:00Z,147abc6a,8bab4dff,a6177608,0.0
2025-02-14T17:30:00Z,147abc6a,8bab4dff,a6177608,0.0
2025-02-14T17:33:00Z,147abc6a,8bab4dff,a6177608,0.0
2025-02-14T17:36:00Z,147abc6a,8bab4dff,a6177608,0.0
2025-02-14T17:39:00Z,147abc6a,8bab4dff,a6177608,0.0
2025-02-14T17:42:00Z,147abc6a,8bab4dff,a6177608,0.0
2025-02-14T17:45:00Z,147abc6a,8bab4dff,a6177608,0.0
2025-02-14T17:48:00Z,147abc6a,8bab4dff,a6177608,0.0
2025-02-14T17:51:00Z,147abc6a,8bab4dff,a6177608,0.0
2025-02-14T17:54:00Z,147abc6a,8bab4dff,a6177608,0.0
2025-02-14T17:57:00Z,147abc6a,8bab4dff,a6177608,0.0
2025-02-14T18:00:00Z,147abc6a,8bab4dff,a6177608,0.0
2025-02-14T18:03:00Z,147abc6a,8bab4dff,a6177608,0.0
2025-02-14T18:06:00Z,147abc6a,8bab4dff,a6177608,0.0
2025-02-14T18:09:00Z,147abc6a,8bab4dff,a6177608,0.0
2025-02-14T18:12:00Z,147abc6a,8bab4dff,a6177608,0.0
2025-02-14T18:15:00Z,147abc6a,8bab4dff,a6177608,0.0
2025-02-14T18:18:00Z,147abc6a,8bab4dff,a6177608,0.0
2025-02-14T18:21:00Z,147abc6a,8bab4dff,a6177608,0.0
2025-02-14T18:24:00Z,147abc6a,8bab4dff,a6177608,0.0
2025-02-14T18:27:00Z,147abc6a,8bab4dff,a6177608,0.0
2025-02-14T18:30:00Z,147abc6a,8bab4dff,a6177608,0.0
2025-02-14T18:33:00Z,147abc6a,8bab4dff,a6177608,0.0
2025-02-14T18:36:00Z,147abc6a,8bab4dff,a6177608,0.0
2025-02-14T18:39:00Z,147abc6a,8bab4dff,a6177608,0.0
2025-02-14T18:42:00Z,147abc6a,8bab4dff,a6177608,0.0
2025-02-14T18:45:00Z,147abc6a,8bab4dff,a6177608,0.0
2025-02-14T18:48:00Z,147abc6a,8bab4dff,a6177608,0.0
2025-02-14T18:51:00Z,147abc6a,8bab4dff,a6177608,0.0
2025-02-14T18:54:00Z,147abc6a,8bab4dff,a6177608,0.0
2025-02-14T18:57:00Z,147abc6a,8bab4dff,a6177608,0.0
2025-02-14T19:00:00Z,147abc6a,8bab4dff,a6177608,0.0
2025-02-14T19:03:00Z,147abc6a,8bab4dff,a6177608,0.0
2025-02-14T19:06:00Z,147abc6a,8bab4dff,a6177608,0.0
2025-02-14T19:09:00Z,147abc6a,8bab4dff,a6177608,0.0
2025-02-14T19:12:00Z,147abc6a,8bab4dff,a6177608,0.0
2025-02-14T19:15:00Z,147abc6a,8bab4dff,a6177608,0.0
2025-02-14T19:18:00Z,147abc6a,8bab4dff,a6177608,0.0
2025-02-14T19:21:00Z,147abc6a,8bab4dff,a6177608,0.0
2025-02-14T19:24:00Z,147abc6a,8bab4dff,a6177608,0.0
2025-02-14T19:27:00Z,147abc6a,8bab4dff,a6177608,0.0
2025-02-14T19:30:00Z,147abc6a,8bab4dff,a6177608,0.0
2025-02-14T19:33:00Z,147abc6a,8bab4dff,a6177608,0.0
2025-02-14T19:36:00Z,147abc6a,8bab4dff,a6177608,0.0
2025-02-14T19:39:00Z,147abc6a,8bab4dff,a6177608,0.0
2025-02-14T19:42:00Z,147abc6a,8bab4dff,a6177608,0.0
2025-02-14T19:45:00Z,147abc6a,8bab4dff,a6177608,0.0
2025-02-14T19:48:00Z,147abc6a,8bab4dff,a6177608,0.0
2025-02-14T19:51:00Z,147abc6a,8bab4dff,a6177608,0.0
2025-02-14T19:54:00Z,147abc6a,8bab4dff,a6177608,0.0
2025-02-14T19:57:00Z,147abc6a,8bab4dff,a6177608,0.0
2025-02-14T20:00:00Z,147abc6a,8bab4dff,a6177608,0.0
2025-02-14T20:03:00Z,147abc6a,8bab4dff,a6177608,0.0
2025-02-14T20:06:00Z,147abc6a,8bab4dff,a6177608,0.0
2025-02-14T20:09:00Z,147abc6a,8bab4dff,a6177608,0.0
2025-02-14T20:12:00Z,147abc6a,8bab4dff,a6177608,0.0
2025-02-14T20:15:00Z,147abc6a,8bab4dff,a6177608,0.0
2025-02-14T20:18:00Z,147abc6a,8bab4dff,a6177608,0.0
2025-02-14T20:21:00Z,147abc6a,8bab4dff,a6177608,0.0
2025-02-14T20:24:00Z,147abc6a,8bab4dff,a6177608,0.0
2025-02-14T20:27:00Z,147abc6a,8bab4dff,a6177608,0.0
2025-02-14T20:30:00Z,147abc6a,8bab4dff,a6177608,0.0
2025-02-14T20:33:00Z,147abc6a,8bab4dff,a6177608,0.0
2025-02-14T20:36:00Z,147abc6a,8bab4dff,a6177608,0.0
2025-02-14T20:39:00Z,147abc6a,8bab4dff,a6177608,0.0
2025-02-14T20:42:00Z,147abc6a,8bab4dff,a6177608,0.0
2025-02-14T20:45:00Z,147abc6a,8bab4dff,a6177608,0.0
2025-02-14T20:48:00Z,147abc6a,8bab4dff,a6177608,0.0
2025-02-14T20:51:00Z,147abc6a,8bab4dff,a6177608,0.0
2025-02-14T20:54:00Z,147abc6a,8bab4dff,a6177608,0.0
2025-02-14T20:57:00Z,147abc6a,8bab4dff,a6177608,0.0
2025-02-14T21:00:00Z,147abc6a,8bab4dff,a6177608,0.0
2025-02-14T21:03:00Z,147abc6a,8bab4dff,a6177608,0.0
2025-02-14T21:06:00Z,147abc6a,8bab4dff,a6177608,0.0
2025-02-14T21:09:00Z,147abc6a,8bab4dff,a6177608,0.0
2025-02-14T21:12:00Z,147abc6a,8bab4dff,a6177608,0.0
2025-02-14T21:15:00Z,147abc6a,8bab4dff,a6177608,0.0
2025-02-14T21:18:00Z,147abc6a,8bab4dff,a6177608,0.0
2025-02-14T21:21:00Z,147abc6a,8bab4dff,a6177608,0.0
2025-02-14T21:24:00Z,147abc6a,8bab4dff,a6177608,0.0
2025-02-14T21:27:00Z,147abc6a,8bab4dff,a6177608,0.0
2025-02-14T21:30:00Z,147abc6a,8bab4dff,a6177608,0.0
2025-02-14T21:33:00Z,147abc6a,8bab4dff,a6177608,0.0
2025-02-14T21:36:00Z,147abc6a,8bab4dff,a6177608,0.0
2025-02-14T21:39:00Z,147abc6a,8bab4dff,a6177608,0.0
2025-02-14T21:42:00Z,147abc6a,8bab4dff,a6177608,0.0
2025-02-14T21:45:00Z,147abc6a,8bab4dff,a6177608,0.0
2025-02-14T21:48:00Z,147abc6a,8bab4dff,a6177608,0.0
2025-02-14T21:51:00Z,147abc6a,8bab4dff,a6177608,0.0
2025-02-14T21:54:00Z,147abc6a,8bab4dff,a6177608,0.0
2025-02-14T21:57:00Z,147abc6a,8bab4dff,a6177608,0.0
2025-02-14T22:00:00Z,147abc6a,8bab4dff,a6177608,0.0
2025-02-14T22:03:00Z,147abc6a,8bab4dff,a6177608,0.0
2025-02-14T22:06:00Z,147abc6a,8bab4dff,a6177608,0.0
2025-02-14T22:09:00Z,147abc6a,8bab4dff,a6177608,0.0
2025-02-14T22:12:00Z,147abc6a,8bab4dff,a6177608,0.0
2025-02-14T22:15:00Z,147abc6a,8bab4dff,a6177608,0.0
2025-02-14T22:18:00Z,147abc6a,8bab4dff,a6177608,0.0
2025-02-14T22:21:00Z,147abc6a,8bab4dff,a6177608,0.0
2025-02-14T22:24:00Z,147abc6a,8bab4dff,a6177608,0.0
2025-02-14T22:27:00Z,147abc6a,8bab4dff,a6177608,0.0
2025-02-14T22:30:00Z,147abc6a,8bab4dff,a6177608,0.0
2025-02-14T22:33:00Z,147abc6a,8bab4dff,a6177608,0.0
2025-02-14T22:36:00Z,147abc6a,8bab4dff,a6177608,0.0
2025-02-14T22:39:00Z,147abc6a,8bab4dff,a6177608,0.0
2025-02-14T22:42:00Z,147abc6a,8bab4dff,a6177608,0.0
2025-02-14T22:45:00Z,147abc6a,8bab4dff,a6177608,0.0
2025-02-14T22:48:00Z,147abc6a,8bab4dff,a6177608,0.0
2025-02-14T22:51:00Z,147abc6a,8bab4dff,a6177608,0.01
2025-02-14T22:54:00Z,147abc6a,8bab4dff,a6177608,0.0
2025-02-14T22:57:00Z,147abc6a,8bab4dff,a6177608,0.0
2025-02-14T23:00:00Z,147abc6a,8bab4dff,a6177608,0.0
2025-02-14T23:03:00Z,147abc6a,8bab4dff,a6177608,0.0
2025-02-14T23:06:00Z,147abc6a,8bab4dff,a6177608,0.0
2025-02-14T23:09:00Z,147abc6a,8bab4dff,a6177608,0.0
2025-02-14T23:12:00Z,147abc6a,8bab4dff,a6177608,0.0
2025-02-14T23:15:00Z,147abc6a,8bab4dff,a6177608,0.0
2025-02-14T23:18:00Z,147abc6a,8bab4dff,a6177608,0.0
2025-02-14T23:21:00Z,147abc6a,8bab4dff,a6177608,0.0
2025-02-14T23:24:00Z,147abc6a,8bab4dff,a6177608,0.0
2025-02-14T23:27:00Z,147abc6a,8bab4dff,a6177608,0.0
2025-02-14T23:30:00Z,147abc6a,8bab4dff,a6177608,0.0
2025-02-14T23:33:00Z,147abc6a,8bab4dff,a6177608,0.0
2025-02-14T23:36:00Z,147abc6a,8bab4dff,a6177608,0.0
2025-02-14T23:39:00Z,147abc6a,8bab4dff,a6177608,0.0
2025-02-14T23:42:00Z,147abc6a,8bab4dff,a6177608,0.0
2025-02-14T23:45:00Z,147abc6a,8bab4dff,a6177608,0.0
2025-02-14T23:48:00Z,147abc6a,8bab4dff,a6177608,0.0
2025-02-14T23:51:00Z,147abc6a,8bab4dff,a6177608,0.0
2025-02-14T23:54:00Z,147abc6a,8bab4dff,a6177608,0.01
2025-02-14T23:57:00Z,147abc6a,8bab4dff,a6177608,0.0
2025-02-15T00:00:00Z,147abc6a,8bab4dff,a6177608,0.0
2025-02-15T00:03:00Z,147abc6a,8bab4dff,a6177608,0.0
2025-02-15T00:06:00Z,147abc6a,8bab4dff,a6177608,0.0
2025-02-15T00:09:00Z,147abc6a,8bab4dff,a6177608,0.0
2025-02-15T00:12:00Z,147abc6a,8bab4dff,a6177608,0.0
2025-02-15T00:15:00Z,147abc6a,8bab4dff,a6177608,0.0
2025-02-15T00:18:00Z,147abc6a,8bab4dff,a6177608,0.0
2025-02-15T00:21:00Z,147abc6a,8bab4dff,a6177608,0.0
2025-02-15T00:24:00Z,147abc6a,8bab4dff,a6177608,0.0
2025-02-15T00:27:00Z,147abc6a,8bab4dff,a6177608,0.0
2025-02-15T00:30:00Z,147abc6a,8bab4dff,a6177608,0.0
2025-02-15T00:33:00Z,147abc6a,8bab4dff,a6177608,0.0
2025-02-15T00:36:00Z,147abc6a,8bab4dff,a6177608,0.0
2025-02-15T00:39:00Z,147abc6a,8bab4dff,a6177608,0.0
2025-02-15T00:42:00Z,147abc6a,8bab4dff,a6177608,0.0
2025-02-15T00:45:00Z,147abc6a,8bab4dff,a6177608,0.0
2025-02-15T00:48:00Z,147abc6a,8bab4dff,a6177608,0.0
2025-02-15T00:51:00Z,147abc6a,8bab4dff,a6177608,0.0
2025-02-15T00:54:00Z,147abc6a,8bab4dff,a6177608,0.0
2025-02-15T00:57:00Z,147abc6a,8bab4dff,a6177608,0.0
2025-02-15T01:00:00Z,147abc6a,8bab4dff,a6177608,0.0
2025-02-15T01:03:00Z,147abc6a,8bab4dff,a6177608,0.0
2025-02-15T01:06:00Z,147abc6a,8bab4dff,a6177608,0.0
2025-02-15T01:09:00Z,147abc6a,8bab4dff,a6177608,0.0
2025-02-15T01:12:00Z,147abc6a,8bab4dff,a6177608,0.0
2025-02-15T01:15:00Z,147abc6a,8bab4dff,a6177608,0.0
2025-02-15T01:18:00Z,147abc6a,8bab4dff,a6177608,0.0
2025-02-15T01:21:00Z,147abc6a,8bab4dff,a6177608,0.0
2025-02-15T01:24:00Z,147abc6a,8bab4dff,a6177608,0.0
2025-02-15T01:27:00Z,147abc6a,8bab4dff,a6177608,0.0
2025-02-15T01:30:00Z,147abc6a,8bab4dff,a6177608,0.0
2025-02-15T01:33:00Z,147abc6a,8bab4dff,a6177608,0.0
2025-02-15T01:36:00Z,147abc6a,8bab4dff,a6177608,0.0
2025-02-15T01:39:00Z,147abc6a,8bab4dff,a6177608,0.0
2025-02-15T01:42:00Z,147abc6a,8bab4dff,a6177608,0.0
2025-02-15T01:45:00Z,147abc6a,8bab4dff,a6177608,0.0
2025-02-15T01:48:00Z,147abc6a,8bab4dff,a6177608,0.0
2025-02-15T01:51:00Z,147abc6a,8bab4dff,a6177608,0.0
2025-02-15T01:54:00Z,147abc6a,8bab4dff,a6177608,0.0
2025-02-15T01:57:00Z,147abc6a,8bab4dff,a6177608,0.0
2025-02-15T02:00:00Z,147abc6a,8bab4dff,a6177608,0.0
2025-02-15T02:03:00Z,147abc6a,8bab4dff,a6177608,0.0
2025-02-15T02:06:00Z,147abc6a,8bab4dff,a6177608,0.0
2025-02-15T02:09:00Z,147abc6a,8bab4dff,a6177608,0.0
2025-02-15T02:12:00Z,147abc6a,8bab4dff,a6177608,0.0
2025-02-15T02:15:00Z,147abc6a,8bab4dff,a6177608,0.0
2025-02-15T02:18:00Z,147abc6a,8bab4dff,a6177608,0.0
2025-02-15T02:21:00Z,147abc6a,8bab4dff,a6177608,0.0
2025-02-15T02:24:00Z,147abc6a,8bab4dff,a6177608,0.0
2025-02-15T02:27:00Z,147abc6a,8bab4dff,a6177608,0.0
2025-02-15T02:30:00Z,147abc6a,8bab4dff,a6177608,0.0
2025-02-15T02:33:00Z,147abc6a,8bab4dff,a6177608,0.0
2025-02-15T02:36:00Z,147abc6a,8bab4dff,a6177608,0.0
2025-02-15T02:39:00Z,147abc6a,8bab4dff,a6177608,0.0
2025-02-15T02:42:00Z,147abc6a,8bab4dff,a6177608,0.0
2025-02-15T02:45:00Z,147abc6a,8bab4dff,a6177608,0.0
2025-02-15T02:48:00Z,147abc6a,8bab4dff,a6177608,0.0
2025-02-15T02:51:00Z,147abc6a,8bab4dff,a6177608,0.0
2025-02-15T02:54:00Z,147abc6a,8bab4dff,a6177608,0.0
2025-02-15T02:57:00Z,147abc6a,8bab4dff,a6177608,0.0
2025-02-15T03:00:00Z,147abc6a,8bab4dff,a6177608,0.0
2025-02-15T03:03:00Z,147abc6a,8bab4dff,a6177608,0.0
2025-02-15T03:06:00Z,147abc6a,8bab4dff,a6177608,0.0
2025-02-15T03:09:00Z,147abc6a,8bab4dff,a6177608,0.0
2025-02-15T03:12:00Z,147abc6a,8bab4dff,a6177608,0.0
2025-02-15T03:15:00Z,147abc6a,8bab4dff,a6177608,0.0
2025-02-15T03:18:00Z,147abc6a,8bab4dff,a6177608,0.0
2025-02-15T03:21:00Z,147abc6a,8bab4dff,a6177608,0.0
2025-02-15T03:24:00Z,147abc6a,8bab4dff,a6177608,0.0
2025-02-15T03:27:00Z,147abc6a,8bab4dff,a6177608,0.0
2025-02-15T03:30:00Z,147abc6a,8bab4dff,a6177608,0.0
2025-02-15T03:33:00Z,147abc6a,8bab4dff,a6177608,0.0
2025-02-15T03:36:00Z,147abc6a,8bab4dff,a6177608,0.0
2025-02-15T03:39:00Z,147abc6a,8bab4dff,a6177608,0.0
2025-02-15T03:42:00Z,147abc6a,8bab4dff,a6177608,0.0
2025-02-15T03:45:00Z,147abc6a,8bab4dff,a6177608,0.0
2025-02-15T03:48:00Z,147abc6a,8bab4dff,a6177608,0.0
2025-02-15T03:51:00Z,147abc6a,8bab4dff,a6177608,0.0
2025-02-15T03:54:00Z,147abc6a,8bab4dff,a6177608,0.0
2025-02-15T03:57:00Z,147abc6a,8bab4dff,a6177608,0.0
2025-02-15T04:00:00Z,147abc6a,8bab4dff,a6177608,0.0
2025-02-15T04:03:00Z,147abc6a,8bab4dff,a6177608,0.0
2025-02-15T04:06:00Z,147abc6a,8bab4dff,a6177608,0.0
2025-02-15T04:09:00Z,147abc6a,8bab4dff,a6177608,0.0
2025-02-15T04:12:00Z,147abc6a,8bab4dff,a6177608,0.0
2025-02-15T04:15:00Z,147abc6a,8bab4dff,a6177608,0.0
2025-02-15T04:18:00Z,147abc6a,8bab4dff,a6177608,0.0
2025-02-15T04:21:00Z,147abc6a,8bab4dff,a6177608,0.0
2025-02-15T04:24:00Z,147abc6a,8bab4dff,a6177608,0.0
2025-02-15T04:27:00Z,147abc6a,8bab4dff,a6177608,0.0
2025-02-15T04:30:00Z,147abc6a,8bab4dff,a6177608,0.0
2025-02-15T04:33:00Z,147abc6a,8bab4dff,a6177608,0.0
2025-02-15T04:36:00Z,147abc6a,8bab4dff,a6177608,0.0
2025-02-15T04:39:00Z,147abc6a,8bab4dff,a6177608,0.0
2025-02-15T04:42:00Z,147abc6a,8bab4dff,a6177608,0.0
2025-02-15T04:45:00Z,147abc6a,8bab4dff,a6177608,0.0
2025-02-15T04:48:00Z,147abc6a,8bab4dff,a6177608,0.0
2025-02-15T04:51:00Z,147abc6a,8bab4dff,a6177608,0.0
2025-02-15T04:54:00Z,147abc6a,8bab4dff,a6177608,0.0
2025-02-15T04:57:00Z,147abc6a,8bab4dff,a6177608,0.0
2025-02-15T05:00:00Z,147abc6a,8bab4dff,a6177608,0.0
2025-02-15T05:03:00Z,147abc6a,8bab4dff,a6177608,0.14
2025-02-15T05:06:00Z,147abc6a,8bab4dff,a6177608,0.0
2025-02-15T05:09:00Z,147abc6a,8bab4dff,a6177608,0.0
2025-02-15T05:12:00Z,147abc6a,8bab4dff,a6177608,0.0
2025-02-15T05:15:00Z,147abc6a,8bab4dff,a6177608,0.0
2025-02-15T05:18:00Z,147abc6a,8bab4dff,a6177608,0.0
2025-02-15T05:21:00Z,147abc6a,8bab4dff,a6177608,0.0
2025-02-15T05:24:00Z,147abc6a,8bab4dff,a6177608,0.0
2025-02-15T05:27:00Z,147abc6a,8bab4dff,a6177608,0.0
2025-02-15T05:30:00Z,147abc6a,8bab4dff,a6177608,0.0
2025-02-15T05:33:00Z,147abc6a,8bab4dff,a6177608,0.0
2025-02-15T05:36:00Z,147abc6a,8bab4dff,a6177608,0.0
2025-02-15T05:39:00Z,147abc6a,8bab4dff,a6177608,0.0
2025-02-15T05:42:00Z,147abc6a,8bab4dff,a6177608,0.0
2025-02-15T05:45:00Z,147abc6a,8bab4dff,a6177608,0.0
2025-02-15T05:48:00Z,147abc6a,8bab4dff,a6177608,0.0
2025-02-15T05:51:00Z,147abc6a,8bab4dff,a6177608,0.0
2025-02-15T05:54:00Z,147abc6a,8bab4dff,a6177608,0.0
2025-02-15T05:57:00Z,147abc6a,8bab4dff,a6177608,0.0
2025-02-15T06:00:00Z,147abc6a,8bab4dff,a6177608,0.0
2025-02-15T06:03:00Z,147abc6a,8bab4dff,a6177608,0.0
2025-02-15T06:06:00Z,147abc6a,8bab4dff,a6177608,0.0
2025-02-15T06:09:00Z,147abc6a,8bab4dff,a6177608,0.0
2025-02-15T06:12:00Z,147abc6a,8bab4dff,a6177608,0.0
2025-02-15T06:15:00Z,147abc6a,8bab4dff,a6177608,0.0
2025-02-15T06:18:00Z,147abc6a,8bab4dff,a6177608,0.0
2025-02-15T06:21:00Z,147abc6a,8bab4dff,a6177608,0.0
2025-02-15T06:24:00Z,147abc6a,8bab4dff,a6177608,0.0
2025-02-15T06:27:00Z,147abc6a,8bab4dff,a6177608,0.0
2025-02-15T06:30:00Z,147abc6a,8bab4dff,a6177608,0.0
2025-02-15T06:33:00Z,147abc6a,8bab4dff,a6177608,0.0
2025-02-15T06:36:00Z,147abc6a,8bab4dff,a6177608,0.0
2025-02-15T06:39:00Z,147abc6a,8bab4dff,a6177608,0.0
2025-02-15T06:42:00Z,147abc6a,8bab4dff,a6177608,0.0
2025-02-15T06:45:00Z,147abc6a,8bab4dff,a6177608,0.0
2025-02-15T06:48:00Z,147abc6a,8bab4dff,a6177608,0.0
2025-02-15T06:51:00Z,147abc6a,8bab4dff,a6177608,0.0
2025-02-15T06:54:00Z,147abc6a,8bab4dff,a6177608,0.0
2025-02-15T06:57:00Z,147abc6a,8bab4dff,a6177608,0.0
2025-02-15T07:00:00Z,147abc6a,8bab4dff,a6177608,0.0
2025-02-15T07:03:00Z,147abc6a,8bab4dff,a6177608,0.0
2025-02-15T07:06:00Z,147abc6a,8bab4dff,a6177608,0.0
2025-02-15T07:09:00Z,147abc6a,8bab4dff,a6177608,0.0
2025-02-15T07:12:00Z,147abc6a,8bab4dff,a6177608,0.0
2025-02-15T07:15:00Z,147abc6a,8bab4dff,a6177608,0.0
2025-02-15T07:18:00Z,147abc6a,8bab4dff,a6177608,0.0
2025-02-15T07:21:00Z,147abc6a,8bab4dff,a6177608,0.0
2025-02-15T07:24:00Z,147abc6a,8bab4dff,a6177608,0.0
2025-02-15T07:27:00Z,147abc6a,8bab4dff,a6177608,0.0
2025-02-15T07:30:00Z,147abc6a,8bab4dff,a6177608,0.0
2025-02-15T07:33:00Z,147abc6a,8bab4dff,a6177608,0.0
2025-02-15T07:36:00Z,147abc6a,8bab4dff,a6177608,0.0
2025-02-15T07:39:00Z,147abc6a,8bab4dff,a6177608,0.0
2025-02-15T07:42:00Z,147abc6a,8bab4dff,a6177608,0.0
2025-02-15T07:45:00Z,147abc6a,8bab4dff,a6177608,0.0
2025-02-15T07:48:00Z,147abc6a,8bab4dff,a6177608,0.0
2025-02-15T07:51:00Z,147abc6a,8bab4dff,a6177608,0.0
2025-02-15T07:54:00Z,147abc6a,8bab4dff,a6177608,0.0
2025-02-15T07:57:00Z,147abc6a,8bab4dff,a6177608,0.0
2025-02-15T08:00:00Z,147abc6a,8bab4dff,a6177608,0.0
2025-02-15T08:03:00Z,147abc6a,8bab4dff,a6177608,0.0
2025-02-15T08:06:00Z,147abc6a,8bab4dff,a6177608,0.0
2025-02-15T08:09:00Z,147abc6a,8bab4dff,a6177608,0.0
2025-02-15T08:12:00Z,147abc6a,8bab4dff,a6177608,0.0
2025-02-15T08:15:00Z,147abc6a,8bab4dff,a6177608,0.0
2025-02-15T08:18:00Z,147abc6a,8bab4dff,a6177608,0.0
2025-02-15T08:21:00Z,147abc6a,8bab4dff,a6177608,0.0
2025-02-15T08:24:00Z,147abc6a,8bab4dff,a6177608,0.0
2025-02-15T08:27:00Z,147abc6a,8bab4dff,a6177608,0.0
2025-02-15T08:30:00Z,147abc6a,8bab4dff,a6177608,0.0
2025-02-15T08:33:00Z,147abc6a,8bab4dff,a6177608,0.0
2025-02-15T08:36:00Z,147abc6a,8bab4dff,a6177608,0.0
2025-02-15T08:39:00Z,147abc6a,8bab4dff,a6177608,0.0
2025-02-15T08:42:00Z,147abc6a,8bab4dff,a6177608,0.0
2025-02-15T08:45:00Z,147abc6a,8bab4dff,a6177608,0.0
2025-02-15T08:48:00Z,147abc6a,8bab4dff,a6177608,0.0
2025-02-15T08:51:00Z,147abc6a,8bab4dff,a6177608,0.0
2025-02-15T08:54:00Z,147abc6a,8bab4dff,a6177608,0.0
2025-02-15T08:57:00Z,147abc6a,8bab4dff,a6177608,0.0
2025-02-15T09:00:00Z,147abc6a,8bab4dff,a6177608,0.0
2025-02-15T09:03:00Z,147abc6a,8bab4dff,a6177608,0.0
2025-02-15T09:06:00Z,147abc6a,8bab4dff,a6177608,0.0
2025-02-15T09:09:00Z,147abc6a,8bab4dff,a6177608,0.0
2025-02-15T09:12:00Z,147abc6a,8bab4dff,a6177608,0.0
2025-02-15T09:15:00Z,147abc6a,8bab4dff,a6177608,0.0
2025-02-15T09:18:00Z,147abc6a,8bab4dff,a6177608,0.0
2025-02-15T09:21:00Z,147abc6a,8bab4dff,a6177608,0.0
2025-02-15T09:24:00Z,147abc6a,8bab4dff,a6177608,0.0
2025-02-15T09:27:00Z,147abc6a,8bab4dff,a6177608,0.0
2025-02-15T09:30:00Z,147abc6a,8bab4dff,a6177608,0.0
2025-02-15T09:33:00Z,147abc6a,8bab4dff,a6177608,0.0
2025-02-15T09:36:00Z,147abc6a,8bab4dff,a6177608,0.0
2025-02-15T09:39:00Z,147abc6a,8bab4dff,a6177608,0.0
2025-02-15T09:42:00Z,147abc6a,8bab4dff,a6177608,0.0
2025-02-15T09:45:00Z,147abc6a,8bab4dff,a6177608,0.0
2025-02-15T09:48:00Z,147abc6a,8bab4dff,a6177608,0.0
2025-02-15T09:51:00Z,147abc6a,8bab4dff,a6177608,0.0
2025-02-15T09:54:00Z,147abc6a,8bab4dff,a6177608,0.0
2025-02-15T09:57:00Z,147abc6a,8bab4dff,a6177608,0.0
2025-02-15T10:00:00Z,147abc6a,8bab4dff,a6177608,0.0
2025-02-15T10:03:00Z,147abc6a,8bab4dff,a6177608,0.0
2025-02-15T10:06:00Z,147abc6a,8bab4dff,a6177608,0.0
2025-02-15T10:09:00Z,147abc6a,8bab4dff,a6177608,0.0
2025-02-15T10:12:00Z,147abc6a,8bab4dff,a6177608,0.0
2025-02-15T10:15:00Z,147abc6a,8bab4dff,a6177608,0.0
2025-02-15T10:18:00Z,147abc6a,8bab4dff,a6177608,0.0
2025-02-15T10:21:00Z,147abc6a,8bab4dff,a6177608,0.0
2025-02-15T10:24:00Z,147abc6a,8bab4dff,a6177608,0.0
2025-02-15T10:27:00Z,147abc6a,8bab4dff,a6177608,0.0
2025-02-15T10:30:00Z,147abc6a,8bab4dff,a6177608,0.0
2025-02-15T10:33:00Z,147abc6a,8bab4dff,a6177608,0.0
2025-02-15T10:36:00Z,147abc6a,8bab4dff,a6177608,0.0
2025-02-15T10:39:00Z,147abc6a,8bab4dff,a6177608,0.0
2025-02-15T10:42:00Z,147abc6a,8bab4dff,a6177608,0.0
2025-02-15T10:45:00Z,147abc6a,8bab4dff,a6177608,0.0
2025-02-15T10:48:00Z,147abc6a,8bab4dff,a6177608,0.0
2025-02-15T10:51:00Z,147abc6a,8bab4dff,a6177608,0.0
2025-02-15T10:54:00Z,147abc6a,8bab4dff,a6177608,0.0
2025-02-15T10:57:00Z,147abc6a,8bab4dff,a6177608,0.0
2025-02-15T11:00:00Z,147abc6a,8bab4dff,a6177608,0.0
2025-02-15T11:03:00Z,147abc6a,8bab4dff,a6177608,0.0
2025-02-15T11:06:00Z,147abc6a,8bab4dff,a6177608,0.0
2025-02-15T11:09:00Z,147abc6a,8bab4dff,a6177608,0.0
2025-02-15T11:12:00Z,147abc6a,8bab4dff,a6177608,0.0
2025-02-15T11:15:00Z,147abc6a,8bab4dff,a6177608,0.0
2025-02-15T11:18:00Z,147abc6a,8bab4dff,a6177608,0.0
2025-02-15T11:21:00Z,147abc6a,8bab4dff,a6177608,0.0
2025-02-15T11:24:00Z,147abc6a,8bab4dff,a6177608,0.0
2025-02-15T11:27:00Z,147abc6a,8bab4dff,a6177608,0.0
2025-02-15T11:30:00Z,147abc6a,8bab4dff,a6177608,0.0
2025-02-15T11:33:00Z,147abc6a,8bab4dff,a6177608,0.0
2025-02-15T11:36:00Z,147abc6a,8bab4dff,a6177608,0.0
2025-02-15T11:39:00Z,147abc6a,8bab4dff,a6177608,0.0
2025-02-15T11:42:00Z,147abc6a,8bab4dff,a6177608,0.0
2025-02-15T11:45:00Z,147abc6a,8bab4dff,a6177608,0.0
2025-02-15T11:48:00Z,147abc6a,8bab4dff,a6177608,0.0
2025-02-15T11:51:00Z,147abc6a,8bab4dff,a6177608,0.0
2025-02-15T11:54:00Z,147abc6a,8bab4dff,a6177608,0.0
2025-02-15T11:57:00Z,147abc6a,8bab4dff,a6177608,0.0
2025-02-15T12:00:00Z,147abc6a,8bab4dff,a6177608,0.0
2025-02-15T12:03:00Z,147abc6a,8bab4dff,a6177608,0.0
2025-02-15T12:06:00Z,147abc6a,8bab4dff,a6177608,0.0
2025-02-15T12:09:00Z,147abc6a,8bab4dff,a6177608,0.0
2025-02-15T12:12:00Z,147abc6a,8bab4dff,a6177608,0.0
2025-02-15T12:15:00Z,147abc6a,8bab4dff,a6177608,0.0
2025-02-15T12:18:00Z,147abc6a,8bab4dff,a6177608,0.0
2025-02-15T12:21:00Z,147abc6a,8bab4dff,a6177608,0.0
2025-02-15T12:24:00Z,147abc6a,8bab4dff,a6177608,0.0
2025-02-15T12:27:00Z,147abc6a,8bab4dff,a6177608,0.0
2025-02-15T12:30:00Z,147abc6a,8bab4dff,a6177608,0.0
2025-02-15T12:33:00Z,147abc6a,8bab4dff,a6177608,0.0
2025-02-15T12:36:00Z,147abc6a,8bab4dff,a6177608,0.0
2025-02-15T12:39:00Z,147abc6a,8bab4dff,a6177608,0.0
2025-02-15T12:42:00Z,147abc6a,8bab4dff,a6177608,0.0
2025-02-15T12:45:00Z,147abc6a,8bab4dff,a6177608,0.0
2025-02-15T12:48:00Z,147abc6a,8bab4dff,a6177608,0.0
2025-02-15T12:51:00Z,147abc6a,8bab4dff,a6177608,0.0
2025-02-15T12:54:00Z,147abc6a,8bab4dff,a6177608,0.0
2025-02-15T12:57:00Z,147abc6a,8bab4dff,a6177608,0.0
2025-02-15T13:00:00Z,147abc6a,8bab4dff,a6177608,0.0
2025-02-15T13:03:00Z,147abc6a,8bab4dff,a6177608,0.0
2025-02-15T13:06:00Z,147abc6a,8bab4dff,a6177608,0.0
2025-02-15T13:09:00Z,147abc6a,8bab4dff,a6177608,0.0
2025-02-15T13:12:00Z,147abc6a,8bab4dff,a6177608,0.0
2025-02-15T13:15:00Z,147abc6a,8bab4dff,a6177608,0.01
2025-02-15T13:18:00Z,147abc6a,8bab4dff,a6177608,0.0
2025-02-15T13:21:00Z,147abc6a,8bab4dff,a6177608,0.0
2025-02-15T13:24:00Z,147abc6a,8bab4dff,a6177608,0.0
2025-02-15T13:27:00Z,147abc6a,8bab4dff,a6177608,0.0
2025-02-15T13:30:00Z,147abc6a,8bab4dff,a6177608,0.0
2025-02-15T13:33:00Z,147abc6a,8bab4dff,a6177608,0.0
2025-02-15T13:36:00Z,147abc6a,8bab4dff,a6177608,0.0
2025-02-15T13:39:00Z,147abc6a,8bab4dff,a6177608,0.0
2025-02-15T13:42:00Z,147abc6a,8bab4dff,a6177608,0.0
2025-02-15T13:45:00Z,147abc6a,8bab4dff,a6177608,0.0
2025-02-15T13:48:00Z,147abc6a,8bab4dff,a6177608,0.0
2025-02-15T13:51:00Z,147abc6a,8bab4dff,a6177608,0.0
2025-02-15T13:54:00Z,147abc6a,8bab4dff,a6177608,0.0
2025-02-15T13:57:00Z,147abc6a,8bab4dff,a6177608,0.0
2025-02-15T14:00:00Z,147abc6a,8bab4dff,a6177608,0.0
2025-02-15T14:03:00Z,147abc6a,8bab4dff,a6177608,0.0
2025-02-15T14:06:00Z,147abc6a,8bab4dff,a6177608,0.0
2025-02-15T14:09:00Z,147abc6a,8bab4dff,a6177608,0.0
2025-02-15T14:12:00Z,147abc6a,8bab4dff,a6177608,0.0
2025-02-15T14:15:00Z,147abc6a,8bab4dff,a6177608,0.0
2025-02-15T14:18:00Z,147abc6a,8bab4dff,a6177608,0.0
2025-02-15T14:21:00Z,147abc6a,8bab4dff,a6177608,0.0
2025-02-15T14:24:00Z,147abc6a,8bab4dff,a6177608,0.0
2025-02-15T14:27:00Z,147abc6a,8bab4dff,a6177608,0.0
2025-02-15T14:30:00Z,147abc6a,8bab4dff,a6177608,0.0
2025-02-15T14:33:00Z,147abc6a,8bab4dff,a6177608,0.0
2025-02-15T14:36:00Z,147abc6a,8bab4dff,a6177608,0.0
2025-02-15T14:39:00Z,147abc6a,8bab4dff,a6177608,0.0
2025-02-15T14:42:00Z,147abc6a,8bab4dff,a6177608,0.0
2025-02-15T14:45:00Z,147abc6a,8bab4dff,a6177608,0.0
2025-02-15T14:48:00Z,147abc6a,8bab4dff,a6177608,0.0
2025-02-15T14:51:00Z,147abc6a,8bab4dff,a6177608,0.0
2025-02-15T14:54:00Z,147abc6a,8bab4dff,a6177608,0.0
2025-02-15T14:57:00Z,147abc6a,8bab4dff,a6177608,0.0
2025-02-15T15:00:00Z,147abc6a,8bab4dff,a6177608,0.0
2025-02-15T15:03:00Z,147abc6a,8bab4dff,a6177608,0.0
2025-02-15T15:06:00Z,147abc6a,8bab4dff,a6177608,0.0
2025-02-15T15:09:00Z,147abc6a,8bab4dff,a6177608,0.0
2025-02-15T15:12:00Z,147abc6a,8bab4dff,a6177608,0.0
2025-02-15T15:15:00Z,147abc6a,8bab4dff,a6177608,0.0
2025-02-15T15:18:00Z,147abc6a,8bab4dff,a6177608,0.0
2025-02-15T15:21:00Z,147abc6a,8bab4dff,a6177608,0.0
2025-02-15T15:24:00Z,147abc6a,8bab4dff,a6177608,0.0
2025-02-15T15:27:00Z,147abc6a,8bab4dff,a6177608,0.0
2025-02-15T15:30:00Z,147abc6a,8bab4dff,a6177608,0.0
2025-02-15T15:33:00Z,147abc6a,8bab4dff,a6177608,0.0
2025-02-15T15:36:00Z,147abc6a,8bab4dff,a6177608,0.0
2025-02-15T15:39:00Z,147abc6a,8bab4dff,a6177608,0.0
2025-02-15T15:42:00Z,147abc6a,8bab4dff,a6177608,0.0
2025-02-15T15:45:00Z,147abc6a,8bab4dff,a6177608,0.0
2025-02-15T15:48:00Z,147abc6a,8bab4dff,a6177608,0.0
2025-02-15T15:51:00Z,147abc6a,8bab4dff,a6177608,0.0
2025-02-15T15:54:00Z,147abc6a,8bab4dff,a6177608,0.0
2025-02-15T15:57:00Z,147abc6a,8bab4dff,a6177608,0.0
2025-02-15T16:00:00Z,147abc6a,8bab4dff,a6177608,0.0
2025-02-15T16:03:00Z,147abc6a,8bab4dff,a6177608,0.0
2025-02-15T16:06:00Z,147abc6a,8bab4dff,a6177608,0.0
2025-02-15T16:09:00Z,147abc6a,8bab4dff,a6177608,0.0
2025-02-15T16:12:00Z,147abc6a,8bab4dff,a6177608,0.0
2025-02-15T16:15:00Z,147abc6a,8bab4dff,a6177608,0.0
2025-02-15T16:18:00Z,147abc6a,8bab4dff,a6177608,0.0
2025-02-15T16:21:00Z,147abc6a,8bab4dff,a6177608,0.0
2025-02-15T16:24:00Z,147abc6a,8bab4dff,a6177608,0.0
2025-02-15T16:27:00Z,147abc6a,8bab4dff,a6177608,0.0
2025-02-15T16:30:00Z,147abc6a,8bab4dff,a6177608,0.0
2025-02-15T16:33:00Z,147abc6a,8bab4dff,a6177608,0.0
2025-02-15T16:36:00Z,147abc6a,8bab4dff,a6177608,0.0
2025-02-15T16:39:00Z,147abc6a,8bab4dff,a6177608,0.0
2025-02-15T16:42:00Z,147abc6a,8bab4dff,a6177608,0.0
2025-02-15T16:45:00Z,147abc6a,8bab4dff,a6177608,0.0
2025-02-15T16:48:00Z,147abc6a,8bab4dff,a6177608,0.0
2025-02-15T16:51:00Z,147abc6a,8bab4dff,a6177608,0.0
2025-02-15T16:54:00Z,147abc6a,8bab4dff,a6177608,0.0
2025-02-15T16:57:00Z,147abc6a,8bab4dff,a6177608,0.0
2025-02-15T17:00:00Z,147abc6a,8bab4dff,a6177608,0.0
2025-02-15T17:03:00Z,147abc6a,8bab4dff,a6177608,0.0
2025-02-15T17:06:00Z,147abc6a,8bab4dff,a6177608,0.0
2025-02-15T17:09:00Z,147abc6a,8bab4dff,a6177608,0.0
2025-02-15T17:12:00Z,147abc6a,8bab4dff,a6177608,0.0
2025-02-15T17:15:00Z,147abc6a,8bab4dff,a6177608,0.0
2025-02-15T17:18:00Z,147abc6a,8bab4dff,a6177608,0.0
2025-02-15T17:21:00Z,147abc6a,8bab4dff,a6177608,0.0
2025-02-15T17:24:00Z,147abc6a,8bab4dff,a6177608,0.0
2025-02-15T17:27:00Z,147abc6a,8bab4dff,a6177608,0.0
2025-02-15T17:30:00Z,147abc6a,8bab4dff,a6177608,0.0
2025-02-15T17:33:00Z,147abc6a,8bab4dff,a6177608,0.0
2025-02-15T17:36:00Z,147abc6a,8bab4dff,a6177608,0.0
2025-02-15T17:39:00Z,147abc6a,8bab4dff,a6177608,0.0
2025-02-15T17:42:00Z,147abc6a,8bab4dff,a6177608,0.0
2025-02-15T17:45:00Z,147abc6a,8bab4dff,a6177608,0.0
2025-02-15T17:48:00Z,147abc6a,8bab4dff,a6177608,0.0
2025-02-15T17:51:00Z,147abc6a,8bab4dff,a6177608,0.0
2025-02-15T17:54:00Z,147abc6a,8bab4dff,a6177608,0.0
2025-02-15T17:57:00Z,147abc6a,8bab4dff,a6177608,0.0
2025-02-15T18:00:00Z,147abc6a,8bab4dff,a6177608,0.0
2025-02-15T18:03:00Z,147abc6a,8bab4dff,a6177608,0.0
2025-02-15T18:06:00Z,147abc6a,8bab4dff,a6177608,0.0
2025-02-15T18:09:00Z,147abc6a,8bab4dff,a6177608,0.0
2025-02-15T18:12:00Z,147abc6a,8bab4dff,a6177608,0.0
2025-02-15T18:15:00Z,147abc6a,8bab4dff,a6177608,0.0
2025-02-15T18:18:00Z,147abc6a,8bab4dff,a6177608,0.0
2025-02-15T18:21:00Z,147abc6a,8bab4dff,a6177608,0.0
2025-02-15T18:24:00Z,147abc6a,8bab4dff,a6177608,0.0
2025-02-15T18:27:00Z,147abc6a,8bab4dff,a6177608,0.0
2025-02-15T18:30:00Z,147abc6a,8bab4dff,a6177608,0.0
2025-02-15T18:33:00Z,147abc6a,8bab4dff,a6177608,0.0
2025-02-15T18:36:00Z,147abc6a,8bab4dff,a6177608,0.0
2025-02-15T18:39:00Z,147abc6a,8bab4dff,a6177608,0.0
2025-02-15T18:42:00Z,147abc6a,8bab4dff,a6177608,0.0
2025-02-15T18:45:00Z,147abc6a,8bab4dff,a6177608,0.0
2025-02-15T18:48:00Z,147abc6a,8bab4dff,a6177608,0.0
2025-02-15T18:51:00Z,147abc6a,8bab4dff,a6177608,0.0
2025-02-15T18:54:00Z,147abc6a,8bab4dff,a6177608,0.0
2025-02-15T18:57:00Z,147abc6a,8bab4dff,a6177608,0.0
2025-02-15T19:00:00Z,147abc6a,8bab4dff,a6177608,0.0
2025-02-15T19:03:00Z,147abc6a,8bab4dff,a6177608,0.0
2025-02-15T19:06:00Z,147abc6a,8bab4dff,a6177608,0.0
2025-02-15T19:09:00Z,147abc6a,8bab4dff,a6177608,0.0
2025-02-15T19:12:00Z,147abc6a,8bab4dff,a6177608,0.0
2025-02-15T19:15:00Z,147abc6a,8bab4dff,a6177608,0.0
2025-02-15T19:18:00Z,147abc6a,8bab4dff,a6177608,0.0
2025-02-15T19:21:00Z,147abc6a,8bab4dff,a6177608,0.0
2025-02-15T19:24:00Z,147abc6a,8bab4dff,a6177608,0.0
2025-02-15T19:27:00Z,147abc6a,8bab4dff,a6177608,0.0
2025-02-15T19:30:00Z,147abc6a,8bab4dff,a6177608,0.0
2025-02-15T19:33:00Z,147abc6a,8bab4dff,a6177608,0.0
2025-02-15T19:36:00Z,147abc6a,8bab4dff,a6177608,0.0
2025-02-15T19:39:00Z,147abc6a,8bab4dff,a6177608,0.0
2025-02-15T19:42:00Z,147abc6a,8bab4dff,a6177608,0.0
2025-02-15T19:45:00Z,147abc6a,8bab4dff,a6177608,0.0
2025-02-15T19:48:00Z,147abc6a,8bab4dff,a6177608,0.0
2025-02-15T19:51:00Z,147abc6a,8bab4dff,a6177608,0.0
2025-02-15T19:54:00Z,147abc6a,8bab4dff,a6177608,0.0
2025-02-15T19:57:00Z,147abc6a,8bab4dff,a6177608,0.0
2025-02-15T20:00:00Z,147abc6a,8bab4dff,a6177608,0.0
2025-02-15T20:03:00Z,147abc6a,8bab4dff,a6177608,0.0
2025-02-15T20:06:00Z,147abc6a,8bab4dff,a6177608,0.0
2025-02-15T20:09:00Z,147abc6a,8bab4dff,a6177608,0.0
2025-02-15T20:12:00Z,147abc6a,8bab4dff,a6177608,0.0
2025-02-15T20:15:00Z,147abc6a,8bab4dff,a6177608,0.0
2025-02-15T20:18:00Z,147abc6a,8bab4dff,a6177608,0.0
2025-02-15T20:21:00Z,147abc6a,8bab4dff,a6177608,0.0
2025-02-15T20:24:00Z,147abc6a,8bab4dff,a6177608,0.0
2025-02-15T20:27:00Z,147abc6a,8bab4dff,a6177608,0.0
2025-02-15T20:30:00Z,147abc6a,8bab4dff,a6177608,0.0
2025-02-15T20:33:00Z,147abc6a,8bab4dff,a6177608,0.0
2025-02-15T20:36:00Z,147abc6a,8bab4dff,a6177608,0.0
2025-02-15T20:39:00Z,147abc6a,8bab4dff,a6177608,0.0
2025-02-15T20:42:00Z,147abc6a,8bab4dff,a6177608,0.0
2025-02-15T20:45:00Z,147abc6a,8bab4dff,a6177608,0.0
2025-02-15T20:48:00Z,147abc6a,8bab4dff,a6177608,0.0
2025-02-15T20:51:00Z,147abc6a,8bab4dff,a6177608,0.0
2025-02-15T20:54:00Z,147abc6a,8bab4dff,a6177608,0.0
2025-02-15T20:57:00Z,147abc6a,8bab4dff,a6177608,0.0
2025-02-15T21:00:00Z,147abc6a,8bab4dff,a6177608,0.0
2025-02-15T21:03:00Z,147abc6a,8bab4dff,a6177608,0.0
2025-02-15T21:06:00Z,147abc6a,8bab4dff,a6177608,0.0
2025-02-15T21:09:00Z,147abc6a,8bab4dff,a6177608,0.0
2025-02-15T21:12:00Z,147abc6a,8bab4dff,a6177608,0.0
2025-02-15T21:15:00Z,147abc6a,8bab4dff,a6177608,0.0
2025-02-15T21:18:00Z,147abc6a,8bab4dff,a6177608,0.0
2025-02-15T21:21:00Z,147abc6a,8bab4dff,a6177608,0.0
2025-02-15T21:24:00Z,147abc6a,8bab4dff,a6177608,0.0
2025-02-15T21:27:00Z,147abc6a,8bab4dff,a6177608,0.0
2025-02-15T21:30:00Z,147abc6a,8bab4dff,a6177608,0.0
2025-02-15T21:33:00Z,147abc6a,8bab4dff,a6177608,0.0
2025-02-15T21:36:00Z,147abc6a,8bab4dff,a6177608,0.0
2025-02-15T21:39:00Z,147abc6a,8bab4dff,a6177608,0.0
2025-02-15T21:42:00Z,147abc6a,8bab4dff,a6177608,0.01
2025-02-15T21:45:00Z,147abc6a,8bab4dff,a6177608,0.01
2025-02-15T21:48:00Z,147abc6a,8bab4dff,a6177608,0.0
2025-02-15T21:51:00Z,147abc6a,8bab4dff,a6177608,0.0
2025-02-15T21:54:00Z,147abc6a,8bab4dff,a6177608,0.0
2025-02-15T21:57:00Z,147abc6a,8bab4dff,a6177608,0.0
2025-02-15T22:00:00Z,147abc6a,8bab4dff,a6177608,0.0
2025-02-15T22:03:00Z,147abc6a,8bab4dff,a6177608,0.0
2025-02-15T22:06:00Z,147abc6a,8bab4dff,a6177608,0.0
2025-02-15T22:09:00Z,147abc6a,8bab4dff,a6177608,0.0
2025-02-15T22:12:00Z,147abc6a,8bab4dff,a6177608,0.0
2025-02-15T22:15:00Z,147abc6a,8bab4dff,a6177608,0.0
2025-02-15T22:18:00Z,147abc6a,8bab4dff,a6177608,0.0
2025-02-15T22:21:00Z,147abc6a,8bab4dff,a6177608,0.0
2025-02-15T22:24:00Z,147abc6a,8bab4dff,a6177608,0.0
2025-02-15T22:27:00Z,147abc6a,8bab4dff,a6177608,0.0
2025-02-15T22:30:00Z,147abc6a,8bab4dff,a6177608,0.0
2025-02-15T22:33:00Z,147abc6a,8bab4dff,a6177608,0.0
2025-02-15T22:36:00Z,147abc6a,8bab4dff,a6177608,0.0
2025-02-15T22:39:00Z,147abc6a,8bab4dff,a6177608,0.0
2025-02-15T22:42:00Z,147abc6a,8bab4dff,a6177608,0.0
2025-02-15T22:45:00Z,147abc6a,8bab4dff,a6177608,0.0
2025-02-15T22:48:00Z,147abc6a,8bab4dff,a6177608,0.0
2025-02-15T22:51:00Z,147abc6a,8bab4dff,a6177608,0.01
2025-02-15T22:54:00Z,147abc6a,8bab4dff,a6177608,0.0
2025-02-15T22:57:00Z,147abc6a,8bab4dff,a6177608,0.0
2025-02-15T23:00:00Z,147abc6a,8bab4dff,a6177608,0.0
2025-02-15T23:03:00Z,147abc6a,8bab4dff,a6177608,0.0
2025-02-15T23:06:00Z,147abc6a,8bab4dff,a6177608,0.0
2025-02-15T23:09:00Z,147abc6a,8bab4dff,a6177608,0.0
2025-02-15T23:12:00Z,147abc6a,8bab4dff,a6177608,0.0
2025-02-15T23:15:00Z,147abc6a,8bab4dff,a6177608,0.0
2025-02-15T23:18:00Z,147abc6a,8bab4dff,a6177608,0.0
2025-02-15T23:21:00Z,147abc6a,8bab4dff,a6177608,0.0
2025-02-15T23:24:00Z,147abc6a,8bab4dff,a6177608,0.0
2025-02-15T23:27:00Z,147abc6a,8bab4dff,a6177608,0.0
2025-02-15T23:30:00Z,147abc6a,8bab4dff,a6177608,0.0
2025-02-15T23:33:00Z,147abc6a,8bab4dff,a6177608,0.0
2025-02-15T23:36:00Z,147abc6a,8bab4dff,a6177608,0.0
2025-02-15T23:39:00Z,147abc6a,8bab4dff,a6177608,0.0
2025-02-15T23:42:00Z,147abc6a,8bab4dff,a6177608,0.0
2025-02-15T23:45:00Z,147abc6a,8bab4dff,a6177608,0.0
2025-02-15T23:48:00Z,147abc6a,8bab4dff,a6177608,0.0
2025-02-15T23:51:00Z,147abc6a,8bab4dff,a6177608,0.0
2025-02-15T23:54:00Z,147abc6a,8bab4dff,a6177608,0.0
2025-02-15T23:57:00Z,147abc6a,8bab4dff,a6177608,0.0
2025-02-16T00:00:00Z,147abc6a,8bab4dff,a6177608,0.0
2025-02-16T00:03:00Z,147abc6a,8bab4dff,a6177608,0.0
2025-02-16T00:06:00Z,147abc6a,8bab4dff,a6177608,0.0
2025-02-16T00:09:00Z,147abc6a,8bab4dff,a6177608,0.0
2025-02-16T00:12:00Z,147abc6a,8bab4dff,a6177608,0.0
2025-02-16T00:15:00Z,147abc6a,8bab4dff,a6177608,0.0
2025-02-16T00:18:00Z,147abc6a,8bab4dff,a6177608,0.0
2025-02-16T00:21:00Z,147abc6a,8bab4dff,a6177608,0.0
2025-02-16T00:24:00Z,147abc6a,8bab4dff,a6177608,0.0
2025-02-16T00:27:00Z,147abc6a,8bab4dff,a6177608,0.0
2025-02-16T00:30:00Z,147abc6a,8bab4dff,a6177608,0.0
2025-02-16T00:33:00Z,147abc6a,8bab4dff,a6177608,0.0
2025-02-16T00:36:00Z,147abc6a,8bab4dff,a6177608,0.0
2025-02-16T00:39:00Z,147abc6a,8bab4dff,a6177608,0.0
2025-02-16T00:42:00Z,147abc6a,8bab4dff,a6177608,0.0
2025-02-16T00:45:00Z,147abc6a,8bab4dff,a6177608,0.0
2025-02-16T00:48:00Z,147abc6a,8bab4dff,a6177608,0.0
2025-02-16T00:51:00Z,147abc6a,8bab4dff,a6177608,0.0
2025-02-16T00:54:00Z,147abc6a,8bab4dff,a6177608,0.0
2025-02-16T00:57:00Z,147abc6a,8bab4dff,a6177608,0.0
2025-02-16T01:00:00Z,147abc6a,8bab4dff,a6177608,0.0
2025-02-16T01:03:00Z,147abc6a,8bab4dff,a6177608,0.0
2025-02-16T01:06:00Z,147abc6a,8bab4dff,a6177608,0.0
2025-02-16T01:09:00Z,147abc6a,8bab4dff,a6177608,0.0
2025-02-16T01:12:00Z,147abc6a,8bab4dff,a6177608,0.0
2025-02-16T01:15:00Z,147abc6a,8bab4dff,a6177608,0.0
2025-02-16T01:18:00Z,147abc6a,8bab4dff,a6177608,0.0
2025-02-16T01:21:00Z,147abc6a,8bab4dff,a6177608,0.0
2025-02-16T01:24:00Z,147abc6a,8bab4dff,a6177608,0.0
2025-02-16T01:27:00Z,147abc6a,8bab4dff,a6177608,0.0
2025-02-16T01:30:00Z,147abc6a,8bab4dff,a6177608,0.0
2025-02-16T01:33:00Z,147abc6a,8bab4dff,a6177608,0.0
2025-02-16T01:36:00Z,147abc6a,8bab4dff,a6177608,0.0
2025-02-16T01:39:00Z,147abc6a,8bab4dff,a6177608,0.0
2025-02-16T01:42:00Z,147abc6a,8bab4dff,a6177608,0.0
2025-02-16T01:45:00Z,147abc6a,8bab4dff,a6177608,0.0
2025-02-16T01:48:00Z,147abc6a,8bab4dff,a6177608,0.0
2025-02-16T01:51:00Z,147abc6a,8bab4dff,a6177608,0.0
2025-02-16T01:54:00Z,147abc6a,8bab4dff,a6177608,0.0
2025-02-16T01:57:00Z,147abc6a,8bab4dff,a6177608,0.0
2025-02-16T02:00:00Z,147abc6a,8bab4dff,a6177608,0.0
2025-02-16T02:03:00Z,147abc6a,8bab4dff,a6177608,0.0
2025-02-16T02:06:00Z,147abc6a,8bab4dff,a6177608,0.0
2025-02-16T02:09:00Z,147abc6a,8bab4dff,a6177608,0.0
2025-02-16T02:12:00Z,147abc6a,8bab4dff,a6177608,0.0
2025-02-16T02:15:00Z,147abc6a,8bab4dff,a6177608,0.0
2025-02-16T02:18:00Z,147abc6a,8bab4dff,a6177608,0.0
2025-02-16T02:21:00Z,147abc6a,8bab4dff,a6177608,0.0
2025-02-16T02:24:00Z,147abc6a,8bab4dff,a6177608,0.0
2025-02-16T02:27:00Z,147abc6a,8bab4dff,a6177608,0.0
2025-02-16T02:30:00Z,147abc6a,8bab4dff,a6177608,0.0
2025-02-16T02:33:00Z,147abc6a,8bab4dff,a6177608,0.0
2025-02-16T02:36:00Z,147abc6a,8bab4dff,a6177608,0.0
2025-02-16T02:39:00Z,147abc6a,8bab4dff,a6177608,0.0
2025-02-16T02:42:00Z,147abc6a,8bab4dff,a6177608,0.0
2025-02-16T02:45:00Z,147abc6a,8bab4dff,a6177608,0.0
2025-02-16T02:48:00Z,147abc6a,8bab4dff,a6177608,0.0
2025-02-16T02:51:00Z,147abc6a,8bab4dff,a6177608,0.0
2025-02-16T02:54:00Z,147abc6a,8bab4dff,a6177608,0.0
2025-02-16T02:57:00Z,147abc6a,8bab4dff,a6177608,0.0
2025-02-16T03:00:00Z,147abc6a,8bab4dff,a6177608,0.0
2025-02-16T03:03:00Z,147abc6a,8bab4dff,a6177608,0.0
2025-02-16T03:06:00Z,147abc6a,8bab4dff,a6177608,0.0
2025-02-16T03:09:00Z,147abc6a,8bab4dff,a6177608,0.0
2025-02-16T03:12:00Z,147abc6a,8bab4dff,a6177608,0.0
2025-02-16T03:15:00Z,147abc6a,8bab4dff,a6177608,0.0
2025-02-16T03:18:00Z,147abc6a,8bab4dff,a6177608,0.0
2025-02-16T03:21:00Z,147abc6a,8bab4dff,a6177608,0.0
2025-02-16T03:24:00Z,147abc6a,8bab4dff,a6177608,0.0
2025-02-16T03:27:00Z,147abc6a,8bab4dff,a6177608,0.0
2025-02-16T03:30:00Z,147abc6a,8bab4dff,a6177608,0.0
2025-02-16T03:33:00Z,147abc6a,8bab4dff,a6177608,0.0
2025-02-16T03:36:00Z,147abc6a,8bab4dff,a6177608,0.0
2025-02-16T03:39:00Z,147abc6a,8bab4dff,a6177608,0.0
2025-02-16T03:42:00Z,147abc6a,8bab4dff,a6177608,0.0
2025-02-16T03:45:00Z,147abc6a,8bab4dff,a6177608,0.0
2025-02-16T03:48:00Z,147abc6a,8bab4dff,a6177608,0.0
2025-02-16T03:51:00Z,147abc6a,8bab4dff,a6177608,0.0
2025-02-16T03:54:00Z,147abc6a,8bab4dff,a6177608,0.0
2025-02-16T03:57:00Z,147abc6a,8bab4dff,a6177608,0.0
2025-02-16T04:00:00Z,147abc6a,8bab4dff,a6177608,0.0
2025-02-16T04:03:00Z,147abc6a,8bab4dff,a6177608,0.0
2025-02-16T04:06:00Z,147abc6a,8bab4dff,a6177608,0.0
2025-02-16T04:09:00Z,147abc6a,8bab4dff,a6177608,0.0
2025-02-16T04:12:00Z,147abc6a,8bab4dff,a6177608,0.0
2025-02-16T04:15:00Z,147abc6a,8bab4dff,a6177608,0.0
2025-02-16T04:18:00Z,147abc6a,8bab4dff,a6177608,0.0
2025-02-16T04:21:00Z,147abc6a,8bab4dff,a6177608,0.0
2025-02-16T04:24:00Z,147abc6a,8bab4dff,a6177608,0.0
2025-02-16T04:27:00Z,147abc6a,8bab4dff,a6177608,0.0
2025-02-16T04:30:00Z,147abc6a,8bab4dff,a6177608,0.0
2025-02-16T04:33:00Z,147abc6a,8bab4dff,a6177608,0.0
2025-02-16T04:36:00Z,147abc6a,8bab4dff,a6177608,0.0
2025-02-16T04:39:00Z,147abc6a,8bab4dff,a6177608,0.0
2025-02-16T04:42:00Z,147abc6a,8bab4dff,a6177608,0.0
2025-02-16T04:45:00Z,147abc6a,8bab4dff,a6177608,0.0
2025-02-16T04:48:00Z,147abc6a,8bab4dff,a6177608,0.0
2025-02-16T04:51:00Z,147abc6a,8bab4dff,a6177608,0.0
2025-02-16T04:54:00Z,147abc6a,8bab4dff,a6177608,0.0
2025-02-16T04:57:00Z,147abc6a,8bab4dff,a6177608,0.0
2025-02-16T05:00:00Z,147abc6a,8bab4dff,a6177608,0.0
2025-02-16T05:03:00Z,147abc6a,8bab4dff,a6177608,0.0
2025-02-16T05:06:00Z,147abc6a,8bab4dff,a6177608,0.0
2025-02-16T05:09:00Z,147abc6a,8bab4dff,a6177608,0.0
2025-02-16T05:12:00Z,147abc6a,8bab4dff,a6177608,0.0
2025-02-16T05:15:00Z,147abc6a,8bab4dff,a6177608,0.0
2025-02-16T05:18:00Z,147abc6a,8bab4dff,a6177608,0.0
2025-02-16T05:21:00Z,147abc6a,8bab4dff,a6177608,0.0
2025-02-16T05:24:00Z,147abc6a,8bab4dff,a6177608,0.0
2025-02-16T05:27:00Z,147abc6a,8bab4dff,a6177608,0.0
2025-02-16T05:30:00Z,147abc6a,8bab4dff,a6177608,0.0
2025-02-16T05:33:00Z,147abc6a,8bab4dff,a6177608,0.0
2025-02-16T05:36:00Z,147abc6a,8bab4dff,a6177608,0.0
2025-02-16T05:39:00Z,147abc6a,8bab4dff,a6177608,0.0
2025-02-16T05:42:00Z,147abc6a,8bab4dff,a6177608,0.0
2025-02-16T05:45:00Z,147abc6a,8bab4dff,a6177608,0.0
2025-02-16T05:48:00Z,147abc6a,8bab4dff,a6177608,0.0
2025-02-16T05:51:00Z,147abc6a,8bab4dff,a6177608,0.0
2025-02-16T05:54:00Z,147abc6a,8bab4dff,a6177608,0.0
2025-02-16T05:57:00Z,147abc6a,8bab4dff,a6177608,0.0
2025-02-16T06:00:00Z,147abc6a,8bab4dff,a6177608,0.0
2025-02-16T06:03:00Z,147abc6a,8bab4dff,a6177608,0.0
2025-02-16T06:06:00Z,147abc6a,8bab4dff,a6177608,0.0
2025-02-16T06:09:00Z,147abc6a,8bab4dff,a6177608,0.0
2025-02-16T06:12:00Z,147abc6a,8bab4dff,a6177608,0.0
2025-02-16T06:15:00Z,147abc6a,8bab4dff,a6177608,0.0
2025-02-16T06:18:00Z,147abc6a,8bab4dff,a6177608,0.0
2025-02-16T06:21:00Z,147abc6a,8bab4dff,a6177608,0.0
2025-02-16T06:24:00Z,147abc6a,8bab4dff,a6177608,0.0
2025-02-16T06:27:00Z,147abc6a,8bab4dff,a6177608,0.0
2025-02-16T06:30:00Z,147abc6a,8bab4dff,a6177608,0.0
2025-02-16T06:33:00Z,147abc6a,8bab4dff,a6177608,0.0
2025-02-16T06:36:00Z,147abc6a,8bab4dff,a6177608,0.0
2025-02-16T06:39:00Z,147abc6a,8bab4dff,a6177608,0.0
2025-02-16T06:42:00Z,147abc6a,8bab4dff,a6177608,0.0
2025-02-16T06:45:00Z,147abc6a,8bab4dff,a6177608,0.0
2025-02-16T06:48:00Z,147abc6a,8bab4dff,a6177608,0.0
2025-02-16T06:51:00Z,147abc6a,8bab4dff,a6177608,0.0
2025-02-16T06:54:00Z,147abc6a,8bab4dff,a6177608,0.0
2025-02-16T06:57:00Z,147abc6a,8bab4dff,a6177608,0.0
2025-02-16T07:00:00Z,147abc6a,8bab4dff,a6177608,0.0
2025-02-16T07:03:00Z,147abc6a,8bab4dff,a6177608,0.0
2025-02-16T07:06:00Z,147abc6a,8bab4dff,a6177608,0.0
2025-02-16T07:09:00Z,147abc6a,8bab4dff,a6177608,0.0
2025-02-16T07:12:00Z,147abc6a,8bab4dff,a6177608,0.0
2025-02-16T07:15:00Z,147abc6a,8bab4dff,a6177608,0.0
2025-02-16T07:18:00Z,147abc6a,8bab4dff,a6177608,0.0
2025-02-16T07:21:00Z,147abc6a,8bab4dff,a6177608,0.0
2025-02-16T07:24:00Z,147abc6a,8bab4dff,a6177608,0.0
2025-02-16T07:27:00Z,147abc6a,8bab4dff,a6177608,0.0
2025-02-16T07:30:00Z,147abc6a,8bab4dff,a6177608,0.0
2025-02-16T07:33:00Z,147abc6a,8bab4dff,a6177608,0.0
2025-02-16T07:36:00Z,147abc6a,8bab4dff,a6177608,0.0
2025-02-16T07:39:00Z,147abc6a,8bab4dff,a6177608,0.0
2025-02-16T07:42:00Z,147abc6a,8bab4dff,a6177608,0.0
2025-02-16T07:45:00Z,147abc6a,8bab4dff,a6177608,0.0
2025-02-16T07:48:00Z,147abc6a,8bab4dff,a6177608,0.0
2025-02-16T07:51:00Z,147abc6a,8bab4dff,a6177608,0.14
2025-02-16T07:54:00Z,147abc6a,8bab4dff,a6177608,0.0
2025-02-16T07:57:00Z,147abc6a,8bab4dff,a6177608,0.0
2025-02-16T08:00:00Z,147abc6a,8bab4dff,a6177608,0.0
2025-02-16T08:03:00Z,147abc6a,8bab4dff,a6177608,0.0
2025-02-16T08:06:00Z,147abc6a,8bab4dff,a6177608,0.0
2025-02-16T08:09:00Z,147abc6a,8bab4dff,a6177608,0.0
2025-02-16T08:12:00Z,147abc6a,8bab4dff,a6177608,0.0
2025-02-16T08:15:00Z,147abc6a,8bab4dff,a6177608,0.0
2025-02-16T08:18:00Z,147abc6a,8bab4dff,a6177608,0.0
2025-02-16T08:21:00Z,147abc6a,8bab4dff,a6177608,0.0
2025-02-16T08:24:00Z,147abc6a,8bab4dff,a6177608,0.0
2025-02-16T08:27:00Z,147abc6a,8bab4dff,a6177608,0.0
2025-02-16T08:30:00Z,147abc6a,8bab4dff,a6177608,0.0
2025-02-16T08:33:00Z,147abc6a,8bab4dff,a6177608,0.0
2025-02-16T08:36:00Z,147abc6a,8bab4dff,a6177608,0.0
2025-02-16T08:39:00Z,147abc6a,8bab4dff,a6177608,0.0
2025-02-16T08:42:00Z,147abc6a,8bab4dff,a6177608,0.0
2025-02-16T08:45:00Z,147abc6a,8bab4dff,a6177608,0.0
2025-02-16T08:48:00Z,147abc6a,8bab4dff,a6177608,0.0
2025-02-16T08:51:00Z,147abc6a,8bab4dff,a6177608,0.0
2025-02-16T08:54:00Z,147abc6a,8bab4dff,a6177608,0.0
2025-02-16T08:57:00Z,147abc6a,8bab4dff,a6177608,0.0
2025-02-16T09:00:00Z,147abc6a,8bab4dff,a6177608,0.0
2025-02-16T09:03:00Z,147abc6a,8bab4dff,a6177608,0.0
2025-02-16T09:06:00Z,147abc6a,8bab4dff,a6177608,0.0
2025-02-16T09:09:00Z,147abc6a,8bab4dff,a6177608,0.0
2025-02-16T09:12:00Z,147abc6a,8bab4dff,a6177608,0.0
2025-02-16T09:15:00Z,147abc6a,8bab4dff,a6177608,0.0
2025-02-16T09:18:00Z,147abc6a,8bab4dff,a6177608,0.0
2025-02-16T09:21:00Z,147abc6a,8bab4dff,a6177608,0.0
2025-02-16T09:24:00Z,147abc6a,8bab4dff,a6177608,0.0
2025-02-16T09:27:00Z,147abc6a,8bab4dff,a6177608,0.0
2025-02-16T09:30:00Z,147abc6a,8bab4dff,a6177608,0.0
2025-02-16T09:33:00Z,147abc6a,8bab4dff,a6177608,0.0
2025-02-16T09:36:00Z,147abc6a,8bab4dff,a6177608,0.0
2025-02-16T09:39:00Z,147abc6a,8bab4dff,a6177608,0.0
2025-02-16T09:42:00Z,147abc6a,8bab4dff,a6177608,0.0
2025-02-16T09:45:00Z,147abc6a,8bab4dff,a6177608,0.0
2025-02-16T09:48:00Z,147abc6a,8bab4dff,a6177608,0.0
2025-02-16T09:51:00Z,147abc6a,8bab4dff,a6177608,0.0
2025-02-16T09:54:00Z,147abc6a,8bab4dff,a6177608,0.0
2025-02-16T09:57:00Z,147abc6a,8bab4dff,a6177608,0.0
2025-02-16T10:00:00Z,147abc6a,8bab4dff,a6177608,0.0
2025-02-16T10:03:00Z,147abc6a,8bab4dff,a6177608,0.0
2025-02-16T10:06:00Z,147abc6a,8bab4dff,a6177608,0.0
2025-02-16T10:09:00Z,147abc6a,8bab4dff,a6177608,0.0
2025-02-16T10:12:00Z,147abc6a,8bab4dff,a6177608,0.0
2025-02-16T10:15:00Z,147abc6a,8bab4dff,a6177608,0.0
2025-02-16T10:18:00Z,147abc6a,8bab4dff,a6177608,0.0
2025-02-16T10:21:00Z,147abc6a,8bab4dff,a6177608,0.0
2025-02-16T10:24:00Z,147abc6a,8bab4dff,a6177608,0.0
2025-02-16T10:27:00Z,147abc6a,8bab4dff,a6177608,0.0
2025-02-16T10:30:00Z,147abc6a,8bab4dff,a6177608,0.0
2025-02-16T10:33:00Z,147abc6a,8bab4dff,a6177608,0.0
2025-02-16T10:36:00Z,147abc6a,8bab4dff,a6177608,0.0
2025-02-16T10:39:00Z,147abc6a,8bab4dff,a6177608,0.0
2025-02-16T10:42:00Z,147abc6a,8bab4dff,a6177608,0.0
2025-02-16T10:45:00Z,147abc6a,8bab4dff,a6177608,0.0
2025-02-16T10:48:00Z,147abc6a,8bab4dff,a6177608,0.0
2025-02-16T10:51:00Z,147abc6a,8bab4dff,a6177608,0.0
2025-02-16T10:54:00Z,147abc6a,8bab4dff,a6177608,0.0
2025-02-16T10:57:00Z,147abc6a,8bab4dff,a6177608,0.0
2025-02-16T11:00:00Z,147abc6a,8bab4dff,a6177608,0.0
2025-02-16T11:03:00Z,147abc6a,8bab4dff,a6177608,0.0
2025-02-16T11:06:00Z,147abc6a,8bab4dff,a6177608,0.0
2025-02-16T11:09:00Z,147abc6a,8bab4dff,a6177608,0.0
2025-02-16T11:12:00Z,147abc6a,8bab4dff,a6177608,0.0
2025-02-16T11:15:00Z,147abc6a,8bab4dff,a6177608,0.0
2025-02-16T11:18:00Z,147abc6a,8bab4dff,a6177608,0.0
2025-02-16T11:21:00Z,147abc6a,8bab4dff,a6177608,0.0
2025-02-16T11:24:00Z,147abc6a,8bab4dff,a6177608,0.0
2025-02-16T11:27:00Z,147abc6a,8bab4dff,a6177608,0.0
2025-02-16T11:30:00Z,147abc6a,8bab4dff,a6177608,0.0
2025-02-16T11:33:00Z,147abc6a,8bab4dff,a6177608,0.0
2025-02-16T11:36:00Z,147abc6a,8bab4dff,a6177608,0.0
2025-02-16T11:39:00Z,147abc6a,8bab4dff,a6177608,0.0
2025-02-16T11:42:00Z,147abc6a,8bab4dff,a6177608,0.0
2025-02-16T11:45:00Z,147abc6a,8bab4dff,a6177608,0.0
2025-02-16T11:48:00Z,147abc6a,8bab4dff,a6177608,0.0
2025-02-16T11:51:00Z,147abc6a,8bab4dff,a6177608,0.0
2025-02-16T11:54:00Z,147abc6a,8bab4dff,a6177608,0.0
2025-02-16T11:57:00Z,147abc6a,8bab4dff,a6177608,0.0
2025-02-16T12:00:00Z,147abc6a,8bab4dff,a6177608,0.0
2025-02-16T12:03:00Z,147abc6a,8bab4dff,a6177608,0.0
2025-02-16T12:06:00Z,147abc6a,8bab4dff,a6177608,0.0
2025-02-16T12:09:00Z,147abc6a,8bab4dff,a6177608,0.0
2025-02-16T12:12:00Z,147abc6a,8bab4dff,a6177608,0.0
2025-02-16T12:15:00Z,147abc6a,8bab4dff,a6177608,0.0
2025-02-16T12:18:00Z,147abc6a,8bab4dff,a6177608,0.0
2025-02-16T12:21:00Z,147abc6a,8bab4dff,a6177608,0.0
2025-02-16T12:24:00Z,147abc6a,8bab4dff,a6177608,0.0
2025-02-16T12:27:00Z,147abc6a,8bab4dff,a6177608,0.0
2025-02-16T12:30:00Z,147abc6a,8bab4dff,a6177608,0.0
2025-02-16T12:33:00Z,147abc6a,8bab4dff,a6177608,0.0
2025-02-16T12:36:00Z,147abc6a,8bab4dff,a6177608,0.0
2025-02-16T12:39:00Z,147abc6a,8bab4dff,a6177608,0.0
2025-02-16T12:42:00Z,147abc6a,8bab4dff,a6177608,0.0
2025-02-16T12:45:00Z,147abc6a,8bab4dff,a6177608,0.0
2025-02-16T12:48:00Z,147abc6a,8bab4dff,a6177608,0.0
2025-02-16T12:51:00Z,147abc6a,8bab4dff,a6177608,0.0
2025-02-16T12:54:00Z,147abc6a,8bab4dff,a6177608,0.0
2025-02-16T12:57:00Z,147abc6a,8bab4dff,a6177608,0.0
2025-02-16T13:00:00Z,147abc6a,8bab4dff,a6177608,0.0
2025-02-16T13:03:00Z,147abc6a,8bab4dff,a6177608,0.0
2025-02-16T13:06:00Z,147abc6a,8bab4dff,a6177608,0.0
2025-02-16T13:09:00Z,147abc6a,8bab4dff,a6177608,0.0
2025-02-16T13:12:00Z,147abc6a,8bab4dff,a6177608,0.0
2025-02-16T13:15:00Z,147abc6a,8bab4dff,a6177608,0.0
2025-02-16T13:18:00Z,147abc6a,8bab4dff,a6177608,0.0
2025-02-16T13:21:00Z,147abc6a,8bab4dff,a6177608,0.0
2025-02-16T13:24:00Z,147abc6a,8bab4dff,a6177608,0.0
2025-02-16T13:27:00Z,147abc6a,8bab4dff,a6177608,0.0
2025-02-16T13:30:00Z,147abc6a,8bab4dff,a6177608,0.0
2025-02-16T13:33:00Z,147abc6a,8bab4dff,a6177608,0.0
2025-02-16T13:36:00Z,147abc6a,8bab4dff,a6177608,0.0
2025-02-16T13:39:00Z,147abc6a,8bab4dff,a6177608,0.0
2025-02-16T13:42:00Z,147abc6a,8bab4dff,a6177608,0.0
2025-02-16T13:45:00Z,147abc6a,8bab4dff,a6177608,0.0
2025-02-16T13:48:00Z,147abc6a,8bab4dff,a6177608,0.0
2025-02-16T13:51:00Z,147abc6a,8bab4dff,a6177608,0.0
2025-02-16T13:54:00Z,147abc6a,8bab4dff,a6177608,0.0
2025-02-16T13:57:00Z,147abc6a,8bab4dff,a6177608,0.0
2025-02-16T14:00:00Z,147abc6a,8bab4dff,a6177608,0.0
2025-02-16T14:03:00Z,147abc6a,8bab4dff,a6177608,0.0
2025-02-16T14:06:00Z,147abc6a,8bab4dff,a6177608,0.0
2025-02-16T14:09:00Z,147abc6a,8bab4dff,a6177608,0.0
2025-02-16T14:12:00Z,147abc6a,8bab4dff,a6177608,0.0
2025-02-16T14:15:00Z,147abc6a,8bab4dff,a6177608,0.0
2025-02-16T14:18:00Z,147abc6a,8bab4dff,a6177608,0.0
2025-02-16T14:21:00Z,147abc6a,8bab4dff,a6177608,0.0
2025-02-16T14:24:00Z,147abc6a,8bab4dff,a6177608,0.0
2025-02-16T14:27:00Z,147abc6a,8bab4dff,a6177608,0.0
2025-02-16T14:30:00Z,147abc6a,8bab4dff,a6177608,0.0
2025-02-16T14:33:00Z,147abc6a,8bab4dff,a6177608,0.0
2025-02-16T14:36:00Z,147abc6a,8bab4dff,a6177608,0.0
2025-02-16T14:39:00Z,147abc6a,8bab4dff,a6177608,0.0
2025-02-16T14:42:00Z,147abc6a,8bab4dff,a6177608,0.0
2025-02-16T14:45:00Z,147abc6a,8bab4dff,a6177608,0.0
2025-02-16T14:48:00Z,147abc6a,8bab4dff,a6177608,0.0
2025-02-16T14:51:00Z,147abc6a,8bab4dff,a6177608,0.0
2025-02-16T14:54:00Z,147abc6a,8bab4dff,a6177608,0.0
2025-02-16T14:57:00Z,147abc6a,8bab4dff,a6177608,0.0
2025-02-16T15:00:00Z,147abc6a,8bab4dff,a6177608,0.0
2025-02-16T15:03:00Z,147abc6a,8bab4dff,a6177608,0.0
2025-02-16T15:06:00Z,147abc6a,8bab4dff,a6177608,0.0
2025-02-16T15:09:00Z,147abc6a,8bab4dff,a6177608,0.0
2025-02-16T15:12:00Z,147abc6a,8bab4dff,a6177608,0.0
2025-02-16T15:15:00Z,147abc6a,8bab4dff,a6177608,0.0
2025-02-16T15:18:00Z,147abc6a,8bab4dff,a6177608,0.0
2025-02-16T15:21:00Z,147abc6a,8bab4dff,a6177608,0.0
2025-02-16T15:24:00Z,147abc6a,8bab4dff,a6177608,0.0
2025-02-16T15:27:00Z,147abc6a,8bab4dff,a6177608,0.0
2025-02-16T15:30:00Z,147abc6a,8bab4dff,a6177608,0.0
2025-02-16T15:33:00Z,147abc6a,8bab4dff,a6177608,0.0
2025-02-16T15:36:00Z,147abc6a,8bab4dff,a6177608,0.0
2025-02-16T15:39:00Z,147abc6a,8bab4dff,a6177608,0.0
2025-02-16T15:42:00Z,147abc6a,8bab4dff,a6177608,0.0
2025-02-16T15:45:00Z,147abc6a,8bab4dff,a6177608,0.0
2025-02-16T15:48:00Z,147abc6a,8bab4dff,a6177608,0.0
2025-02-16T15:51:00Z,147abc6a,8bab4dff,a6177608,0.0
2025-02-16T15:54:00Z,147abc6a,8bab4dff,a6177608,0.0
2025-02-16T15:57:00Z,147abc6a,8bab4dff,a6177608,0.0
2025-02-16T16:00:00Z,147abc6a,8bab4dff,a6177608,0.0
2025-02-16T16:03:00Z,147abc6a,8bab4dff,a6177608,0.0
2025-02-16T16:06:00Z,147abc6a,8bab4dff,a6177608,0.0
2025-02-16T16:09:00Z,147abc6a,8bab4dff,a6177608,0.0
2025-02-16T16:12:00Z,147abc6a,8bab4dff,a6177608,0.0
2025-02-16T16:15:00Z,147abc6a,8bab4dff,a6177608,0.0
2025-02-16T16:18:00Z,147abc6a,8bab4dff,a6177608,0.0
2025-02-16T16:21:00Z,147abc6a,8bab4dff,a6177608,0.0
2025-02-16T16:24:00Z,147abc6a,8bab4dff,a6177608,0.0
2025-02-16T16:27:00Z,147abc6a,8bab4dff,a6177608,0.0
2025-02-16T16:30:00Z,147abc6a,8bab4dff,a6177608,0.0
2025-02-16T16:33:00Z,147abc6a,8bab4dff,a6177608,0.0
2025-02-16T16:36:00Z,147abc6a,8bab4dff,a6177608,0.0
2025-02-16T16:39:00Z,147abc6a,8bab4dff,a6177608,0.0
2025-02-16T16:42:00Z,147abc6a,8bab4dff,a6177608,0.0
2025-02-16T16:45:00Z,147abc6a,8bab4dff,a6177608,0.0
2025-02-16T16:48:00Z,147abc6a,8bab4dff,a6177608,0.0
2025-02-16T16:51:00Z,147abc6a,8bab4dff,a6177608,0.0
2025-02-16T16:54:00Z,147abc6a,8bab4dff,a6177608,0.0
2025-02-16T16:57:00Z,147abc6a,8bab4dff,a6177608,0.0
2025-02-16T17:00:00Z,147abc6a,8bab4dff,a6177608,0.0
2025-02-16T17:03:00Z,147abc6a,8bab4dff,a6177608,0.0
2025-02-16T17:06:00Z,147abc6a,8bab4dff,a6177608,0.0
2025-02-16T17:09:00Z,147abc6a,8bab4dff,a6177608,0.0
2025-02-16T17:12:00Z,147abc6a,8bab4dff,a6177608,0.0
2025-02-16T17:15:00Z,147abc6a,8bab4dff,a6177608,0.0
2025-02-16T17:18:00Z,147abc6a,8bab4dff,a6177608,0.0
2025-02-16T17:21:00Z,147abc6a,8bab4dff,a6177608,0.0
2025-02-16T17:24:00Z,147abc6a,8bab4dff,a6177608,0.0
2025-02-16T17:27:00Z,147abc6a,8bab4dff,a6177608,0.0
2025-02-16T17:30:00Z,147abc6a,8bab4dff,a6177608,0.0
2025-02-16T17:33:00Z,147abc6a,8bab4dff,a6177608,0.0
2025-02-16T17:36:00Z,147abc6a,8bab4dff,a6177608,0.0
2025-02-16T17:39:00Z,147abc6a,8bab4dff,a6177608,0.0
2025-02-16T17:42:00Z,147abc6a,8bab4dff,a6177608,0.0
2025-02-16T17:45:00Z,147abc6a,8bab4dff,a6177608,0.0
2025-02-16T17:48:00Z,147abc6a,8bab4dff,a6177608,0.0
2025-02-16T17:51:00Z,147abc6a,8bab4dff,a6177608,0.0
2025-02-16T17:54:00Z,147abc6a,8bab4dff,a6177608,0.0
2025-02-16T17:57:00Z,147abc6a,8bab4dff,a6177608,0.0
2025-02-16T18:00:00Z,147abc6a,8bab4dff,a6177608,0.0
2025-02-16T18:03:00Z,147abc6a,8bab4dff,a6177608,0.0
2025-02-16T18:06:00Z,147abc6a,8bab4dff,a6177608,0.0
2025-02-16T18:09:00Z,147abc6a,8bab4dff,a6177608,0.0
2025-02-16T18:12:00Z,147abc6a,8bab4dff,a6177608,0.0
2025-02-16T18:15:00Z,147abc6a,8bab4dff,a6177608,0.0
2025-02-16T18:18:00Z,147abc6a,8bab4dff,a6177608,0.0
2025-02-16T18:21:00Z,147abc6a,8bab4dff,a6177608,0.0
2025-02-16T18:24:00Z,147abc6a,8bab4dff,a6177608,0.0
2025-02-16T18:27:00Z,147abc6a,8bab4dff,a6177608,0.0
2025-02-16T18:30:00Z,147abc6a,8bab4dff,a6177608,0.0
2025-02-16T18:33:00Z,147abc6a,8bab4dff,a6177608,0.0
2025-02-16T18:36:00Z,147abc6a,8bab4dff,a6177608,0.0
2025-02-16T18:39:00Z,147abc6a,8bab4dff,a6177608,0.0
2025-02-16T18:42:00Z,147abc6a,8bab4dff,a6177608,0.0
2025-02-16T18:45:00Z,147abc6a,8bab4dff,a6177608,0.0
2025-02-16T18:48:00Z,147abc6a,8bab4dff,a6177608,0.0
2025-02-16T18:51:00Z,147abc6a,8bab4dff,a6177608,0.0
2025-02-16T18:54:00Z,147abc6a,8bab4dff,a6177608,0.0
2025-02-16T18:57:00Z,147abc6a,8bab4dff,a6177608,0.0
2025-02-16T19:00:00Z,147abc6a,8bab4dff,a6177608,0.0
2025-02-16T19:03:00Z,147abc6a,8bab4dff,a6177608,0.0
2025-02-16T19:06:00Z,147abc6a,8bab4dff,a6177608,0.0
2025-02-16T19:09:00Z,147abc6a,8bab4dff,a6177608,0.0
2025-02-16T19:12:00Z,147abc6a,8bab4dff,a6177608,0.0
2025-02-16T19:15:00Z,147abc6a,8bab4dff,a6177608,0.0
2025-02-16T19:18:00Z,147abc6a,8bab4dff,a6177608,0.0
2025-02-16T19:21:00Z,147abc6a,8bab4dff,a6177608,0.0
2025-02-16T19:24:00Z,147abc6a,8bab4dff,a6177608,0.0
2025-02-16T19:27:00Z,147abc6a,8bab4dff,a6177608,0.0
2025-02-16T19:30:00Z,147abc6a,8bab4dff,a6177608,0.0
2025-02-16T19:33:00Z,147abc6a,8bab4dff,a6177608,0.0
2025-02-16T19:36:00Z,147abc6a,8bab4dff,a6177608,0.0
2025-02-16T19:39:00Z,147abc6a,8bab4dff,a6177608,0.0
2025-02-16T19:42:00Z,147abc6a,8bab4dff,a6177608,0.0
2025-02-16T19:45:00Z,147abc6a,8bab4dff,a6177608,0.0
2025-02-16T19:48:00Z,147abc6a,8bab4dff,a6177608,0.0
2025-02-16T19:51:00Z,147abc6a,8bab4dff,a6177608,0.0
2025-02-16T19:54:00Z,147abc6a,8bab4dff,a6177608,0.0
2025-02-16T19:57:00Z,147abc6a,8bab4dff,a6177608,0.0
2025-02-16T20:00:00Z,147abc6a,8bab4dff,a6177608,0.0
2025-02-16T20:03:00Z,147abc6a,8bab4dff,a6177608,0.0
2025-02-16T20:06:00Z,147abc6a,8bab4dff,a6177608,0.0
2025-02-16T20:09:00Z,147abc6a,8bab4dff,a6177608,0.0
2025-02-16T20:12:00Z,147abc6a,8bab4dff,a6177608,0.0
2025-02-16T20:15:00Z,147abc6a,8bab4dff,a6177608,0.0
2025-02-16T20:18:00Z,147abc6a,8bab4dff,a6177608,0.0
2025-02-16T20:21:00Z,147abc6a,8bab4dff,a6177608,0.0
2025-02-16T20:24:00Z,147abc6a,8bab4dff,a6177608,0.0
2025-02-16T20:27:00Z,147abc6a,8bab4dff,a6177608,0.0
2025-02-16T20:30:00Z,147abc6a,8bab4dff,a6177608,0.0
2025-02-16T20:33:00Z,147abc6a,8bab4dff,a6177608,0.0
2025-02-16T20:36:00Z,147abc6a,8bab4dff,a6177608,0.0
2025-02-16T20:39:00Z,147abc6a,8bab4dff,a6177608,0.0
2025-02-16T20:42:00Z,147abc6a,8bab4dff,a6177608,0.0
2025-02-16T20:45:00Z,147abc6a,8bab4dff,a6177608,0.0
2025-02-16T20:48:00Z,147abc6a,8bab4dff,a6177608,0.0
2025-02-16T20:51:00Z,147abc6a,8bab4dff,a6177608,0.0
2025-02-16T20:54:00Z,147abc6a,8bab4dff,a6177608,0.0
2025-02-16T20:57:00Z,147abc6a,8bab4dff,a6177608,0.0
2025-02-16T21:00:00Z,147abc6a,8bab4dff,a6177608,0.0
2025-02-16T21:03:00Z,147abc6a,8bab4dff,a6177608,0.0
2025-02-16T21:06:00Z,147abc6a,8bab4dff,a6177608,0.0
2025-02-16T21:09:00Z,147abc6a,8bab4dff,a6177608,0.0
2025-02-16T21:12:00Z,147abc6a,8bab4dff,a6177608,0.0
2025-02-16T21:15:00Z,147abc6a,8bab4dff,a6177608,0.0
2025-02-16T21:18:00Z,147abc6a,8bab4dff,a6177608,0.0
2025-02-16T21:21:00Z,147abc6a,8bab4dff,a6177608,0.01
2025-02-16T21:24:00Z,147abc6a,8bab4dff,a6177608,0.0
2025-02-16T21:27:00Z,147abc6a,8bab4dff,a6177608,0.0
2025-02-16T21:30:00Z,147abc6a,8bab4dff,a6177608,0.0
2025-02-16T21:33:00Z,147abc6a,8bab4dff,a6177608,0.0
2025-02-16T21:36:00Z,147abc6a,8bab4dff,a6177608,0.0
2025-02-16T21:39:00Z,147abc6a,8bab4dff,a6177608,0.0
2025-02-16T21:42:00Z,147abc6a,8bab4dff,a6177608,0.0
2025-02-16T21:45:00Z,147abc6a,8bab4dff,a6177608,0.0
2025-02-16T21:48:00Z,147abc6a,8bab4dff,a6177608,0.0
2025-02-16T21:51:00Z,147abc6a,8bab4dff,a6177608,0.0
2025-02-16T21:54:00Z,147abc6a,8bab4dff,a6177608,0.0
2025-02-16T21:57:00Z,147abc6a,8bab4dff,a6177608,0.0
2025-02-16T22:00:00Z,147abc6a,8bab4dff,a6177608,0.0
2025-02-16T22:03:00Z,147abc6a,8bab4dff,a6177608,0.0
2025-02-16T22:06:00Z,147abc6a,8bab4dff,a6177608,0.0
2025-02-16T22:09:00Z,147abc6a,8bab4dff,a6177608,0.0
2025-02-16T22:12:00Z,147abc6a,8bab4dff,a6177608,0.0
2025-02-16T22:15:00Z,147abc6a,8bab4dff,a6177608,0.0
2025-02-16T22:18:00Z,147abc6a,8bab4dff,a6177608,0.0
2025-02-16T22:21:00Z,147abc6a,8bab4dff,a6177608,0.0
2025-02-16T22:24:00Z,147abc6a,8bab4dff,a6177608,0.0
2025-02-16T22:27:00Z,147abc6a,8bab4dff,a6177608,0.0
2025-02-16T22:30:00Z,147abc6a,8bab4dff,a6177608,0.0
2025-02-16T22:33:00Z,147abc6a,8bab4dff,a6177608,0.0
2025-02-16T22:36:00Z,147abc6a,8bab4dff,a6177608,0.0
2025-02-16T22:39:00Z,147abc6a,8bab4dff,a6177608,0.0
2025-02-16T22:42:00Z,147abc6a,8bab4dff,a6177608,0.0
2025-02-16T22:45:00Z,147abc6a,8bab4dff,a6177608,0.0
2025-02-16T22:48:00Z,147abc6a,8bab4dff,a6177608,0.0
2025-02-16T22:51:00Z,147abc6a,8bab4dff,a6177608,0.02
2025-02-16T22:54:00Z,147abc6a,8bab4dff,a6177608,0.0
2025-02-16T22:57:00Z,147abc6a,8bab4dff,a6177608,0.0
2025-02-16T23:00:00Z,147abc6a,8bab4dff,a6177608,0.0
2025-02-16T23:03:00Z,147abc6a,8bab4dff,a6177608,0.0
2025-02-16T23:06:00Z,147abc6a,8bab4dff,a6177608,0.0
2025-02-16T23:09:00Z,147abc6a,8bab4dff,a6177608,0.0
2025-02-16T23:12:00Z,147abc6a,8bab4dff,a6177608,0.0
2025-02-16T23:15:00Z,147abc6a,8bab4dff,a6177608,0.0
2025-02-16T23:18:00Z,147abc6a,8bab4dff,a6177608,0.0
2025-02-16T23:21:00Z,147abc6a,8bab4dff,a6177608,0.0
2025-02-16T23:24:00Z,147abc6a,8bab4dff,a6177608,0.0
2025-02-16T23:27:00Z,147abc6a,8bab4dff,a6177608,0.0
2025-02-16T23:30:00Z,147abc6a,8bab4dff,a6177608,0.0
2025-02-16T23:33:00Z,147abc6a,8bab4dff,a6177608,0.0
2025-02-16T23:36:00Z,147abc6a,8bab4dff,a6177608,0.0
2025-02-16T23:39:00Z,147abc6a,8bab4dff,a6177608,0.0
2025-02-16T23:42:00Z,147abc6a,8bab4dff,a6177608,0.0
2025-02-16T23:45:00Z,147abc6a,8bab4dff,a6177608,0.0
2025-02-16T23:48:00Z,147abc6a,8bab4dff,a6177608,0.0
2025-02-16T23:51:00Z,147abc6a,8bab4dff,a6177608,0.0
2025-02-16T23:54:00Z,147abc6a,8bab4dff,a6177608,0.0
2025-02-16T23:57:00Z,147abc6a,8bab4dff,a6177608,0.0
2025-02-17T00:00:00Z,147abc6a,8bab4dff,a6177608,0.0
2025-02-17T00:03:00Z,147abc6a,8bab4dff,a6177608,0.0
2025-02-17T00:06:00Z,147abc6a,8bab4dff,a6177608,0.0
2025-02-17T00:09:00Z,147abc6a,8bab4dff,a6177608,0.0
2025-02-17T00:12:00Z,147abc6a,8bab4dff,a6177608,0.0
2025-02-17T00:15:00Z,147abc6a,8bab4dff,a6177608,0.0
2025-02-17T00:18:00Z,147abc6a,8bab4dff,a6177608,0.0
2025-02-17T00:21:00Z,147abc6a,8bab4dff,a6177608,0.0
2025-02-17T00:24:00Z,147abc6a,8bab4dff,a6177608,0.0
2025-02-17T00:27:00Z,147abc6a,8bab4dff,a6177608,0.01
2025-02-17T00:30:00Z,147abc6a,8bab4dff,a6177608,0.01
2025-02-17T00:33:00Z,147abc6a,8bab4dff,a6177608,0.0
2025-02-17T00:36:00Z,147abc6a,8bab4dff,a6177608,0.0
2025-02-17T00:39:00Z,147abc6a,8bab4dff,a6177608,0.0
2025-02-17T00:42:00Z,147abc6a,8bab4dff,a6177608,0.0
2025-02-17T00:45:00Z,147abc6a,8bab4dff,a6177608,0.0
2025-02-17T00:48:00Z,147abc6a,8bab4dff,a6177608,0.0
2025-02-17T00:51:00Z,147abc6a,8bab4dff,a6177608,0.0
2025-02-17T00:54:00Z,147abc6a,8bab4dff,a6177608,0.0
2025-02-17T00:57:00Z,147abc6a,8bab4dff,a6177608,0.0
2025-02-17T01:00:00Z,147abc6a,8bab4dff,a6177608,0.0
2025-02-17T01:03:00Z,147abc6a,8bab4dff,a6177608,0.0
2025-02-17T01:06:00Z,147abc6a,8bab4dff,a6177608,0.0
2025-02-17T01:09:00Z,147abc6a,8bab4dff,a6177608,0.0
2025-02-17T01:12:00Z,147abc6a,8bab4dff,a6177608,0.0
2025-02-17T01:15:00Z,147abc6a,8bab4dff,a6177608,0.0
2025-02-17T01:18:00Z,147abc6a,8bab4dff,a6177608,0.0
2025-02-17T01:21:00Z,147abc6a,8bab4dff,a6177608,0.0
2025-02-17T01:24:00Z,147abc6a,8bab4dff,a6177608,0.0
2025-02-17T01:27:00Z,147abc6a,8bab4dff,a6177608,0.0
2025-02-17T01:30:00Z,147abc6a,8bab4dff,a6177608,0.0
2025-02-17T01:33:00Z,147abc6a,8bab4dff,a6177608,0.0
2025-02-17T01:36:00Z,147abc6a,8bab4dff,a6177608,0.0
2025-02-17T01:39:00Z,147abc6a,8bab4dff,a6177608,0.0
2025-02-17T01:42:00Z,147abc6a,8bab4dff,a6177608,0.01
2025-02-17T01:45:00Z,147abc6a,8bab4dff,a6177608,0.0
2025-02-17T01:48:00Z,147abc6a,8bab4dff,a6177608,0.0
2025-02-17T01:51:00Z,147abc6a,8bab4dff,a6177608,0.0
2025-02-17T01:54:00Z,147abc6a,8bab4dff,a6177608,0.0
2025-02-17T01:57:00Z,147abc6a,8bab4dff,a6177608,0.0
2025-02-17T02:00:00Z,147abc6a,8bab4dff,a6177608,0.0
2025-02-17T02:03:00Z,147abc6a,8bab4dff,a6177608,0.0
2025-02-17T02:06:00Z,147abc6a,8bab4dff,a6177608,0.0
2025-02-17T02:09:00Z,147abc6a,8bab4dff,a6177608,0.0
2025-02-17T02:12:00Z,147abc6a,8bab4dff,a6177608,0.0
2025-02-17T02:15:00Z,147abc6a,8bab4dff,a6177608,0.0
2025-02-17T02:18:00Z,147abc6a,8bab4dff,a6177608,0.0
2025-02-17T02:21:00Z,147abc6a,8bab4dff,a6177608,0.0
2025-02-17T02:24:00Z,147abc6a,8bab4dff,a6177608,0.0
2025-02-17T02:27:00Z,147abc6a,8bab4dff,a6177608,0.0
2025-02-17T02:30:00Z,147abc6a,8bab4dff,a6177608,0.0
2025-02-17T02:33:00Z,147abc6a,8bab4dff,a6177608,0.0
2025-02-17T02:36:00Z,147abc6a,8bab4dff,a6177608,0.0
2025-02-17T02:39:00Z,147abc6a,8bab4dff,a6177608,0.0
2025-02-17T02:42:00Z,147abc6a,8bab4dff,a6177608,0.0
2025-02-17T02:45:00Z,147abc6a,8bab4dff,a6177608,0.0
2025-02-17T02:48:00Z,147abc6a,8bab4dff,a6177608,0.0
2025-02-17T02:51:00Z,147abc6a,8bab4dff,a6177608,0.0
2025-02-17T02:54:00Z,147abc6a,8bab4dff,a6177608,0.0
2025-02-17T02:57:00Z,147abc6a,8bab4dff,a6177608,0.0
2025-02-17T03:00:00Z,147abc6a,8bab4dff,a6177608,0.0
2025-02-17T03:03:00Z,147abc6a,8bab4dff,a6177608,0.0
2025-02-17T03:06:00Z,147abc6a,8bab4dff,a6177608,0.0
2025-02-17T03:09:00Z,147abc6a,8bab4dff,a6177608,0.0
2025-02-17T03:12:00Z,147abc6a,8bab4dff,a6177608,0.0
2025-02-17T03:15:00Z,147abc6a,8bab4dff,a6177608,0.01
2025-02-17T03:18:00Z,147abc6a,8bab4dff,a6177608,0.0
2025-02-17T03:21:00Z,147abc6a,8bab4dff,a6177608,0.0
2025-02-17T03:24:00Z,147abc6a,8bab4dff,a6177608,0.0
2025-02-17T03:27:00Z,147abc6a,8bab4dff,a6177608,0.0
2025-02-17T03:30:00Z,147abc6a,8bab4dff,a6177608,0.0
2025-02-17T03:33:00Z,147abc6a,8bab4dff,a6177608,0.0
2025-02-17T03:36:00Z,147abc6a,8bab4dff,a6177608,0.0
2025-02-17T03:39:00Z,147abc6a,8bab4dff,a6177608,0.0
2025-02-17T03:42:00Z,147abc6a,8bab4dff,a6177608,0.0
2025-02-17T03:45:00Z,147abc6a,8bab4dff,a6177608,0.0
2025-02-17T03:48:00Z,147abc6a,8bab4dff,a6177608,0.0
2025-02-17T03:51:00Z,147abc6a,8bab4dff,a6177608,0.0
2025-02-17T03:54:00Z,147abc6a,8bab4dff,a6177608,0.0
2025-02-17T03:57:00Z,147abc6a,8bab4dff,a6177608,0.0
2025-02-17T04:00:00Z,147abc6a,8bab4dff,a6177608,0.0
2025-02-17T04:03:00Z,147abc6a,8bab4dff,a6177608,0.0
2025-02-17T04:06:00Z,147abc6a,8bab4dff,a6177608,0.0
2025-02-17T04:09:00Z,147abc6a,8bab4dff,a6177608,0.0
2025-02-17T04:12:00Z,147abc6a,8bab4dff,a6177608,0.0
2025-02-17T04:15:00Z,147abc6a,8bab4dff,a6177608,0.0
2025-02-17T04:18:00Z,147abc6a,8bab4dff,a6177608,0.0
2025-02-17T04:21:00Z,147abc6a,8bab4dff,a6177608,0.0
2025-02-17T04:24:00Z,147abc6a,8bab4dff,a6177608,0.0
2025-02-17T04:27:00Z,147abc6a,8bab4dff,a6177608,0.0
2025-02-17T04:30:00Z,147abc6a,8bab4dff,a6177608,0.0
2025-02-17T04:33:00Z,147abc6a,8bab4dff,a6177608,0.0
2025-02-17T04:36:00Z,147abc6a,8bab4dff,a6177608,0.0
2025-02-17T04:39:00Z,147abc6a,8bab4dff,a6177608,0.0
2025-02-17T04:42:00Z,147abc6a,8bab4dff,a6177608,0.0
2025-02-17T04:45:00Z,147abc6a,8bab4dff,a6177608,0.0
2025-02-17T04:48:00Z,147abc6a,8bab4dff,a6177608,0.0
2025-02-17T04:51:00Z,147abc6a,8bab4dff,a6177608,0.0
2025-02-17T04:54:00Z,147abc6a,8bab4dff,a6177608,0.0
2025-02-17T04:57:00Z,147abc6a,8bab4dff,a6177608,0.0
2025-02-17T05:00:00Z,147abc6a,8bab4dff,a6177608,0.0
2025-02-17T05:03:00Z,147abc6a,8bab4dff,a6177608,0.0
2025-02-17T05:06:00Z,147abc6a,8bab4dff,a6177608,0.0
2025-02-17T05:09:00Z,147abc6a,8bab4dff,a6177608,0.0
2025-02-17T05:12:00Z,147abc6a,8bab4dff,a6177608,0.0
2025-02-17T05:15:00Z,147abc6a,8bab4dff,a6177608,0.0
2025-02-17T05:18:00Z,147abc6a,8bab4dff,a6177608,0.0
2025-02-17T05:21:00Z,147abc6a,8bab4dff,a6177608,0.0
2025-02-17T05:24:00Z,147abc6a,8bab4dff,a6177608,0.0
2025-02-17T05:27:00Z,147abc6a,8bab4dff,a6177608,0.0
2025-02-17T05:30:00Z,147abc6a,8bab4dff,a6177608,0.0
2025-02-17T05:33:00Z,147abc6a,8bab4dff,a6177608,0.0
2025-02-17T05:36:00Z,147abc6a,8bab4dff,a6177608,0.0
2025-02-17T05:39:00Z,147abc6a,8bab4dff,a6177608,0.0
2025-02-17T05:42:00Z,147abc6a,8bab4dff,a6177608,0.0
2025-02-17T05:45:00Z,147abc6a,8bab4dff,a6177608,0.0
2025-02-17T05:48:00Z,147abc6a,8bab4dff,a6177608,0.0
2025-02-17T05:51:00Z,147abc6a,8bab4dff,a6177608,0.0
2025-02-17T05:54:00Z,147abc6a,8bab4dff,a6177608,0.0
2025-02-17T05:57:00Z,147abc6a,8bab4dff,a6177608,0.0
2025-02-17T06:00:00Z,147abc6a,8bab4dff,a6177608,0.0
2025-02-17T06:03:00Z,147abc6a,8bab4dff,a6177608,0.0
2025-02-17T06:06:00Z,147abc6a,8bab4dff,a6177608,0.0
2025-02-17T06:09:00Z,147abc6a,8bab4dff,a6177608,0.0
2025-02-17T06:12:00Z,147abc6a,8bab4dff,a6177608,0.0
2025-02-17T06:15:00Z,147abc6a,8bab4dff,a6177608,0.02
2025-02-17T06:18:00Z,147abc6a,8bab4dff,a6177608,0.02
2025-02-17T06:21:00Z,147abc6a,8bab4dff,a6177608,0.0
2025-02-17T06:24:00Z,147abc6a,8bab4dff,a6177608,0.0
2025-02-17T06:27:00Z,147abc6a,8bab4dff,a6177608,0.0
2025-02-17T06:30:00Z,147abc6a,8bab4dff,a6177608,0.0
2025-02-17T06:33:00Z,147abc6a,8bab4dff,a6177608,0.0
2025-02-17T06:36:00Z,147abc6a,8bab4dff,a6177608,0.0
2025-02-17T06:39:00Z,147abc6a,8bab4dff,a6177608,0.0
2025-02-17T06:42:00Z,147abc6a,8bab4dff,a6177608,0.0
2025-02-17T06:45:00Z,147abc6a,8bab4dff,a6177608,0.0
2025-02-17T06:48:00Z,147abc6a,8bab4dff,a6177608,0.0
2025-02-17T06:51:00Z,147abc6a,8bab4dff,a6177608,0.0
2025-02-17T06:54:00Z,147abc6a,8bab4dff,a6177608,0.0
2025-02-17T06:57:00Z,147abc6a,8bab4dff,a6177608,0.0
2025-02-17T07:00:00Z,147abc6a,8bab4dff,a6177608,0.0
2025-02-17T07:03:00Z,147abc6a,8bab4dff,a6177608,0.0
2025-02-17T07:06:00Z,147abc6a,8bab4dff,a6177608,0.0
2025-02-17T07:09:00Z,147abc6a,8bab4dff,a6177608,0.0
2025-02-17T07:12:00Z,147abc6a,8bab4dff,a6177608,0.0
2025-02-17T07:15:00Z,147abc6a,8bab4dff,a6177608,0.0
2025-02-17T07:18:00Z,147abc6a,8bab4dff,a6177608,0.0
2025-02-17T07:21:00Z,147abc6a,8bab4dff,a6177608,0.0
2025-02-17T07:24:00Z,147abc6a,8bab4dff,a6177608,0.0
2025-02-17T07:27:00Z,147abc6a,8bab4dff,a6177608,0.0
2025-02-17T07:30:00Z,147abc6a,8bab4dff,a6177608,0.0
2025-02-17T07:33:00Z,147abc6a,8bab4dff,a6177608,0.0
2025-02-17T07:36:00Z,147abc6a,8bab4dff,a6177608,0.0
2025-02-17T07:39:00Z,147abc6a,8bab4dff,a6177608,0.0
2025-02-17T07:42:00Z,147abc6a,8bab4dff,a6177608,0.0
2025-02-17T07:45:00Z,147abc6a,8bab4dff,a6177608,0.0
2025-02-17T07:48:00Z,147abc6a,8bab4dff,a6177608,0.0
2025-02-17T07:51:00Z,147abc6a,8bab4dff,a6177608,0.0
2025-02-17T07:54:00Z,147abc6a,8bab4dff,a6177608,0.0
2025-02-17T07:57:00Z,147abc6a,8bab4dff,a6177608,0.0
2025-02-17T08:00:00Z,147abc6a,8bab4dff,a6177608,0.0
2025-02-17T08:03:00Z,147abc6a,8bab4dff,a6177608,0.0
2025-02-17T08:06:00Z,147abc6a,8bab4dff,a6177608,0.0
2025-02-17T08:09:00Z,147abc6a,8bab4dff,a6177608,0.0
2025-02-17T08:12:00Z,147abc6a,8bab4dff,a6177608,0.0
2025-02-17T08:15:00Z,147abc6a,8bab4dff,a6177608,0.0
2025-02-17T08:18:00Z,147abc6a,8bab4dff,a6177608,0.0
2025-02-17T08:21:00Z,147abc6a,8bab4dff,a6177608,0.0
2025-02-17T08:24:00Z,147abc6a,8bab4dff,a6177608,0.0
2025-02-17T08:27:00Z,147abc6a,8bab4dff,a6177608,0.0
2025-02-17T08:30:00Z,147abc6a,8bab4dff,a6177608,0.0
2025-02-17T08:33:00Z,147abc6a,8bab4dff,a6177608,0.0
2025-02-17T08:36:00Z,147abc6a,8bab4dff,a6177608,0.0
2025-02-17T08:39:00Z,147abc6a,8bab4dff,a6177608,0.0
2025-02-17T08:42:00Z,147abc6a,8bab4dff,a6177608,0.0
2025-02-17T08:45:00Z,147abc6a,8bab4dff,a6177608,0.0
2025-02-17T08:48:00Z,147abc6a,8bab4dff,a6177608,0.0
2025-02-17T08:51:00Z,147abc6a,8bab4dff,a6177608,0.0
2025-02-17T08:54:00Z,147abc6a,8bab4dff,a6177608,0.0
2025-02-17T08:57:00Z,147abc6a,8bab4dff,a6177608,0.0
2025-02-17T09:00:00Z,147abc6a,8bab4dff,a6177608,0.0
2025-02-17T09:03:00Z,147abc6a,8bab4dff,a6177608,0.0
2025-02-17T09:06:00Z,147abc6a,8bab4dff,a6177608,0.0
2025-02-17T09:09:00Z,147abc6a,8bab4dff,a6177608,0.0
2025-02-17T09:12:00Z,147abc6a,8bab4dff,a6177608,0.0
2025-02-17T09:15:00Z,147abc6a,8bab4dff,a6177608,0.0
2025-02-17T09:18:00Z,147abc6a,8bab4dff,a6177608,0.0
2025-02-17T09:21:00Z,147abc6a,8bab4dff,a6177608,0.0
2025-02-17T09:24:00Z,147abc6a,8bab4dff,a6177608,0.0
2025-02-17T09:27:00Z,147abc6a,8bab4dff,a6177608,0.0
2025-02-17T09:30:00Z,147abc6a,8bab4dff,a6177608,0.0
2025-02-17T09:33:00Z,147abc6a,8bab4dff,a6177608,0.0
2025-02-17T09:36:00Z,147abc6a,8bab4dff,a6177608,0.0
2025-02-17T09:39:00Z,147abc6a,8bab4dff,a6177608,0.0
2025-02-17T09:42:00Z,147abc6a,8bab4dff,a6177608,0.0
2025-02-17T09:45:00Z,147abc6a,8bab4dff,a6177608,0.0
2025-02-17T09:48:00Z,147abc6a,8bab4dff,a6177608,0.0
2025-02-17T09:51:00Z,147abc6a,8bab4dff,a6177608,0.03
2025-02-17T09:54:00Z,147abc6a,8bab4dff,a6177608,0.0
2025-02-17T09:57:00Z,147abc6a,8bab4dff,a6177608,0.0
2025-02-17T10:00:00Z,147abc6a,8bab4dff,a6177608,0.0
2025-02-17T10:03:00Z,147abc6a,8bab4dff,a6177608,0.0
2025-02-17T10:06:00Z,147abc6a,8bab4dff,a6177608,0.0
2025-02-17T10:09:00Z,147abc6a,8bab4dff,a6177608,0.0
2025-02-17T10:12:00Z,147abc6a,8bab4dff,a6177608,0.0
2025-02-17T10:15:00Z,147abc6a,8bab4dff,a6177608,0.0
2025-02-17T10:18:00Z,147abc6a,8bab4dff,a6177608,0.0
2025-02-17T10:21:00Z,147abc6a,8bab4dff,a6177608,0.0
2025-02-17T10:24:00Z,147abc6a,8bab4dff,a6177608,0.0
2025-02-17T10:27:00Z,147abc6a,8bab4dff,a6177608,0.0
2025-02-17T10:30:00Z,147abc6a,8bab4dff,a6177608,0.0
2025-02-17T10:33:00Z,147abc6a,8bab4dff,a6177608,0.0
2025-02-17T10:36:00Z,147abc6a,8bab4dff,a6177608,0.0
2025-02-17T10:39:00Z,147abc6a,8bab4dff,a6177608,0.0
2025-02-17T10:42:00Z,147abc6a,8bab4dff,a6177608,0.0
2025-02-17T10:45:00Z,147abc6a,8bab4dff,a6177608,0.0
2025-02-17T10:48:00Z,147abc6a,8bab4dff,a6177608,0.0
2025-02-17T10:51:00Z,147abc6a,8bab4dff,a6177608,0.0
2025-02-17T10:54:00Z,147abc6a,8bab4dff,a6177608,0.0
2025-02-17T10:57:00Z,147abc6a,8bab4dff,a6177608,0.0
2025-02-17T11:00:00Z,147abc6a,8bab4dff,a6177608,0.0
2025-02-17T11:03:00Z,147abc6a,8bab4dff,a6177608,0.0
2025-02-17T11:06:00Z,147abc6a,8bab4dff,a6177608,0.0
2025-02-17T11:09:00Z,147abc6a,8bab4dff,a6177608,0.0
2025-02-17T11:12:00Z,147abc6a,8bab4dff,a6177608,0.0
2025-02-17T11:15:00Z,147abc6a,8bab4dff,a6177608,0.0
2025-02-17T11:18:00Z,147abc6a,8bab4dff,a6177608,0.0
2025-02-17T11:21:00Z,147abc6a,8bab4dff,a6177608,0.0
2025-02-17T11:24:00Z,147abc6a,8bab4dff,a6177608,0.0
2025-02-17T11:27:00Z,147abc6a,8bab4dff,a6177608,0.0
2025-02-17T11:30:00Z,147abc6a,8bab4dff,a6177608,0.0
2025-02-17T11:33:00Z,147abc6a,8bab4dff,a6177608,0.0
2025-02-17T11:36:00Z,147abc6a,8bab4dff,a6177608,0.0
2025-02-17T11:39:00Z,147abc6a,8bab4dff,a6177608,0.0
2025-02-17T11:42:00Z,147abc6a,8bab4dff,a6177608,0.0
2025-02-17T11:45:00Z,147abc6a,8bab4dff,a6177608,0.0
2025-02-17T11:48:00Z,147abc6a,8bab4dff,a6177608,0.0
2025-02-17T11:51:00Z,147abc6a,8bab4dff,a6177608,0.0
2025-02-17T11:54:00Z,147abc6a,8bab4dff,a6177608,0.0
2025-02-17T11:57:00Z,147abc6a,8bab4dff,a6177608,0.0
2025-02-17T12:00:00Z,147abc6a,8bab4dff,a6177608,0.0
2025-02-17T12:03:00Z,147abc6a,8bab4dff,a6177608,0.0
2025-02-17T12:06:00Z,147abc6a,8bab4dff,a6177608,0.0
2025-02-17T12:09:00Z,147abc6a,8bab4dff,a6177608,0.0
2025-02-17T12:12:00Z,147abc6a,8bab4dff,a6177608,0.0
2025-02-17T12:15:00Z,147abc6a,8bab4dff,a6177608,0.0
2025-02-17T12:18:00Z,147abc6a,8bab4dff,a6177608,0.0
2025-02-17T12:21:00Z,147abc6a,8bab4dff,a6177608,0.0
2025-02-17T12:24:00Z,147abc6a,8bab4dff,a6177608,0.0
2025-02-17T12:27:00Z,147abc6a,8bab4dff,a6177608,0.0
2025-02-17T12:30:00Z,147abc6a,8bab4dff,a6177608,0.0
2025-02-17T12:33:00Z,147abc6a,8bab4dff,a6177608,0.0
2025-02-17T12:36:00Z,147abc6a,8bab4dff,a6177608,0.0
2025-02-17T12:39:00Z,147abc6a,8bab4dff,a6177608,0.0
2025-02-17T12:42:00Z,147abc6a,8bab4dff,a6177608,0.0
2025-02-17T12:45:00Z,147abc6a,8bab4dff,a6177608,0.0
2025-02-17T12:48:00Z,147abc6a,8bab4dff,a6177608,0.0
2025-02-17T12:51:00Z,147abc6a,8bab4dff,a6177608,0.0
2025-02-17T12:54:00Z,147abc6a,8bab4dff,a6177608,0.0
2025-02-17T12:57:00Z,147abc6a,8bab4dff,a6177608,0.0
2025-02-17T13:00:00Z,147abc6a,8bab4dff,a6177608,0.0
2025-02-17T13:03:00Z,147abc6a,8bab4dff,a6177608,0.0
2025-02-17T13:06:00Z,147abc6a,8bab4dff,a6177608,0.0
2025-02-17T13:09:00Z,147abc6a,8bab4dff,a6177608,0.0
2025-02-17T13:12:00Z,147abc6a,8bab4dff,a6177608,0.0
2025-02-17T13:15:00Z,147abc6a,8bab4dff,a6177608,0.0
2025-02-17T13:18:00Z,147abc6a,8bab4dff,a6177608,0.0
2025-02-17T13:21:00Z,147abc6a,8bab4dff,a6177608,0.0
2025-02-17T13:24:00Z,147abc6a,8bab4dff,a6177608,0.0
2025-02-17T13:27:00Z,147abc6a,8bab4dff,a6177608,0.0
2025-02-17T13:30:00Z,147abc6a,8bab4dff,a6177608,0.0
2025-02-17T13:33:00Z,147abc6a,8bab4dff,a6177608,0.0
2025-02-17T13:36:00Z,147abc6a,8bab4dff,a6177608,0.0
2025-02-17T13:39:00Z,147abc6a,8bab4dff,a6177608,0.0
2025-02-17T13:42:00Z,147abc6a,8bab4dff,a6177608,0.0
2025-02-17T13:45:00Z,147abc6a,8bab4dff,a6177608,0.0
2025-02-17T13:48:00Z,147abc6a,8bab4dff,a6177608,0.0
2025-02-17T13:51:00Z,147abc6a,8bab4dff,a6177608,0.0
2025-02-17T13:54:00Z,147abc6a,8bab4dff,a6177608,0.0
2025-02-17T13:57:00Z,147abc6a,8bab4dff,a6177608,0.0
2025-02-17T14:00:00Z,147abc6a,8bab4dff,a6177608,0.0
2025-02-17T14:03:00Z,147abc6a,8bab4dff,a6177608,0.0
2025-02-17T14:06:00Z,147abc6a,8bab4dff,a6177608,0.0
2025-02-17T14:09:00Z,147abc6a,8bab4dff,a6177608,0.0
2025-02-17T14:12:00Z,147abc6a,8bab4dff,a6177608,0.0
2025-02-17T14:15:00Z,147abc6a,8bab4dff,a6177608,0.0
2025-02-17T14:18:00Z,147abc6a,8bab4dff,a6177608,0.0
2025-02-17T14:21:00Z,147abc6a,8bab4dff,a6177608,0.0
2025-02-17T14:24:00Z,147abc6a,8bab4dff,a6177608,0.0
2025-02-17T14:27:00Z,147abc6a,8bab4dff,a6177608,0.0
2025-02-17T14:30:00Z,147abc6a,8bab4dff,a6177608,0.0
2025-02-17T14:33:00Z,147abc6a,8bab4dff,a6177608,0.0
2025-02-17T14:36:00Z,147abc6a,8bab4dff,a6177608,0.0
2025-02-17T14:39:00Z,147abc6a,8bab4dff,a6177608,0.0
2025-02-17T14:42:00Z,147abc6a,8bab4dff,a6177608,0.0
2025-02-17T14:45:00Z,147abc6a,8bab4dff,a6177608,0.0
2025-02-17T14:48:00Z,147abc6a,8bab4dff,a6177608,0.0
2025-02-17T14:51:00Z,147abc6a,8bab4dff,a6177608,0.0
2025-02-17T14:54:00Z,147abc6a,8bab4dff,a6177608,0.0
2025-02-17T14:57:00Z,147abc6a,8bab4dff,a6177608,0.0
2025-02-17T15:00:00Z,147abc6a,8bab4dff,a6177608,0.0
2025-02-17T15:03:00Z,147abc6a,8bab4dff,a6177608,0.0
2025-02-17T15:06:00Z,147abc6a,8bab4dff,a6177608,0.0
2025-02-17T15:09:00Z,147abc6a,8bab4dff,a6177608,0.0
2025-02-17T15:12:00Z,147abc6a,8bab4dff,a6177608,0.0
2025-02-17T15:15:00Z,147abc6a,8bab4dff,a6177608,0.0
2025-02-17T15:18:00Z,147abc6a,8bab4dff,a6177608,0.0
2025-02-17T15:21:00Z,147abc6a,8bab4dff,a6177608,0.0
2025-02-17T15:24:00Z,147abc6a,8bab4dff,a6177608,0.0
2025-02-17T15:27:00Z,147abc6a,8bab4dff,a6177608,0.0
2025-02-17T15:30:00Z,147abc6a,8bab4dff,a6177608,0.0
2025-02-17T15:33:00Z,147abc6a,8bab4dff,a6177608,0.0
2025-02-17T15:36:00Z,147abc6a,8bab4dff,a6177608,0.0
2025-02-17T15:39:00Z,147abc6a,8bab4dff,a6177608,0.0
2025-02-17T15:42:00Z,147abc6a,8bab4dff,a6177608,0.0
2025-02-17T15:45:00Z,147abc6a,8bab4dff,a6177608,0.0
2025-02-17T15:48:00Z,147abc6a,8bab4dff,a6177608,0.0
2025-02-17T15:51:00Z,147abc6a,8bab4dff,a6177608,0.0
2025-02-17T15:54:00Z,147abc6a,8bab4dff,a6177608,0.0
2025-02-17T15:57:00Z,147abc6a,8bab4dff,a6177608,0.0
2025-02-17T16:00:00Z,147abc6a,8bab4dff,a6177608,0.0
2025-02-17T16:03:00Z,147abc6a,8bab4dff,a6177608,0.0
2025-02-17T16:06:00Z,147abc6a,8bab4dff,a6177608,0.0
2025-02-17T16:09:00Z,147abc6a,8bab4dff,a6177608,0.0
2025-02-17T16:12:00Z,147abc6a,8bab4dff,a6177608,0.0
2025-02-17T16:15:00Z,147abc6a,8bab4dff,a6177608,0.0
2025-02-17T16:18:00Z,147abc6a,8bab4dff,a6177608,0.0
2025-02-17T16:21:00Z,147abc6a,8bab4dff,a6177608,0.0
2025-02-17T16:24:00Z,147abc6a,8bab4dff,a6177608,0.0
2025-02-17T16:27:00Z,147abc6a,8bab4dff,a6177608,0.0
2025-02-17T16:30:00Z,147abc6a,8bab4dff,a6177608,0.0
2025-02-17T16:33:00Z,147abc6a,8bab4dff,a6177608,0.0
2025-02-17T16:36:00Z,147abc6a,8bab4dff,a6177608,0.0
2025-02-17T16:39:00Z,147abc6a,8bab4dff,a6177608,0.0
2025-02-17T16:42:00Z,147abc6a,8bab4dff,a6177608,0.0
2025-02-17T16:45:00Z,147abc6a,8bab4dff,a6177608,0.0
2025-02-17T16:48:00Z,147abc6a,8bab4dff,a6177608,0.0
2025-02-17T16:51:00Z,147abc6a,8bab4dff,a6177608,0.0
2025-02-17T16:54:00Z,147abc6a,8bab4dff,a6177608,0.0
2025-02-17T16:57:00Z,147abc6a,8bab4dff,a6177608,0.0
2025-02-17T17:00:00Z,147abc6a,8bab4dff,a6177608,0.0
2025-02-17T17:03:00Z,147abc6a,8bab4dff,a6177608,0.0
2025-02-17T17:06:00Z,147abc6a,8bab4dff,a6177608,0.0
2025-02-17T17:09:00Z,147abc6a,8bab4dff,a6177608,0.0
2025-02-17T17:12:00Z,147abc6a,8bab4dff,a6177608,0.0
2025-02-17T17:15:00Z,147abc6a,8bab4dff,a6177608,0.0
2025-02-17T17:18:00Z,147abc6a,8bab4dff,a6177608,0.0
2025-02-17T17:21:00Z,147abc6a,8bab4dff,a6177608,0.0
2025-02-17T17:24:00Z,147abc6a,8bab4dff,a6177608,0.0
2025-02-17T17:27:00Z,147abc6a,8bab4dff,a6177608,0.0
2025-02-17T17:30:00Z,147abc6a,8bab4dff,a6177608,0.0
2025-02-17T17:33:00Z,147abc6a,8bab4dff,a6177608,0.0
2025-02-17T17:36:00Z,147abc6a,8bab4dff,a6177608,0.0
2025-02-17T17:39:00Z,147abc6a,8bab4dff,a6177608,0.0
2025-02-17T17:42:00Z,147abc6a,8bab4dff,a6177608,0.0
2025-02-17T17:45:00Z,147abc6a,8bab4dff,a6177608,0.0
2025-02-17T17:48:00Z,147abc6a,8bab4dff,a6177608,0.0
2025-02-17T17:51:00Z,147abc6a,8bab4dff,a6177608,0.0
2025-02-17T17:54:00Z,147abc6a,8bab4dff,a6177608,0.0
2025-02-17T17:57:00Z,147abc6a,8bab4dff,a6177608,0.01
2025-02-17T18:00:00Z,147abc6a,8bab4dff,a6177608,0.0
2025-02-17T18:03:00Z,147abc6a,8bab4dff,a6177608,0.0
2025-02-17T18:06:00Z,147abc6a,8bab4dff,a6177608,0.0
2025-02-17T18:09:00Z,147abc6a,8bab4dff,a6177608,0.0
2025-02-17T18:12:00Z,147abc6a,8bab4dff,a6177608,0.0
2025-02-17T18:15:00Z,147abc6a,8bab4dff,a6177608,0.0
2025-02-17T18:18:00Z,147abc6a,8bab4dff,a6177608,0.0
2025-02-17T18:21:00Z,147abc6a,8bab4dff,a6177608,0.0
2025-02-17T18:24:00Z,147abc6a,8bab4dff,a6177608,0.0
2025-02-17T18:27:00Z,147abc6a,8bab4dff,a6177608,0.0
2025-02-17T18:30:00Z,147abc6a,8bab4dff,a6177608,0.0
2025-02-17T18:33:00Z,147abc6a,8bab4dff,a6177608,0.0
2025-02-17T18:36:00Z,147abc6a,8bab4dff,a6177608,0.0
2025-02-17T18:39:00Z,147abc6a,8bab4dff,a6177608,0.0
2025-02-17T18:42:00Z,147abc6a,8bab4dff,a6177608,0.0
2025-02-17T18:45:00Z,147abc6a,8bab4dff,a6177608,0.0
2025-02-17T18:48:00Z,147abc6a,8bab4dff,a6177608,0.0
2025-02-17T18:51:00Z,147abc6a,8bab4dff,a6177608,0.0
2025-02-17T18:54:00Z,147abc6a,8bab4dff,a6177608,0.0
2025-02-17T18:57:00Z,147abc6a,8bab4dff,a6177608,0.0
2025-02-17T19:00:00Z,147abc6a,8bab4dff,a6177608,0.0
2025-02-17T19:03:00Z,147abc6a,8bab4dff,a6177608,0.0
2025-02-17T19:06:00Z,147abc6a,8bab4dff,a6177608,0.0
2025-02-17T19:09:00Z,147abc6a,8bab4dff,a6177608,0.0
2025-02-17T19:12:00Z,147abc6a,8bab4dff,a6177608,0.0
2025-02-17T19:15:00Z,147abc6a,8bab4dff,a6177608,0.0
2025-02-17T19:18:00Z,147abc6a,8bab4dff,a6177608,0.0
2025-02-17T19:21:00Z,147abc6a,8bab4dff,a6177608,0.0
2025-02-17T19:24:00Z,147abc6a,8bab4dff,a6177608,0.0
2025-02-17T19:27:00Z,147abc6a,8bab4dff,a6177608,0.0
2025-02-17T19:30:00Z,147abc6a,8bab4dff,a6177608,0.0
2025-02-17T19:33:00Z,147abc6a,8bab4dff,a6177608,0.0
2025-02-17T19:36:00Z,147abc6a,8bab4dff,a6177608,0.0
2025-02-17T19:39:00Z,147abc6a,8bab4dff,a6177608,0.0
2025-02-17T19:42:00Z,147abc6a,8bab4dff,a6177608,0.0
2025-02-17T19:45:00Z,147abc6a,8bab4dff,a6177608,0.0
2025-02-17T19:48:00Z,147abc6a,8bab4dff,a6177608,0.0
2025-02-17T19:51:00Z,147abc6a,8bab4dff,a6177608,0.0
2025-02-17T19:54:00Z,147abc6a,8bab4dff,a6177608,0.0
2025-02-17T19:57:00Z,147abc6a,8bab4dff,a6177608,0.0
2025-02-17T20:00:00Z,147abc6a,8bab4dff,a6177608,0.0
2025-02-17T20:03:00Z,147abc6a,8bab4dff,a6177608,0.0
2025-02-17T20:06:00Z,147abc6a,8bab4dff,a6177608,0.0
2025-02-17T20:09:00Z,147abc6a,8bab4dff,a6177608,0.0
2025-02-17T20:12:00Z,147abc6a,8bab4dff,a6177608,0.0
2025-02-17T20:15:00Z,147abc6a,8bab4dff,a6177608,0.0
2025-02-17T20:18:00Z,147abc6a,8bab4dff,a6177608,0.0
2025-02-17T20:21:00Z,147abc6a,8bab4dff,a6177608,0.0
2025-02-17T20:24:00Z,147abc6a,8bab4dff,a6177608,0.01
2025-02-17T20:27:00Z,147abc6a,8bab4dff,a6177608,0.0
2025-02-17T20:30:00Z,147abc6a,8bab4dff,a6177608,0.0
2025-02-17T20:33:00Z,147abc6a,8bab4dff,a6177608,0.0
2025-02-17T20:36:00Z,147abc6a,8bab4dff,a6177608,0.0
2025-02-17T20:39:00Z,147abc6a,8bab4dff,a6177608,0.0
2025-02-17T20:42:00Z,147abc6a,8bab4dff,a6177608,0.0
2025-02-17T20:45:00Z,147abc6a,8bab4dff,a6177608,0.0
2025-02-17T20:48:00Z,147abc6a,8bab4dff,a6177608,0.0
2025-02-17T20:51:00Z,147abc6a,8bab4dff,a6177608,0.0
2025-02-17T20:54:00Z,147abc6a,8bab4dff,a6177608,0.0
2025-02-17T20:57:00Z,147abc6a,8bab4dff,a6177608,0.0
2025-02-17T21:00:00Z,147abc6a,8bab4dff,a6177608,0.0
2025-02-17T21:03:00Z,147abc6a,8bab4dff,a6177608,0.0
2025-02-17T21:06:00Z,147abc6a,8bab4dff,a6177608,0.0
2025-02-17T21:09:00Z,147abc6a,8bab4dff,a6177608,0.0
2025-02-17T21:12:00Z,147abc6a,8bab4dff,a6177608,0.0
2025-02-17T21:15:00Z,147abc6a,8bab4dff,a6177608,0.0
2025-02-17T21:18:00Z,147abc6a,8bab4dff,a6177608,0.0
2025-02-17T21:21:00Z,147abc6a,8bab4dff,a6177608,0.0
2025-02-17T21:24:00Z,147abc6a,8bab4dff,a6177608,0.0
2025-02-17T21:27:00Z,147abc6a,8bab4dff,a6177608,0.0
2025-02-17T21:30:00Z,147abc6a,8bab4dff,a6177608,0.0
2025-02-17T21:33:00Z,147abc6a,8bab4dff,a6177608,0.0
2025-02-17T21:36:00Z,147abc6a,8bab4dff,a6177608,0.0
2025-02-17T21:39:00Z,147abc6a,8bab4dff,a6177608,0.0
2025-02-17T21:42:00Z,147abc6a,8bab4dff,a6177608,0.0
2025-02-17T21:45:00Z,147abc6a,8bab4dff,a6177608,0.0
2025-02-17T21:48:00Z,147abc6a,8bab4dff,a6177608,0.0
2025-02-17T21:51:00Z,147abc6a,8bab4dff,a6177608,0.0
2025-02-17T21:54:00Z,147abc6a,8bab4dff,a6177608,0.0
2025-02-17T21:57:00Z,147abc6a,8bab4dff,a6177608,0.0
2025-02-17T22:00:00Z,147abc6a,8bab4dff,a6177608,0.0
2025-02-17T22:03:00Z,147abc6a,8bab4dff,a6177608,0.0
2025-02-17T22:06:00Z,147abc6a,8bab4dff,a6177608,0.0
2025-02-17T22:09:00Z,147abc6a,8bab4dff,a6177608,0.0
2025-02-17T22:12:00Z,147abc6a,8bab4dff,a6177608,0.0
2025-02-17T22:15:00Z,147abc6a,8bab4dff,a6177608,0.0
2025-02-17T22:18:00Z,147abc6a,8bab4dff,a6177608,0.0
2025-02-17T22:21:00Z,147abc6a,8bab4dff,a6177608,0.0
2025-02-17T22:24:00Z,147abc6a,8bab4dff,a6177608,0.0
2025-02-17T22:27:00Z,147abc6a,8bab4dff,a6177608,0.0
2025-02-17T22:30:00Z,147abc6a,8bab4dff,a6177608,0.0
2025-02-17T22:33:00Z,147abc6a,8bab4dff,a6177608,0.0
2025-02-17T22:36:00Z,147abc6a,8bab4dff,a6177608,0.0
2025-02-17T22:39:00Z,147abc6a,8bab4dff,a6177608,0.0
2025-02-17T22:42:00Z,147abc6a,8bab4dff,a6177608,0.0
2025-02-17T22:45:00Z,147abc6a,8bab4dff,a6177608,0.0
2025-02-17T22:48:00Z,147abc6a,8bab4dff,a6177608,0.0
2025-02-17T22:51:00Z,147abc6a,8bab4dff,a6177608,0.02
2025-02-17T22:54:00Z,147abc6a,8bab4dff,a6177608,0.0
2025-02-17T22:57:00Z,147abc6a,8bab4dff,a6177608,0.0
2025-02-17T23:00:00Z,147abc6a,8bab4dff,a6177608,0.0
2025-02-17T23:03:00Z,147abc6a,8bab4dff,a6177608,0.0
2025-02-17T23:06:00Z,147abc6a,8bab4dff,a6177608,0.0
2025-02-17T23:09:00Z,147abc6a,8bab4dff,a6177608,0.0
2025-02-17T23:12:00Z,147abc6a,8bab4dff,a6177608,0.0
2025-02-17T23:15:00Z,147abc6a,8bab4dff,a6177608,0.0
2025-02-17T23:18:00Z,147abc6a,8bab4dff,a6177608,0.0
2025-02-17T23:21:00Z,147abc6a,8bab4dff,a6177608,0.0
2025-02-17T23:24:00Z,147abc6a,8bab4dff,a6177608,0.0
2025-02-17T23:27:00Z,147abc6a,8bab4dff,a6177608,0.0
2025-02-17T23:30:00Z,147abc6a,8bab4dff,a6177608,0.0
2025-02-17T23:33:00Z,147abc6a,8bab4dff,a6177608,0.0
2025-02-17T23:36:00Z,147abc6a,8bab4dff,a6177608,0.0
2025-02-17T23:39:00Z,147abc6a,8bab4dff,a6177608,0.0
2025-02-17T23:42:00Z,147abc6a,8bab4dff,a6177608,0.0
2025-02-17T23:45:00Z,147abc6a,8bab4dff,a6177608,0.0
2025-02-17T23:48:00Z,147abc6a,8bab4dff,a6177608,0.0
2025-02-17T23:51:00Z,147abc6a,8bab4dff,a6177608,0.0
2025-02-17T23:54:00Z,147abc6a,8bab4dff,a6177608,0.0
2025-02-17T23:57:00Z,147abc6a,8bab4dff,a6177608,0.0
2025-02-18T00:00:00Z,147abc6a,8bab4dff,a6177608,0.0
2025-02-18T00:03:00Z,147abc6a,8bab4dff,a6177608,0.0
2025-02-18T00:06:00Z,147abc6a,8bab4dff,a6177608,0.0
2025-02-18T00:09:00Z,147abc6a,8bab4dff,a6177608,0.0
2025-02-18T00:12:00Z,147abc6a,8bab4dff,a6177608,0.0
2025-02-18T00:15:00Z,147abc6a,8bab4dff,a6177608,0.0
2025-02-18T00:18:00Z,147abc6a,8bab4dff,a6177608,0.0
2025-02-18T00:21:00Z,147abc6a,8bab4dff,a6177608,0.0
2025-02-18T00:24:00Z,147abc6a,8bab4dff,a6177608,0.0
2025-02-18T00:27:00Z,147abc6a,8bab4dff,a6177608,0.0
2025-02-18T00:30:00Z,147abc6a,8bab4dff,a6177608,0.0
2025-02-18T00:33:00Z,147abc6a,8bab4dff,a6177608,0.0
2025-02-18T00:36:00Z,147abc6a,8bab4dff,a6177608,0.0
2025-02-18T00:39:00Z,147abc6a,8bab4dff,a6177608,0.0
2025-02-18T00:42:00Z,147abc6a,8bab4dff,a6177608,0.0
2025-02-18T00:45:00Z,147abc6a,8bab4dff,a6177608,0.0
2025-02-18T00:48:00Z,147abc6a,8bab4dff,a6177608,0.0
2025-02-18T00:51:00Z,147abc6a,8bab4dff,a6177608,0.0
2025-02-18T00:54:00Z,147abc6a,8bab4dff,a6177608,0.0
2025-02-18T00:57:00Z,147abc6a,8bab4dff,a6177608,0.0
2025-02-18T01:00:00Z,147abc6a,8bab4dff,a6177608,0.0
2025-02-18T01:03:00Z,147abc6a,8bab4dff,a6177608,0.0
2025-02-18T01:06:00Z,147abc6a,8bab4dff,a6177608,0.0
2025-02-18T01:09:00Z,147abc6a,8bab4dff,a6177608,0.0
2025-02-18T01:12:00Z,147abc6a,8bab4dff,a6177608,0.0
2025-02-18T01:15:00Z,147abc6a,8bab4dff,a6177608,0.0
2025-02-18T01:18:00Z,147abc6a,8bab4dff,a6177608,0.0
2025-02-18T01:21:00Z,147abc6a,8bab4dff,a6177608,0.0
2025-02-18T01:24:00Z,147abc6a,8bab4dff,a6177608,0.0
2025-02-18T01:27:00Z,147abc6a,8bab4dff,a6177608,0.0
2025-02-18T01:30:00Z,147abc6a,8bab4dff,a6177608,0.0
2025-02-18T01:33:00Z,147abc6a,8bab4dff,a6177608,0.0
2025-02-18T01:36:00Z,147abc6a,8bab4dff,a6177608,0.0
2025-02-18T01:39:00Z,147abc6a,8bab4dff,a6177608,0.0
2025-02-18T01:42:00Z,147abc6a,8bab4dff,a6177608,0.0
2025-02-18T01:45:00Z,147abc6a,8bab4dff,a6177608,0.0
2025-02-18T01:48:00Z,147abc6a,8bab4dff,a6177608,0.0
2025-02-18T01:51:00Z,147abc6a,8bab4dff,a6177608,0.0
2025-02-18T01:54:00Z,147abc6a,8bab4dff,a6177608,0.0
2025-02-18T01:57:00Z,147abc6a,8bab4dff,a6177608,0.0
2025-02-18T02:00:00Z,147abc6a,8bab4dff,a6177608,0.0
2025-02-18T02:03:00Z,147abc6a,8bab4dff,a6177608,0.0
2025-02-18T02:06:00Z,147abc6a,8bab4dff,a6177608,0.0
2025-02-18T02:09:00Z,147abc6a,8bab4dff,a6177608,0.0
2025-02-18T02:12:00Z,147abc6a,8bab4dff,a6177608,0.0
2025-02-18T02:15:00Z,147abc6a,8bab4dff,a6177608,0.0
2025-02-18T02:18:00Z,147abc6a,8bab4dff,a6177608,0.0
2025-02-18T02:21:00Z,147abc6a,8bab4dff,a6177608,0.0
2025-02-18T02:24:00Z,147abc6a,8bab4dff,a6177608,0.07
2025-02-18T02:27:00Z,147abc6a,8bab4dff,a6177608,0.0
2025-02-18T02:30:00Z,147abc6a,8bab4dff,a6177608,0.0
2025-02-18T02:33:00Z,147abc6a,8bab4dff,a6177608,0.0
2025-02-18T02:36:00Z,147abc6a,8bab4dff,a6177608,0.0
2025-02-18T02:39:00Z,147abc6a,8bab4dff,a6177608,0.0
2025-02-18T02:42:00Z,147abc6a,8bab4dff,a6177608,0.0
2025-02-18T02:45:00Z,147abc6a,8bab4dff,a6177608,0.0
2025-02-18T02:48:00Z,147abc6a,8bab4dff,a6177608,0.0
2025-02-18T02:51:00Z,147abc6a,8bab4dff,a6177608,0.0
2025-02-18T02:54:00Z,147abc6a,8bab4dff,a6177608,0.0
2025-02-18T02:57:00Z,147abc6a,8bab4dff,a6177608,0.0
2025-02-18T03:00:00Z,147abc6a,8bab4dff,a6177608,0.0
2025-02-18T03:03:00Z,147abc6a,8bab4dff,a6177608,0.0
2025-02-18T03:06:00Z,147abc6a,8bab4dff,a6177608,0.0
2025-02-18T03:09:00Z,147abc6a,8bab4dff,a6177608,0.0
2025-02-18T03:12:00Z,147abc6a,8bab4dff,a6177608,0.0
2025-02-18T03:15:00Z,147abc6a,8bab4dff,a6177608,0.0
2025-02-18T03:18:00Z,147abc6a,8bab4dff,a6177608,0.0
2025-02-18T03:21:00Z,147abc6a,8bab4dff,a6177608,0.0
2025-02-18T03:24:00Z,147abc6a,8bab4dff,a6177608,0.0
2025-02-18T03:27:00Z,147abc6a,8bab4dff,a6177608,0.0
2025-02-18T03:30:00Z,147abc6a,8bab4dff,a6177608,0.0
2025-02-18T03:33:00Z,147abc6a,8bab4dff,a6177608,0.0
2025-02-18T03:36:00Z,147abc6a,8bab4dff,a6177608,0.0
2025-02-18T03:39:00Z,147abc6a,8bab4dff,a6177608,0.0
2025-02-18T03:42:00Z,147abc6a,8bab4dff,a6177608,0.0
2025-02-18T03:45:00Z,147abc6a,8bab4dff,a6177608,0.0
2025-02-18T03:48:00Z,147abc6a,8bab4dff,a6177608,0.0
2025-02-18T03:51:00Z,147abc6a,8bab4dff,a6177608,0.0
2025-02-18T03:54:00Z,147abc6a,8bab4dff,a6177608,0.0
2025-02-18T03:57:00Z,147abc6a,8bab4dff,a6177608,0.0
2025-02-18T04:00:00Z,147abc6a,8bab4dff,a6177608,0.0
2025-02-18T04:03:00Z,147abc6a,8bab4dff,a6177608,0.0
2025-02-18T04:06:00Z,147abc6a,8bab4dff,a6177608,0.0
2025-02-18T04:09:00Z,147abc6a,8bab4dff,a6177608,0.0
2025-02-18T04:12:00Z,147abc6a,8bab4dff,a6177608,0.0
2025-02-18T04:15:00Z,147abc6a,8bab4dff,a6177608,0.0
2025-02-18T04:18:00Z,147abc6a,8bab4dff,a6177608,0.0
2025-02-18T04:21:00Z,147abc6a,8bab4dff,a6177608,0.0
2025-02-18T04:24:00Z,147abc6a,8bab4dff,a6177608,0.0
2025-02-18T04:27:00Z,147abc6a,8bab4dff,a6177608,0.0
2025-02-18T04:30:00Z,147abc6a,8bab4dff,a6177608,0.0
2025-02-18T04:33:00Z,147abc6a,8bab4dff,a6177608,0.0
2025-02-18T04:36:00Z,147abc6a,8bab4dff,a6177608,0.0
2025-02-18T04:39:00Z,147abc6a,8bab4dff,a6177608,0.0
2025-02-18T04:42:00Z,147abc6a,8bab4dff,a6177608,0.0
2025-02-18T04:45:00Z,147abc6a,8bab4dff,a6177608,0.0
2025-02-18T04:48:00Z,147abc6a,8bab4dff,a6177608,0.0
2025-02-18T04:51:00Z,147abc6a,8bab4dff,a6177608,0.0
2025-02-18T04:54:00Z,147abc6a,8bab4dff,a6177608,0.0
2025-02-18T04:57:00Z,147abc6a,8bab4dff,a6177608,0.0
2025-02-18T05:00:00Z,147abc6a,8bab4dff,a6177608,0.0
2025-02-18T05:03:00Z,147abc6a,8bab4dff,a6177608,0.0
2025-02-18T05:06:00Z,147abc6a,8bab4dff,a6177608,0.0
2025-02-18T05:09:00Z,147abc6a,8bab4dff,a6177608,0.0
2025-02-18T05:12:00Z,147abc6a,8bab4dff,a6177608,0.0
2025-02-18T05:15:00Z,147abc6a,8bab4dff,a6177608,0.0
2025-02-18T05:18:00Z,147abc6a,8bab4dff,a6177608,0.0
2025-02-18T05:21:00Z,147abc6a,8bab4dff,a6177608,0.0
2025-02-18T05:24:00Z,147abc6a,8bab4dff,a6177608,0.0
2025-02-18T05:27:00Z,147abc6a,8bab4dff,a6177608,0.0
2025-02-18T05:30:00Z,147abc6a,8bab4dff,a6177608,0.0
2025-02-18T05:33:00Z,147abc6a,8bab4dff,a6177608,0.0
2025-02-18T05:36:00Z,147abc6a,8bab4dff,a6177608,0.0
2025-02-18T05:39:00Z,147abc6a,8bab4dff,a6177608,0.0
2025-02-18T05:42:00Z,147abc6a,8bab4dff,a6177608,0.01
2025-02-18T05:45:00Z,147abc6a,8bab4dff,a6177608,0.0
2025-02-18T05:48:00Z,147abc6a,8bab4dff,a6177608,0.0
2025-02-18T05:51:00Z,147abc6a,8bab4dff,a6177608,0.0
2025-02-18T05:54:00Z,147abc6a,8bab4dff,a6177608,0.0
2025-02-18T05:57:00Z,147abc6a,8bab4dff,a6177608,0.0
2025-02-18T06:00:00Z,147abc6a,8bab4dff,a6177608,0.0
2025-02-18T06:03:00Z,147abc6a,8bab4dff,a6177608,0.03
2025-02-18T06:06:00Z,147abc6a,8bab4dff,a6177608,0.0
2025-02-18T06:09:00Z,147abc6a,8bab4dff,a6177608,0.0
2025-02-18T06:12:00Z,147abc6a,8bab4dff,a6177608,0.0
2025-02-18T06:15:00Z,147abc6a,8bab4dff,a6177608,0.0
2025-02-18T06:18:00Z,147abc6a,8bab4dff,a6177608,0.0
2025-02-18T06:21:00Z,147abc6a,8bab4dff,a6177608,0.0
2025-02-18T06:24:00Z,147abc6a,8bab4dff,a6177608,0.0
2025-02-18T06:27:00Z,147abc6a,8bab4dff,a6177608,0.0
2025-02-18T06:30:00Z,147abc6a,8bab4dff,a6177608,0.0
2025-02-18T06:33:00Z,147abc6a,8bab4dff,a6177608,0.0
2025-02-18T06:36:00Z,147abc6a,8bab4dff,a6177608,0.0
2025-02-18T06:39:00Z,147abc6a,8bab4dff,a6177608,0.0
2025-02-18T06:42:00Z,147abc6a,8bab4dff,a6177608,0.0
2025-02-18T06:45:00Z,147abc6a,8bab4dff,a6177608,0.0
2025-02-18T06:48:00Z,147abc6a,8bab4dff,a6177608,0.0
2025-02-18T06:51:00Z,147abc6a,8bab4dff,a6177608,0.0
2025-02-18T06:54:00Z,147abc6a,8bab4dff,a6177608,0.0
2025-02-18T06:57:00Z,147abc6a,8bab4dff,a6177608,0.0
2025-02-18T07:00:00Z,147abc6a,8bab4dff,a6177608,0.0
2025-02-18T07:03:00Z,147abc6a,8bab4dff,a6177608,0.0
2025-02-18T07:06:00Z,147abc6a,8bab4dff,a6177608,0.0
2025-02-18T07:09:00Z,147abc6a,8bab4dff,a6177608,0.0
2025-02-18T07:12:00Z,147abc6a,8bab4dff,a6177608,0.0
2025-02-18T07:15:00Z,147abc6a,8bab4dff,a6177608,0.0
2025-02-18T07:18:00Z,147abc6a,8bab4dff,a6177608,0.0
2025-02-18T07:21:00Z,147abc6a,8bab4dff,a6177608,0.0
2025-02-18T07:24:00Z,147abc6a,8bab4dff,a6177608,0.0
2025-02-18T07:27:00Z,147abc6a,8bab4dff,a6177608,0.0
2025-02-18T07:30:00Z,147abc6a,8bab4dff,a6177608,0.0
2025-02-18T07:33:00Z,147abc6a,8bab4dff,a6177608,0.0
2025-02-18T07:36:00Z,147abc6a,8bab4dff,a6177608,0.1
2025-02-18T07:39:00Z,147abc6a,8bab4dff,a6177608,0.0
2025-02-18T07:42:00Z,147abc6a,8bab4dff,a6177608,0.0
2025-02-18T07:45:00Z,147abc6a,8bab4dff,a6177608,0.0
2025-02-18T07:48:00Z,147abc6a,8bab4dff,a6177608,0.0
2025-02-18T07:51:00Z,147abc6a,8bab4dff,a6177608,0.0
2025-02-18T07:54:00Z,147abc6a,8bab4dff,a6177608,0.0
2025-02-18T07:57:00Z,147abc6a,8bab4dff,a6177608,0.0
2025-02-18T08:00:00Z,147abc6a,8bab4dff,a6177608,0.0
2025-02-18T08:03:00Z,147abc6a,8bab4dff,a6177608,0.0
2025-02-18T08:06:00Z,147abc6a,8bab4dff,a6177608,0.0
2025-02-18T08:09:00Z,147abc6a,8bab4dff,a6177608,0.0
2025-02-18T08:12:00Z,147abc6a,8bab4dff,a6177608,0.0
2025-02-18T08:15:00Z,147abc6a,8bab4dff,a6177608,0.0
2025-02-18T08:18:00Z,147abc6a,8bab4dff,a6177608,0.0
2025-02-18T08:21:00Z,147abc6a,8bab4dff,a6177608,0.0
2025-02-18T08:24:00Z,147abc6a,8bab4dff,a6177608,0.0
2025-02-18T08:27:00Z,147abc6a,8bab4dff,a6177608,0.0
2025-02-18T08:30:00Z,147abc6a,8bab4dff,a6177608,0.0
2025-02-18T08:33:00Z,147abc6a,8bab4dff,a6177608,0.0
2025-02-18T08:36:00Z,147abc6a,8bab4dff,a6177608,0.0
2025-02-18T08:39:00Z,147abc6a,8bab4dff,a6177608,0.0
2025-02-18T08:42:00Z,147abc6a,8bab4dff,a6177608,0.0
2025-02-18T08:45:00Z,147abc6a,8bab4dff,a6177608,0.0
2025-02-18T08:48:00Z,147abc6a,8bab4dff,a6177608,0.0
2025-02-18T08:51:00Z,147abc6a,8bab4dff,a6177608,0.0
2025-02-18T08:54:00Z,147abc6a,8bab4dff,a6177608,0.0
2025-02-18T08:57:00Z,147abc6a,8bab4dff,a6177608,0.0
2025-02-18T09:00:00Z,147abc6a,8bab4dff,a6177608,0.0
2025-02-18T09:03:00Z,147abc6a,8bab4dff,a6177608,0.0
2025-02-18T09:06:00Z,147abc6a,8bab4dff,a6177608,0.0
2025-02-18T09:09:00Z,147abc6a,8bab4dff,a6177608,0.0
2025-02-18T09:12:00Z,147abc6a,8bab4dff,a6177608,0.0
2025-02-18T09:15:00Z,147abc6a,8bab4dff,a6177608,0.0
2025-02-18T09:18:00Z,147abc6a,8bab4dff,a6177608,0.0
2025-02-18T09:21:00Z,147abc6a,8bab4dff,a6177608,0.0
2025-02-18T09:24:00Z,147abc6a,8bab4dff,a6177608,0.0
2025-02-18T09:27:00Z,147abc6a,8bab4dff,a6177608,0.0
2025-02-18T09:30:00Z,147abc6a,8bab4dff,a6177608,0.0
2025-02-18T09:33:00Z,147abc6a,8bab4dff,a6177608,0.0
2025-02-18T09:36:00Z,147abc6a,8bab4dff,a6177608,0.0
2025-02-18T09:39:00Z,147abc6a,8bab4dff,a6177608,0.0
2025-02-18T09:42:00Z,147abc6a,8bab4dff,a6177608,0.0
2025-02-18T09:45:00Z,147abc6a,8bab4dff,a6177608,0.0
2025-02-18T09:48:00Z,147abc6a,8bab4dff,a6177608,0.0
2025-02-18T09:51:00Z,147abc6a,8bab4dff,a6177608,0.0
2025-02-18T09:54:00Z,147abc6a,8bab4dff,a6177608,0.0
2025-02-18T09:57:00Z,147abc6a,8bab4dff,a6177608,0.0
2025-02-18T10:00:00Z,147abc6a,8bab4dff,a6177608,0.0
2025-02-18T10:03:00Z,147abc6a,8bab4dff,a6177608,0.0
2025-02-18T10:06:00Z,147abc6a,8bab4dff,a6177608,0.0
2025-02-18T10:09:00Z,147abc6a,8bab4dff,a6177608,0.0
2025-02-18T10:12:00Z,147abc6a,8bab4dff,a6177608,0.0
2025-02-18T10:15:00Z,147abc6a,8bab4dff,a6177608,0.0
2025-02-18T10:18:00Z,147abc6a,8bab4dff,a6177608,0.0
2025-02-18T10:21:00Z,147abc6a,8bab4dff,a6177608,0.0
2025-02-18T10:24:00Z,147abc6a,8bab4dff,a6177608,0.0
2025-02-18T10:27:00Z,147abc6a,8bab4dff,a6177608,0.0
2025-02-18T10:30:00Z,147abc6a,8bab4dff,a6177608,0.0
2025-02-18T10:33:00Z,147abc6a,8bab4dff,a6177608,0.0
2025-02-18T10:36:00Z,147abc6a,8bab4dff,a6177608,0.0
2025-02-18T10:39:00Z,147abc6a,8bab4dff,a6177608,0.0
2025-02-18T10:42:00Z,147abc6a,8bab4dff,a6177608,0.0
2025-02-18T10:45:00Z,147abc6a,8bab4dff,a6177608,0.0
2025-02-18T10:48:00Z,147abc6a,8bab4dff,a6177608,0.0
2025-02-18T10:51:00Z,147abc6a,8bab4dff,a6177608,0.0
2025-02-18T10:54:00Z,147abc6a,8bab4dff,a6177608,0.0
2025-02-18T10:57:00Z,147abc6a,8bab4dff,a6177608,0.0
2025-02-18T11:00:00Z,147abc6a,8bab4dff,a6177608,0.0
2025-02-18T11:03:00Z,147abc6a,8bab4dff,a6177608,0.0
2025-02-18T11:06:00Z,147abc6a,8bab4dff,a6177608,0.0
2025-02-18T11:09:00Z,147abc6a,8bab4dff,a6177608,0.0
2025-02-18T11:12:00Z,147abc6a,8bab4dff,a6177608,0.0
2025-02-18T11:15:00Z,147abc6a,8bab4dff,a6177608,0.0
2025-02-18T11:18:00Z,147abc6a,8bab4dff,a6177608,0.0
2025-02-18T11:21:00Z,147abc6a,8bab4dff,a6177608,0.0
2025-02-18T11:24:00Z,147abc6a,8bab4dff,a6177608,0.0
2025-02-18T11:27:00Z,147abc6a,8bab4dff,a6177608,0.0
2025-02-18T11:30:00Z,147abc6a,8bab4dff,a6177608,0.0
2025-02-18T11:33:00Z,147abc6a,8bab4dff,a6177608,0.0
2025-02-18T11:36:00Z,147abc6a,8bab4dff,a6177608,0.0
2025-02-18T11:39:00Z,147abc6a,8bab4dff,a6177608,0.0
2025-02-18T11:42:00Z,147abc6a,8bab4dff,a6177608,0.0
2025-02-18T11:45:00Z,147abc6a,8bab4dff,a6177608,0.0
2025-02-18T11:48:00Z,147abc6a,8bab4dff,a6177608,0.0
2025-02-18T11:51:00Z,147abc6a,8bab4dff,a6177608,0.0
2025-02-18T11:54:00Z,147abc6a,8bab4dff,a6177608,0.0
2025-02-18T11:57:00Z,147abc6a,8bab4dff,a6177608,0.0
2025-02-18T12:00:00Z,147abc6a,8bab4dff,a6177608,0.0
2025-02-18T12:03:00Z,147abc6a,8bab4dff,a6177608,0.0
2025-02-18T12:06:00Z,147abc6a,8bab4dff,a6177608,0.0
2025-02-18T12:09:00Z,147abc6a,8bab4dff,a6177608,0.0
2025-02-18T12:12:00Z,147abc6a,8bab4dff,a6177608,0.0
2025-02-18T12:15:00Z,147abc6a,8bab4dff,a6177608,0.0
2025-02-18T12:18:00Z,147abc6a,8bab4dff,a6177608,0.0
2025-02-18T12:21:00Z,147abc6a,8bab4dff,a6177608,0.0
2025-02-18T12:24:00Z,147abc6a,8bab4dff,a6177608,0.0
2025-02-18T12:27:00Z,147abc6a,8bab4dff,a6177608,0.0
2025-02-18T12:30:00Z,147abc6a,8bab4dff,a6177608,0.0
2025-02-18T12:33:00Z,147abc6a,8bab4dff,a6177608,0.0
2025-02-18T12:36:00Z,147abc6a,8bab4dff,a6177608,0.0
2025-02-18T12:39:00Z,147abc6a,8bab4dff,a6177608,0.0
2025-02-18T12:42:00Z,147abc6a,8bab4dff,a6177608,0.0
2025-02-18T12:45:00Z,147abc6a,8bab4dff,a6177608,0.0
2025-02-18T12:48:00Z,147abc6a,8bab4dff,a6177608,0.0
2025-02-18T12:51:00Z,147abc6a,8bab4dff,a6177608,0.0
2025-02-18T12:54:00Z,147abc6a,8bab4dff,a6177608,0.0
2025-02-18T12:57:00Z,147abc6a,8bab4dff,a6177608,0.0
2025-02-18T13:00:00Z,147abc6a,8bab4dff,a6177608,0.0
2025-02-18T13:03:00Z,147abc6a,8bab4dff,a6177608,0.0
2025-02-18T13:06:00Z,147abc6a,8bab4dff,a6177608,0.0
2025-02-18T13:09:00Z,147abc6a,8bab4dff,a6177608,0.0
2025-02-18T13:12:00Z,147abc6a,8bab4dff,a6177608,0.0
2025-02-18T13:15:00Z,147abc6a,8bab4dff,a6177608,0.0
2025-02-18T13:18:00Z,147abc6a,8bab4dff,a6177608,0.0
2025-02-18T13:21:00Z,147abc6a,8bab4dff,a6177608,0.0
2025-02-18T13:24:00Z,147abc6a,8bab4dff,a6177608,0.0
2025-02-18T13:27:00Z,147abc6a,8bab4dff,a6177608,0.0
2025-02-18T13:30:00Z,147abc6a,8bab4dff,a6177608,0.0
2025-02-18T13:33:00Z,147abc6a,8bab4dff,a6177608,0.0
2025-02-18T13:36:00Z,147abc6a,8bab4dff,a6177608,0.0
2025-02-18T13:39:00Z,147abc6a,8bab4dff,a6177608,0.0
2025-02-18T13:42:00Z,147abc6a,8bab4dff,a6177608,0.0
2025-02-18T13:45:00Z,147abc6a,8bab4dff,a6177608,0.0
2025-02-18T13:48:00Z,147abc6a,8bab4dff,a6177608,0.0
2025-02-18T13:51:00Z,147abc6a,8bab4dff,a6177608,0.0
2025-02-18T13:54:00Z,147abc6a,8bab4dff,a6177608,0.0
2025-02-18T13:57:00Z,147abc6a,8bab4dff,a6177608,0.0
2025-02-18T14:00:00Z,147abc6a,8bab4dff,a6177608,0.0
2025-02-18T14:03:00Z,147abc6a,8bab4dff,a6177608,0.0
2025-02-18T14:06:00Z,147abc6a,8bab4dff,a6177608,0.0
2025-02-18T14:09:00Z,147abc6a,8bab4dff,a6177608,0.0
2025-02-18T14:12:00Z,147abc6a,8bab4dff,a6177608,0.0
2025-02-18T14:15:00Z,147abc6a,8bab4dff,a6177608,0.0
2025-02-18T14:18:00Z,147abc6a,8bab4dff,a6177608,0.0
2025-02-18T14:21:00Z,147abc6a,8bab4dff,a6177608,0.0
2025-02-18T14:24:00Z,147abc6a,8bab4dff,a6177608,0.0
2025-02-18T14:27:00Z,147abc6a,8bab4dff,a6177608,0.0
2025-02-18T14:30:00Z,147abc6a,8bab4dff,a6177608,0.0
2025-02-18T14:33:00Z,147abc6a,8bab4dff,a6177608,0.0
2025-02-18T14:36:00Z,147abc6a,8bab4dff,a6177608,0.0
2025-02-18T14:39:00Z,147abc6a,8bab4dff,a6177608,0.0
2025-02-18T14:42:00Z,147abc6a,8bab4dff,a6177608,0.0
2025-02-18T14:45:00Z,147abc6a,8bab4dff,a6177608,0.0
2025-02-18T14:48:00Z,147abc6a,8bab4dff,a6177608,0.0
2025-02-18T14:51:00Z,147abc6a,8bab4dff,a6177608,0.0
2025-02-18T14:54:00Z,147abc6a,8bab4dff,a6177608,0.0
2025-02-18T14:57:00Z,147abc6a,8bab4dff,a6177608,0.0
2025-02-18T15:00:00Z,147abc6a,8bab4dff,a6177608,0.0
2025-02-18T15:03:00Z,147abc6a,8bab4dff,a6177608,0.0
2025-02-18T15:06:00Z,147abc6a,8bab4dff,a6177608,0.0
2025-02-18T15:09:00Z,147abc6a,8bab4dff,a6177608,0.0
2025-02-18T15:12:00Z,147abc6a,8bab4dff,a6177608,0.0
2025-02-18T15:15:00Z,147abc6a,8bab4dff,a6177608,0.0
2025-02-18T15:18:00Z,147abc6a,8bab4dff,a6177608,0.0
2025-02-18T15:21:00Z,147abc6a,8bab4dff,a6177608,0.0
2025-02-18T15:24:00Z,147abc6a,8bab4dff,a6177608,0.0
2025-02-18T15:27:00Z,147abc6a,8bab4dff,a6177608,0.0
2025-02-18T15:30:00Z,147abc6a,8bab4dff,a6177608,0.0
2025-02-18T15:33:00Z,147abc6a,8bab4dff,a6177608,0.0
2025-02-18T15:36:00Z,147abc6a,8bab4dff,a6177608,0.0
2025-02-18T15:39:00Z,147abc6a,8bab4dff,a6177608,0.0
2025-02-18T15:42:00Z,147abc6a,8bab4dff,a6177608,0.0
2025-02-18T15:45:00Z,147abc6a,8bab4dff,a6177608,0.0
2025-02-18T15:48:00Z,147abc6a,8bab4dff,a6177608,0.0
2025-02-18T15:51:00Z,147abc6a,8bab4dff,a6177608,0.0
2025-02-18T15:54:00Z,147abc6a,8bab4dff,a6177608,0.0
2025-02-18T15:57:00Z,147abc6a,8bab4dff,a6177608,0.0
2025-02-18T16:00:00Z,147abc6a,8bab4dff,a6177608,0.0
2025-02-18T16:03:00Z,147abc6a,8bab4dff,a6177608,0.0
2025-02-18T16:06:00Z,147abc6a,8bab4dff,a6177608,0.0
2025-02-18T16:09:00Z,147abc6a,8bab4dff,a6177608,0.0
2025-02-18T16:12:00Z,147abc6a,8bab4dff,a6177608,0.0
2025-02-18T16:15:00Z,147abc6a,8bab4dff,a6177608,0.0
2025-02-18T16:18:00Z,147abc6a,8bab4dff,a6177608,0.0
2025-02-18T16:21:00Z,147abc6a,8bab4dff,a6177608,0.0
2025-02-18T16:24:00Z,147abc6a,8bab4dff,a6177608,0.0
2025-02-18T16:27:00Z,147abc6a,8bab4dff,a6177608,0.0
2025-02-18T16:30:00Z,147abc6a,8bab4dff,a6177608,0.0
2025-02-18T16:33:00Z,147abc6a,8bab4dff,a6177608,0.0
2025-02-18T16:36:00Z,147abc6a,8bab4dff,a6177608,0.0
2025-02-18T16:39:00Z,147abc6a,8bab4dff,a6177608,0.0
2025-02-18T16:42:00Z,147abc6a,8bab4dff,a6177608,0.0
2025-02-18T16:45:00Z,147abc6a,8bab4dff,a6177608,0.0
2025-02-18T16:48:00Z,147abc6a,8bab4dff,a6177608,0.0
2025-02-18T16:51:00Z,147abc6a,8bab4dff,a6177608,0.0
2025-02-18T16:54:00Z,147abc6a,8bab4dff,a6177608,0.0
2025-02-18T16:57:00Z,147abc6a,8bab4dff,a6177608,0.0
2025-02-18T17:00:00Z,147abc6a,8bab4dff,a6177608,0.0
2025-02-18T17:03:00Z,147abc6a,8bab4dff,a6177608,0.0
2025-02-18T17:06:00Z,147abc6a,8bab4dff,a6177608,0.0
2025-02-18T17:09:00Z,147abc6a,8bab4dff,a6177608,0.0
2025-02-18T17:12:00Z,147abc6a,8bab4dff,a6177608,0.0
2025-02-18T17:15:00Z,147abc6a,8bab4dff,a6177608,0.0
2025-02-18T17:18:00Z,147abc6a,8bab4dff,a6177608,0.0
2025-02-18T17:21:00Z,147abc6a,8bab4dff,a6177608,0.0
2025-02-18T17:24:00Z,147abc6a,8bab4dff,a6177608,0.0
2025-02-18T17:27:00Z,147abc6a,8bab4dff,a6177608,0.0
2025-02-18T17:30:00Z,147abc6a,8bab4dff,a6177608,0.0
2025-02-18T17:33:00Z,147abc6a,8bab4dff,a6177608,0.0
2025-02-18T17:36:00Z,147abc6a,8bab4dff,a6177608,0.0
2025-02-18T17:39:00Z,147abc6a,8bab4dff,a6177608,0.0
2025-02-18T17:42:00Z,147abc6a,8bab4dff,a6177608,0.0
2025-02-18T17:45:00Z,147abc6a,8bab4dff,a6177608,0.0
2025-02-18T17:48:00Z,147abc6a,8bab4dff,a6177608,0.0
2025-02-18T17:51:00Z,147abc6a,8bab4dff,a6177608,0.0
2025-02-18T17:54:00Z,147abc6a,8bab4dff,a6177608,0.0
2025-02-18T17:57:00Z,147abc6a,8bab4dff,a6177608,0.0
2025-02-18T18:00:00Z,147abc6a,8bab4dff,a6177608,0.0
2025-02-18T18:03:00Z,147abc6a,8bab4dff,a6177608,0.0
2025-02-18T18:06:00Z,147abc6a,8bab4dff,a6177608,0.0
2025-02-18T18:09:00Z,147abc6a,8bab4dff,a6177608,0.0
2025-02-18T18:12:00Z,147abc6a,8bab4dff,a6177608,0.0
2025-02-18T18:15:00Z,147abc6a,8bab4dff,a6177608,0.0
2025-02-18T18:18:00Z,147abc6a,8bab4dff,a6177608,0.0
2025-02-18T18:21:00Z,147abc6a,8bab4dff,a6177608,0.0
2025-02-18T18:24:00Z,147abc6a,8bab4dff,a6177608,0.0
2025-02-18T18:27:00Z,147abc6a,8bab4dff,a6177608,0.0
2025-02-18T18:30:00Z,147abc6a,8bab4dff,a6177608,0.0
2025-02-18T18:33:00Z,147abc6a,8bab4dff,a6177608,0.0
2025-02-18T18:36:00Z,147abc6a,8bab4dff,a6177608,0.0
2025-02-18T18:39:00Z,147abc6a,8bab4dff,a6177608,0.0
2025-02-18T18:42:00Z,147abc6a,8bab4dff,a6177608,0.0
2025-02-18T18:45:00Z,147abc6a,8bab4dff,a6177608,0.0
2025-02-18T18:48:00Z,147abc6a,8bab4dff,a6177608,0.0
2025-02-18T18:51:00Z,147abc6a,8bab4dff,a6177608,0.0
2025-02-18T18:54:00Z,147abc6a,8bab4dff,a6177608,0.0
2025-02-18T18:57:00Z,147abc6a,8bab4dff,a6177608,0.0
2025-02-18T19:00:00Z,147abc6a,8bab4dff,a6177608,0.0
2025-02-18T19:03:00Z,147abc6a,8bab4dff,a6177608,0.0
2025-02-18T19:06:00Z,147abc6a,8bab4dff,a6177608,0.0
2025-02-18T19:09:00Z,147abc6a,8bab4dff,a6177608,0.0
2025-02-18T19:12:00Z,147abc6a,8bab4dff,a6177608,0.0
2025-02-18T19:15:00Z,147abc6a,8bab4dff,a6177608,0.0
2025-02-18T19:18:00Z,147abc6a,8bab4dff,a6177608,0.0
2025-02-18T19:21:00Z,147abc6a,8bab4dff,a6177608,0.0
2025-02-18T19:24:00Z,147abc6a,8bab4dff,a6177608,0.0
2025-02-18T19:27:00Z,147abc6a,8bab4dff,a6177608,0.0
2025-02-18T19:30:00Z,147abc6a,8bab4dff,a6177608,0.0
2025-02-18T19:33:00Z,147abc6a,8bab4dff,a6177608,0.0
2025-02-18T19:36:00Z,147abc6a,8bab4dff,a6177608,0.0
2025-02-18T19:39:00Z,147abc6a,8bab4dff,a6177608,0.0
2025-02-18T19:42:00Z,147abc6a,8bab4dff,a6177608,0.0
2025-02-18T19:45:00Z,147abc6a,8bab4dff,a6177608,0.0
2025-02-18T19:48:00Z,147abc6a,8bab4dff,a6177608,0.0
2025-02-18T19:51:00Z,147abc6a,8bab4dff,a6177608,0.0
2025-02-18T19:54:00Z,147abc6a,8bab4dff,a6177608,0.0
2025-02-18T19:57:00Z,147abc6a,8bab4dff,a6177608,0.0
2025-02-18T20:00:00Z,147abc6a,8bab4dff,a6177608,0.0
2025-02-18T20:03:00Z,147abc6a,8bab4dff,a6177608,0.0
2025-02-18T20:06:00Z,147abc6a,8bab4dff,a6177608,0.0
2025-02-18T20:09:00Z,147abc6a,8bab4dff,a6177608,0.0
2025-02-18T20:12:00Z,147abc6a,8bab4dff,a6177608,0.0
2025-02-18T20:15:00Z,147abc6a,8bab4dff,a6177608,0.0
2025-02-18T20:18:00Z,147abc6a,8bab4dff,a6177608,0.0
2025-02-18T20:21:00Z,147abc6a,8bab4dff,a6177608,0.0
2025-02-18T20:24:00Z,147abc6a,8bab4dff,a6177608,0.0
2025-02-18T20:27:00Z,147abc6a,8bab4dff,a6177608,0.0
2025-02-18T20:30:00Z,147abc6a,8bab4dff,a6177608,0.0
2025-02-18T20:33:00Z,147abc6a,8bab4dff,a6177608,0.0
2025-02-18T20:36:00Z,147abc6a,8bab4dff,a6177608,0.0
2025-02-18T20:39:00Z,147abc6a,8bab4dff,a6177608,0.0
2025-02-18T20:42:00Z,147abc6a,8bab4dff,a6177608,0.0
2025-02-18T20:45:00Z,147abc6a,8bab4dff,a6177608,0.0
2025-02-18T20:48:00Z,147abc6a,8bab4dff,a6177608,0.0
2025-02-18T20:51:00Z,147abc6a,8bab4dff,a6177608,0.0
2025-02-18T20:54:00Z,147abc6a,8bab4dff,a6177608,0.0
2025-02-18T20:57:00Z,147abc6a,8bab4dff,a6177608,0.0
2025-02-18T21:00:00Z,147abc6a,8bab4dff,a6177608,0.0
2025-02-18T21:03:00Z,147abc6a,8bab4dff,a6177608,0.0
2025-02-18T21:06:00Z,147abc6a,8bab4dff,a6177608,0.0
2025-02-18T21:09:00Z,147abc6a,8bab4dff,a6177608,0.0
2025-02-18T21:12:00Z,147abc6a,8bab4dff,a6177608,0.0
2025-02-18T21:15:00Z,147abc6a,8bab4dff,a6177608,0.0
2025-02-18T21:18:00Z,147abc6a,8bab4dff,a6177608,0.0
2025-02-18T21:21:00Z,147abc6a,8bab4dff,a6177608,0.01
2025-02-18T21:24:00Z,147abc6a,8bab4dff,a6177608,0.0
2025-02-18T21:27:00Z,147abc6a,8bab4dff,a6177608,0.0
2025-02-18T21:30:00Z,147abc6a,8bab4dff,a6177608,0.0
2025-02-18T21:33:00Z,147abc6a,8bab4dff,a6177608,0.0
2025-02-18T21:36:00Z,147abc6a,8bab4dff,a6177608,0.0
2025-02-18T21:39:00Z,147abc6a,8bab4dff,a6177608,0.0
2025-02-18T21:42:00Z,147abc6a,8bab4dff,a6177608,0.0
2025-02-18T21:45:00Z,147abc6a,8bab4dff,a6177608,0.0
2025-02-18T21:48:00Z,147abc6a,8bab4dff,a6177608,0.0
2025-02-18T21:51:00Z,147abc6a,8bab4dff,a6177608,0.0
2025-02-18T21:54:00Z,147abc6a,8bab4dff,a6177608,0.0
2025-02-18T21:57:00Z,147abc6a,8bab4dff,a6177608,0.0
2025-02-18T22:00:00Z,147abc6a,8bab4dff,a6177608,0.0
2025-02-18T22:03:00Z,147abc6a,8bab4dff,a6177608,0.0
2025-02-18T22:06:00Z,147abc6a,8bab4dff,a6177608,0.0
2025-02-18T22:09:00Z,147abc6a,8bab4dff,a6177608,0.0
2025-02-18T22:12:00Z,147abc6a,8bab4dff,a6177608,0.0
2025-02-18T22:15:00Z,147abc6a,8bab4dff,a6177608,0.0
2025-02-18T22:18:00Z,147abc6a,8bab4dff,a6177608,0.0
2025-02-18T22:21:00Z,147abc6a,8bab4dff,a6177608,0.0
2025-02-18T22:24:00Z,147abc6a,8bab4dff,a6177608,0.0
2025-02-18T22:27:00Z,147abc6a,8bab4dff,a6177608,0.0
2025-02-18T22:30:00Z,147abc6a,8bab4dff,a6177608,0.0
2025-02-18T22:33:00Z,147abc6a,8bab4dff,a6177608,0.0
2025-02-18T22:36:00Z,147abc6a,8bab4dff,a6177608,0.0
2025-02-18T22:39:00Z,147abc6a,8bab4dff,a6177608,0.0
2025-02-18T22:42:00Z,147abc6a,8bab4dff,a6177608,0.0
2025-02-18T22:45:00Z,147abc6a,8bab4dff,a6177608,0.0
2025-02-18T22:48:00Z,147abc6a,8bab4dff,a6177608,0.0
2025-02-18T22:51:00Z,147abc6a,8bab4dff,a6177608,0.01
2025-02-18T22:54:00Z,147abc6a,8bab4dff,a6177608,0.0
2025-02-18T22:57:00Z,147abc6a,8bab4dff,a6177608,0.0
2025-02-18T23:00:00Z,147abc6a,8bab4dff,a6177608,0.0
2025-02-18T23:03:00Z,147abc6a,8bab4dff,a6177608,0.0
2025-02-18T23:06:00Z,147abc6a,8bab4dff,a6177608,0.0
2025-02-18T23:09:00Z,147abc6a,8bab4dff,a6177608,0.0
2025-02-18T23:12:00Z,147abc6a,8bab4dff,a6177608,0.0
2025-02-18T23:15:00Z,147abc6a,8bab4dff,a6177608,0.0
2025-02-18T23:18:00Z,147abc6a,8bab4dff,a6177608,0.0
2025-02-18T23:21:00Z,147abc6a,8bab4dff,a6177608,0.0
2025-02-18T23:24:00Z,147abc6a,8bab4dff,a6177608,0.0
2025-02-18T23:27:00Z,147abc6a,8bab4dff,a6177608,0.0
2025-02-18T23:30:00Z,147abc6a,8bab4dff,a6177608,0.0
2025-02-18T23:33:00Z,147abc6a,8bab4dff,a6177608,0.0
2025-02-18T23:36:00Z,147abc6a,8bab4dff,a6177608,0.0
2025-02-18T23:39:00Z,147abc6a,8bab4dff,a6177608,0.0
2025-02-18T23:42:00Z,147abc6a,8bab4dff,a6177608,0.01
2025-02-18T23:45:00Z,147abc6a,8bab4dff,a6177608,0.0
2025-02-18T23:48:00Z,147abc6a,8bab4dff,a6177608,0.0
2025-02-18T23:51:00Z,147abc6a,8bab4dff,a6177608,0.0
2025-02-18T23:54:00Z,147abc6a,8bab4dff,a6177608,0.0
2025-02-18T23:57:00Z,147abc6a,8bab4dff,a6177608,0.0
2025-02-19T00:00:00Z,147abc6a,8bab4dff,a6177608,0.0
2025-02-19T00:03:00Z,147abc6a,8bab4dff,a6177608,0.0
2025-02-19T00:06:00Z,147abc6a,8bab4dff,a6177608,0.0
2025-02-19T00:09:00Z,147abc6a,8bab4dff,a6177608,0.0
2025-02-19T00:12:00Z,147abc6a,8bab4dff,a6177608,0.0
2025-02-19T00:15:00Z,147abc6a,8bab4dff,a6177608,0.0
2025-02-19T00:18:00Z,147abc6a,8bab4dff,a6177608,0.0
2025-02-19T00:21:00Z,147abc6a,8bab4dff,a6177608,0.0
2025-02-19T00:24:00Z,147abc6a,8bab4dff,a6177608,0.0
2025-02-19T00:27:00Z,147abc6a,8bab4dff,a6177608,0.0
2025-02-19T00:30:00Z,147abc6a,8bab4dff,a6177608,0.0
2025-02-19T00:33:00Z,147abc6a,8bab4dff,a6177608,0.0
2025-02-19T00:36:00Z,147abc6a,8bab4dff,a6177608,0.0
2025-02-19T00:39:00Z,147abc6a,8bab4dff,a6177608,0.0
2025-02-19T00:42:00Z,147abc6a,8bab4dff,a6177608,0.0
2025-02-19T00:45:00Z,147abc6a,8bab4dff,a6177608,0.0
2025-02-19T00:48:00Z,147abc6a,8bab4dff,a6177608,0.0
2025-02-19T00:51:00Z,147abc6a,8bab4dff,a6177608,0.0
2025-02-19T00:54:00Z,147abc6a,8bab4dff,a6177608,0.0
2025-02-19T00:57:00Z,147abc6a,8bab4dff,a6177608,0.0
2025-02-19T01:00:00Z,147abc6a,8bab4dff,a6177608,0.0
2025-02-19T01:03:00Z,147abc6a,8bab4dff,a6177608,0.0
2025-02-19T01:06:00Z,147abc6a,8bab4dff,a6177608,0.0
2025-02-19T01:09:00Z,147abc6a,8bab4dff,a6177608,0.0
2025-02-19T01:12:00Z,147abc6a,8bab4dff,a6177608,0.0
2025-02-19T01:15:00Z,147abc6a,8bab4dff,a6177608,0.0
2025-02-19T01:18:00Z,147abc6a,8bab4dff,a6177608,0.0
2025-02-19T01:21:00Z,147abc6a,8bab4dff,a6177608,0.0
2025-02-19T01:24:00Z,147abc6a,8bab4dff,a6177608,0.0
2025-02-19T01:27:00Z,147abc6a,8bab4dff,a6177608,0.0
2025-02-19T01:30:00Z,147abc6a,8bab4dff,a6177608,0.0
2025-02-19T01:33:00Z,147abc6a,8bab4dff,a6177608,0.0
2025-02-19T01:36:00Z,147abc6a,8bab4dff,a6177608,0.0
2025-02-19T01:39:00Z,147abc6a,8bab4dff,a6177608,0.0
2025-02-19T01:42:00Z,147abc6a,8bab4dff,a6177608,0.0
2025-02-19T01:45:00Z,147abc6a,8bab4dff,a6177608,0.0
2025-02-19T01:48:00Z,147abc6a,8bab4dff,a6177608,0.0
2025-02-19T01:51:00Z,147abc6a,8bab4dff,a6177608,0.0
2025-02-19T01:54:00Z,147abc6a,8bab4dff,a6177608,0.0
2025-02-19T01:57:00Z,147abc6a,8bab4dff,a6177608,0.0
2025-02-19T02:00:00Z,147abc6a,8bab4dff,a6177608,0.0
2025-02-19T02:03:00Z,147abc6a,8bab4dff,a6177608,0.0
2025-02-19T02:06:00Z,147abc6a,8bab4dff,a6177608,0.0
2025-02-19T02:09:00Z,147abc6a,8bab4dff,a6177608,0.0
2025-02-19T02:12:00Z,147abc6a,8bab4dff,a6177608,0.0
2025-02-19T02:15:00Z,147abc6a,8bab4dff,a6177608,0.0
2025-02-19T02:18:00Z,147abc6a,8bab4dff,a6177608,0.0
2025-02-19T02:21:00Z,147abc6a,8bab4dff,a6177608,0.0
2025-02-19T02:24:00Z,147abc6a,8bab4dff,a6177608,0.0
2025-02-19T02:27:00Z,147abc6a,8bab4dff,a6177608,0.0
2025-02-19T02:30:00Z,147abc6a,8bab4dff,a6177608,0.0
2025-02-19T02:33:00Z,147abc6a,8bab4dff,a6177608,0.0
2025-02-19T02:36:00Z,147abc6a,8bab4dff,a6177608,0.0
2025-02-19T02:39:00Z,147abc6a,8bab4dff,a6177608,0.0
2025-02-19T02:42:00Z,147abc6a,8bab4dff,a6177608,0.0
2025-02-19T02:45:00Z,147abc6a,8bab4dff,a6177608,0.0
2025-02-19T02:48:00Z,147abc6a,8bab4dff,a6177608,0.0
2025-02-19T02:51:00Z,147abc6a,8bab4dff,a6177608,0.0
2025-02-19T02:54:00Z,147abc6a,8bab4dff,a6177608,0.0
2025-02-19T02:57:00Z,147abc6a,8bab4dff,a6177608,0.0
2025-02-19T03:00:00Z,147abc6a,8bab4dff,a6177608,0.0
2025-02-19T03:03:00Z,147abc6a,8bab4dff,a6177608,0.0
2025-02-19T03:06:00Z,147abc6a,8bab4dff,a6177608,0.0
2025-02-19T03:09:00Z,147abc6a,8bab4dff,a6177608,0.0
2025-02-19T03:12:00Z,147abc6a,8bab4dff,a6177608,0.0
2025-02-19T03:15:00Z,147abc6a,8bab4dff,a6177608,0.0
2025-02-19T03:18:00Z,147abc6a,8bab4dff,a6177608,0.0
2025-02-19T03:21:00Z,147abc6a,8bab4dff,a6177608,0.0
2025-02-19T03:24:00Z,147abc6a,8bab4dff,a6177608,0.0
2025-02-19T03:27:00Z,147abc6a,8bab4dff,a6177608,0.0
2025-02-19T03:30:00Z,147abc6a,8bab4dff,a6177608,0.0
2025-02-19T03:33:00Z,147abc6a,8bab4dff,a6177608,0.0
2025-02-19T03:36:00Z,147abc6a,8bab4dff,a6177608,0.0
2025-02-19T03:39:00Z,147abc6a,8bab4dff,a6177608,0.0
2025-02-19T03:42:00Z,147abc6a,8bab4dff,a6177608,0.0
2025-02-19T03:45:00Z,147abc6a,8bab4dff,a6177608,0.0
2025-02-19T03:48:00Z,147abc6a,8bab4dff,a6177608,0.0
2025-02-19T03:51:00Z,147abc6a,8bab4dff,a6177608,0.0
2025-02-19T03:54:00Z,147abc6a,8bab4dff,a6177608,0.0
2025-02-19T03:57:00Z,147abc6a,8bab4dff,a6177608,0.0
2025-02-19T04:00:00Z,147abc6a,8bab4dff,a6177608,0.0
2025-02-19T04:03:00Z,147abc6a,8bab4dff,a6177608,0.0
2025-02-19T04:06:00Z,147abc6a,8bab4dff,a6177608,0.0
2025-02-19T04:09:00Z,147abc6a,8bab4dff,a6177608,0.0
2025-02-19T04:12:00Z,147abc6a,8bab4dff,a6177608,0.0
2025-02-19T04:15:00Z,147abc6a,8bab4dff,a6177608,0.0
2025-02-19T04:18:00Z,147abc6a,8bab4dff,a6177608,0.0
2025-02-19T04:21:00Z,147abc6a,8bab4dff,a6177608,0.0
2025-02-19T04:24:00Z,147abc6a,8bab4dff,a6177608,0.0
2025-02-19T04:27:00Z,147abc6a,8bab4dff,a6177608,0.0
2025-02-19T04:30:00Z,147abc6a,8bab4dff,a6177608,0.0
2025-02-19T04:33:00Z,147abc6a,8bab4dff,a6177608,0.0
2025-02-19T04:36:00Z,147abc6a,8bab4dff,a6177608,0.0
2025-02-19T04:39:00Z,147abc6a,8bab4dff,a6177608,0.01
2025-02-19T04:42:00Z,147abc6a,8bab4dff,a6177608,0.0
2025-02-19T04:45:00Z,147abc6a,8bab4dff,a6177608,0.0
2025-02-19T04:48:00Z,147abc6a,8bab4dff,a6177608,0.0
2025-02-19T04:51:00Z,147abc6a,8bab4dff,a6177608,0.0
2025-02-19T04:54:00Z,147abc6a,8bab4dff,a6177608,0.0
2025-02-19T04:57:00Z,147abc6a,8bab4dff,a6177608,0.0
2025-02-19T05:00:00Z,147abc6a,8bab4dff,a6177608,0.0
2025-02-19T05:03:00Z,147abc6a,8bab4dff,a6177608,0.0
2025-02-19T05:06:00Z,147abc6a,8bab4dff,a6177608,0.0
2025-02-19T05:09:00Z,147abc6a,8bab4dff,a6177608,0.0
2025-02-19T05:12:00Z,147abc6a,8bab4dff,a6177608,0.0
2025-02-19T05:15:00Z,147abc6a,8bab4dff,a6177608,0.0
2025-02-19T05:18:00Z,147abc6a,8bab4dff,a6177608,0.0
2025-02-19T05:21:00Z,147abc6a,8bab4dff,a6177608,0.0
2025-02-19T05:24:00Z,147abc6a,8bab4dff,a6177608,0.0
2025-02-19T05:27:00Z,147abc6a,8bab4dff,a6177608,0.0
2025-02-19T05:30:00Z,147abc6a,8bab4dff,a6177608,0.0
2025-02-19T05:33:00Z,147abc6a,8bab4dff,a6177608,0.0
2025-02-19T05:36:00Z,147abc6a,8bab4dff,a6177608,0.0
2025-02-19T05:39:00Z,147abc6a,8bab4dff,a6177608,0.0
2025-02-19T05:42:00Z,147abc6a,8bab4dff,a6177608,0.0
2025-02-19T05:45:00Z,147abc6a,8bab4dff,a6177608,0.0
2025-02-19T05:48:00Z,147abc6a,8bab4dff,a6177608,0.0
2025-02-19T05:51:00Z,147abc6a,8bab4dff,a6177608,0.0
2025-02-19T05:54:00Z,147abc6a,8bab4dff,a6177608,0.0
2025-02-19T05:57:00Z,147abc6a,8bab4dff,a6177608,0.0
2025-02-19T06:00:00Z,147abc6a,8bab4dff,a6177608,0.0
2025-02-19T06:03:00Z,147abc6a,8bab4dff,a6177608,0.0
2025-02-19T06:06:00Z,147abc6a,8bab4dff,a6177608,0.0
2025-02-19T06:09:00Z,147abc6a,8bab4dff,a6177608,0.0
2025-02-19T06:12:00Z,147abc6a,8bab4dff,a6177608,0.0
2025-02-19T06:15:00Z,147abc6a,8bab4dff,a6177608,0.0
2025-02-19T06:18:00Z,147abc6a,8bab4dff,a6177608,0.0
2025-02-19T06:21:00Z,147abc6a,8bab4dff,a6177608,0.0
2025-02-19T06:24:00Z,147abc6a,8bab4dff,a6177608,0.0
2025-02-19T06:27:00Z,147abc6a,8bab4dff,a6177608,0.0
2025-02-19T06:30:00Z,147abc6a,8bab4dff,a6177608,0.0
2025-02-19T06:33:00Z,147abc6a,8bab4dff,a6177608,0.0
2025-02-19T06:36:00Z,147abc6a,8bab4dff,a6177608,0.0
2025-02-19T06:39:00Z,147abc6a,8bab4dff,a6177608,0.0
2025-02-19T06:42:00Z,147abc6a,8bab4dff,a6177608,0.0
2025-02-19T06:45:00Z,147abc6a,8bab4dff,a6177608,0.0
2025-02-19T06:48:00Z,147abc6a,8bab4dff,a6177608,0.0
2025-02-19T06:51:00Z,147abc6a,8bab4dff,a6177608,0.0
2025-02-19T06:54:00Z,147abc6a,8bab4dff,a6177608,0.0
2025-02-19T06:57:00Z,147abc6a,8bab4dff,a6177608,0.0
2025-02-19T07:00:00Z,147abc6a,8bab4dff,a6177608,0.0
2025-02-19T07:03:00Z,147abc6a,8bab4dff,a6177608,0.0
2025-02-19T07:06:00Z,147abc6a,8bab4dff,a6177608,0.0
2025-02-19T07:09:00Z,147abc6a,8bab4dff,a6177608,0.0
2025-02-19T07:12:00Z,147abc6a,8bab4dff,a6177608,0.0
2025-02-19T07:15:00Z,147abc6a,8bab4dff,a6177608,0.0
2025-02-19T07:18:00Z,147abc6a,8bab4dff,a6177608,0.0
2025-02-19T07:21:00Z,147abc6a,8bab4dff,a6177608,0.0
2025-02-19T07:24:00Z,147abc6a,8bab4dff,a6177608,0.0
2025-02-19T07:27:00Z,147abc6a,8bab4dff,a6177608,0.0
2025-02-19T07:30:00Z,147abc6a,8bab4dff,a6177608,0.0
2025-02-19T07:33:00Z,147abc6a,8bab4dff,a6177608,0.0
2025-02-19T07:36:00Z,147abc6a,8bab4dff,a6177608,0.0
2025-02-19T07:39:00Z,147abc6a,8bab4dff,a6177608,0.0
2025-02-19T07:42:00Z,147abc6a,8bab4dff,a6177608,0.0
2025-02-19T07:45:00Z,147abc6a,8bab4dff,a6177608,0.0
2025-02-19T07:48:00Z,147abc6a,8bab4dff,a6177608,0.0
2025-02-19T07:51:00Z,147abc6a,8bab4dff,a6177608,0.0
2025-02-19T07:54:00Z,147abc6a,8bab4dff,a6177608,0.0
2025-02-19T07:57:00Z,147abc6a,8bab4dff,a6177608,0.0
2025-02-19T08:00:00Z,147abc6a,8bab4dff,a6177608,0.0
2025-02-19T08:03:00Z,147abc6a,8bab4dff,a6177608,0.0
2025-02-19T08:06:00Z,147abc6a,8bab4dff,a6177608,0.0
2025-02-19T08:09:00Z,147abc6a,8bab4dff,a6177608,0.0
2025-02-19T08:12:00Z,147abc6a,8bab4dff,a6177608,0.0
2025-02-19T08:15:00Z,147abc6a,8bab4dff,a6177608,0.0
2025-02-19T08:18:00Z,147abc6a,8bab4dff,a6177608,0.0
2025-02-19T08:21:00Z,147abc6a,8bab4dff,a6177608,0.0
2025-02-19T08:24:00Z,147abc6a,8bab4dff,a6177608,0.0
2025-02-19T08:27:00Z,147abc6a,8bab4dff,a6177608,0.0
2025-02-19T08:30:00Z,147abc6a,8bab4dff,a6177608,0.0
2025-02-19T08:33:00Z,147abc6a,8bab4dff,a6177608,0.0
2025-02-19T08:36:00Z,147abc6a,8bab4dff,a6177608,0.0
2025-02-19T08:39:00Z,147abc6a,8bab4dff,a6177608,0.0
2025-02-19T08:42:00Z,147abc6a,8bab4dff,a6177608,0.0
2025-02-19T08:45:00Z,147abc6a,8bab4dff,a6177608,0.0
2025-02-19T08:48:00Z,147abc6a,8bab4dff,a6177608,0.0
2025-02-19T08:51:00Z,147abc6a,8bab4dff,a6177608,0.0
2025-02-19T08:54:00Z,147abc6a,8bab4dff,a6177608,0.0
2025-02-19T08:57:00Z,147abc6a,8bab4dff,a6177608,0.0
2025-02-19T09:00:00Z,147abc6a,8bab4dff,a6177608,0.0
2025-02-19T09:03:00Z,147abc6a,8bab4dff,a6177608,0.0
2025-02-19T09:06:00Z,147abc6a,8bab4dff,a6177608,0.0
2025-02-19T09:09:00Z,147abc6a,8bab4dff,a6177608,0.0
2025-02-19T09:12:00Z,147abc6a,8bab4dff,a6177608,0.0
2025-02-19T09:15:00Z,147abc6a,8bab4dff,a6177608,0.0
2025-02-19T09:18:00Z,147abc6a,8bab4dff,a6177608,0.0
2025-02-19T09:21:00Z,147abc6a,8bab4dff,a6177608,0.0
2025-02-19T09:24:00Z,147abc6a,8bab4dff,a6177608,0.0
2025-02-19T09:27:00Z,147abc6a,8bab4dff,a6177608,0.0
2025-02-19T09:30:00Z,147abc6a,8bab4dff,a6177608,0.0
2025-02-19T09:33:00Z,147abc6a,8bab4dff,a6177608,0.0
2025-02-19T09:36:00Z,147abc6a,8bab4dff,a6177608,0.0
2025-02-19T09:39:00Z,147abc6a,8bab4dff,a6177608,0.0
2025-02-19T09:42:00Z,147abc6a,8bab4dff,a6177608,0.0
2025-02-19T09:45:00Z,147abc6a,8bab4dff,a6177608,0.0
2025-02-19T09:48:00Z,147abc6a,8bab4dff,a6177608,0.0
2025-02-19T09:51:00Z,147abc6a,8bab4dff,a6177608,0.0
2025-02-19T09:54:00Z,147abc6a,8bab4dff,a6177608,0.0
2025-02-19T09:57:00Z,147abc6a,8bab4dff,a6177608,0.0
2025-02-19T10:00:00Z,147abc6a,8bab4dff,a6177608,0.0
2025-02-19T10:03:00Z,147abc6a,8bab4dff,a6177608,0.0
2025-02-19T10:06:00Z,147abc6a,8bab4dff,a6177608,0.0
2025-02-19T10:09:00Z,147abc6a,8bab4dff,a6177608,0.0
2025-02-19T10:12:00Z,147abc6a,8bab4dff,a6177608,0.0
2025-02-19T10:15:00Z,147abc6a,8bab4dff,a6177608,0.0
2025-02-19T10:18:00Z,147abc6a,8bab4dff,a6177608,0.0
2025-02-19T10:21:00Z,147abc6a,8bab4dff,a6177608,0.0
2025-02-19T10:24:00Z,147abc6a,8bab4dff,a6177608,0.0
2025-02-19T10:27:00Z,147abc6a,8bab4dff,a6177608,0.0
2025-02-19T10:30:00Z,147abc6a,8bab4dff,a6177608,0.0
2025-02-19T10:33:00Z,147abc6a,8bab4dff,a6177608,0.0
2025-02-19T10:36:00Z,147abc6a,8bab4dff,a6177608,0.0
2025-02-19T10:39:00Z,147abc6a,8bab4dff,a6177608,0.0
2025-02-19T10:42:00Z,147abc6a,8bab4dff,a6177608,0.0
2025-02-19T10:45:00Z,147abc6a,8bab4dff,a6177608,0.0
2025-02-19T10:48:00Z,147abc6a,8bab4dff,a6177608,0.0
2025-02-19T10:51:00Z,147abc6a,8bab4dff,a6177608,0.0
2025-02-19T10:54:00Z,147abc6a,8bab4dff,a6177608,0.0
2025-02-19T10:57:00Z,147abc6a,8bab4dff,a6177608,0.0
2025-02-19T11:00:00Z,147abc6a,8bab4dff,a6177608,0.0
2025-02-19T11:03:00Z,147abc6a,8bab4dff,a6177608,0.0
2025-02-19T11:06:00Z,147abc6a,8bab4dff,a6177608,0.0
2025-02-19T11:09:00Z,147abc6a,8bab4dff,a6177608,0.0
2025-02-19T11:12:00Z,147abc6a,8bab4dff,a6177608,0.0
2025-02-19T11:15:00Z,147abc6a,8bab4dff,a6177608,0.0
2025-02-19T11:18:00Z,147abc6a,8bab4dff,a6177608,0.0
2025-02-19T11:21:00Z,147abc6a,8bab4dff,a6177608,0.0
2025-02-19T11:24:00Z,147abc6a,8bab4dff,a6177608,0.0
2025-02-19T11:27:00Z,147abc6a,8bab4dff,a6177608,0.0
2025-02-19T11:30:00Z,147abc6a,8bab4dff,a6177608,0.0
2025-02-19T11:33:00Z,147abc6a,8bab4dff,a6177608,0.0
2025-02-19T11:36:00Z,147abc6a,8bab4dff,a6177608,0.0
2025-02-19T11:39:00Z,147abc6a,8bab4dff,a6177608,0.0
2025-02-19T11:42:00Z,147abc6a,8bab4dff,a6177608,0.0
2025-02-19T11:45:00Z,147abc6a,8bab4dff,a6177608,0.0
2025-02-19T11:48:00Z,147abc6a,8bab4dff,a6177608,0.0
2025-02-19T11:51:00Z,147abc6a,8bab4dff,a6177608,0.0
2025-02-19T11:54:00Z,147abc6a,8bab4dff,a6177608,0.0
2025-02-19T11:57:00Z,147abc6a,8bab4dff,a6177608,0.0
2025-02-19T12:00:00Z,147abc6a,8bab4dff,a6177608,0.0
2025-02-19T12:03:00Z,147abc6a,8bab4dff,a6177608,0.0
2025-02-19T12:06:00Z,147abc6a,8bab4dff,a6177608,0.0
2025-02-19T12:09:00Z,147abc6a,8bab4dff,a6177608,0.0
2025-02-19T12:12:00Z,147abc6a,8bab4dff,a6177608,0.0
2025-02-19T12:15:00Z,147abc6a,8bab4dff,a6177608,0.0
2025-02-19T12:18:00Z,147abc6a,8bab4dff,a6177608,0.0
2025-02-19T12:21:00Z,147abc6a,8bab4dff,a6177608,0.0
2025-02-19T12:24:00Z,147abc6a,8bab4dff,a6177608,0.0
2025-02-19T12:27:00Z,147abc6a,8bab4dff,a6177608,0.0
2025-02-19T12:30:00Z,147abc6a,8bab4dff,a6177608,0.0
2025-02-19T12:33:00Z,147abc6a,8bab4dff,a6177608,0.0
2025-02-19T12:36:00Z,147abc6a,8bab4dff,a6177608,0.0
2025-02-19T12:39:00Z,147abc6a,8bab4dff,a6177608,0.0
2025-02-19T12:42:00Z,147abc6a,8bab4dff,a6177608,0.0
2025-02-19T12:45:00Z,147abc6a,8bab4dff,a6177608,0.0
2025-02-19T12:48:00Z,147abc6a,8bab4dff,a6177608,0.0
2025-02-19T12:51:00Z,147abc6a,8bab4dff,a6177608,0.0
2025-02-19T12:54:00Z,147abc6a,8bab4dff,a6177608,0.0
2025-02-19T12:57:00Z,147abc6a,8bab4dff,a6177608,0.0
2025-02-19T13:00:00Z,147abc6a,8bab4dff,a6177608,0.0
2025-02-19T13:03:00Z,147abc6a,8bab4dff,a6177608,0.0
2025-02-19T13:06:00Z,147abc6a,8bab4dff,a6177608,0.0
2025-02-19T13:09:00Z,147abc6a,8bab4dff,a6177608,0.0
2025-02-19T13:12:00Z,147abc6a,8bab4dff,a6177608,0.0
2025-02-19T13:15:00Z,147abc6a,8bab4dff,a6177608,0.0
2025-02-19T13:18:00Z,147abc6a,8bab4dff,a6177608,0.0
2025-02-19T13:21:00Z,147abc6a,8bab4dff,a6177608,0.0
2025-02-19T13:24:00Z,147abc6a,8bab4dff,a6177608,0.0
2025-02-19T13:27:00Z,147abc6a,8bab4dff,a6177608,0.0
2025-02-19T13:30:00Z,147abc6a,8bab4dff,a6177608,0.0
2025-02-19T13:33:00Z,147abc6a,8bab4dff,a6177608,0.0
2025-02-19T13:36:00Z,147abc6a,8bab4dff,a6177608,0.0
2025-02-19T13:39:00Z,147abc6a,8bab4dff,a6177608,0.0
2025-02-19T13:42:00Z,147abc6a,8bab4dff,a6177608,0.0
2025-02-19T13:45:00Z,147abc6a,8bab4dff,a6177608,0.0
2025-02-19T13:48:00Z,147abc6a,8bab4dff,a6177608,0.0
2025-02-19T13:51:00Z,147abc6a,8bab4dff,a6177608,0.0
2025-02-19T13:54:00Z,147abc6a,8bab4dff,a6177608,0.0
2025-02-19T13:57:00Z,147abc6a,8bab4dff,a6177608,0.0
2025-02-19T14:00:00Z,147abc6a,8bab4dff,a6177608,0.0
2025-02-19T14:03:00Z,147abc6a,8bab4dff,a6177608,0.0
2025-02-19T14:06:00Z,147abc6a,8bab4dff,a6177608,0.0
2025-02-19T14:09:00Z,147abc6a,8bab4dff,a6177608,0.0
2025-02-19T14:12:00Z,147abc6a,8bab4dff,a6177608,0.0
2025-02-19T14:15:00Z,147abc6a,8bab4dff,a6177608,0.0
2025-02-19T14:18:00Z,147abc6a,8bab4dff,a6177608,0.0
2025-02-19T14:21:00Z,147abc6a,8bab4dff,a6177608,0.0
2025-02-19T14:24:00Z,147abc6a,8bab4dff,a6177608,0.0
2025-02-19T14:27:00Z,147abc6a,8bab4dff,a6177608,0.0
2025-02-19T14:30:00Z,147abc6a,8bab4dff,a6177608,0.0
2025-02-19T14:33:00Z,147abc6a,8bab4dff,a6177608,0.0
2025-02-19T14:36:00Z,147abc6a,8bab4dff,a6177608,0.0
2025-02-19T14:39:00Z,147abc6a,8bab4dff,a6177608,0.0
2025-02-19T14:42:00Z,147abc6a,8bab4dff,a6177608,0.0
2025-02-19T14:45:00Z,147abc6a,8bab4dff,a6177608,0.0
2025-02-19T14:48:00Z,147abc6a,8bab4dff,a6177608,0.0
2025-02-19T14:51:00Z,147abc6a,8bab4dff,a6177608,0.0
2025-02-19T14:54:00Z,147abc6a,8bab4dff,a6177608,0.0
2025-02-19T14:57:00Z,147abc6a,8bab4dff,a6177608,0.0
2025-02-19T15:00:00Z,147abc6a,8bab4dff,a6177608,0.0
2025-02-19T15:03:00Z,147abc6a,8bab4dff,a6177608,0.0
2025-02-19T15:06:00Z,147abc6a,8bab4dff,a6177608,0.0
2025-02-19T15:09:00Z,147abc6a,8bab4dff,a6177608,0.0
2025-02-19T15:12:00Z,147abc6a,8bab4dff,a6177608,0.0
2025-02-19T15:15:00Z,147abc6a,8bab4dff,a6177608,0.0
2025-02-19T15:18:00Z,147abc6a,8bab4dff,a6177608,0.0
2025-02-19T15:21:00Z,147abc6a,8bab4dff,a6177608,0.0
2025-02-19T15:24:00Z,147abc6a,8bab4dff,a6177608,0.0
2025-02-19T15:27:00Z,147abc6a,8bab4dff,a6177608,0.0
2025-02-19T15:30:00Z,147abc6a,8bab4dff,a6177608,0.0
2025-02-19T15:33:00Z,147abc6a,8bab4dff,a6177608,0.0
2025-02-19T15:36:00Z,147abc6a,8bab4dff,a6177608,0.0
2025-02-19T15:39:00Z,147abc6a,8bab4dff,a6177608,0.0
2025-02-19T15:42:00Z,147abc6a,8bab4dff,a6177608,0.0
2025-02-19T15:45:00Z,147abc6a,8bab4dff,a6177608,0.0
2025-02-19T15:48:00Z,147abc6a,8bab4dff,a6177608,0.0
2025-02-19T15:51:00Z,147abc6a,8bab4dff,a6177608,0.0
2025-02-19T15:54:00Z,147abc6a,8bab4dff,a6177608,0.0
2025-02-19T15:57:00Z,147abc6a,8bab4dff,a6177608,0.0
2025-02-19T16:00:00Z,147abc6a,8bab4dff,a6177608,0.0
2025-02-19T16:03:00Z,147abc6a,8bab4dff,a6177608,0.0
2025-02-19T16:06:00Z,147abc6a,8bab4dff,a6177608,0.0
2025-02-19T16:09:00Z,147abc6a,8bab4dff,a6177608,0.0
2025-02-19T16:12:00Z,147abc6a,8bab4dff,a6177608,0.0
2025-02-19T16:15:00Z,147abc6a,8bab4dff,a6177608,0.0
2025-02-19T16:18:00Z,147abc6a,8bab4dff,a6177608,0.0
2025-02-19T16:21:00Z,147abc6a,8bab4dff,a6177608,0.0
2025-02-19T16:24:00Z,147abc6a,8bab4dff,a6177608,0.0
2025-02-19T16:27:00Z,147abc6a,8bab4dff,a6177608,0.0
2025-02-19T16:30:00Z,147abc6a,8bab4dff,a6177608,0.0
2025-02-19T16:33:00Z,147abc6a,8bab4dff,a6177608,0.0
2025-02-19T16:36:00Z,147abc6a,8bab4dff,a6177608,0.0
2025-02-19T16:39:00Z,147abc6a,8bab4dff,a6177608,0.0
2025-02-19T16:42:00Z,147abc6a,8bab4dff,a6177608,0.0
2025-02-19T16:45:00Z,147abc6a,8bab4dff,a6177608,0.0
2025-02-19T16:48:00Z,147abc6a,8bab4dff,a6177608,0.0
2025-02-19T16:51:00Z,147abc6a,8bab4dff,a6177608,0.0
2025-02-19T16:54:00Z,147abc6a,8bab4dff,a6177608,0.0
2025-02-19T16:57:00Z,147abc6a,8bab4dff,a6177608,0.0
2025-02-19T17:00:00Z,147abc6a,8bab4dff,a6177608,0.0
2025-02-19T17:03:00Z,147abc6a,8bab4dff,a6177608,0.0
2025-02-19T17:06:00Z,147abc6a,8bab4dff,a6177608,0.0
2025-02-19T17:09:00Z,147abc6a,8bab4dff,a6177608,0.0
2025-02-19T17:12:00Z,147abc6a,8bab4dff,a6177608,0.0
2025-02-19T17:15:00Z,147abc6a,8bab4dff,a6177608,0.0
2025-02-19T17:18:00Z,147abc6a,8bab4dff,a6177608,0.0
2025-02-19T17:21:00Z,147abc6a,8bab4dff,a6177608,0.0
2025-02-19T17:24:00Z,147abc6a,8bab4dff,a6177608,0.0
2025-02-19T17:27:00Z,147abc6a,8bab4dff,a6177608,0.0
2025-02-19T17:30:00Z,147abc6a,8bab4dff,a6177608,0.0
2025-02-19T17:33:00Z,147abc6a,8bab4dff,a6177608,0.0
2025-02-19T17:36:00Z,147abc6a,8bab4dff,a6177608,0.0
2025-02-19T17:39:00Z,147abc6a,8bab4dff,a6177608,0.0
2025-02-19T17:42:00Z,147abc6a,8bab4dff,a6177608,0.0
2025-02-19T17:45:00Z,147abc6a,8bab4dff,a6177608,0.0
2025-02-19T17:48:00Z,147abc6a,8bab4dff,a6177608,0.0
2025-02-19T17:51:00Z,147abc6a,8bab4dff,a6177608,0.0
2025-02-19T17:54:00Z,147abc6a,8bab4dff,a6177608,0.0
2025-02-19T17:57:00Z,147abc6a,8bab4dff,a6177608,0.0
2025-02-19T18:00:00Z,147abc6a,8bab4dff,a6177608,0.0
2025-02-19T18:03:00Z,147abc6a,8bab4dff,a6177608,0.0
2025-02-19T18:06:00Z,147abc6a,8bab4dff,a6177608,0.0
2025-02-19T18:09:00Z,147abc6a,8bab4dff,a6177608,0.0
2025-02-19T18:12:00Z,147abc6a,8bab4dff,a6177608,0.0
2025-02-19T18:15:00Z,147abc6a,8bab4dff,a6177608,0.0
2025-02-19T18:18:00Z,147abc6a,8bab4dff,a6177608,0.0
2025-02-19T18:21:00Z,147abc6a,8bab4dff,a6177608,0.0
2025-02-19T18:24:00Z,147abc6a,8bab4dff,a6177608,0.0
2025-02-19T18:27:00Z,147abc6a,8bab4dff,a6177608,0.0
2025-02-19T18:30:00Z,147abc6a,8bab4dff,a6177608,0.0
2025-02-19T18:33:00Z,147abc6a,8bab4dff,a6177608,0.0
2025-02-19T18:36:00Z,147abc6a,8bab4dff,a6177608,0.0
2025-02-19T18:39:00Z,147abc6a,8bab4dff,a6177608,0.0
2025-02-19T18:42:00Z,147abc6a,8bab4dff,a6177608,0.0
2025-02-19T18:45:00Z,147abc6a,8bab4dff,a6177608,0.0
2025-02-19T18:48:00Z,147abc6a,8bab4dff,a6177608,0.0
2025-02-19T18:51:00Z,147abc6a,8bab4dff,a6177608,0.0
2025-02-19T18:54:00Z,147abc6a,8bab4dff,a6177608,0.0
2025-02-19T18:57:00Z,147abc6a,8bab4dff,a6177608,0.0
2025-02-19T19:00:00Z,147abc6a,8bab4dff,a6177608,0.0
2025-02-19T19:03:00Z,147abc6a,8bab4dff,a6177608,0.0
2025-02-19T19:06:00Z,147abc6a,8bab4dff,a6177608,0.0
2025-02-19T19:09:00Z,147abc6a,8bab4dff,a6177608,0.0
2025-02-19T19:12:00Z,147abc6a,8bab4dff,a6177608,0.0
2025-02-19T19:15:00Z,147abc6a,8bab4dff,a6177608,0.0
2025-02-19T19:18:00Z,147abc6a,8bab4dff,a6177608,0.0
2025-02-19T19:21:00Z,147abc6a,8bab4dff,a6177608,0.0
2025-02-19T19:24:00Z,147abc6a,8bab4dff,a6177608,0.0
2025-02-19T19:27:00Z,147abc6a,8bab4dff,a6177608,0.0
2025-02-19T19:30:00Z,147abc6a,8bab4dff,a6177608,0.0
2025-02-19T19:33:00Z,147abc6a,8bab4dff,a6177608,0.0
2025-02-19T19:36:00Z,147abc6a,8bab4dff,a6177608,0.0
2025-02-19T19:39:00Z,147abc6a,8bab4dff,a6177608,0.0
2025-02-19T19:42:00Z,147abc6a,8bab4dff,a6177608,0.0
2025-02-19T19:45:00Z,147abc6a,8bab4dff,a6177608,0.0
2025-02-19T19:48:00Z,147abc6a,8bab4dff,a6177608,0.0
2025-02-19T19:51:00Z,147abc6a,8bab4dff,a6177608,0.0
2025-02-19T19:54:00Z,147abc6a,8bab4dff,a6177608,0.0
2025-02-19T19:57:00Z,147abc6a,8bab4dff,a6177608,0.0
2025-02-19T20:00:00Z,147abc6a,8bab4dff,a6177608,0.0
2025-02-19T20:03:00Z,147abc6a,8bab4dff,a6177608,0.0
2025-02-19T20:06:00Z,147abc6a,8bab4dff,a6177608,0.0
2025-02-19T20:09:00Z,147abc6a,8bab4dff,a6177608,0.0
2025-02-19T20:12:00Z,147abc6a,8bab4dff,a6177608,0.0
2025-02-19T20:15:00Z,147abc6a,8bab4dff,a6177608,0.0
2025-02-19T20:18:00Z,147abc6a,8bab4dff,a6177608,0.0
2025-02-19T20:21:00Z,147abc6a,8bab4dff,a6177608,0.0
2025-02-19T20:24:00Z,147abc6a,8bab4dff,a6177608,0.01
2025-02-19T20:27:00Z,147abc6a,8bab4dff,a6177608,0.0
2025-02-19T20:30:00Z,147abc6a,8bab4dff,a6177608,0.0
2025-02-19T20:33:00Z,147abc6a,8bab4dff,a6177608,0.0
2025-02-19T20:36:00Z,147abc6a,8bab4dff,a6177608,0.0
2025-02-19T20:39:00Z,147abc6a,8bab4dff,a6177608,0.0
2025-02-19T20:42:00Z,147abc6a,8bab4dff,a6177608,0.0
2025-02-19T20:45:00Z,147abc6a,8bab4dff,a6177608,0.0
2025-02-19T20:48:00Z,147abc6a,8bab4dff,a6177608,0.0
2025-02-19T20:51:00Z,147abc6a,8bab4dff,a6177608,0.0
2025-02-19T20:54:00Z,147abc6a,8bab4dff,a6177608,0.0
2025-02-19T20:57:00Z,147abc6a,8bab4dff,a6177608,0.0
2025-02-19T21:00:00Z,147abc6a,8bab4dff,a6177608,0.0
2025-02-19T21:03:00Z,147abc6a,8bab4dff,a6177608,0.0
2025-02-19T21:06:00Z,147abc6a,8bab4dff,a6177608,0.0
2025-02-19T21:09:00Z,147abc6a,8bab4dff,a6177608,0.0
2025-02-19T21:12:00Z,147abc6a,8bab4dff,a6177608,0.0
2025-02-19T21:15:00Z,147abc6a,8bab4dff,a6177608,0.0
2025-02-19T21:18:00Z,147abc6a,8bab4dff,a6177608,0.0
2025-02-19T21:21:00Z,147abc6a,8bab4dff,a6177608,0.0
2025-02-19T21:24:00Z,147abc6a,8bab4dff,a6177608,0.0
2025-02-19T21:27:00Z,147abc6a,8bab4dff,a6177608,0.0
2025-02-19T21:30:00Z,147abc6a,8bab4dff,a6177608,0.0
2025-02-19T21:33:00Z,147abc6a,8bab4dff,a6177608,0.0
2025-02-19T21:36:00Z,147abc6a,8bab4dff,a6177608,0.0
2025-02-19T21:39:00Z,147abc6a,8bab4dff,a6177608,0.0
2025-02-19T21:42:00Z,147abc6a,8bab4dff,a6177608,0.0
2025-02-19T21:45:00Z,147abc6a,8bab4dff,a6177608,0.0
2025-02-19T21:48:00Z,147abc6a,8bab4dff,a6177608,0.0
2025-02-19T21:51:00Z,147abc6a,8bab4dff,a6177608,0.0
2025-02-19T21:54:00Z,147abc6a,8bab4dff,a6177608,0.0
2025-02-19T21:57:00Z,147abc6a,8bab4dff,a6177608,0.0
2025-02-19T22:00:00Z,147abc6a,8bab4dff,a6177608,0.0
2025-02-19T22:03:00Z,147abc6a,8bab4dff,a6177608,0.0
2025-02-19T22:06:00Z,147abc6a,8bab4dff,a6177608,0.0
2025-02-19T22:09:00Z,147abc6a,8bab4dff,a6177608,0.0
2025-02-19T22:12:00Z,147abc6a,8bab4dff,a6177608,0.0
2025-02-19T22:15:00Z,147abc6a,8bab4dff,a6177608,0.0
2025-02-19T22:18:00Z,147abc6a,8bab4dff,a6177608,0.0
2025-02-19T22:21:00Z,147abc6a,8bab4dff,a6177608,0.0
2025-02-19T22:24:00Z,147abc6a,8bab4dff,a6177608,0.0
2025-02-19T22:27:00Z,147abc6a,8bab4dff,a6177608,0.0
2025-02-19T22:30:00Z,147abc6a,8bab4dff,a6177608,0.0
2025-02-19T22:33:00Z,147abc6a,8bab4dff,a6177608,0.0
2025-02-19T22:36:00Z,147abc6a,8bab4dff,a6177608,0.0
2025-02-19T22:39:00Z,147abc6a,8bab4dff,a6177608,0.0
2025-02-19T22:42:00Z,147abc6a,8bab4dff,a6177608,0.0
2025-02-19T22:45:00Z,147abc6a,8bab4dff,a6177608,0.0
2025-02-19T22:48:00Z,147abc6a,8bab4dff,a6177608,0.0
2025-02-19T22:51:00Z,147abc6a,8bab4dff,a6177608,0.02
2025-02-19T22:54:00Z,147abc6a,8bab4dff,a6177608,0.0
2025-02-19T22:57:00Z,147abc6a,8bab4dff,a6177608,0.0
2025-02-19T23:00:00Z,147abc6a,8bab4dff,a6177608,0.0
2025-02-19T23:03:00Z,147abc6a,8bab4dff,a6177608,0.0
2025-02-19T23:06:00Z,147abc6a,8bab4dff,a6177608,0.0
2025-02-19T23:09:00Z,147abc6a,8bab4dff,a6177608,0.0
2025-02-19T23:12:00Z,147abc6a,8bab4dff,a6177608,0.0
2025-02-19T23:15:00Z,147abc6a,8bab4dff,a6177608,0.0
2025-02-19T23:18:00Z,147abc6a,8bab4dff,a6177608,0.0
2025-02-19T23:21:00Z,147abc6a,8bab4dff,a6177608,0.0
2025-02-19T23:24:00Z,147abc6a,8bab4dff,a6177608,0.0
2025-02-19T23:27:00Z,147abc6a,8bab4dff,a6177608,0.0
2025-02-19T23:30:00Z,147abc6a,8bab4dff,a6177608,0.0
2025-02-19T23:33:00Z,147abc6a,8bab4dff,a6177608,0.0
2025-02-19T23:36:00Z,147abc6a,8bab4dff,a6177608,0.0
2025-02-19T23:39:00Z,147abc6a,8bab4dff,a6177608,0.0
2025-02-19T23:42:00Z,147abc6a,8bab4dff,a6177608,0.0
2025-02-19T23:45:00Z,147abc6a,8bab4dff,a6177608,0.0
2025-02-19T23:48:00Z,147abc6a,8bab4dff,a6177608,0.0
2025-02-19T23:51:00Z,147abc6a,8bab4dff,a6177608,0.0
2025-02-19T23:54:00Z,147abc6a,8bab4dff,a6177608,0.0
2025-02-19T23:57:00Z,147abc6a,8bab4dff,a6177608,0.0
2025-02-20T00:00:00Z,147abc6a,8bab4dff,a6177608,0.0
2025-02-20T00:03:00Z,147abc6a,8bab4dff,a6177608,0.0
2025-02-20T00:06:00Z,147abc6a,8bab4dff,a6177608,0.0
2025-02-20T00:09:00Z,147abc6a,8bab4dff,a6177608,0.0
2025-02-20T00:12:00Z,147abc6a,8bab4dff,a6177608,0.0
2025-02-20T00:15:00Z,147abc6a,8bab4dff,a6177608,0.0
2025-02-20T00:18:00Z,147abc6a,8bab4dff,a6177608,0.0
2025-02-20T00:21:00Z,147abc6a,8bab4dff,a6177608,0.0
2025-02-20T00:24:00Z,147abc6a,8bab4dff,a6177608,0.0
2025-02-20T00:27:00Z,147abc6a,8bab4dff,a6177608,0.0
2025-02-20T00:30:00Z,147abc6a,8bab4dff,a6177608,0.0
2025-02-20T00:33:00Z,147abc6a,8bab4dff,a6177608,0.0
2025-02-20T00:36:00Z,147abc6a,8bab4dff,a6177608,0.0
2025-02-20T00:39:00Z,147abc6a,8bab4dff,a6177608,0.0
2025-02-20T00:42:00Z,147abc6a,8bab4dff,a6177608,0.0
2025-02-20T00:45:00Z,147abc6a,8bab4dff,a6177608,0.0
2025-02-20T00:48:00Z,147abc6a,8bab4dff,a6177608,0.0
2025-02-20T00:51:00Z,147abc6a,8bab4dff,a6177608,0.0
2025-02-20T00:54:00Z,147abc6a,8bab4dff,a6177608,0.0
2025-02-20T00:57:00Z,147abc6a,8bab4dff,a6177608,0.0
2025-02-20T01:00:00Z,147abc6a,8bab4dff,a6177608,0.0
2025-02-20T01:03:00Z,147abc6a,8bab4dff,a6177608,0.0
2025-02-20T01:06:00Z,147abc6a,8bab4dff,a6177608,0.0
2025-02-20T01:09:00Z,147abc6a,8bab4dff,a6177608,0.0
2025-02-20T01:12:00Z,147abc6a,8bab4dff,a6177608,0.0
2025-02-20T01:15:00Z,147abc6a,8bab4dff,a6177608,0.0
2025-02-20T01:18:00Z,147abc6a,8bab4dff,a6177608,0.0
2025-02-20T01:21:00Z,147abc6a,8bab4dff,a6177608,0.0
2025-02-20T01:24:00Z,147abc6a,8bab4dff,a6177608,0.0
2025-02-20T01:27:00Z,147abc6a,8bab4dff,a6177608,0.0
2025-02-20T01:30:00Z,147abc6a,8bab4dff,a6177608,0.0
2025-02-20T01:33:00Z,147abc6a,8bab4dff,a6177608,0.0
2025-02-20T01:36:00Z,147abc6a,8bab4dff,a6177608,0.0
2025-02-20T01:39:00Z,147abc6a,8bab4dff,a6177608,0.0
2025-02-20T01:42:00Z,147abc6a,8bab4dff,a6177608,0.0
2025-02-20T01:45:00Z,147abc6a,8bab4dff,a6177608,0.0
2025-02-20T01:48:00Z,147abc6a,8bab4dff,a6177608,0.0
2025-02-20T01:51:00Z,147abc6a,8bab4dff,a6177608,0.0
2025-02-20T01:54:00Z,147abc6a,8bab4dff,a6177608,0.0
2025-02-20T01:57:00Z,147abc6a,8bab4dff,a6177608,0.01
2025-02-20T02:00:00Z,147abc6a,8bab4dff,a6177608,0.0
2025-02-20T02:03:00Z,147abc6a,8bab4dff,a6177608,0.0
2025-02-20T02:06:00Z,147abc6a,8bab4dff,a6177608,0.0
2025-02-20T02:09:00Z,147abc6a,8bab4dff,a6177608,0.0
2025-02-20T02:12:00Z,147abc6a,8bab4dff,a6177608,0.0
2025-02-20T02:15:00Z,147abc6a,8bab4dff,a6177608,0.0
2025-02-20T02:18:00Z,147abc6a,8bab4dff,a6177608,0.0
2025-02-20T02:21:00Z,147abc6a,8bab4dff,a6177608,0.0
2025-02-20T02:24:00Z,147abc6a,8bab4dff,a6177608,0.0
2025-02-20T02:27:00Z,147abc6a,8bab4dff,a6177608,0.0
2025-02-20T02:30:00Z,147abc6a,8bab4dff,a6177608,0.0
2025-02-20T02:33:00Z,147abc6a,8bab4dff,a6177608,0.0
2025-02-20T02:36:00Z,147abc6a,8bab4dff,a6177608,0.0
2025-02-20T02:39:00Z,147abc6a,8bab4dff,a6177608,0.0
2025-02-20T02:42:00Z,147abc6a,8bab4dff,a6177608,0.0
2025-02-20T02:45:00Z,147abc6a,8bab4dff,a6177608,0.0
2025-02-20T02:48:00Z,147abc6a,8bab4dff,a6177608,0.0
2025-02-20T02:51:00Z,147abc6a,8bab4dff,a6177608,0.0
2025-02-20T02:54:00Z,147abc6a,8bab4dff,a6177608,0.0
2025-02-20T02:57:00Z,147abc6a,8bab4dff,a6177608,0.0
2025-02-20T03:00:00Z,147abc6a,8bab4dff,a6177608,0.0
2025-02-20T03:03:00Z,147abc6a,8bab4dff,a6177608,0.0
2025-02-20T03:06:00Z,147abc6a,8bab4dff,a6177608,0.0
2025-02-20T03:09:00Z,147abc6a,8bab4dff,a6177608,0.0
2025-02-20T03:12:00Z,147abc6a,8bab4dff,a6177608,0.0
2025-02-20T03:15:00Z,147abc6a,8bab4dff,a6177608,0.0
2025-02-20T03:18:00Z,147abc6a,8bab4dff,a6177608,0.0
2025-02-20T03:21:00Z,147abc6a,8bab4dff,a6177608,0.0
2025-02-20T03:24:00Z,147abc6a,8bab4dff,a6177608,0.0
2025-02-20T03:27:00Z,147abc6a,8bab4dff,a6177608,0.0
2025-02-20T03:30:00Z,147abc6a,8bab4dff,a6177608,0.0
2025-02-20T03:33:00Z,147abc6a,8bab4dff,a6177608,0.0
2025-02-20T03:36:00Z,147abc6a,8bab4dff,a6177608,0.0
2025-02-20T03:39:00Z,147abc6a,8bab4dff,a6177608,0.0
2025-02-20T03:42:00Z,147abc6a,8bab4dff,a6177608,0.0
2025-02-20T03:45:00Z,147abc6a,8bab4dff,a6177608,0.0
2025-02-20T03:48:00Z,147abc6a,8bab4dff,a6177608,0.0
2025-02-20T03:51:00Z,147abc6a,8bab4dff,a6177608,0.0
2025-02-20T03:54:00Z,147abc6a,8bab4dff,a6177608,0.0
2025-02-20T03:57:00Z,147abc6a,8bab4dff,a6177608,0.0
2025-02-20T04:00:00Z,147abc6a,8bab4dff,a6177608,0.0
2025-02-20T04:03:00Z,147abc6a,8bab4dff,a6177608,0.0
2025-02-20T04:06:00Z,147abc6a,8bab4dff,a6177608,0.0
2025-02-20T04:09:00Z,147abc6a,8bab4dff,a6177608,0.0
2025-02-20T04:12:00Z,147abc6a,8bab4dff,a6177608,0.0
2025-02-20T04:15:00Z,147abc6a,8bab4dff,a6177608,0.0
2025-02-20T04:18:00Z,147abc6a,8bab4dff,a6177608,0.0
2025-02-20T04:21:00Z,147abc6a,8bab4dff,a6177608,0.0
2025-02-20T04:24:00Z,147abc6a,8bab4dff,a6177608,0.0
2025-02-20T04:27:00Z,147abc6a,8bab4dff,a6177608,0.0
2025-02-20T04:30:00Z,147abc6a,8bab4dff,a6177608,0.0
2025-02-20T04:33:00Z,147abc6a,8bab4dff,a6177608,0.0
2025-02-20T04:36:00Z,147abc6a,8bab4dff,a6177608,0.0
2025-02-20T04:39:00Z,147abc6a,8bab4dff,a6177608,0.0
2025-02-20T04:42:00Z,147abc6a,8bab4dff,a6177608,0.0
2025-02-20T04:45:00Z,147abc6a,8bab4dff,a6177608,0.0
2025-02-20T04:48:00Z,147abc6a,8bab4dff,a6177608,0.0
2025-02-20T04:51:00Z,147abc6a,8bab4dff,a6177608,0.0
2025-02-20T04:54:00Z,147abc6a,8bab4dff,a6177608,0.0
2025-02-20T04:57:00Z,147abc6a,8bab4dff,a6177608,0.0
2025-02-20T05:00:00Z,147abc6a,8bab4dff,a6177608,0.0
2025-02-20T05:03:00Z,147abc6a,8bab4dff,a6177608,0.0
2025-02-20T05:06:00Z,147abc6a,8bab4dff,a6177608,0.0
2025-02-20T05:09:00Z,147abc6a,8bab4dff,a6177608,0.0
2025-02-20T05:12:00Z,147abc6a,8bab4dff,a6177608,0.0
2025-02-20T05:15:00Z,147abc6a,8bab4dff,a6177608,0.0
2025-02-20T05:18:00Z,147abc6a,8bab4dff,a6177608,0.0
2025-02-20T05:21:00Z,147abc6a,8bab4dff,a6177608,0.0
2025-02-20T05:24:00Z,147abc6a,8bab4dff,a6177608,0.0
2025-02-20T05:27:00Z,147abc6a,8bab4dff,a6177608,0.0
2025-02-20T05:30:00Z,147abc6a,8bab4dff,a6177608,0.0
2025-02-20T05:33:00Z,147abc6a,8bab4dff,a6177608,0.0
2025-02-20T05:36:00Z,147abc6a,8bab4dff,a6177608,0.0
2025-02-20T05:39:00Z,147abc6a,8bab4dff,a6177608,0.0
2025-02-20T05:42:00Z,147abc6a,8bab4dff,a6177608,0.0
2025-02-20T05:45:00Z,147abc6a,8bab4dff,a6177608,0.0
2025-02-20T05:48:00Z,147abc6a,8bab4dff,a6177608,0.0
2025-02-20T05:51:00Z,147abc6a,8bab4dff,a6177608,0.0
2025-02-20T05:54:00Z,147abc6a,8bab4dff,a6177608,0.0
2025-02-20T05:57:00Z,147abc6a,8bab4dff,a6177608,0.0
2025-02-20T06:00:00Z,147abc6a,8bab4dff,a6177608,0.0
2025-02-20T06:03:00Z,147abc6a,8bab4dff,a6177608,0.0
2025-02-20T06:06:00Z,147abc6a,8bab4dff,a6177608,0.0
2025-02-20T06:09:00Z,147abc6a,8bab4dff,a6177608,0.0
2025-02-20T06:12:00Z,147abc6a,8bab4dff,a6177608,0.0
2025-02-20T06:15:00Z,147abc6a,8bab4dff,a6177608,0.0
2025-02-20T06:18:00Z,147abc6a,8bab4dff,a6177608,0.0
2025-02-20T06:21:00Z,147abc6a,8bab4dff,a6177608,0.0
2025-02-20T06:24:00Z,147abc6a,8bab4dff,a6177608,0.0
2025-02-20T06:27:00Z,147abc6a,8bab4dff,a6177608,0.0
2025-02-20T06:30:00Z,147abc6a,8bab4dff,a6177608,0.0
2025-02-20T06:33:00Z,147abc6a,8bab4dff,a6177608,0.0
2025-02-20T06:36:00Z,147abc6a,8bab4dff,a6177608,0.0
2025-02-20T06:39:00Z,147abc6a,8bab4dff,a6177608,0.14
2025-02-20T06:42:00Z,147abc6a,8bab4dff,a6177608,0.0
2025-02-20T06:45:00Z,147abc6a,8bab4dff,a6177608,0.0
2025-02-20T06:48:00Z,147abc6a,8bab4dff,a6177608,0.0
2025-02-20T06:51:00Z,147abc6a,8bab4dff,a6177608,0.0
2025-02-20T06:54:00Z,147abc6a,8bab4dff,a6177608,0.0
2025-02-20T06:57:00Z,147abc6a,8bab4dff,a6177608,0.0
2025-02-20T07:00:00Z,147abc6a,8bab4dff,a6177608,0.0
2025-02-20T07:03:00Z,147abc6a,8bab4dff,a6177608,0.0
2025-02-20T07:06:00Z,147abc6a,8bab4dff,a6177608,0.0
2025-02-20T07:09:00Z,147abc6a,8bab4dff,a6177608,0.0
2025-02-20T07:12:00Z,147abc6a,8bab4dff,a6177608,0.0
2025-02-20T07:15:00Z,147abc6a,8bab4dff,a6177608,0.0
2025-02-20T07:18:00Z,147abc6a,8bab4dff,a6177608,0.0
2025-02-20T07:21:00Z,147abc6a,8bab4dff,a6177608,0.0
2025-02-20T07:24:00Z,147abc6a,8bab4dff,a6177608,0.0
2025-02-20T07:27:00Z,147abc6a,8bab4dff,a6177608,0.0
2025-02-20T07:30:00Z,147abc6a,8bab4dff,a6177608,0.0
2025-02-20T07:33:00Z,147abc6a,8bab4dff,a6177608,0.0
2025-02-20T07:36:00Z,147abc6a,8bab4dff,a6177608,0.0
2025-02-20T07:39:00Z,147abc6a,8bab4dff,a6177608,0.0
2025-02-20T07:42:00Z,147abc6a,8bab4dff,a6177608,0.0
2025-02-20T07:45:00Z,147abc6a,8bab4dff,a6177608,0.0
2025-02-20T07:48:00Z,147abc6a,8bab4dff,a6177608,0.0
2025-02-20T07:51:00Z,147abc6a,8bab4dff,a6177608,0.0
2025-02-20T07:54:00Z,147abc6a,8bab4dff,a6177608,0.0
2025-02-20T07:57:00Z,147abc6a,8bab4dff,a6177608,0.0
2025-02-20T08:00:00Z,147abc6a,8bab4dff,a6177608,0.0
2025-02-20T08:03:00Z,147abc6a,8bab4dff,a6177608,0.0
2025-02-20T08:06:00Z,147abc6a,8bab4dff,a6177608,0.0
2025-02-20T08:09:00Z,147abc6a,8bab4dff,a6177608,0.0
2025-02-20T08:12:00Z,147abc6a,8bab4dff,a6177608,0.0
2025-02-20T08:15:00Z,147abc6a,8bab4dff,a6177608,0.0
2025-02-20T08:18:00Z,147abc6a,8bab4dff,a6177608,0.0
2025-02-20T08:21:00Z,147abc6a,8bab4dff,a6177608,0.0
2025-02-20T08:24:00Z,147abc6a,8bab4dff,a6177608,0.0
2025-02-20T08:27:00Z,147abc6a,8bab4dff,a6177608,0.0
2025-02-20T08:30:00Z,147abc6a,8bab4dff,a6177608,0.0
2025-02-20T08:33:00Z,147abc6a,8bab4dff,a6177608,0.0
2025-02-20T08:36:00Z,147abc6a,8bab4dff,a6177608,0.0
2025-02-20T08:39:00Z,147abc6a,8bab4dff,a6177608,0.0
2025-02-20T08:42:00Z,147abc6a,8bab4dff,a6177608,0.0
2025-02-20T08:45:00Z,147abc6a,8bab4dff,a6177608,0.0
2025-02-20T08:48:00Z,147abc6a,8bab4dff,a6177608,0.0
2025-02-20T08:51:00Z,147abc6a,8bab4dff,a6177608,0.0
2025-02-20T08:54:00Z,147abc6a,8bab4dff,a6177608,0.0
2025-02-20T08:57:00Z,147abc6a,8bab4dff,a6177608,0.0
2025-02-20T09:00:00Z,147abc6a,8bab4dff,a6177608,0.0
2025-02-20T09:03:00Z,147abc6a,8bab4dff,a6177608,0.0
2025-02-20T09:06:00Z,147abc6a,8bab4dff,a6177608,0.02
2025-02-20T09:09:00Z,147abc6a,8bab4dff,a6177608,0.0
2025-02-20T09:12:00Z,147abc6a,8bab4dff,a6177608,0.0
2025-02-20T09:15:00Z,147abc6a,8bab4dff,a6177608,0.0
2025-02-20T09:18:00Z,147abc6a,8bab4dff,a6177608,0.0
2025-02-20T09:21:00Z,147abc6a,8bab4dff,a6177608,0.0
2025-02-20T09:24:00Z,147abc6a,8bab4dff,a6177608,0.0
2025-02-20T09:27:00Z,147abc6a,8bab4dff,a6177608,0.0
2025-02-20T09:30:00Z,147abc6a,8bab4dff,a6177608,0.0
2025-02-20T09:33:00Z,147abc6a,8bab4dff,a6177608,0.0
2025-02-20T09:36:00Z,147abc6a,8bab4dff,a6177608,0.0
2025-02-20T09:39:00Z,147abc6a,8bab4dff,a6177608,0.0
2025-02-20T09:42:00Z,147abc6a,8bab4dff,a6177608,0.0
2025-02-20T09:45:00Z,147abc6a,8bab4dff,a6177608,0.0
2025-02-20T09:48:00Z,147abc6a,8bab4dff,a6177608,0.0
2025-02-20T09:51:00Z,147abc6a,8bab4dff,a6177608,0.0
2025-02-20T09:54:00Z,147abc6a,8bab4dff,a6177608,0.0
2025-02-20T09:57:00Z,147abc6a,8bab4dff,a6177608,0.0
2025-02-20T10:00:00Z,147abc6a,8bab4dff,a6177608,0.0
2025-02-20T10:03:00Z,147abc6a,8bab4dff,a6177608,0.0
2025-02-20T10:06:00Z,147abc6a,8bab4dff,a6177608,0.0
2025-02-20T10:09:00Z,147abc6a,8bab4dff,a6177608,0.0
2025-02-20T10:12:00Z,147abc6a,8bab4dff,a6177608,0.0
2025-02-20T10:15:00Z,147abc6a,8bab4dff,a6177608,0.0
2025-02-20T10:18:00Z,147abc6a,8bab4dff,a6177608,0.0
2025-02-20T10:21:00Z,147abc6a,8bab4dff,a6177608,0.0
2025-02-20T10:24:00Z,147abc6a,8bab4dff,a6177608,0.0
2025-02-20T10:27:00Z,147abc6a,8bab4dff,a6177608,0.0
2025-02-20T10:30:00Z,147abc6a,8bab4dff,a6177608,0.0
2025-02-20T10:33:00Z,147abc6a,8bab4dff,a6177608,0.0
2025-02-20T10:36:00Z,147abc6a,8bab4dff,a6177608,0.0
2025-02-20T10:39:00Z,147abc6a,8bab4dff,a6177608,0.0
2025-02-20T10:42:00Z,147abc6a,8bab4dff,a6177608,0.0
2025-02-20T10:45:00Z,147abc6a,8bab4dff,a6177608,0.0
2025-02-20T10:48:00Z,147abc6a,8bab4dff,a6177608,0.0
2025-02-20T10:51:00Z,147abc6a,8bab4dff,a6177608,0.0
2025-02-20T10:54:00Z,147abc6a,8bab4dff,a6177608,0.0
2025-02-20T10:57:00Z,147abc6a,8bab4dff,a6177608,0.0
2025-02-20T11:00:00Z,147abc6a,8bab4dff,a6177608,0.0
2025-02-20T11:03:00Z,147abc6a,8bab4dff,a6177608,0.0
2025-02-20T11:06:00Z,147abc6a,8bab4dff,a6177608,0.0
2025-02-20T11:09:00Z,147abc6a,8bab4dff,a6177608,0.0
2025-02-20T11:12:00Z,147abc6a,8bab4dff,a6177608,0.0
2025-02-20T11:15:00Z,147abc6a,8bab4dff,a6177608,0.0
2025-02-20T11:18:00Z,147abc6a,8bab4dff,a6177608,0.0
2025-02-20T11:21:00Z,147abc6a,8bab4dff,a6177608,0.0
2025-02-20T11:24:00Z,147abc6a,8bab4dff,a6177608,0.0
2025-02-20T11:27:00Z,147abc6a,8bab4dff,a6177608,0.0
2025-02-20T11:30:00Z,147abc6a,8bab4dff,a6177608,0.0
2025-02-20T11:33:00Z,147abc6a,8bab4dff,a6177608,0.0
2025-02-20T11:36:00Z,147abc6a,8bab4dff,a6177608,0.0
2025-02-20T11:39:00Z,147abc6a,8bab4dff,a6177608,0.0
2025-02-20T11:42:00Z,147abc6a,8bab4dff,a6177608,0.0
2025-02-20T11:45:00Z,147abc6a,8bab4dff,a6177608,0.0
2025-02-20T11:48:00Z,147abc6a,8bab4dff,a6177608,0.0
2025-02-20T11:51:00Z,147abc6a,8bab4dff,a6177608,0.0
2025-02-20T11:54:00Z,147abc6a,8bab4dff,a6177608,0.0
2025-02-20T11:57:00Z,147abc6a,8bab4dff,a6177608,0.0
2025-02-20T12:00:00Z,147abc6a,8bab4dff,a6177608,0.0
2025-02-20T12:03:00Z,147abc6a,8bab4dff,a6177608,0.0
2025-02-20T12:06:00Z,147abc6a,8bab4dff,a6177608,0.0
2025-02-20T12:09:00Z,147abc6a,8bab4dff,a6177608,0.0
2025-02-20T12:12:00Z,147abc6a,8bab4dff,a6177608,0.0
2025-02-20T12:15:00Z,147abc6a,8bab4dff,a6177608,0.0
2025-02-20T12:18:00Z,147abc6a,8bab4dff,a6177608,0.0
2025-02-20T12:21:00Z,147abc6a,8bab4dff,a6177608,0.0
2025-02-20T12:24:00Z,147abc6a,8bab4dff,a6177608,0.0
2025-02-20T12:27:00Z,147abc6a,8bab4dff,a6177608,0.0
2025-02-20T12:30:00Z,147abc6a,8bab4dff,a6177608,0.0
2025-02-20T12:33:00Z,147abc6a,8bab4dff,a6177608,0.0
2025-02-20T12:36:00Z,147abc6a,8bab4dff,a6177608,0.0
2025-02-20T12:39:00Z,147abc6a,8bab4dff,a6177608,0.0
2025-02-20T12:42:00Z,147abc6a,8bab4dff,a6177608,0.0
2025-02-20T12:45:00Z,147abc6a,8bab4dff,a6177608,0.0
2025-02-20T12:48:00Z,147abc6a,8bab4dff,a6177608,0.0
2025-02-20T12:51:00Z,147abc6a,8bab4dff,a6177608,0.0
2025-02-20T12:54:00Z,147abc6a,8bab4dff,a6177608,0.0
2025-02-20T12:57:00Z,147abc6a,8bab4dff,a6177608,0.0
2025-02-20T13:00:00Z,147abc6a,8bab4dff,a6177608,0.0
2025-02-20T13:03:00Z,147abc6a,8bab4dff,a6177608,0.0
2025-02-20T13:06:00Z,147abc6a,8bab4dff,a6177608,0.0
2025-02-20T13:09:00Z,147abc6a,8bab4dff,a6177608,0.0
2025-02-20T13:12:00Z,147abc6a,8bab4dff,a6177608,0.0
2025-02-20T13:15:00Z,147abc6a,8bab4dff,a6177608,0.0
2025-02-20T13:18:00Z,147abc6a,8bab4dff,a6177608,0.0
2025-02-20T13:21:00Z,147abc6a,8bab4dff,a6177608,0.0
2025-02-20T13:24:00Z,147abc6a,8bab4dff,a6177608,0.0
2025-02-20T13:27:00Z,147abc6a,8bab4dff,a6177608,0.0
2025-02-20T13:30:00Z,147abc6a,8bab4dff,a6177608,0.0
2025-02-20T13:33:00Z,147abc6a,8bab4dff,a6177608,0.0
2025-02-20T13:36:00Z,147abc6a,8bab4dff,a6177608,0.0
2025-02-20T13:39:00Z,147abc6a,8bab4dff,a6177608,0.0
2025-02-20T13:42:00Z,147abc6a,8bab4dff,a6177608,0.0
2025-02-20T13:45:00Z,147abc6a,8bab4dff,a6177608,0.0
2025-02-20T13:48:00Z,147abc6a,8bab4dff,a6177608,0.0
2025-02-20T13:51:00Z,147abc6a,8bab4dff,a6177608,0.0
2025-02-20T13:54:00Z,147abc6a,8bab4dff,a6177608,0.0
2025-02-20T13:57:00Z,147abc6a,8bab4dff,a6177608,0.0
2025-02-20T14:00:00Z,147abc6a,8bab4dff,a6177608,0.0
2025-02-20T14:03:00Z,147abc6a,8bab4dff,a6177608,0.0
2025-02-20T14:06:00Z,147abc6a,8bab4dff,a6177608,0.0
2025-02-20T14:09:00Z,147abc6a,8bab4dff,a6177608,0.0
2025-02-20T14:12:00Z,147abc6a,8bab4dff,a6177608,0.0
2025-02-20T14:15:00Z,147abc6a,8bab4dff,a6177608,0.0
2025-02-20T14:18:00Z,147abc6a,8bab4dff,a6177608,0.0
2025-02-20T14:21:00Z,147abc6a,8bab4dff,a6177608,0.0
2025-02-20T14:24:00Z,147abc6a,8bab4dff,a6177608,0.0
2025-02-20T14:27:00Z,147abc6a,8bab4dff,a6177608,0.0
2025-02-20T14:30:00Z,147abc6a,8bab4dff,a6177608,0.0
2025-02-20T14:33:00Z,147abc6a,8bab4dff,a6177608,0.0
2025-02-20T14:36:00Z,147abc6a,8bab4dff,a6177608,0.0
2025-02-20T14:39:00Z,147abc6a,8bab4dff,a6177608,0.0
2025-02-20T14:42:00Z,147abc6a,8bab4dff,a6177608,0.0
2025-02-20T14:45:00Z,147abc6a,8bab4dff,a6177608,0.0
2025-02-20T14:48:00Z,147abc6a,8bab4dff,a6177608,0.0
2025-02-20T14:51:00Z,147abc6a,8bab4dff,a6177608,0.0
2025-02-20T14:54:00Z,147abc6a,8bab4dff,a6177608,0.0
2025-02-20T14:57:00Z,147abc6a,8bab4dff,a6177608,0.0
2025-02-20T15:00:00Z,147abc6a,8bab4dff,a6177608,0.0
2025-02-20T15:03:00Z,147abc6a,8bab4dff,a6177608,0.0
2025-02-20T15:06:00Z,147abc6a,8bab4dff,a6177608,0.0
2025-02-20T15:09:00Z,147abc6a,8bab4dff,a6177608,0.0
2025-02-20T15:12:00Z,147abc6a,8bab4dff,a6177608,0.0
2025-02-20T15:15:00Z,147abc6a,8bab4dff,a6177608,0.0
2025-02-20T15:18:00Z,147abc6a,8bab4dff,a6177608,0.0
2025-02-20T15:21:00Z,147abc6a,8bab4dff,a6177608,0.0
2025-02-20T15:24:00Z,147abc6a,8bab4dff,a6177608,0.0
2025-02-20T15:27:00Z,147abc6a,8bab4dff,a6177608,0.0
2025-02-20T15:30:00Z,147abc6a,8bab4dff,a6177608,0.0
2025-02-20T15:33:00Z,147abc6a,8bab4dff,a6177608,0.0
2025-02-20T15:36:00Z,147abc6a,8bab4dff,a6177608,0.0
2025-02-20T15:39:00Z,147abc6a,8bab4dff,a6177608,0.0
2025-02-20T15:42:00Z,147abc6a,8bab4dff,a6177608,0.0
2025-02-20T15:45:00Z,147abc6a,8bab4dff,a6177608,0.0
2025-02-20T15:48:00Z,147abc6a,8bab4dff,a6177608,0.0
2025-02-20T15:51:00Z,147abc6a,8bab4dff,a6177608,0.0
2025-02-20T15:54:00Z,147abc6a,8bab4dff,a6177608,0.0
2025-02-20T15:57:00Z,147abc6a,8bab4dff,a6177608,0.0
2025-02-20T16:00:00Z,147abc6a,8bab4dff,a6177608,0.0
2025-02-20T16:03:00Z,147abc6a,8bab4dff,a6177608,0.0
2025-02-20T16:06:00Z,147abc6a,8bab4dff,a6177608,0.0
2025-02-20T16:09:00Z,147abc6a,8bab4dff,a6177608,0.0
2025-02-20T16:12:00Z,147abc6a,8bab4dff,a6177608,0.0
2025-02-20T16:15:00Z,147abc6a,8bab4dff,a6177608,0.0
2025-02-20T16:18:00Z,147abc6a,8bab4dff,a6177608,0.0
2025-02-20T16:21:00Z,147abc6a,8bab4dff,a6177608,0.0
2025-02-20T16:24:00Z,147abc6a,8bab4dff,a6177608,0.0
2025-02-20T16:27:00Z,147abc6a,8bab4dff,a6177608,0.0
2025-02-20T16:30:00Z,147abc6a,8bab4dff,a6177608,0.0
2025-02-20T16:33:00Z,147abc6a,8bab4dff,a6177608,0.0
2025-02-20T16:36:00Z,147abc6a,8bab4dff,a6177608,0.0
2025-02-20T16:39:00Z,147abc6a,8bab4dff,a6177608,0.0
2025-02-20T16:42:00Z,147abc6a,8bab4dff,a6177608,0.0
2025-02-20T16:45:00Z,147abc6a,8bab4dff,a6177608,0.0
2025-02-20T16:48:00Z,147abc6a,8bab4dff,a6177608,0.0
2025-02-20T16:51:00Z,147abc6a,8bab4dff,a6177608,0.0
2025-02-20T16:54:00Z,147abc6a,8bab4dff,a6177608,0.0
2025-02-20T16:57:00Z,147abc6a,8bab4dff,a6177608,0.0
2025-02-20T17:00:00Z,147abc6a,8bab4dff,a6177608,0.0
2025-02-20T17:03:00Z,147abc6a,8bab4dff,a6177608,0.0
2025-02-20T17:06:00Z,147abc6a,8bab4dff,a6177608,0.0
2025-02-20T17:09:00Z,147abc6a,8bab4dff,a6177608,0.0
2025-02-20T17:12:00Z,147abc6a,8bab4dff,a6177608,0.0
2025-02-20T17:15:00Z,147abc6a,8bab4dff,a6177608,0.0
2025-02-20T17:18:00Z,147abc6a,8bab4dff,a6177608,0.0
2025-02-20T17:21:00Z,147abc6a,8bab4dff,a6177608,0.0
2025-02-20T17:24:00Z,147abc6a,8bab4dff,a6177608,0.0
2025-02-20T17:27:00Z,147abc6a,8bab4dff,a6177608,0.0
2025-02-20T17:30:00Z,147abc6a,8bab4dff,a6177608,0.0
2025-02-20T17:33:00Z,147abc6a,8bab4dff,a6177608,0.0
2025-02-20T17:36:00Z,147abc6a,8bab4dff,a6177608,0.0
2025-02-20T17:39:00Z,147abc6a,8bab4dff,a6177608,0.0
2025-02-20T17:42:00Z,147abc6a,8bab4dff,a6177608,0.0
2025-02-20T17:45:00Z,147abc6a,8bab4dff,a6177608,0.0
2025-02-20T17:48:00Z,147abc6a,8bab4dff,a6177608,0.0
2025-02-20T17:51:00Z,147abc6a,8bab4dff,a6177608,0.0
2025-02-20T17:54:00Z,147abc6a,8bab4dff,a6177608,0.0
2025-02-20T17:57:00Z,147abc6a,8bab4dff,a6177608,0.0
2025-02-20T18:00:00Z,147abc6a,8bab4dff,a6177608,0.0
2025-02-20T18:03:00Z,147abc6a,8bab4dff,a6177608,0.0
2025-02-20T18:06:00Z,147abc6a,8bab4dff,a6177608,0.0
2025-02-20T18:09:00Z,147abc6a,8bab4dff,a6177608,0.0
2025-02-20T18:12:00Z,147abc6a,8bab4dff,a6177608,0.0
2025-02-20T18:15:00Z,147abc6a,8bab4dff,a6177608,0.0
2025-02-20T18:18:00Z,147abc6a,8bab4dff,a6177608,0.0
2025-02-20T18:21:00Z,147abc6a,8bab4dff,a6177608,0.0
2025-02-20T18:24:00Z,147abc6a,8bab4dff,a6177608,0.0
2025-02-20T18:27:00Z,147abc6a,8bab4dff,a6177608,0.0
2025-02-20T18:30:00Z,147abc6a,8bab4dff,a6177608,0.0
2025-02-20T18:33:00Z,147abc6a,8bab4dff,a6177608,0.0
2025-02-20T18:36:00Z,147abc6a,8bab4dff,a6177608,0.0
2025-02-20T18:39:00Z,147abc6a,8bab4dff,a6177608,0.0
2025-02-20T18:42:00Z,147abc6a,8bab4dff,a6177608,0.0
2025-02-20T18:45:00Z,147abc6a,8bab4dff,a6177608,0.0
2025-02-20T18:48:00Z,147abc6a,8bab4dff,a6177608,0.0
2025-02-20T18:51:00Z,147abc6a,8bab4dff,a6177608,0.0
2025-02-20T18:54:00Z,147abc6a,8bab4dff,a6177608,0.0
2025-02-20T18:57:00Z,147abc6a,8bab4dff,a6177608,0.0
2025-02-20T19:00:00Z,147abc6a,8bab4dff,a6177608,0.0
2025-02-20T19:03:00Z,147abc6a,8bab4dff,a6177608,0.0
2025-02-20T19:06:00Z,147abc6a,8bab4dff,a6177608,0.0
2025-02-20T19:09:00Z,147abc6a,8bab4dff,a6177608,0.0
2025-02-20T19:12:00Z,147abc6a,8bab4dff,a6177608,0.0
2025-02-20T19:15:00Z,147abc6a,8bab4dff,a6177608,0.0
2025-02-20T19:18:00Z,147abc6a,8bab4dff,a6177608,0.0
2025-02-20T19:21:00Z,147abc6a,8bab4dff,a6177608,0.0
2025-02-20T19:24:00Z,147abc6a,8bab4dff,a6177608,0.0
2025-02-20T19:27:00Z,147abc6a,8bab4dff,a6177608,0.0
2025-02-20T19:30:00Z,147abc6a,8bab4dff,a6177608,0.0
2025-02-20T19:33:00Z,147abc6a,8bab4dff,a6177608,0.0
2025-02-20T19:36:00Z,147abc6a,8bab4dff,a6177608,0.0
2025-02-20T19:39:00Z,147abc6a,8bab4dff,a6177608,0.0
2025-02-20T19:42:00Z,147abc6a,8bab4dff,a6177608,0.0
2025-02-20T19:45:00Z,147abc6a,8bab4dff,a6177608,0.0
2025-02-20T19:48:00Z,147abc6a,8bab4dff,a6177608,0.0
2025-02-20T19:51:00Z,147abc6a,8bab4dff,a6177608,0.0
2025-02-20T19:54:00Z,147abc6a,8bab4dff,a6177608,0.0
2025-02-20T19:57:00Z,147abc6a,8bab4dff,a6177608,0.0
2025-02-20T20:00:00Z,147abc6a,8bab4dff,a6177608,0.0
2025-02-20T20:03:00Z,147abc6a,8bab4dff,a6177608,0.0
2025-02-20T20:06:00Z,147abc6a,8bab4dff,a6177608,0.0
2025-02-20T20:09:00Z,147abc6a,8bab4dff,a6177608,0.0
2025-02-20T20:12:00Z,147abc6a,8bab4dff,a6177608,0.0
2025-02-20T20:15:00Z,147abc6a,8bab4dff,a6177608,0.0
2025-02-20T20:18:00Z,147abc6a,8bab4dff,a6177608,0.0
2025-02-20T20:21:00Z,147abc6a,8bab4dff,a6177608,0.0
2025-02-20T20:24:00Z,147abc6a,8bab4dff,a6177608,0.0
2025-02-20T20:27:00Z,147abc6a,8bab4dff,a6177608,0.0
2025-02-20T20:30:00Z,147abc6a,8bab4dff,a6177608,0.0
2025-02-20T20:33:00Z,147abc6a,8bab4dff,a6177608,0.0
2025-02-20T20:36:00Z,147abc6a,8bab4dff,a6177608,0.01
2025-02-20T20:39:00Z,147abc6a,8bab4dff,a6177608,0.0
2025-02-20T20:42:00Z,147abc6a,8bab4dff,a6177608,0.0
2025-02-20T20:45:00Z,147abc6a,8bab4dff,a6177608,0.0
2025-02-20T20:48:00Z,147abc6a,8bab4dff,a6177608,0.0
2025-02-20T20:51:00Z,147abc6a,8bab4dff,a6177608,0.0
2025-02-20T20:54:00Z,147abc6a,8bab4dff,a6177608,0.0
2025-02-20T20:57:00Z,147abc6a,8bab4dff,a6177608,0.0
2025-02-20T21:00:00Z,147abc6a,8bab4dff,a6177608,0.0
2025-02-20T21:03:00Z,147abc6a,8bab4dff,a6177608,0.0
2025-02-20T21:06:00Z,147abc6a,8bab4dff,a6177608,0.0
2025-02-20T21:09:00Z,147abc6a,8bab4dff,a6177608,0.0
2025-02-20T21:12:00Z,147abc6a,8bab4dff,a6177608,0.0
2025-02-20T21:15:00Z,147abc6a,8bab4dff,a6177608,0.0
2025-02-20T21:18:00Z,147abc6a,8bab4dff,a6177608,0.0
2025-02-20T21:21:00Z,147abc6a,8bab4dff,a6177608,0.0
2025-02-20T21:24:00Z,147abc6a,8bab4dff,a6177608,0.0
2025-02-20T21:27:00Z,147abc6a,8bab4dff,a6177608,0.0
2025-02-20T21:30:00Z,147abc6a,8bab4dff,a6177608,0.0
2025-02-20T21:33:00Z,147abc6a,8bab4dff,a6177608,0.0
2025-02-20T21:36:00Z,147abc6a,8bab4dff,a6177608,0.0
2025-02-20T21:39:00Z,147abc6a,8bab4dff,a6177608,0.0
2025-02-20T21:42:00Z,147abc6a,8bab4dff,a6177608,0.0
2025-02-20T21:45:00Z,147abc6a,8bab4dff,a6177608,0.0
2025-02-20T21:48:00Z,147abc6a,8bab4dff,a6177608,0.0
2025-02-20T21:51:00Z,147abc6a,8bab4dff,a6177608,0.0
2025-02-20T21:54:00Z,147abc6a,8bab4dff,a6177608,0.0
2025-02-20T21:57:00Z,147abc6a,8bab4dff,a6177608,0.0
2025-02-20T22:00:00Z,147abc6a,8bab4dff,a6177608,0.0
2025-02-20T22:03:00Z,147abc6a,8bab4dff,a6177608,0.0
2025-02-20T22:06:00Z,147abc6a,8bab4dff,a6177608,0.0
2025-02-20T22:09:00Z,147abc6a,8bab4dff,a6177608,0.0
2025-02-20T22:12:00Z,147abc6a,8bab4dff,a6177608,0.0
2025-02-20T22:15:00Z,147abc6a,8bab4dff,a6177608,0.0
2025-02-20T22:18:00Z,147abc6a,8bab4dff,a6177608,0.0
2025-02-20T22:21:00Z,147abc6a,8bab4dff,a6177608,0.0
2025-02-20T22:24:00Z,147abc6a,8bab4dff,a6177608,0.0
2025-02-20T22:27:00Z,147abc6a,8bab4dff,a6177608,0.0
2025-02-20T22:30:00Z,147abc6a,8bab4dff,a6177608,0.0
2025-02-20T22:33:00Z,147abc6a,8bab4dff,a6177608,0.0
2025-02-20T22:36:00Z,147abc6a,8bab4dff,a6177608,0.0
2025-02-20T22:39:00Z,147abc6a,8bab4dff,a6177608,0.0
2025-02-20T22:42:00Z,147abc6a,8bab4dff,a6177608,0.0
2025-02-20T22:45:00Z,147abc6a,8bab4dff,a6177608,0.0
2025-02-20T22:48:00Z,147abc6a,8bab4dff,a6177608,0.0
2025-02-20T22:51:00Z,147abc6a,8bab4dff,a6177608,0.01
2025-02-20T22:54:00Z,147abc6a,8bab4dff,a6177608,0.0
2025-02-20T22:57:00Z,147abc6a,8bab4dff,a6177608,0.0
2025-02-20T23:00:00Z,147abc6a,8bab4dff,a6177608,0.0
2025-02-20T23:03:00Z,147abc6a,8bab4dff,a6177608,0.0
2025-02-20T23:06:00Z,147abc6a,8bab4dff,a6177608,0.0
2025-02-20T23:09:00Z,147abc6a,8bab4dff,a6177608,0.0
2025-02-20T23:12:00Z,147abc6a,8bab4dff,a6177608,0.0
2025-02-20T23:15:00Z,147abc6a,8bab4dff,a6177608,0.0
2025-02-20T23:18:00Z,147abc6a,8bab4dff,a6177608,0.0
2025-02-20T23:21:00Z,147abc6a,8bab4dff,a6177608,0.0
2025-02-20T23:24:00Z,147abc6a,8bab4dff,a6177608,0.0
2025-02-20T23:27:00Z,147abc6a,8bab4dff,a6177608,0.0
2025-02-20T23:30:00Z,147abc6a,8bab4dff,a6177608,0.0
2025-02-20T23:33:00Z,147abc6a,8bab4dff,a6177608,0.0
2025-02-20T23:36:00Z,147abc6a,8bab4dff,a6177608,0.0
2025-02-20T23:39:00Z,147abc6a,8bab4dff,a6177608,0.0
2025-02-20T23:42:00Z,147abc6a,8bab4dff,a6177608,0.0
2025-02-20T23:45:00Z,147abc6a,8bab4dff,a6177608,0.0
2025-02-20T23:48:00Z,147abc6a,8bab4dff,a6177608,0.0
2025-02-20T23:51:00Z,147abc6a,8bab4dff,a6177608,0.0
2025-02-20T23:54:00Z,147abc6a,8bab4dff,a6177608,0.0
2025-02-20T23:57:00Z,147abc6a,8bab4dff,a6177608,0.0
2025-02-21T00:00:00Z,147abc6a,8bab4dff,a6177608,0.0
2025-02-21T00:03:00Z,147abc6a,8bab4dff,a6177608,0.0
2025-02-21T00:06:00Z,147abc6a,8bab4dff,a6177608,0.0
2025-02-21T00:09:00Z,147abc6a,8bab4dff,a6177608,0.0
2025-02-21T00:12:00Z,147abc6a,8bab4dff,a6177608,0.0
2025-02-21T00:15:00Z,147abc6a,8bab4dff,a6177608,0.0
2025-02-21T00:18:00Z,147abc6a,8bab4dff,a6177608,0.0
2025-02-21T00:21:00Z,147abc6a,8bab4dff,a6177608,0.0
2025-02-21T00:24:00Z,147abc6a,8bab4dff,a6177608,0.0
2025-02-21T00:27:00Z,147abc6a,8bab4dff,a6177608,0.0
2025-02-21T00:30:00Z,147abc6a,8bab4dff,a6177608,0.0
2025-02-21T00:33:00Z,147abc6a,8bab4dff,a6177608,0.0
2025-02-21T00:36:00Z,147abc6a,8bab4dff,a6177608,0.0
2025-02-21T00:39:00Z,147abc6a,8bab4dff,a6177608,0.0
2025-02-21T00:42:00Z,147abc6a,8bab4dff,a6177608,0.0
2025-02-21T00:45:00Z,147abc6a,8bab4dff,a6177608,0.0
2025-02-21T00:48:00Z,147abc6a,8bab4dff,a6177608,0.0
2025-02-21T00:51:00Z,147abc6a,8bab4dff,a6177608,0.0
2025-02-21T00:54:00Z,147abc6a,8bab4dff,a6177608,0.0
2025-02-21T00:57:00Z,147abc6a,8bab4dff,a6177608,0.0
2025-02-21T01:00:00Z,147abc6a,8bab4dff,a6177608,0.0
2025-02-21T01:03:00Z,147abc6a,8bab4dff,a6177608,0.0
2025-02-21T01:06:00Z,147abc6a,8bab4dff,a6177608,0.0
2025-02-21T01:09:00Z,147abc6a,8bab4dff,a6177608,0.0
2025-02-21T01:12:00Z,147abc6a,8bab4dff,a6177608,0.0
2025-02-21T01:15:00Z,147abc6a,8bab4dff,a6177608,0.0
2025-02-21T01:18:00Z,147abc6a,8bab4dff,a6177608,0.0
2025-02-21T01:21:00Z,147abc6a,8bab4dff,a6177608,0.0
2025-02-21T01:24:00Z,147abc6a,8bab4dff,a6177608,0.0
2025-02-21T01:27:00Z,147abc6a,8bab4dff,a6177608,0.0
2025-02-21T01:30:00Z,147abc6a,8bab4dff,a6177608,0.0
2025-02-21T01:33:00Z,147abc6a,8bab4dff,a6177608,0.0
2025-02-21T01:36:00Z,147abc6a,8bab4dff,a6177608,0.0
2025-02-21T01:39:00Z,147abc6a,8bab4dff,a6177608,0.0
2025-02-21T01:42:00Z,147abc6a,8bab4dff,a6177608,0.0
2025-02-21T01:45:00Z,147abc6a,8bab4dff,a6177608,0.0
2025-02-21T01:48:00Z,147abc6a,8bab4dff,a6177608,0.0
2025-02-21T01:51:00Z,147abc6a,8bab4dff,a6177608,0.0
2025-02-21T01:54:00Z,147abc6a,8bab4dff,a6177608,0.0
2025-02-21T01:57:00Z,147abc6a,8bab4dff,a6177608,0.0
2025-02-21T02:00:00Z,147abc6a,8bab4dff,a6177608,0.0
2025-02-21T02:03:00Z,147abc6a,8bab4dff,a6177608,0.0
2025-02-21T02:06:00Z,147abc6a,8bab4dff,a6177608,0.0
2025-02-21T02:09:00Z,147abc6a,8bab4dff,a6177608,0.0
2025-02-21T02:12:00Z,147abc6a,8bab4dff,a6177608,0.0
2025-02-21T02:15:00Z,147abc6a,8bab4dff,a6177608,0.0
2025-02-21T02:18:00Z,147abc6a,8bab4dff,a6177608,0.0
2025-02-21T02:21:00Z,147abc6a,8bab4dff,a6177608,0.0
2025-02-21T02:24:00Z,147abc6a,8bab4dff,a6177608,0.0
2025-02-21T02:27:00Z,147abc6a,8bab4dff,a6177608,0.0
2025-02-21T02:30:00Z,147abc6a,8bab4dff,a6177608,0.0
2025-02-21T02:33:00Z,147abc6a,8bab4dff,a6177608,0.0
2025-02-21T02:36:00Z,147abc6a,8bab4dff,a6177608,0.0
2025-02-21T02:39:00Z,147abc6a,8bab4dff,a6177608,0.0
2025-02-21T02:42:00Z,147abc6a,8bab4dff,a6177608,0.0
2025-02-21T02:45:00Z,147abc6a,8bab4dff,a6177608,0.0
2025-02-21T02:48:00Z,147abc6a,8bab4dff,a6177608,0.0
2025-02-21T02:51:00Z,147abc6a,8bab4dff,a6177608,0.0
2025-02-21T02:54:00Z,147abc6a,8bab4dff,a6177608,0.0
2025-02-21T02:57:00Z,147abc6a,8bab4dff,a6177608,0.0
2025-02-21T03:00:00Z,147abc6a,8bab4dff,a6177608,0.0
2025-02-21T03:03:00Z,147abc6a,8bab4dff,a6177608,0.0
2025-02-21T03:06:00Z,147abc6a,8bab4dff,a6177608,0.0
2025-02-21T03:09:00Z,147abc6a,8bab4dff,a6177608,0.0
2025-02-21T03:12:00Z,147abc6a,8bab4dff,a6177608,0.0
2025-02-21T03:15:00Z,147abc6a,8bab4dff,a6177608,0.0
2025-02-21T03:18:00Z,147abc6a,8bab4dff,a6177608,0.0
2025-02-21T03:21:00Z,147abc6a,8bab4dff,a6177608,0.0
2025-02-21T03:24:00Z,147abc6a,8bab4dff,a6177608,0.0
2025-02-21T03:27:00Z,147abc6a,8bab4dff,a6177608,0.0
2025-02-21T03:30:00Z,147abc6a,8bab4dff,a6177608,0.0
2025-02-21T03:33:00Z,147abc6a,8bab4dff,a6177608,0.0
2025-02-21T03:36:00Z,147abc6a,8bab4dff,a6177608,0.0
2025-02-21T03:39:00Z,147abc6a,8bab4dff,a6177608,0.0
2025-02-21T03:42:00Z,147abc6a,8bab4dff,a6177608,0.0
2025-02-21T03:45:00Z,147abc6a,8bab4dff,a6177608,0.01
2025-02-21T03:48:00Z,147abc6a,8bab4dff,a6177608,0.0
2025-02-21T03:51:00Z,147abc6a,8bab4dff,a6177608,0.0
2025-02-21T03:54:00Z,147abc6a,8bab4dff,a6177608,0.0
2025-02-21T03:57:00Z,147abc6a,8bab4dff,a6177608,0.0
2025-02-21T04:00:00Z,147abc6a,8bab4dff,a6177608,0.0
2025-02-21T04:03:00Z,147abc6a,8bab4dff,a6177608,0.0
2025-02-21T04:06:00Z,147abc6a,8bab4dff,a6177608,0.0
2025-02-21T04:09:00Z,147abc6a,8bab4dff,a6177608,0.0
2025-02-21T04:12:00Z,147abc6a,8bab4dff,a6177608,0.0
2025-02-21T04:15:00Z,147abc6a,8bab4dff,a6177608,0.0
2025-02-21T04:18:00Z,147abc6a,8bab4dff,a6177608,0.0
2025-02-21T04:21:00Z,147abc6a,8bab4dff,a6177608,0.0
2025-02-21T04:24:00Z,147abc6a,8bab4dff,a6177608,0.0
2025-02-21T04:27:00Z,147abc6a,8bab4dff,a6177608,0.0
2025-02-21T04:30:00Z,147abc6a,8bab4dff,a6177608,0.0
2025-02-21T04:33:00Z,147abc6a,8bab4dff,a6177608,0.0
2025-02-21T04:36:00Z,147abc6a,8bab4dff,a6177608,0.0
2025-02-21T04:39:00Z,147abc6a,8bab4dff,a6177608,0.0
2025-02-21T04:42:00Z,147abc6a,8bab4dff,a6177608,0.0
2025-02-21T04:45:00Z,147abc6a,8bab4dff,a6177608,0.0
2025-02-21T04:48:00Z,147abc6a,8bab4dff,a6177608,0.0
2025-02-21T04:51:00Z,147abc6a,8bab4dff,a6177608,0.0
2025-02-21T04:54:00Z,147abc6a,8bab4dff,a6177608,0.0
2025-02-21T04:57:00Z,147abc6a,8bab4dff,a6177608,0.0
2025-02-21T05:00:00Z,147abc6a,8bab4dff,a6177608,0.0
2025-02-21T05:03:00Z,147abc6a,8bab4dff,a6177608,0.0
2025-02-21T05:06:00Z,147abc6a,8bab4dff,a6177608,0.0
2025-02-21T05:09:00Z,147abc6a,8bab4dff,a6177608,0.0
2025-02-21T05:12:00Z,147abc6a,8bab4dff,a6177608,0.0
2025-02-21T05:15:00Z,147abc6a,8bab4dff,a6177608,0.0
2025-02-21T05:18:00Z,147abc6a,8bab4dff,a6177608,0.0
2025-02-21T05:21:00Z,147abc6a,8bab4dff,a6177608,0.0
2025-02-21T05:24:00Z,147abc6a,8bab4dff,a6177608,0.0
2025-02-21T05:27:00Z,147abc6a,8bab4dff,a6177608,0.0
2025-02-21T05:30:00Z,147abc6a,8bab4dff,a6177608,0.0
2025-02-21T05:33:00Z,147abc6a,8bab4dff,a6177608,0.0
2025-02-21T05:36:00Z,147abc6a,8bab4dff,a6177608,0.0
2025-02-21T05:39:00Z,147abc6a,8bab4dff,a6177608,0.0
2025-02-21T05:42:00Z,147abc6a,8bab4dff,a6177608,0.0
2025-02-21T05:45:00Z,147abc6a,8bab4dff,a6177608,0.0
2025-02-21T05:48:00Z,147abc6a,8bab4dff,a6177608,0.0
2025-02-21T05:51:00Z,147abc6a,8bab4dff,a6177608,0.0
2025-02-21T05:54:00Z,147abc6a,8bab4dff,a6177608,0.0
2025-02-21T05:57:00Z,147abc6a,8bab4dff,a6177608,0.0
2025-02-21T06:00:00Z,147abc6a,8bab4dff,a6177608,0.0
2025-02-21T06:03:00Z,147abc6a,8bab4dff,a6177608,0.0
2025-02-21T06:06:00Z,147abc6a,8bab4dff,a6177608,0.0
2025-02-21T06:09:00Z,147abc6a,8bab4dff,a6177608,0.0
2025-02-21T06:12:00Z,147abc6a,8bab4dff,a6177608,0.25
2025-02-21T06:15:00Z,147abc6a,8bab4dff,a6177608,0.0
2025-02-21T06:18:00Z,147abc6a,8bab4dff,a6177608,0.0
2025-02-21T06:21:00Z,147abc6a,8bab4dff,a6177608,0.07
2025-02-21T06:24:00Z,147abc6a,8bab4dff,a6177608,0.0
2025-02-21T06:27:00Z,147abc6a,8bab4dff,a6177608,0.0
2025-02-21T06:30:00Z,147abc6a,8bab4dff,a6177608,0.0
2025-02-21T06:33:00Z,147abc6a,8bab4dff,a6177608,0.0
2025-02-21T06:36:00Z,147abc6a,8bab4dff,a6177608,0.0
2025-02-21T06:39:00Z,147abc6a,8bab4dff,a6177608,0.0
2025-02-21T06:42:00Z,147abc6a,8bab4dff,a6177608,0.0
2025-02-21T06:45:00Z,147abc6a,8bab4dff,a6177608,0.0
2025-02-21T06:48:00Z,147abc6a,8bab4dff,a6177608,0.0
2025-02-21T06:51:00Z,147abc6a,8bab4dff,a6177608,0.0
2025-02-21T06:54:00Z,147abc6a,8bab4dff,a6177608,0.0
2025-02-21T06:57:00Z,147abc6a,8bab4dff,a6177608,0.0
2025-02-21T07:00:00Z,147abc6a,8bab4dff,a6177608,0.0
2025-02-21T07:03:00Z,147abc6a,8bab4dff,a6177608,0.0
2025-02-21T07:06:00Z,147abc6a,8bab4dff,a6177608,0.0
2025-02-21T07:09:00Z,147abc6a,8bab4dff,a6177608,0.0
2025-02-21T07:12:00Z,147abc6a,8bab4dff,a6177608,0.0
2025-02-21T07:15:00Z,147abc6a,8bab4dff,a6177608,0.0
2025-02-21T07:18:00Z,147abc6a,8bab4dff,a6177608,0.0
2025-02-21T07:21:00Z,147abc6a,8bab4dff,a6177608,0.0
2025-02-21T07:24:00Z,147abc6a,8bab4dff,a6177608,0.0
2025-02-21T07:27:00Z,147abc6a,8bab4dff,a6177608,0.0
2025-02-21T07:30:00Z,147abc6a,8bab4dff,a6177608,0.0
2025-02-21T07:33:00Z,147abc6a,8bab4dff,a6177608,0.0
2025-02-21T07:36:00Z,147abc6a,8bab4dff,a6177608,0.0
2025-02-21T07:39:00Z,147abc6a,8bab4dff,a6177608,0.0
2025-02-21T07:42:00Z,147abc6a,8bab4dff,a6177608,0.0
2025-02-21T07:45:00Z,147abc6a,8bab4dff,a6177608,0.0
2025-02-21T07:48:00Z,147abc6a,8bab4dff,a6177608,0.0
2025-02-21T07:51:00Z,147abc6a,8bab4dff,a6177608,0.0
2025-02-21T07:54:00Z,147abc6a,8bab4dff,a6177608,0.0
2025-02-21T07:57:00Z,147abc6a,8bab4dff,a6177608,0.0
2025-02-21T08:00:00Z,147abc6a,8bab4dff,a6177608,0.0
2025-02-21T08:03:00Z,147abc6a,8bab4dff,a6177608,0.0
2025-02-21T08:06:00Z,147abc6a,8bab4dff,a6177608,0.0
2025-02-21T08:09:00Z,147abc6a,8bab4dff,a6177608,0.0
2025-02-21T08:12:00Z,147abc6a,8bab4dff,a6177608,0.0
2025-02-21T08:15:00Z,147abc6a,8bab4dff,a6177608,0.0
2025-02-21T08:18:00Z,147abc6a,8bab4dff,a6177608,0.0
2025-02-21T08:21:00Z,147abc6a,8bab4dff,a6177608,0.0
2025-02-21T08:24:00Z,147abc6a,8bab4dff,a6177608,0.0
2025-02-21T08:27:00Z,147abc6a,8bab4dff,a6177608,0.0
2025-02-21T08:30:00Z,147abc6a,8bab4dff,a6177608,0.0
2025-02-21T08:33:00Z,147abc6a,8bab4dff,a6177608,0.0
2025-02-21T08:36:00Z,147abc6a,8bab4dff,a6177608,0.0
2025-02-21T08:39:00Z,147abc6a,8bab4dff,a6177608,0.0
2025-02-21T08:42:00Z,147abc6a,8bab4dff,a6177608,0.0
2025-02-21T08:45:00Z,147abc6a,8bab4dff,a6177608,0.0
2025-02-21T08:48:00Z,147abc6a,8bab4dff,a6177608,0.0
2025-02-21T08:51:00Z,147abc6a,8bab4dff,a6177608,0.0
2025-02-21T08:54:00Z,147abc6a,8bab4dff,a6177608,0.0
2025-02-21T08:57:00Z,147abc6a,8bab4dff,a6177608,0.0
2025-02-21T09:00:00Z,147abc6a,8bab4dff,a6177608,0.0
2025-02-21T09:03:00Z,147abc6a,8bab4dff,a6177608,0.0
2025-02-21T09:06:00Z,147abc6a,8bab4dff,a6177608,0.0
2025-02-21T09:09:00Z,147abc6a,8bab4dff,a6177608,0.0
2025-02-21T09:12:00Z,147abc6a,8bab4dff,a6177608,0.0
2025-02-21T09:15:00Z,147abc6a,8bab4dff,a6177608,0.0
2025-02-21T09:18:00Z,147abc6a,8bab4dff,a6177608,0.0
2025-02-21T09:21:00Z,147abc6a,8bab4dff,a6177608,0.0
2025-02-21T09:24:00Z,147abc6a,8bab4dff,a6177608,0.0
2025-02-21T09:27:00Z,147abc6a,8bab4dff,a6177608,0.0
2025-02-21T09:30:00Z,147abc6a,8bab4dff,a6177608,0.0
2025-02-21T09:33:00Z,147abc6a,8bab4dff,a6177608,0.0
2025-02-21T09:36:00Z,147abc6a,8bab4dff,a6177608,0.0
2025-02-21T09:39:00Z,147abc6a,8bab4dff,a6177608,0.0
2025-02-21T09:42:00Z,147abc6a,8bab4dff,a6177608,0.0
2025-02-21T09:45:00Z,147abc6a,8bab4dff,a6177608,0.0
2025-02-21T09:48:00Z,147abc6a,8bab4dff,a6177608,0.0
2025-02-21T09:51:00Z,147abc6a,8bab4dff,a6177608,0.0
2025-02-21T09:54:00Z,147abc6a,8bab4dff,a6177608,0.0
2025-02-21T09:57:00Z,147abc6a,8bab4dff,a6177608,0.0
2025-02-21T10:00:00Z,147abc6a,8bab4dff,a6177608,0.0
2025-02-21T10:03:00Z,147abc6a,8bab4dff,a6177608,0.0
2025-02-21T10:06:00Z,147abc6a,8bab4dff,a6177608,0.0
2025-02-21T10:09:00Z,147abc6a,8bab4dff,a6177608,0.0
2025-02-21T10:12:00Z,147abc6a,8bab4dff,a6177608,0.0
2025-02-21T10:15:00Z,147abc6a,8bab4dff,a6177608,0.0
2025-02-21T10:18:00Z,147abc6a,8bab4dff,a6177608,0.0
2025-02-21T10:21:00Z,147abc6a,8bab4dff,a6177608,0.0
2025-02-21T10:24:00Z,147abc6a,8bab4dff,a6177608,0.0
2025-02-21T10:27:00Z,147abc6a,8bab4dff,a6177608,0.0
2025-02-21T10:30:00Z,147abc6a,8bab4dff,a6177608,0.0
2025-02-21T10:33:00Z,147abc6a,8bab4dff,a6177608,0.0
2025-02-21T10:36:00Z,147abc6a,8bab4dff,a6177608,0.0
2025-02-21T10:39:00Z,147abc6a,8bab4dff,a6177608,0.0
2025-02-21T10:42:00Z,147abc6a,8bab4dff,a6177608,0.0
2025-02-21T10:45:00Z,147abc6a,8bab4dff,a6177608,0.0
2025-02-21T10:48:00Z,147abc6a,8bab4dff,a6177608,0.0
2025-02-21T10:51:00Z,147abc6a,8bab4dff,a6177608,0.0
2025-02-21T10:54:00Z,147abc6a,8bab4dff,a6177608,0.0
2025-02-21T10:57:00Z,147abc6a,8bab4dff,a6177608,0.0
2025-02-21T11:00:00Z,147abc6a,8bab4dff,a6177608,0.0
2025-02-21T11:03:00Z,147abc6a,8bab4dff,a6177608,0.0
2025-02-21T11:06:00Z,147abc6a,8bab4dff,a6177608,0.0
2025-02-21T11:09:00Z,147abc6a,8bab4dff,a6177608,0.0
2025-02-21T11:12:00Z,147abc6a,8bab4dff,a6177608,0.0
2025-02-21T11:15:00Z,147abc6a,8bab4dff,a6177608,0.0
2025-02-21T11:18:00Z,147abc6a,8bab4dff,a6177608,0.0
2025-02-21T11:21:00Z,147abc6a,8bab4dff,a6177608,0.0
2025-02-21T11:24:00Z,147abc6a,8bab4dff,a6177608,0.0
2025-02-21T11:27:00Z,147abc6a,8bab4dff,a6177608,0.0
2025-02-21T11:30:00Z,147abc6a,8bab4dff,a6177608,0.0
2025-02-21T11:33:00Z,147abc6a,8bab4dff,a6177608,0.0
2025-02-21T11:36:00Z,147abc6a,8bab4dff,a6177608,0.0
2025-02-21T11:39:00Z,147abc6a,8bab4dff,a6177608,0.0
2025-02-21T11:42:00Z,147abc6a,8bab4dff,a6177608,0.0
2025-02-21T11:45:00Z,147abc6a,8bab4dff,a6177608,0.0
2025-02-21T11:48:00Z,147abc6a,8bab4dff,a6177608,0.0
2025-02-21T11:51:00Z,147abc6a,8bab4dff,a6177608,0.0
2025-02-21T11:54:00Z,147abc6a,8bab4dff,a6177608,0.0
2025-02-21T11:57:00Z,147abc6a,8bab4dff,a6177608,0.0
2025-02-21T12:00:00Z,147abc6a,8bab4dff,a6177608,0.0
2025-02-21T12:03:00Z,147abc6a,8bab4dff,a6177608,0.0
2025-02-21T12:06:00Z,147abc6a,8bab4dff,a6177608,0.0
2025-02-21T12:09:00Z,147abc6a,8bab4dff,a6177608,0.0
2025-02-21T12:12:00Z,147abc6a,8bab4dff,a6177608,0.0
2025-02-21T12:15:00Z,147abc6a,8bab4dff,a6177608,0.0
2025-02-21T12:18:00Z,147abc6a,8bab4dff,a6177608,0.0
2025-02-21T12:21:00Z,147abc6a,8bab4dff,a6177608,0.0
2025-02-21T12:24:00Z,147abc6a,8bab4dff,a6177608,0.0
2025-02-21T12:27:00Z,147abc6a,8bab4dff,a6177608,0.0
2025-02-21T12:30:00Z,147abc6a,8bab4dff,a6177608,0.0
2025-02-21T12:33:00Z,147abc6a,8bab4dff,a6177608,0.0
2025-02-21T12:36:00Z,147abc6a,8bab4dff,a6177608,0.0
2025-02-21T12:39:00Z,147abc6a,8bab4dff,a6177608,0.0
2025-02-21T12:42:00Z,147abc6a,8bab4dff,a6177608,0.0
2025-02-21T12:45:00Z,147abc6a,8bab4dff,a6177608,0.0
2025-02-21T12:48:00Z,147abc6a,8bab4dff,a6177608,0.0
2025-02-21T12:51:00Z,147abc6a,8bab4dff,a6177608,0.0
2025-02-21T12:54:00Z,147abc6a,8bab4dff,a6177608,0.0
2025-02-21T12:57:00Z,147abc6a,8bab4dff,a6177608,0.0
2025-02-21T13:00:00Z,147abc6a,8bab4dff,a6177608,0.0
2025-02-21T13:03:00Z,147abc6a,8bab4dff,a6177608,0.0
2025-02-21T13:06:00Z,147abc6a,8bab4dff,a6177608,0.0
2025-02-21T13:09:00Z,147abc6a,8bab4dff,a6177608,0.0
2025-02-21T13:12:00Z,147abc6a,8bab4dff,a6177608,0.0
2025-02-21T13:15:00Z,147abc6a,8bab4dff,a6177608,0.0
2025-02-21T13:18:00Z,147abc6a,8bab4dff,a6177608,0.0
2025-02-21T13:21:00Z,147abc6a,8bab4dff,a6177608,0.0
2025-02-21T13:24:00Z,147abc6a,8bab4dff,a6177608,0.0
2025-02-21T13:27:00Z,147abc6a,8bab4dff,a6177608,0.0
2025-02-21T13:30:00Z,147abc6a,8bab4dff,a6177608,0.0
2025-02-21T13:33:00Z,147abc6a,8bab4dff,a6177608,0.0
2025-02-21T13:36:00Z,147abc6a,8bab4dff,a6177608,0.0
2025-02-21T13:39:00Z,147abc6a,8bab4dff,a6177608,0.0
2025-02-21T13:42:00Z,147abc6a,8bab4dff,a6177608,0.0
2025-02-21T13:45:00Z,147abc6a,8bab4dff,a6177608,0.0
2025-02-21T13:48:00Z,147abc6a,8bab4dff,a6177608,0.0
2025-02-21T13:51:00Z,147abc6a,8bab4dff,a6177608,0.0
2025-02-21T13:54:00Z,147abc6a,8bab4dff,a6177608,0.0
2025-02-21T13:57:00Z,147abc6a,8bab4dff,a6177608,0.0
2025-02-21T14:00:00Z,147abc6a,8bab4dff,a6177608,0.0
2025-02-21T14:03:00Z,147abc6a,8bab4dff,a6177608,0.0
2025-02-21T14:06:00Z,147abc6a,8bab4dff,a6177608,0.0
2025-02-21T14:09:00Z,147abc6a,8bab4dff,a6177608,0.0
2025-02-21T14:12:00Z,147abc6a,8bab4dff,a6177608,0.0
2025-02-21T14:15:00Z,147abc6a,8bab4dff,a6177608,0.0
2025-02-21T14:18:00Z,147abc6a,8bab4dff,a6177608,0.0
2025-02-21T14:21:00Z,147abc6a,8bab4dff,a6177608,0.0
2025-02-21T14:24:00Z,147abc6a,8bab4dff,a6177608,0.0
2025-02-21T14:27:00Z,147abc6a,8bab4dff,a6177608,0.0
2025-02-21T14:30:00Z,147abc6a,8bab4dff,a6177608,0.0
2025-02-21T14:33:00Z,147abc6a,8bab4dff,a6177608,0.0
2025-02-21T14:36:00Z,147abc6a,8bab4dff,a6177608,0.0
2025-02-21T14:39:00Z,147abc6a,8bab4dff,a6177608,0.0
2025-02-21T14:42:00Z,147abc6a,8bab4dff,a6177608,0.0
2025-02-21T14:45:00Z,147abc6a,8bab4dff,a6177608,0.0
2025-02-21T14:48:00Z,147abc6a,8bab4dff,a6177608,0.0
2025-02-21T14:51:00Z,147abc6a,8bab4dff,a6177608,0.0
2025-02-21T14:54:00Z,147abc6a,8bab4dff,a6177608,0.0
2025-02-21T14:57:00Z,147abc6a,8bab4dff,a6177608,0.0
2025-02-21T15:00:00Z,147abc6a,8bab4dff,a6177608,0.0
2025-02-21T15:03:00Z,147abc6a,8bab4dff,a6177608,0.0
2025-02-21T15:06:00Z,147abc6a,8bab4dff,a6177608,0.0
2025-02-21T15:09:00Z,147abc6a,8bab4dff,a6177608,0.0
2025-02-21T15:12:00Z,147abc6a,8bab4dff,a6177608,0.0
2025-02-21T15:15:00Z,147abc6a,8bab4dff,a6177608,0.0
2025-02-21T15:18:00Z,147abc6a,8bab4dff,a6177608,0.0
2025-02-21T15:21:00Z,147abc6a,8bab4dff,a6177608,0.0
2025-02-21T15:24:00Z,147abc6a,8bab4dff,a6177608,0.0
2025-02-21T15:27:00Z,147abc6a,8bab4dff,a6177608,0.0
2025-02-21T15:30:00Z,147abc6a,8bab4dff,a6177608,0.0
2025-02-21T15:33:00Z,147abc6a,8bab4dff,a6177608,0.0
2025-02-21T15:36:00Z,147abc6a,8bab4dff,a6177608,0.0
2025-02-21T15:39:00Z,147abc6a,8bab4dff,a6177608,0.0
2025-02-21T15:42:00Z,147abc6a,8bab4dff,a6177608,0.0
2025-02-21T15:45:00Z,147abc6a,8bab4dff,a6177608,0.0
2025-02-21T15:48:00Z,147abc6a,8bab4dff,a6177608,0.0
2025-02-21T15:51:00Z,147abc6a,8bab4dff,a6177608,0.0
2025-02-21T15:54:00Z,147abc6a,8bab4dff,a6177608,0.0
2025-02-21T15:57:00Z,147abc6a,8bab4dff,a6177608,0.0
2025-02-21T16:00:00Z,147abc6a,8bab4dff,a6177608,0.0
2025-02-21T16:03:00Z,147abc6a,8bab4dff,a6177608,0.0
2025-02-21T16:06:00Z,147abc6a,8bab4dff,a6177608,0.0
2025-02-21T16:09:00Z,147abc6a,8bab4dff,a6177608,0.0
2025-02-21T16:12:00Z,147abc6a,8bab4dff,a6177608,0.0
2025-02-21T16:15:00Z,147abc6a,8bab4dff,a6177608,0.0
2025-02-21T16:18:00Z,147abc6a,8bab4dff,a6177608,0.0
2025-02-21T16:21:00Z,147abc6a,8bab4dff,a6177608,0.0
2025-02-21T16:24:00Z,147abc6a,8bab4dff,a6177608,0.0
2025-02-21T16:27:00Z,147abc6a,8bab4dff,a6177608,0.0
2025-02-21T16:30:00Z,147abc6a,8bab4dff,a6177608,0.0
2025-02-21T16:33:00Z,147abc6a,8bab4dff,a6177608,0.0
2025-02-21T16:36:00Z,147abc6a,8bab4dff,a6177608,0.0
2025-02-21T16:39:00Z,147abc6a,8bab4dff,a6177608,0.0
2025-02-21T16:42:00Z,147abc6a,8bab4dff,a6177608,0.0
2025-02-21T16:45:00Z,147abc6a,8bab4dff,a6177608,0.0
2025-02-21T16:48:00Z,147abc6a,8bab4dff,a6177608,0.0
2025-02-21T16:51:00Z,147abc6a,8bab4dff,a6177608,0.0
2025-02-21T16:54:00Z,147abc6a,8bab4dff,a6177608,0.0
2025-02-21T16:57:00Z,147abc6a,8bab4dff,a6177608,0.0
2025-02-21T17:00:00Z,147abc6a,8bab4dff,a6177608,0.0
2025-02-21T17:03:00Z,147abc6a,8bab4dff,a6177608,0.0
2025-02-21T17:06:00Z,147abc6a,8bab4dff,a6177608,0.0
2025-02-21T17:09:00Z,147abc6a,8bab4dff,a6177608,0.0
2025-02-21T17:12:00Z,147abc6a,8bab4dff,a6177608,0.0
2025-02-21T17:15:00Z,147abc6a,8bab4dff,a6177608,0.0
2025-02-21T17:18:00Z,147abc6a,8bab4dff,a6177608,0.0
2025-02-21T17:21:00Z,147abc6a,8bab4dff,a6177608,0.0
2025-02-21T17:24:00Z,147abc6a,8bab4dff,a6177608,0.0
2025-02-21T17:27:00Z,147abc6a,8bab4dff,a6177608,0.0
2025-02-21T17:30:00Z,147abc6a,8bab4dff,a6177608,0.0
2025-02-21T17:33:00Z,147abc6a,8bab4dff,a6177608,0.0
2025-02-21T17:36:00Z,147abc6a,8bab4dff,a6177608,0.0
2025-02-21T17:39:00Z,147abc6a,8bab4dff,a6177608,0.0
2025-02-21T17:42:00Z,147abc6a,8bab4dff,a6177608,0.0
2025-02-21T17:45:00Z,147abc6a,8bab4dff,a6177608,0.0
2025-02-21T17:48:00Z,147abc6a,8bab4dff,a6177608,0.0
2025-02-21T17:51:00Z,147abc6a,8bab4dff,a6177608,0.0
2025-02-21T17:54:00Z,147abc6a,8bab4dff,a6177608,0.0
2025-02-21T17:57:00Z,147abc6a,8bab4dff,a6177608,0.0
2025-02-21T18:00:00Z,147abc6a,8bab4dff,a6177608,0.0
2025-02-21T18:03:00Z,147abc6a,8bab4dff,a6177608,0.0
2025-02-21T18:06:00Z,147abc6a,8bab4dff,a6177608,0.0
2025-02-21T18:09:00Z,147abc6a,8bab4dff,a6177608,0.0
2025-02-21T18:12:00Z,147abc6a,8bab4dff,a6177608,0.01
2025-02-21T18:15:00Z,147abc6a,8bab4dff,a6177608,0.0
2025-02-21T18:18:00Z,147abc6a,8bab4dff,a6177608,0.0
2025-02-21T18:21:00Z,147abc6a,8bab4dff,a6177608,0.0
2025-02-21T18:24:00Z,147abc6a,8bab4dff,a6177608,0.0
2025-02-21T18:27:00Z,147abc6a,8bab4dff,a6177608,0.0
2025-02-21T18:30:00Z,147abc6a,8bab4dff,a6177608,0.0
2025-02-21T18:33:00Z,147abc6a,8bab4dff,a6177608,0.0
2025-02-21T18:36:00Z,147abc6a,8bab4dff,a6177608,0.0
2025-02-21T18:39:00Z,147abc6a,8bab4dff,a6177608,0.0
2025-02-21T18:42:00Z,147abc6a,8bab4dff,a6177608,0.0
2025-02-21T18:45:00Z,147abc6a,8bab4dff,a6177608,0.0
2025-02-21T18:48:00Z,147abc6a,8bab4dff,a6177608,0.0
2025-02-21T18:51:00Z,147abc6a,8bab4dff,a6177608,0.0
2025-02-21T18:54:00Z,147abc6a,8bab4dff,a6177608,0.0
2025-02-21T18:57:00Z,147abc6a,8bab4dff,a6177608,0.0
2025-02-21T19:00:00Z,147abc6a,8bab4dff,a6177608,0.0
2025-02-21T19:03:00Z,147abc6a,8bab4dff,a6177608,0.0
2025-02-21T19:06:00Z,147abc6a,8bab4dff,a6177608,0.0
2025-02-21T19:09:00Z,147abc6a,8bab4dff,a6177608,0.0
2025-02-21T19:12:00Z,147abc6a,8bab4dff,a6177608,0.0
2025-02-21T19:15:00Z,147abc6a,8bab4dff,a6177608,0.0
2025-02-21T19:18:00Z,147abc6a,8bab4dff,a6177608,0.0
2025-02-21T19:21:00Z,147abc6a,8bab4dff,a6177608,0.0
2025-02-21T19:24:00Z,147abc6a,8bab4dff,a6177608,0.0
2025-02-21T19:27:00Z,147abc6a,8bab4dff,a6177608,0.0
2025-02-21T19:30:00Z,147abc6a,8bab4dff,a6177608,0.0
2025-02-21T19:33:00Z,147abc6a,8bab4dff,a6177608,0.0
2025-02-21T19:36:00Z,147abc6a,8bab4dff,a6177608,0.0
2025-02-21T19:39:00Z,147abc6a,8bab4dff,a6177608,0.0
2025-02-21T19:42:00Z,147abc6a,8bab4dff,a6177608,0.0
2025-02-21T19:45:00Z,147abc6a,8bab4dff,a6177608,0.0
2025-02-21T19:48:00Z,147abc6a,8bab4dff,a6177608,0.0
2025-02-21T19:51:00Z,147abc6a,8bab4dff,a6177608,0.0
2025-02-21T19:54:00Z,147abc6a,8bab4dff,a6177608,0.0
2025-02-21T19:57:00Z,147abc6a,8bab4dff,a6177608,0.0
2025-02-21T20:00:00Z,147abc6a,8bab4dff,a6177608,0.0
2025-02-21T20:03:00Z,147abc6a,8bab4dff,a6177608,0.0
2025-02-21T20:06:00Z,147abc6a,8bab4dff,a6177608,0.0
2025-02-21T20:09:00Z,147abc6a,8bab4dff,a6177608,0.0
2025-02-21T20:12:00Z,147abc6a,8bab4dff,a6177608,0.0
2025-02-21T20:15:00Z,147abc6a,8bab4dff,a6177608,0.0
2025-02-21T20:18:00Z,147abc6a,8bab4dff,a6177608,0.0
2025-02-21T20:21:00Z,147abc6a,8bab4dff,a6177608,0.0
2025-02-21T20:24:00Z,147abc6a,8bab4dff,a6177608,0.0
2025-02-21T20:27:00Z,147abc6a,8bab4dff,a6177608,0.0
2025-02-21T20:30:00Z,147abc6a,8bab4dff,a6177608,0.0
2025-02-21T20:33:00Z,147abc6a,8bab4dff,a6177608,0.0
2025-02-21T20:36:00Z,147abc6a,8bab4dff,a6177608,0.0
2025-02-21T20:39:00Z,147abc6a,8bab4dff,a6177608,0.0
2025-02-21T20:42:00Z,147abc6a,8bab4dff,a6177608,0.0
2025-02-21T20:45:00Z,147abc6a,8bab4dff,a6177608,0.0
2025-02-21T20:48:00Z,147abc6a,8bab4dff,a6177608,0.0
2025-02-21T20:51:00Z,147abc6a,8bab4dff,a6177608,0.0
2025-02-21T20:54:00Z,147abc6a,8bab4dff,a6177608,0.0
2025-02-21T20:57:00Z,147abc6a,8bab4dff,a6177608,0.0
2025-02-21T21:00:00Z,147abc6a,8bab4dff,a6177608,0.0
2025-02-21T21:03:00Z,147abc6a,8bab4dff,a6177608,0.0
2025-02-21T21:06:00Z,147abc6a,8bab4dff,a6177608,0.0
2025-02-21T21:09:00Z,147abc6a,8bab4dff,a6177608,0.0
2025-02-21T21:12:00Z,147abc6a,8bab4dff,a6177608,0.0
2025-02-21T21:15:00Z,147abc6a,8bab4dff,a6177608,0.0
2025-02-21T21:18:00Z,147abc6a,8bab4dff,a6177608,0.0
2025-02-21T21:21:00Z,147abc6a,8bab4dff,a6177608,0.0
2025-02-21T21:24:00Z,147abc6a,8bab4dff,a6177608,0.0
2025-02-21T21:27:00Z,147abc6a,8bab4dff,a6177608,0.0
2025-02-21T21:30:00Z,147abc6a,8bab4dff,a6177608,0.0
2025-02-21T21:33:00Z,147abc6a,8bab4dff,a6177608,0.0
2025-02-21T21:36:00Z,147abc6a,8bab4dff,a6177608,0.0
2025-02-21T21:39:00Z,147abc6a,8bab4dff,a6177608,0.0
2025-02-21T21:42:00Z,147abc6a,8bab4dff,a6177608,0.0
2025-02-21T21:45:00Z,147abc6a,8bab4dff,a6177608,0.0
2025-02-21T21:48:00Z,147abc6a,8bab4dff,a6177608,0.0
2025-02-21T21:51:00Z,147abc6a,8bab4dff,a6177608,0.0
2025-02-21T21:54:00Z,147abc6a,8bab4dff,a6177608,0.0
2025-02-21T21:57:00Z,147abc6a,8bab4dff,a6177608,0.0
2025-02-21T22:00:00Z,147abc6a,8bab4dff,a6177608,0.0
2025-02-21T22:03:00Z,147abc6a,8bab4dff,a6177608,0.0
2025-02-21T22:06:00Z,147abc6a,8bab4dff,a6177608,0.0
2025-02-21T22:09:00Z,147abc6a,8bab4dff,a6177608,0.0
2025-02-21T22:12:00Z,147abc6a,8bab4dff,a6177608,0.0
2025-02-21T22:15:00Z,147abc6a,8bab4dff,a6177608,0.0
2025-02-21T22:18:00Z,147abc6a,8bab4dff,a6177608,0.0
2025-02-21T22:21:00Z,147abc6a,8bab4dff,a6177608,0.0
2025-02-21T22:24:00Z,147abc6a,8bab4dff,a6177608,0.0
2025-02-21T22:27:00Z,147abc6a,8bab4dff,a6177608,0.0
2025-02-21T22:30:00Z,147abc6a,8bab4dff,a6177608,0.0
2025-02-21T22:33:00Z,147abc6a,8bab4dff,a6177608,0.0
2025-02-21T22:36:00Z,147abc6a,8bab4dff,a6177608,0.0
2025-02-21T22:39:00Z,147abc6a,8bab4dff,a6177608,0.0
2025-02-21T22:42:00Z,147abc6a,8bab4dff,a6177608,0.0
2025-02-21T22:45:00Z,147abc6a,8bab4dff,a6177608,0.0
2025-02-21T22:48:00Z,147abc6a,8bab4dff,a6177608,0.0
2025-02-21T22:51:00Z,147abc6a,8bab4dff,a6177608,0.01
2025-02-21T22:54:00Z,147abc6a,8bab4dff,a6177608,0.0
2025-02-21T22:57:00Z,147abc6a,8bab4dff,a6177608,0.0
2025-02-21T23:00:00Z,147abc6a,8bab4dff,a6177608,0.0
2025-02-21T23:03:00Z,147abc6a,8bab4dff,a6177608,0.0
2025-02-21T23:06:00Z,147abc6a,8bab4dff,a6177608,0.0
2025-02-21T23:09:00Z,147abc6a,8bab4dff,a6177608,0.0
2025-02-21T23:12:00Z,147abc6a,8bab4dff,a6177608,0.0
2025-02-21T23:15:00Z,147abc6a,8bab4dff,a6177608,0.0
2025-02-21T23:18:00Z,147abc6a,8bab4dff,a6177608,0.0
2025-02-21T23:21:00Z,147abc6a,8bab4dff,a6177608,0.0
2025-02-21T23:24:00Z,147abc6a,8bab4dff,a6177608,0.0
2025-02-21T23:27:00Z,147abc6a,8bab4dff,a6177608,0.0
2025-02-21T23:30:00Z,147abc6a,8bab4dff,a6177608,0.0
2025-02-21T23:33:00Z,147abc6a,8bab4dff,a6177608,0.0
2025-02-21T23:36:00Z,147abc6a,8bab4dff,a6177608,0.0
2025-02-21T23:39:00Z,147abc6a,8bab4dff,a6177608,0.0
2025-02-21T23:42:00Z,147abc6a,8bab4dff,a6177608,0.0
2025-02-21T23:45:00Z,147abc6a,8bab4dff,a6177608,0.0
2025-02-21T23:48:00Z,147abc6a,8bab4dff,a6177608,0.0
2025-02-21T23:51:00Z,147abc6a,8bab4dff,a6177608,0.0
2025-02-21T23:54:00Z,147abc6a,8bab4dff,a6177608,0.0
2025-02-21T23:57:00Z,147abc6a,8bab4dff,a6177608,0.0
2025-02-22T00:00:00Z,147abc6a,8bab4dff,a6177608,0.0
2025-02-22T00:03:00Z,147abc6a,8bab4dff,a6177608,0.0
2025-02-22T00:06:00Z,147abc6a,8bab4dff,a6177608,0.0
2025-02-22T00:09:00Z,147abc6a,8bab4dff,a6177608,0.0
2025-02-22T00:12:00Z,147abc6a,8bab4dff,a6177608,0.0
2025-02-22T00:15:00Z,147abc6a,8bab4dff,a6177608,0.0
2025-02-22T00:18:00Z,147abc6a,8bab4dff,a6177608,0.0
2025-02-22T00:21:00Z,147abc6a,8bab4dff,a6177608,0.0
2025-02-22T00:24:00Z,147abc6a,8bab4dff,a6177608,0.0
2025-02-22T00:27:00Z,147abc6a,8bab4dff,a6177608,0.0
2025-02-22T00:30:00Z,147abc6a,8bab4dff,a6177608,0.0
2025-02-22T00:33:00Z,147abc6a,8bab4dff,a6177608,0.0
2025-02-22T00:36:00Z,147abc6a,8bab4dff,a6177608,0.0
2025-02-22T00:39:00Z,147abc6a,8bab4dff,a6177608,0.0
2025-02-22T00:42:00Z,147abc6a,8bab4dff,a6177608,0.0
2025-02-22T00:45:00Z,147abc6a,8bab4dff,a6177608,0.0
2025-02-22T00:48:00Z,147abc6a,8bab4dff,a6177608,0.0
2025-02-22T00:51:00Z,147abc6a,8bab4dff,a6177608,0.0
2025-02-22T00:54:00Z,147abc6a,8bab4dff,a6177608,0.0
2025-02-22T00:57:00Z,147abc6a,8bab4dff,a6177608,0.0
2025-02-22T01:00:00Z,147abc6a,8bab4dff,a6177608,0.0
2025-02-22T01:03:00Z,147abc6a,8bab4dff,a6177608,0.0
2025-02-22T01:06:00Z,147abc6a,8bab4dff,a6177608,0.0
2025-02-22T01:09:00Z,147abc6a,8bab4dff,a6177608,0.0
2025-02-22T01:12:00Z,147abc6a,8bab4dff,a6177608,0.0
2025-02-22T01:15:00Z,147abc6a,8bab4dff,a6177608,0.0
2025-02-22T01:18:00Z,147abc6a,8bab4dff,a6177608,0.0
2025-02-22T01:21:00Z,147abc6a,8bab4dff,a6177608,0.0
2025-02-22T01:24:00Z,147abc6a,8bab4dff,a6177608,0.0
2025-02-22T01:27:00Z,147abc6a,8bab4dff,a6177608,0.0
2025-02-22T01:30:00Z,147abc6a,8bab4dff,a6177608,0.0
2025-02-22T01:33:00Z,147abc6a,8bab4dff,a6177608,0.0
2025-02-22T01:36:00Z,147abc6a,8bab4dff,a6177608,0.0
2025-02-22T01:39:00Z,147abc6a,8bab4dff,a6177608,0.0
2025-02-22T01:42:00Z,147abc6a,8bab4dff,a6177608,0.0
2025-02-22T01:45:00Z,147abc6a,8bab4dff,a6177608,0.0
2025-02-22T01:48:00Z,147abc6a,8bab4dff,a6177608,0.0
2025-02-22T01:51:00Z,147abc6a,8bab4dff,a6177608,0.0
2025-02-22T01:54:00Z,147abc6a,8bab4dff,a6177608,0.0
2025-02-22T01:57:00Z,147abc6a,8bab4dff,a6177608,0.0
2025-02-22T02:00:00Z,147abc6a,8bab4dff,a6177608,0.0
2025-02-22T02:03:00Z,147abc6a,8bab4dff,a6177608,0.0
2025-02-22T02:06:00Z,147abc6a,8bab4dff,a6177608,0.0
2025-02-22T02:09:00Z,147abc6a,8bab4dff,a6177608,0.0
2025-02-22T02:12:00Z,147abc6a,8bab4dff,a6177608,0.0
2025-02-22T02:15:00Z,147abc6a,8bab4dff,a6177608,0.0
2025-02-22T02:18:00Z,147abc6a,8bab4dff,a6177608,0.0
2025-02-22T02:21:00Z,147abc6a,8bab4dff,a6177608,0.0
2025-02-22T02:24:00Z,147abc6a,8bab4dff,a6177608,0.0
2025-02-22T02:27:00Z,147abc6a,8bab4dff,a6177608,0.0
2025-02-22T02:30:00Z,147abc6a,8bab4dff,a6177608,0.0
2025-02-22T02:33:00Z,147abc6a,8bab4dff,a6177608,0.0
2025-02-22T02:36:00Z,147abc6a,8bab4dff,a6177608,0.0
2025-02-22T02:39:00Z,147abc6a,8bab4dff,a6177608,0.0
2025-02-22T02:42:00Z,147abc6a,8bab4dff,a6177608,0.0
2025-02-22T02:45:00Z,147abc6a,8bab4dff,a6177608,0.0
2025-02-22T02:48:00Z,147abc6a,8bab4dff,a6177608,0.0
2025-02-22T02:51:00Z,147abc6a,8bab4dff,a6177608,0.0
2025-02-22T02:54:00Z,147abc6a,8bab4dff,a6177608,0.0
2025-02-22T02:57:00Z,147abc6a,8bab4dff,a6177608,0.0
2025-02-22T03:00:00Z,147abc6a,8bab4dff,a6177608,0.0
2025-02-22T03:03:00Z,147abc6a,8bab4dff,a6177608,0.0
2025-02-22T03:06:00Z,147abc6a,8bab4dff,a6177608,0.0
2025-02-22T03:09:00Z,147abc6a,8bab4dff,a6177608,0.0
2025-02-22T03:12:00Z,147abc6a,8bab4dff,a6177608,0.0
2025-02-22T03:15:00Z,147abc6a,8bab4dff,a6177608,0.0
2025-02-22T03:18:00Z,147abc6a,8bab4dff,a6177608,0.0
2025-02-22T03:21:00Z,147abc6a,8bab4dff,a6177608,0.0
2025-02-22T03:24:00Z,147abc6a,8bab4dff,a6177608,0.0
2025-02-22T03:27:00Z,147abc6a,8bab4dff,a6177608,0.0
2025-02-22T03:30:00Z,147abc6a,8bab4dff,a6177608,0.0
2025-02-22T03:33:00Z,147abc6a,8bab4dff,a6177608,0.0
2025-02-22T03:36:00Z,147abc6a,8bab4dff,a6177608,0.0
2025-02-22T03:39:00Z,147abc6a,8bab4dff,a6177608,0.0
2025-02-22T03:42:00Z,147abc6a,8bab4dff,a6177608,0.0
2025-02-22T03:45:00Z,147abc6a,8bab4dff,a6177608,0.0
2025-02-22T03:48:00Z,147abc6a,8bab4dff,a6177608,0.0
2025-02-22T03:51:00Z,147abc6a,8bab4dff,a6177608,0.0
2025-02-22T03:54:00Z,147abc6a,8bab4dff,a6177608,0.0
2025-02-22T03:57:00Z,147abc6a,8bab4dff,a6177608,0.0
2025-02-22T04:00:00Z,147abc6a,8bab4dff,a6177608,0.0
2025-02-22T04:03:00Z,147abc6a,8bab4dff,a6177608,0.0
2025-02-22T04:06:00Z,147abc6a,8bab4dff,a6177608,0.0
2025-02-22T04:09:00Z,147abc6a,8bab4dff,a6177608,0.0
2025-02-22T04:12:00Z,147abc6a,8bab4dff,a6177608,0.0
2025-02-22T04:15:00Z,147abc6a,8bab4dff,a6177608,0.0
2025-02-22T04:18:00Z,147abc6a,8bab4dff,a6177608,0.0
2025-02-22T04:21:00Z,147abc6a,8bab4dff,a6177608,0.0
2025-02-22T04:24:00Z,147abc6a,8bab4dff,a6177608,0.0
2025-02-22T04:27:00Z,147abc6a,8bab4dff,a6177608,0.0
2025-02-22T04:30:00Z,147abc6a,8bab4dff,a6177608,0.0
2025-02-22T04:33:00Z,147abc6a,8bab4dff,a6177608,0.0
2025-02-22T04:36:00Z,147abc6a,8bab4dff,a6177608,0.0
2025-02-22T04:39:00Z,147abc6a,8bab4dff,a6177608,0.0
2025-02-22T04:42:00Z,147abc6a,8bab4dff,a6177608,0.0
2025-02-22T04:45:00Z,147abc6a,8bab4dff,a6177608,0.0
2025-02-22T04:48:00Z,147abc6a,8bab4dff,a6177608,0.0
2025-02-22T04:51:00Z,147abc6a,8bab4dff,a6177608,0.0
2025-02-22T04:54:00Z,147abc6a,8bab4dff,a6177608,0.0
2025-02-22T04:57:00Z,147abc6a,8bab4dff,a6177608,0.0
2025-02-22T05:00:00Z,147abc6a,8bab4dff,a6177608,0.0
2025-02-22T05:03:00Z,147abc6a,8bab4dff,a6177608,0.0
2025-02-22T05:06:00Z,147abc6a,8bab4dff,a6177608,0.0
2025-02-22T05:09:00Z,147abc6a,8bab4dff,a6177608,0.0
2025-02-22T05:12:00Z,147abc6a,8bab4dff,a6177608,0.0
2025-02-22T05:15:00Z,147abc6a,8bab4dff,a6177608,0.0
2025-02-22T05:18:00Z,147abc6a,8bab4dff,a6177608,0.0
2025-02-22T05:21:00Z,147abc6a,8bab4dff,a6177608,0.0
2025-02-22T05:24:00Z,147abc6a,8bab4dff,a6177608,0.0
2025-02-22T05:27:00Z,147abc6a,8bab4dff,a6177608,0.0
2025-02-22T05:30:00Z,147abc6a,8bab4dff,a6177608,0.0
2025-02-22T05:33:00Z,147abc6a,8bab4dff,a6177608,0.0
2025-02-22T05:36:00Z,147abc6a,8bab4dff,a6177608,0.0
2025-02-22T05:39:00Z,147abc6a,8bab4dff,a6177608,0.0
2025-02-22T05:42:00Z,147abc6a,8bab4dff,a6177608,0.0
2025-02-22T05:45:00Z,147abc6a,8bab4dff,a6177608,0.0
2025-02-22T05:48:00Z,147abc6a,8bab4dff,a6177608,0.0
2025-02-22T05:51:00Z,147abc6a,8bab4dff,a6177608,0.0
2025-02-22T05:54:00Z,147abc6a,8bab4dff,a6177608,0.0
2025-02-22T05:57:00Z,147abc6a,8bab4dff,a6177608,0.0
2025-02-22T06:00:00Z,147abc6a,8bab4dff,a6177608,0.02
2025-02-22T06:03:00Z,147abc6a,8bab4dff,a6177608,0.02
2025-02-22T06:06:00Z,147abc6a,8bab4dff,a6177608,0.0
2025-02-22T06:09:00Z,147abc6a,8bab4dff,a6177608,0.0
2025-02-22T06:12:00Z,147abc6a,8bab4dff,a6177608,0.0
2025-02-22T06:15:00Z,147abc6a,8bab4dff,a6177608,0.0
2025-02-22T06:18:00Z,147abc6a,8bab4dff,a6177608,0.0
2025-02-22T06:21:00Z,147abc6a,8bab4dff,a6177608,0.0
2025-02-22T06:24:00Z,147abc6a,8bab4dff,a6177608,0.0
2025-02-22T06:27:00Z,147abc6a,8bab4dff,a6177608,0.0
2025-02-22T06:30:00Z,147abc6a,8bab4dff,a6177608,0.0
2025-02-22T06:33:00Z,147abc6a,8bab4dff,a6177608,0.0
2025-02-22T06:36:00Z,147abc6a,8bab4dff,a6177608,0.0
2025-02-22T06:39:00Z,147abc6a,8bab4dff,a6177608,0.0
2025-02-22T06:42:00Z,147abc6a,8bab4dff,a6177608,0.0
2025-02-22T06:45:00Z,147abc6a,8bab4dff,a6177608,0.0
2025-02-22T06:48:00Z,147abc6a,8bab4dff,a6177608,0.0
2025-02-22T06:51:00Z,147abc6a,8bab4dff,a6177608,0.0
2025-02-22T06:54:00Z,147abc6a,8bab4dff,a6177608,0.0
2025-02-22T06:57:00Z,147abc6a,8bab4dff,a6177608,0.0
2025-02-22T07:00:00Z,147abc6a,8bab4dff,a6177608,0.0
2025-02-22T07:03:00Z,147abc6a,8bab4dff,a6177608,0.0
2025-02-22T07:06:00Z,147abc6a,8bab4dff,a6177608,0.0
2025-02-22T07:09:00Z,147abc6a,8bab4dff,a6177608,0.0
2025-02-22T07:12:00Z,147abc6a,8bab4dff,a6177608,0.0
2025-02-22T07:15:00Z,147abc6a,8bab4dff,a6177608,0.0
2025-02-22T07:18:00Z,147abc6a,8bab4dff,a6177608,0.0
2025-02-22T07:21:00Z,147abc6a,8bab4dff,a6177608,0.0
2025-02-22T07:24:00Z,147abc6a,8bab4dff,a6177608,0.0
2025-02-22T07:27:00Z,147abc6a,8bab4dff,a6177608,0.0
2025-02-22T07:30:00Z,147abc6a,8bab4dff,a6177608,0.0
2025-02-22T07:33:00Z,147abc6a,8bab4dff,a6177608,0.0
2025-02-22T07:36:00Z,147abc6a,8bab4dff,a6177608,0.0
2025-02-22T07:39:00Z,147abc6a,8bab4dff,a6177608,0.0
2025-02-22T07:42:00Z,147abc6a,8bab4dff,a6177608,0.0
2025-02-22T07:45:00Z,147abc6a,8bab4dff,a6177608,0.0
2025-02-22T07:48:00Z,147abc6a,8bab4dff,a6177608,0.0
2025-02-22T07:51:00Z,147abc6a,8bab4dff,a6177608,0.0
2025-02-22T07:54:00Z,147abc6a,8bab4dff,a6177608,0.0
2025-02-22T07:57:00Z,147abc6a,8bab4dff,a6177608,0.0
2025-02-22T08:00:00Z,147abc6a,8bab4dff,a6177608,0.0
2025-02-22T08:03:00Z,147abc6a,8bab4dff,a6177608,0.0
2025-02-22T08:06:00Z,147abc6a,8bab4dff,a6177608,0.0
2025-02-22T08:09:00Z,147abc6a,8bab4dff,a6177608,0.0
2025-02-22T08:12:00Z,147abc6a,8bab4dff,a6177608,0.0
2025-02-22T08:15:00Z,147abc6a,8bab4dff,a6177608,0.0
2025-02-22T08:18:00Z,147abc6a,8bab4dff,a6177608,0.0
2025-02-22T08:21:00Z,147abc6a,8bab4dff,a6177608,0.0
2025-02-22T08:24:00Z,147abc6a,8bab4dff,a6177608,0.0
2025-02-22T08:27:00Z,147abc6a,8bab4dff,a6177608,0.0
2025-02-22T08:30:00Z,147abc6a,8bab4dff,a6177608,0.0
2025-02-22T08:33:00Z,147abc6a,8bab4dff,a6177608,0.0
2025-02-22T08:36:00Z,147abc6a,8bab4dff,a6177608,0.0
2025-02-22T08:39:00Z,147abc6a,8bab4dff,a6177608,0.0
2025-02-22T08:42:00Z,147abc6a,8bab4dff,a6177608,0.0
2025-02-22T08:45:00Z,147abc6a,8bab4dff,a6177608,0.0
2025-02-22T08:48:00Z,147abc6a,8bab4dff,a6177608,0.0
2025-02-22T08:51:00Z,147abc6a,8bab4dff,a6177608,0.0
2025-02-22T08:54:00Z,147abc6a,8bab4dff,a6177608,0.0
2025-02-22T08:57:00Z,147abc6a,8bab4dff,a6177608,0.0
2025-02-22T09:00:00Z,147abc6a,8bab4dff,a6177608,0.0
2025-02-22T09:03:00Z,147abc6a,8bab4dff,a6177608,0.0
2025-02-22T09:06:00Z,147abc6a,8bab4dff,a6177608,0.0
2025-02-22T09:09:00Z,147abc6a,8bab4dff,a6177608,0.0
2025-02-22T09:12:00Z,147abc6a,8bab4dff,a6177608,0.0
2025-02-22T09:15:00Z,147abc6a,8bab4dff,a6177608,0.0
2025-02-22T09:18:00Z,147abc6a,8bab4dff,a6177608,0.0
2025-02-22T09:21:00Z,147abc6a,8bab4dff,a6177608,0.0
2025-02-22T09:24:00Z,147abc6a,8bab4dff,a6177608,0.0
2025-02-22T09:27:00Z,147abc6a,8bab4dff,a6177608,0.0
2025-02-22T09:30:00Z,147abc6a,8bab4dff,a6177608,0.0
2025-02-22T09:33:00Z,147abc6a,8bab4dff,a6177608,0.0
2025-02-22T09:36:00Z,147abc6a,8bab4dff,a6177608,0.0
2025-02-22T09:39:00Z,147abc6a,8bab4dff,a6177608,0.0
2025-02-22T09:42:00Z,147abc6a,8bab4dff,a6177608,0.0
2025-02-22T09:45:00Z,147abc6a,8bab4dff,a6177608,0.0
2025-02-22T09:48:00Z,147abc6a,8bab4dff,a6177608,0.0
2025-02-22T09:51:00Z,147abc6a,8bab4dff,a6177608,0.0
2025-02-22T09:54:00Z,147abc6a,8bab4dff,a6177608,0.0
2025-02-22T09:57:00Z,147abc6a,8bab4dff,a6177608,0.0
2025-02-22T10:00:00Z,147abc6a,8bab4dff,a6177608,0.0
2025-02-22T10:03:00Z,147abc6a,8bab4dff,a6177608,0.0
2025-02-22T10:06:00Z,147abc6a,8bab4dff,a6177608,0.0
2025-02-22T10:09:00Z,147abc6a,8bab4dff,a6177608,0.0
2025-02-22T10:12:00Z,147abc6a,8bab4dff,a6177608,0.0
2025-02-22T10:15:00Z,147abc6a,8bab4dff,a6177608,0.0
2025-02-22T10:18:00Z,147abc6a,8bab4dff,a6177608,0.0
2025-02-22T10:21:00Z,147abc6a,8bab4dff,a6177608,0.0
2025-02-22T10:24:00Z,147abc6a,8bab4dff,a6177608,0.0
2025-02-22T10:27:00Z,147abc6a,8bab4dff,a6177608,0.0
2025-02-22T10:30:00Z,147abc6a,8bab4dff,a6177608,0.0
2025-02-22T10:33:00Z,147abc6a,8bab4dff,a6177608,0.01
2025-02-22T10:36:00Z,147abc6a,8bab4dff,a6177608,0.0
2025-02-22T10:39:00Z,147abc6a,8bab4dff,a6177608,0.0
2025-02-22T10:42:00Z,147abc6a,8bab4dff,a6177608,0.0
2025-02-22T10:45:00Z,147abc6a,8bab4dff,a6177608,0.0
2025-02-22T10:48:00Z,147abc6a,8bab4dff,a6177608,0.0
2025-02-22T10:51:00Z,147abc6a,8bab4dff,a6177608,0.0
2025-02-22T10:54:00Z,147abc6a,8bab4dff,a6177608,0.0
2025-02-22T10:57:00Z,147abc6a,8bab4dff,a6177608,0.0
2025-02-22T11:00:00Z,147abc6a,8bab4dff,a6177608,0.0
2025-02-22T11:03:00Z,147abc6a,8bab4dff,a6177608,0.0
2025-02-22T11:06:00Z,147abc6a,8bab4dff,a6177608,0.0
2025-02-22T11:09:00Z,147abc6a,8bab4dff,a6177608,0.0
2025-02-22T11:12:00Z,147abc6a,8bab4dff,a6177608,0.0
2025-02-22T11:15:00Z,147abc6a,8bab4dff,a6177608,0.0
2025-02-22T11:18:00Z,147abc6a,8bab4dff,a6177608,0.0
2025-02-22T11:21:00Z,147abc6a,8bab4dff,a6177608,0.0
2025-02-22T11:24:00Z,147abc6a,8bab4dff,a6177608,0.0
2025-02-22T11:27:00Z,147abc6a,8bab4dff,a6177608,0.0
2025-02-22T11:30:00Z,147abc6a,8bab4dff,a6177608,0.0
2025-02-22T11:33:00Z,147abc6a,8bab4dff,a6177608,0.0
2025-02-22T11:36:00Z,147abc6a,8bab4dff,a6177608,0.0
2025-02-22T11:39:00Z,147abc6a,8bab4dff,a6177608,0.0
2025-02-22T11:42:00Z,147abc6a,8bab4dff,a6177608,0.0
2025-02-22T11:45:00Z,147abc6a,8bab4dff,a6177608,0.0
2025-02-22T11:48:00Z,147abc6a,8bab4dff,a6177608,0.0
2025-02-22T11:51:00Z,147abc6a,8bab4dff,a6177608,0.0
2025-02-22T11:54:00Z,147abc6a,8bab4dff,a6177608,0.0
2025-02-22T11:57:00Z,147abc6a,8bab4dff,a6177608,0.0
2025-02-22T12:00:00Z,147abc6a,8bab4dff,a6177608,0.0
2025-02-22T12:03:00Z,147abc6a,8bab4dff,a6177608,0.0
2025-02-22T12:06:00Z,147abc6a,8bab4dff,a6177608,0.0
2025-02-22T12:09:00Z,147abc6a,8bab4dff,a6177608,0.0
2025-02-22T12:12:00Z,147abc6a,8bab4dff,a6177608,0.0
2025-02-22T12:15:00Z,147abc6a,8bab4dff,a6177608,0.0
2025-02-22T12:18:00Z,147abc6a,8bab4dff,a6177608,0.0
2025-02-22T12:21:00Z,147abc6a,8bab4dff,a6177608,0.0
2025-02-22T12:24:00Z,147abc6a,8bab4dff,a6177608,0.0
2025-02-22T12:27:00Z,147abc6a,8bab4dff,a6177608,0.0
2025-02-22T12:30:00Z,147abc6a,8bab4dff,a6177608,0.0
2025-02-22T12:33:00Z,147abc6a,8bab4dff,a6177608,0.0
2025-02-22T12:36:00Z,147abc6a,8bab4dff,a6177608,0.0
2025-02-22T12:39:00Z,147abc6a,8bab4dff,a6177608,0.0
2025-02-22T12:42:00Z,147abc6a,8bab4dff,a6177608,0.0
2025-02-22T12:45:00Z,147abc6a,8bab4dff,a6177608,0.0
2025-02-22T12:48:00Z,147abc6a,8bab4dff,a6177608,0.0
2025-02-22T12:51:00Z,147abc6a,8bab4dff,a6177608,0.0
2025-02-22T12:54:00Z,147abc6a,8bab4dff,a6177608,0.0
2025-02-22T12:57:00Z,147abc6a,8bab4dff,a6177608,0.0
2025-02-22T13:00:00Z,147abc6a,8bab4dff,a6177608,0.0
2025-02-22T13:03:00Z,147abc6a,8bab4dff,a6177608,0.0
2025-02-22T13:06:00Z,147abc6a,8bab4dff,a6177608,0.0
2025-02-22T13:09:00Z,147abc6a,8bab4dff,a6177608,0.0
2025-02-22T13:12:00Z,147abc6a,8bab4dff,a6177608,0.0
2025-02-22T13:15:00Z,147abc6a,8bab4dff,a6177608,0.0
2025-02-22T13:18:00Z,147abc6a,8bab4dff,a6177608,0.0
2025-02-22T13:21:00Z,147abc6a,8bab4dff,a6177608,0.0
2025-02-22T13:24:00Z,147abc6a,8bab4dff,a6177608,0.0
2025-02-22T13:27:00Z,147abc6a,8bab4dff,a6177608,0.0
2025-02-22T13:30:00Z,147abc6a,8bab4dff,a6177608,0.0
2025-02-22T13:33:00Z,147abc6a,8bab4dff,a6177608,0.0
2025-02-22T13:36:00Z,147abc6a,8bab4dff,a6177608,0.0
2025-02-22T13:39:00Z,147abc6a,8bab4dff,a6177608,0.0
2025-02-22T13:42:00Z,147abc6a,8bab4dff,a6177608,0.0
2025-02-22T13:45:00Z,147abc6a,8bab4dff,a6177608,0.0
2025-02-22T13:48:00Z,147abc6a,8bab4dff,a6177608,0.0
2025-02-22T13:51:00Z,147abc6a,8bab4dff,a6177608,0.0
2025-02-22T13:54:00Z,147abc6a,8bab4dff,a6177608,0.0
2025-02-22T13:57:00Z,147abc6a,8bab4dff,a6177608,0.0
2025-02-22T14:00:00Z,147abc6a,8bab4dff,a6177608,0.0
2025-02-22T14:03:00Z,147abc6a,8bab4dff,a6177608,0.0
2025-02-22T14:06:00Z,147abc6a,8bab4dff,a6177608,0.0
2025-02-22T14:09:00Z,147abc6a,8bab4dff,a6177608,0.15
2025-02-22T14:12:00Z,147abc6a,8bab4dff,a6177608,0.0
2025-02-22T14:15:00Z,147abc6a,8bab4dff,a6177608,0.0
2025-02-22T14:18:00Z,147abc6a,8bab4dff,a6177608,0.0
2025-02-22T14:21:00Z,147abc6a,8bab4dff,a6177608,0.0
2025-02-22T14:24:00Z,147abc6a,8bab4dff,a6177608,0.0
2025-02-22T14:27:00Z,147abc6a,8bab4dff,a6177608,0.0
2025-02-22T14:30:00Z,147abc6a,8bab4dff,a6177608,0.0
2025-02-22T14:33:00Z,147abc6a,8bab4dff,a6177608,0.0
2025-02-22T14:36:00Z,147abc6a,8bab4dff,a6177608,0.0
2025-02-22T14:39:00Z,147abc6a,8bab4dff,a6177608,0.0
2025-02-22T14:42:00Z,147abc6a,8bab4dff,a6177608,0.0
2025-02-22T14:45:00Z,147abc6a,8bab4dff,a6177608,0.0
2025-02-22T14:48:00Z,147abc6a,8bab4dff,a6177608,0.0
2025-02-22T14:51:00Z,147abc6a,8bab4dff,a6177608,0.0
2025-02-22T14:54:00Z,147abc6a,8bab4dff,a6177608,0.0
2025-02-22T14:57:00Z,147abc6a,8bab4dff,a6177608,0.0
2025-02-22T15:00:00Z,147abc6a,8bab4dff,a6177608,0.0
2025-02-22T15:03:00Z,147abc6a,8bab4dff,a6177608,0.0
2025-02-22T15:06:00Z,147abc6a,8bab4dff,a6177608,0.0
2025-02-22T15:09:00Z,147abc6a,8bab4dff,a6177608,0.0
2025-02-22T15:12:00Z,147abc6a,8bab4dff,a6177608,0.0
2025-02-22T15:15:00Z,147abc6a,8bab4dff,a6177608,0.0
2025-02-22T15:18:00Z,147abc6a,8bab4dff,a6177608,0.0
2025-02-22T15:21:00Z,147abc6a,8bab4dff,a6177608,0.0
2025-02-22T15:24:00Z,147abc6a,8bab4dff,a6177608,0.0
2025-02-22T15:27:00Z,147abc6a,8bab4dff,a6177608,0.0
2025-02-22T15:30:00Z,147abc6a,8bab4dff,a6177608,0.0
2025-02-22T15:33:00Z,147abc6a,8bab4dff,a6177608,0.0
2025-02-22T15:36:00Z,147abc6a,8bab4dff,a6177608,0.0
2025-02-22T15:39:00Z,147abc6a,8bab4dff,a6177608,0.0
2025-02-22T15:42:00Z,147abc6a,8bab4dff,a6177608,0.0
2025-02-22T15:45:00Z,147abc6a,8bab4dff,a6177608,0.0
2025-02-22T15:48:00Z,147abc6a,8bab4dff,a6177608,0.0
2025-02-22T15:51:00Z,147abc6a,8bab4dff,a6177608,0.0
2025-02-22T15:54:00Z,147abc6a,8bab4dff,a6177608,0.0
2025-02-22T15:57:00Z,147abc6a,8bab4dff,a6177608,0.0
2025-02-22T16:00:00Z,147abc6a,8bab4dff,a6177608,0.0
2025-02-22T16:03:00Z,147abc6a,8bab4dff,a6177608,0.0
2025-02-22T16:06:00Z,147abc6a,8bab4dff,a6177608,0.01
2025-02-22T16:09:00Z,147abc6a,8bab4dff,a6177608,0.0
2025-02-22T16:12:00Z,147abc6a,8bab4dff,a6177608,0.0
2025-02-22T16:15:00Z,147abc6a,8bab4dff,a6177608,0.0
2025-02-22T16:18:00Z,147abc6a,8bab4dff,a6177608,0.0
2025-02-22T16:21:00Z,147abc6a,8bab4dff,a6177608,0.0
2025-02-22T16:24:00Z,147abc6a,8bab4dff,a6177608,0.0
2025-02-22T16:27:00Z,147abc6a,8bab4dff,a6177608,0.0
2025-02-22T16:30:00Z,147abc6a,8bab4dff,a6177608,0.0
2025-02-22T16:33:00Z,147abc6a,8bab4dff,a6177608,0.0
2025-02-22T16:36:00Z,147abc6a,8bab4dff,a6177608,0.0
2025-02-22T16:39:00Z,147abc6a,8bab4dff,a6177608,0.0
2025-02-22T16:42:00Z,147abc6a,8bab4dff,a6177608,0.0
2025-02-22T16:45:00Z,147abc6a,8bab4dff,a6177608,0.0
2025-02-22T16:48:00Z,147abc6a,8bab4dff,a6177608,0.0
2025-02-22T16:51:00Z,147abc6a,8bab4dff,a6177608,0.0
2025-02-22T16:54:00Z,147abc6a,8bab4dff,a6177608,0.0
2025-02-22T16:57:00Z,147abc6a,8bab4dff,a6177608,0.0
2025-02-22T17:00:00Z,147abc6a,8bab4dff,a6177608,0.0
2025-02-22T17:03:00Z,147abc6a,8bab4dff,a6177608,0.0
2025-02-22T17:06:00Z,147abc6a,8bab4dff,a6177608,0.0
2025-02-22T17:09:00Z,147abc6a,8bab4dff,a6177608,0.0
2025-02-22T17:12:00Z,147abc6a,8bab4dff,a6177608,0.0
2025-02-22T17:15:00Z,147abc6a,8bab4dff,a6177608,0.0
2025-02-22T17:18:00Z,147abc6a,8bab4dff,a6177608,0.0
2025-02-22T17:21:00Z,147abc6a,8bab4dff,a6177608,0.0
2025-02-22T17:24:00Z,147abc6a,8bab4dff,a6177608,0.0
2025-02-22T17:27:00Z,147abc6a,8bab4dff,a6177608,0.0
2025-02-22T17:30:00Z,147abc6a,8bab4dff,a6177608,0.0
2025-02-22T17:33:00Z,147abc6a,8bab4dff,a6177608,0.0
2025-02-22T17:36:00Z,147abc6a,8bab4dff,a6177608,0.0
2025-02-22T17:39:00Z,147abc6a,8bab4dff,a6177608,0.0
2025-02-22T17:42:00Z,147abc6a,8bab4dff,a6177608,0.0
2025-02-22T17:45:00Z,147abc6a,8bab4dff,a6177608,0.0
2025-02-22T17:48:00Z,147abc6a,8bab4dff,a6177608,0.0
2025-02-22T17:51:00Z,147abc6a,8bab4dff,a6177608,0.0
2025-02-22T17:54:00Z,147abc6a,8bab4dff,a6177608,0.0
2025-02-22T17:57:00Z,147abc6a,8bab4dff,a6177608,0.0
2025-02-22T18:00:00Z,147abc6a,8bab4dff,a6177608,0.0
2025-02-22T18:03:00Z,147abc6a,8bab4dff,a6177608,0.0
2025-02-22T18:06:00Z,147abc6a,8bab4dff,a6177608,0.0
2025-02-22T18:09:00Z,147abc6a,8bab4dff,a6177608,0.0
2025-02-22T18:12:00Z,147abc6a,8bab4dff,a6177608,0.0
2025-02-22T18:15:00Z,147abc6a,8bab4dff,a6177608,0.0
2025-02-22T18:18:00Z,147abc6a,8bab4dff,a6177608,0.0
2025-02-22T18:21:00Z,147abc6a,8bab4dff,a6177608,0.0
2025-02-22T18:24:00Z,147abc6a,8bab4dff,a6177608,0.0
2025-02-22T18:27:00Z,147abc6a,8bab4dff,a6177608,0.0
2025-02-22T18:30:00Z,147abc6a,8bab4dff,a6177608,0.0
2025-02-22T18:33:00Z,147abc6a,8bab4dff,a6177608,0.0
2025-02-22T18:36:00Z,147abc6a,8bab4dff,a6177608,0.0
2025-02-22T18:39:00Z,147abc6a,8bab4dff,a6177608,0.0
2025-02-22T18:42:00Z,147abc6a,8bab4dff,a6177608,0.0
2025-02-22T18:45:00Z,147abc6a,8bab4dff,a6177608,0.0
2025-02-22T18:48:00Z,147abc6a,8bab4dff,a6177608,0.0
2025-02-22T18:51:00Z,147abc6a,8bab4dff,a6177608,0.0
2025-02-22T18:54:00Z,147abc6a,8bab4dff,a6177608,0.0
2025-02-22T18:57:00Z,147abc6a,8bab4dff,a6177608,0.0
2025-02-22T19:00:00Z,147abc6a,8bab4dff,a6177608,0.0
2025-02-22T19:03:00Z,147abc6a,8bab4dff,a6177608,0.0
2025-02-22T19:06:00Z,147abc6a,8bab4dff,a6177608,0.0
2025-02-22T19:09:00Z,147abc6a,8bab4dff,a6177608,0.0
2025-02-22T19:12:00Z,147abc6a,8bab4dff,a6177608,0.0
2025-02-22T19:15:00Z,147abc6a,8bab4dff,a6177608,0.0
2025-02-22T19:18:00Z,147abc6a,8bab4dff,a6177608,0.0
2025-02-22T19:21:00Z,147abc6a,8bab4dff,a6177608,0.0
2025-02-22T19:24:00Z,147abc6a,8bab4dff,a6177608,0.0
2025-02-22T19:27:00Z,147abc6a,8bab4dff,a6177608,0.0
2025-02-22T19:30:00Z,147abc6a,8bab4dff,a6177608,0.0
2025-02-22T19:33:00Z,147abc6a,8bab4dff,a6177608,0.0
2025-02-22T19:36:00Z,147abc6a,8bab4dff,a6177608,0.0
2025-02-22T19:39:00Z,147abc6a,8bab4dff,a6177608,0.0
2025-02-22T19:42:00Z,147abc6a,8bab4dff,a6177608,0.0
2025-02-22T19:45:00Z,147abc6a,8bab4dff,a6177608,0.0
2025-02-22T19:48:00Z,147abc6a,8bab4dff,a6177608,0.0
2025-02-22T19:51:00Z,147abc6a,8bab4dff,a6177608,0.0
2025-02-22T19:54:00Z,147abc6a,8bab4dff,a6177608,0.0
2025-02-22T19:57:00Z,147abc6a,8bab4dff,a6177608,0.0
2025-02-22T20:00:00Z,147abc6a,8bab4dff,a6177608,0.0
2025-02-22T20:03:00Z,147abc6a,8bab4dff,a6177608,0.0
2025-02-22T20:06:00Z,147abc6a,8bab4dff,a6177608,0.0
2025-02-22T20:09:00Z,147abc6a,8bab4dff,a6177608,0.0
2025-02-22T20:12:00Z,147abc6a,8bab4dff,a6177608,0.0
2025-02-22T20:15:00Z,147abc6a,8bab4dff,a6177608,0.0
2025-02-22T20:18:00Z,147abc6a,8bab4dff,a6177608,0.0
2025-02-22T20:21:00Z,147abc6a,8bab4dff,a6177608,0.0
2025-02-22T20:24:00Z,147abc6a,8bab4dff,a6177608,0.0
2025-02-22T20:27:00Z,147abc6a,8bab4dff,a6177608,0.0
2025-02-22T20:30:00Z,147abc6a,8bab4dff,a6177608,0.0
2025-02-22T20:33:00Z,147abc6a,8bab4dff,a6177608,0.0
2025-02-22T20:36:00Z,147abc6a,8bab4dff,a6177608,0.0
2025-02-22T20:39:00Z,147abc6a,8bab4dff,a6177608,0.0
2025-02-22T20:42:00Z,147abc6a,8bab4dff,a6177608,0.0
2025-02-22T20:45:00Z,147abc6a,8bab4dff,a6177608,0.0
2025-02-22T20:48:00Z,147abc6a,8bab4dff,a6177608,0.0
2025-02-22T20:51:00Z,147abc6a,8bab4dff,a6177608,0.0
2025-02-22T20:54:00Z,147abc6a,8bab4dff,a6177608,0.0
2025-02-22T20:57:00Z,147abc6a,8bab4dff,a6177608,0.0
2025-02-22T21:00:00Z,147abc6a,8bab4dff,a6177608,0.0
2025-02-22T21:03:00Z,147abc6a,8bab4dff,a6177608,0.0
2025-02-22T21:06:00Z,147abc6a,8bab4dff,a6177608,0.0
2025-02-22T21:09:00Z,147abc6a,8bab4dff,a6177608,0.0
2025-02-22T21:12:00Z,147abc6a,8bab4dff,a6177608,0.0
2025-02-22T21:15:00Z,147abc6a,8bab4dff,a6177608,0.0
2025-02-22T21:18:00Z,147abc6a,8bab4dff,a6177608,0.0
2025-02-22T21:21:00Z,147abc6a,8bab4dff,a6177608,0.0
2025-02-22T21:24:00Z,147abc6a,8bab4dff,a6177608,0.0
2025-02-22T21:27:00Z,147abc6a,8bab4dff,a6177608,0.0
2025-02-22T21:30:00Z,147abc6a,8bab4dff,a6177608,0.0
2025-02-22T21:33:00Z,147abc6a,8bab4dff,a6177608,0.0
2025-02-22T21:36:00Z,147abc6a,8bab4dff,a6177608,0.0
2025-02-22T21:39:00Z,147abc6a,8bab4dff,a6177608,0.0
2025-02-22T21:42:00Z,147abc6a,8bab4dff,a6177608,0.0
2025-02-22T21:45:00Z,147abc6a,8bab4dff,a6177608,0.0
2025-02-22T21:48:00Z,147abc6a,8bab4dff,a6177608,0.0
2025-02-22T21:51:00Z,147abc6a,8bab4dff,a6177608,0.0
2025-02-22T21:54:00Z,147abc6a,8bab4dff,a6177608,0.0
2025-02-22T21:57:00Z,147abc6a,8bab4dff,a6177608,0.0
2025-02-22T22:00:00Z,147abc6a,8bab4dff,a6177608,0.0
2025-02-22T22:03:00Z,147abc6a,8bab4dff,a6177608,0.0
2025-02-22T22:06:00Z,147abc6a,8bab4dff,a6177608,0.0
2025-02-22T22:09:00Z,147abc6a,8bab4dff,a6177608,0.0
2025-02-22T22:12:00Z,147abc6a,8bab4dff,a6177608,0.0
2025-02-22T22:15:00Z,147abc6a,8bab4dff,a6177608,0.0
2025-02-22T22:18:00Z,147abc6a,8bab4dff,a6177608,0.0
2025-02-22T22:21:00Z,147abc6a,8bab4dff,a6177608,0.0
2025-02-22T22:24:00Z,147abc6a,8bab4dff,a6177608,0.0
2025-02-22T22:27:00Z,147abc6a,8bab4dff,a6177608,0.0
2025-02-22T22:30:00Z,147abc6a,8bab4dff,a6177608,0.0
2025-02-22T22:33:00Z,147abc6a,8bab4dff,a6177608,0.0
2025-02-22T22:36:00Z,147abc6a,8bab4dff,a6177608,0.0
2025-02-22T22:39:00Z,147abc6a,8bab4dff,a6177608,0.0
2025-02-22T22:42:00Z,147abc6a,8bab4dff,a6177608,0.0
2025-02-22T22:45:00Z,147abc6a,8bab4dff,a6177608,0.0
2025-02-22T22:48:00Z,147abc6a,8bab4dff,a6177608,0.0
2025-02-22T22:51:00Z,147abc6a,8bab4dff,a6177608,0.01
2025-02-22T22:54:00Z,147abc6a,8bab4dff,a6177608,0.0
2025-02-22T22:57:00Z,147abc6a,8bab4dff,a6177608,0.0
2025-02-22T23:00:00Z,147abc6a,8bab4dff,a6177608,0.0
2025-02-22T23:03:00Z,147abc6a,8bab4dff,a6177608,0.0
2025-02-22T23:06:00Z,147abc6a,8bab4dff,a6177608,0.0
2025-02-22T23:09:00Z,147abc6a,8bab4dff,a6177608,0.0
2025-02-22T23:12:00Z,147abc6a,8bab4dff,a6177608,0.0
2025-02-22T23:15:00Z,147abc6a,8bab4dff,a6177608,0.0
2025-02-22T23:18:00Z,147abc6a,8bab4dff,a6177608,0.0
2025-02-22T23:21:00Z,147abc6a,8bab4dff,a6177608,0.0
2025-02-22T23:24:00Z,147abc6a,8bab4dff,a6177608,0.0
2025-02-22T23:27:00Z,147abc6a,8bab4dff,a6177608,0.0
2025-02-22T23:30:00Z,147abc6a,8bab4dff,a6177608,0.0
2025-02-22T23:33:00Z,147abc6a,8bab4dff,a6177608,0.0
2025-02-22T23:36:00Z,147abc6a,8bab4dff,a6177608,0.0
2025-02-22T23:39:00Z,147abc6a,8bab4dff,a6177608,0.0
2025-02-22T23:42:00Z,147abc6a,8bab4dff,a6177608,0.0
2025-02-22T23:45:00Z,147abc6a,8bab4dff,a6177608,0.0
2025-02-22T23:48:00Z,147abc6a,8bab4dff,a6177608,0.0
2025-02-22T23:51:00Z,147abc6a,8bab4dff,a6177608,0.0
2025-02-22T23:54:00Z,147abc6a,8bab4dff,a6177608,0.0
2025-02-22T23:57:00Z,147abc6a,8bab4dff,a6177608,0.0
2025-02-23T00:00:00Z,147abc6a,8bab4dff,a6177608,0.0
2025-02-23T00:03:00Z,147abc6a,8bab4dff,a6177608,0.0
2025-02-23T00:06:00Z,147abc6a,8bab4dff,a6177608,0.0
2025-02-23T00:09:00Z,147abc6a,8bab4dff,a6177608,0.0
2025-02-23T00:12:00Z,147abc6a,8bab4dff,a6177608,0.0
2025-02-23T00:15:00Z,147abc6a,8bab4dff,a6177608,0.0
2025-02-23T00:18:00Z,147abc6a,8bab4dff,a6177608,0.0
2025-02-23T00:21:00Z,147abc6a,8bab4dff,a6177608,0.0
2025-02-23T00:24:00Z,147abc6a,8bab4dff,a6177608,0.0
2025-02-23T00:27:00Z,147abc6a,8bab4dff,a6177608,0.0
2025-02-23T00:30:00Z,147abc6a,8bab4dff,a6177608,0.0
2025-02-23T00:33:00Z,147abc6a,8bab4dff,a6177608,0.0
2025-02-23T00:36:00Z,147abc6a,8bab4dff,a6177608,0.0
2025-02-23T00:39:00Z,147abc6a,8bab4dff,a6177608,0.0
2025-02-23T00:42:00Z,147abc6a,8bab4dff,a6177608,0.0
2025-02-23T00:45:00Z,147abc6a,8bab4dff,a6177608,0.0
2025-02-23T00:48:00Z,147abc6a,8bab4dff,a6177608,0.0
2025-02-23T00:51:00Z,147abc6a,8bab4dff,a6177608,0.0
2025-02-23T00:54:00Z,147abc6a,8bab4dff,a6177608,0.0
2025-02-23T00:57:00Z,147abc6a,8bab4dff,a6177608,0.0
2025-02-23T01:00:00Z,147abc6a,8bab4dff,a6177608,0.0
2025-02-23T01:03:00Z,147abc6a,8bab4dff,a6177608,0.0
2025-02-23T01:06:00Z,147abc6a,8bab4dff,a6177608,0.0
2025-02-23T01:09:00Z,147abc6a,8bab4dff,a6177608,0.0
2025-02-23T01:12:00Z,147abc6a,8bab4dff,a6177608,0.0
2025-02-23T01:15:00Z,147abc6a,8bab4dff,a6177608,0.0
2025-02-23T01:18:00Z,147abc6a,8bab4dff,a6177608,0.0
2025-02-23T01:21:00Z,147abc6a,8bab4dff,a6177608,0.07
2025-02-23T01:24:00Z,147abc6a,8bab4dff,a6177608,0.0
2025-02-23T01:27:00Z,147abc6a,8bab4dff,a6177608,0.0
2025-02-23T01:30:00Z,147abc6a,8bab4dff,a6177608,0.0
2025-02-23T01:33:00Z,147abc6a,8bab4dff,a6177608,0.0
2025-02-23T01:36:00Z,147abc6a,8bab4dff,a6177608,0.0
2025-02-23T01:39:00Z,147abc6a,8bab4dff,a6177608,0.0
2025-02-23T01:42:00Z,147abc6a,8bab4dff,a6177608,0.0
2025-02-23T01:45:00Z,147abc6a,8bab4dff,a6177608,0.0
2025-02-23T01:48:00Z,147abc6a,8bab4dff,a6177608,0.0
2025-02-23T01:51:00Z,147abc6a,8bab4dff,a6177608,0.0
2025-02-23T01:54:00Z,147abc6a,8bab4dff,a6177608,0.0
2025-02-23T01:57:00Z,147abc6a,8bab4dff,a6177608,0.0
2025-02-23T02:00:00Z,147abc6a,8bab4dff,a6177608,0.0
2025-02-23T02:03:00Z,147abc6a,8bab4dff,a6177608,0.0
2025-02-23T02:06:00Z,147abc6a,8bab4dff,a6177608,0.0
2025-02-23T02:09:00Z,147abc6a,8bab4dff,a6177608,0.0
2025-02-23T02:12:00Z,147abc6a,8bab4dff,a6177608,0.0
2025-02-23T02:15:00Z,147abc6a,8bab4dff,a6177608,0.0
2025-02-23T02:18:00Z,147abc6a,8bab4dff,a6177608,0.0
2025-02-23T02:21:00Z,147abc6a,8bab4dff,a6177608,0.0
2025-02-23T02:24:00Z,147abc6a,8bab4dff,a6177608,0.0
2025-02-23T02:27:00Z,147abc6a,8bab4dff,a6177608,0.0
2025-02-23T02:30:00Z,147abc6a,8bab4dff,a6177608,0.0
2025-02-23T02:33:00Z,147abc6a,8bab4dff,a6177608,0.0
2025-02-23T02:36:00Z,147abc6a,8bab4dff,a6177608,0.0
2025-02-23T02:39:00Z,147abc6a,8bab4dff,a6177608,0.0
2025-02-23T02:42:00Z,147abc6a,8bab4dff,a6177608,0.0
2025-02-23T02:45:00Z,147abc6a,8bab4dff,a6177608,0.0
2025-02-23T02:48:00Z,147abc6a,8bab4dff,a6177608,0.0
2025-02-23T02:51:00Z,147abc6a,8bab4dff,a6177608,0.0
2025-02-23T02:54:00Z,147abc6a,8bab4dff,a6177608,0.0
2025-02-23T02:57:00Z,147abc6a,8bab4dff,a6177608,0.0
2025-02-23T03:00:00Z,147abc6a,8bab4dff,a6177608,0.0
2025-02-23T03:03:00Z,147abc6a,8bab4dff,a6177608,0.0
2025-02-23T03:06:00Z,147abc6a,8bab4dff,a6177608,0.0
2025-02-23T03:09:00Z,147abc6a,8bab4dff,a6177608,0.0
2025-02-23T03:12:00Z,147abc6a,8bab4dff,a6177608,0.0
2025-02-23T03:15:00Z,147abc6a,8bab4dff,a6177608,0.0
2025-02-23T03:18:00Z,147abc6a,8bab4dff,a6177608,0.0
2025-02-23T03:21:00Z,147abc6a,8bab4dff,a6177608,0.0
2025-02-23T03:24:00Z,147abc6a,8bab4dff,a6177608,0.0
2025-02-23T03:27:00Z,147abc6a,8bab4dff,a6177608,0.0
2025-02-23T03:30:00Z,147abc6a,8bab4dff,a6177608,0.0
2025-02-23T03:33:00Z,147abc6a,8bab4dff,a6177608,0.0
2025-02-23T03:36:00Z,147abc6a,8bab4dff,a6177608,0.0
2025-02-23T03:39:00Z,147abc6a,8bab4dff,a6177608,0.0
2025-02-23T03:42:00Z,147abc6a,8bab4dff,a6177608,0.0
2025-02-23T03:45:00Z,147abc6a,8bab4dff,a6177608,0.0
2025-02-23T03:48:00Z,147abc6a,8bab4dff,a6177608,0.0
2025-02-23T03:51:00Z,147abc6a,8bab4dff,a6177608,0.0
2025-02-23T03:54:00Z,147abc6a,8bab4dff,a6177608,0.0
2025-02-23T03:57:00Z,147abc6a,8bab4dff,a6177608,0.0
2025-02-23T04:00:00Z,147abc6a,8bab4dff,a6177608,0.0
2025-02-23T04:03:00Z,147abc6a,8bab4dff,a6177608,0.0
2025-02-23T04:06:00Z,147abc6a,8bab4dff,a6177608,0.0
2025-02-23T04:09:00Z,147abc6a,8bab4dff,a6177608,0.0
2025-02-23T04:12:00Z,147abc6a,8bab4dff,a6177608,0.0
2025-02-23T04:15:00Z,147abc6a,8bab4dff,a6177608,0.0
2025-02-23T04:18:00Z,147abc6a,8bab4dff,a6177608,0.0
2025-02-23T04:21:00Z,147abc6a,8bab4dff,a6177608,0.0
2025-02-23T04:24:00Z,147abc6a,8bab4dff,a6177608,0.0
2025-02-23T04:27:00Z,147abc6a,8bab4dff,a6177608,0.0
2025-02-23T04:30:00Z,147abc6a,8bab4dff,a6177608,0.0
2025-02-23T04:33:00Z,147abc6a,8bab4dff,a6177608,0.0
2025-02-23T04:36:00Z,147abc6a,8bab4dff,a6177608,0.0
2025-02-23T04:39:00Z,147abc6a,8bab4dff,a6177608,0.0
2025-02-23T04:42:00Z,147abc6a,8bab4dff,a6177608,0.0
2025-02-23T04:45:00Z,147abc6a,8bab4dff,a6177608,0.0
2025-02-23T04:48:00Z,147abc6a,8bab4dff,a6177608,0.0
2025-02-23T04:51:00Z,147abc6a,8bab4dff,a6177608,0.0
2025-02-23T04:54:00Z,147abc6a,8bab4dff,a6177608,0.0
2025-02-23T04:57:00Z,147abc6a,8bab4dff,a6177608,0.0
2025-02-23T05:00:00Z,147abc6a,8bab4dff,a6177608,0.0
2025-02-23T05:03:00Z,147abc6a,8bab4dff,a6177608,0.0
2025-02-23T05:06:00Z,147abc6a,8bab4dff,a6177608,0.01
2025-02-23T05:09:00Z,147abc6a,8bab4dff,a6177608,0.0
2025-02-23T05:12:00Z,147abc6a,8bab4dff,a6177608,0.0
2025-02-23T05:15:00Z,147abc6a,8bab4dff,a6177608,0.0
2025-02-23T05:18:00Z,147abc6a,8bab4dff,a6177608,0.0
2025-02-23T05:21:00Z,147abc6a,8bab4dff,a6177608,0.0
2025-02-23T05:24:00Z,147abc6a,8bab4dff,a6177608,0.0
2025-02-23T05:27:00Z,147abc6a,8bab4dff,a6177608,0.0
2025-02-23T05:30:00Z,147abc6a,8bab4dff,a6177608,0.0
2025-02-23T05:33:00Z,147abc6a,8bab4dff,a6177608,0.0
2025-02-23T05:36:00Z,147abc6a,8bab4dff,a6177608,0.0
2025-02-23T05:39:00Z,147abc6a,8bab4dff,a6177608,0.0
2025-02-23T05:42:00Z,147abc6a,8bab4dff,a6177608,0.0
2025-02-23T05:45:00Z,147abc6a,8bab4dff,a6177608,0.0
2025-02-23T05:48:00Z,147abc6a,8bab4dff,a6177608,0.0
2025-02-23T05:51:00Z,147abc6a,8bab4dff,a6177608,0.0
2025-02-23T05:54:00Z,147abc6a,8bab4dff,a6177608,0.0
2025-02-23T05:57:00Z,147abc6a,8bab4dff,a6177608,0.0
2025-02-23T06:00:00Z,147abc6a,8bab4dff,a6177608,0.0
2025-02-23T06:03:00Z,147abc6a,8bab4dff,a6177608,0.0
2025-02-23T06:06:00Z,147abc6a,8bab4dff,a6177608,0.0
2025-02-23T06:09:00Z,147abc6a,8bab4dff,a6177608,0.0
2025-02-23T06:12:00Z,147abc6a,8bab4dff,a6177608,0.0
2025-02-23T06:15:00Z,147abc6a,8bab4dff,a6177608,0.0
2025-02-23T06:18:00Z,147abc6a,8bab4dff,a6177608,0.0
2025-02-23T06:21:00Z,147abc6a,8bab4dff,a6177608,0.0
2025-02-23T06:24:00Z,147abc6a,8bab4dff,a6177608,0.0
2025-02-23T06:27:00Z,147abc6a,8bab4dff,a6177608,0.0
2025-02-23T06:30:00Z,147abc6a,8bab4dff,a6177608,0.0
2025-02-23T06:33:00Z,147abc6a,8bab4dff,a6177608,0.0
2025-02-23T06:36:00Z,147abc6a,8bab4dff,a6177608,0.0
2025-02-23T06:39:00Z,147abc6a,8bab4dff,a6177608,0.0
2025-02-23T06:42:00Z,147abc6a,8bab4dff,a6177608,0.0
2025-02-23T06:45:00Z,147abc6a,8bab4dff,a6177608,0.0
2025-02-23T06:48:00Z,147abc6a,8bab4dff,a6177608,0.0
2025-02-23T06:51:00Z,147abc6a,8bab4dff,a6177608,0.0
2025-02-23T06:54:00Z,147abc6a,8bab4dff,a6177608,0.0
2025-02-23T06:57:00Z,147abc6a,8bab4dff,a6177608,0.0
2025-02-23T07:00:00Z,147abc6a,8bab4dff,a6177608,0.0
2025-02-23T07:03:00Z,147abc6a,8bab4dff,a6177608,0.0
2025-02-23T07:06:00Z,147abc6a,8bab4dff,a6177608,0.0
2025-02-23T07:09:00Z,147abc6a,8bab4dff,a6177608,0.0
2025-02-23T07:12:00Z,147abc6a,8bab4dff,a6177608,0.0
2025-02-23T07:15:00Z,147abc6a,8bab4dff,a6177608,0.0
2025-02-23T07:18:00Z,147abc6a,8bab4dff,a6177608,0.0
2025-02-23T07:21:00Z,147abc6a,8bab4dff,a6177608,0.0
2025-02-23T07:24:00Z,147abc6a,8bab4dff,a6177608,0.0
2025-02-23T07:27:00Z,147abc6a,8bab4dff,a6177608,0.0
2025-02-23T07:30:00Z,147abc6a,8bab4dff,a6177608,0.0
2025-02-23T07:33:00Z,147abc6a,8bab4dff,a6177608,0.0
2025-02-23T07:36:00Z,147abc6a,8bab4dff,a6177608,0.0
2025-02-23T07:39:00Z,147abc6a,8bab4dff,a6177608,0.0
2025-02-23T07:42:00Z,147abc6a,8bab4dff,a6177608,0.0
2025-02-23T07:45:00Z,147abc6a,8bab4dff,a6177608,0.0
2025-02-23T07:48:00Z,147abc6a,8bab4dff,a6177608,0.0
2025-02-23T07:51:00Z,147abc6a,8bab4dff,a6177608,0.0
2025-02-23T07:54:00Z,147abc6a,8bab4dff,a6177608,0.0
2025-02-23T07:57:00Z,147abc6a,8bab4dff,a6177608,0.0
2025-02-23T08:00:00Z,147abc6a,8bab4dff,a6177608,0.0
2025-02-23T08:03:00Z,147abc6a,8bab4dff,a6177608,0.0
2025-02-23T08:06:00Z,147abc6a,8bab4dff,a6177608,0.0
2025-02-23T08:09:00Z,147abc6a,8bab4dff,a6177608,0.0
2025-02-23T08:12:00Z,147abc6a,8bab4dff,a6177608,0.0
2025-02-23T08:15:00Z,147abc6a,8bab4dff,a6177608,0.0
2025-02-23T08:18:00Z,147abc6a,8bab4dff,a6177608,0.0
2025-02-23T08:21:00Z,147abc6a,8bab4dff,a6177608,0.0
2025-02-23T08:24:00Z,147abc6a,8bab4dff,a6177608,0.0
2025-02-23T08:27:00Z,147abc6a,8bab4dff,a6177608,0.0
2025-02-23T08:30:00Z,147abc6a,8bab4dff,a6177608,0.0
2025-02-23T08:33:00Z,147abc6a,8bab4dff,a6177608,0.0
2025-02-23T08:36:00Z,147abc6a,8bab4dff,a6177608,0.0
2025-02-23T08:39:00Z,147abc6a,8bab4dff,a6177608,0.0
2025-02-23T08:42:00Z,147abc6a,8bab4dff,a6177608,0.0
2025-02-23T08:45:00Z,147abc6a,8bab4dff,a6177608,0.0
2025-02-23T08:48:00Z,147abc6a,8bab4dff,a6177608,0.0
2025-02-23T08:51:00Z,147abc6a,8bab4dff,a6177608,0.0
2025-02-23T08:54:00Z,147abc6a,8bab4dff,a6177608,0.0
2025-02-23T08:57:00Z,147abc6a,8bab4dff,a6177608,0.0
2025-02-23T09:00:00Z,147abc6a,8bab4dff,a6177608,0.0
2025-02-23T09:03:00Z,147abc6a,8bab4dff,a6177608,0.0
2025-02-23T09:06:00Z,147abc6a,8bab4dff,a6177608,0.0
2025-02-23T09:09:00Z,147abc6a,8bab4dff,a6177608,0.0
2025-02-23T09:12:00Z,147abc6a,8bab4dff,a6177608,0.0
2025-02-23T09:15:00Z,147abc6a,8bab4dff,a6177608,0.0
2025-02-23T09:18:00Z,147abc6a,8bab4dff,a6177608,0.0
2025-02-23T09:21:00Z,147abc6a,8bab4dff,a6177608,0.0
2025-02-23T09:24:00Z,147abc6a,8bab4dff,a6177608,0.0
2025-02-23T09:27:00Z,147abc6a,8bab4dff,a6177608,0.0
2025-02-23T09:30:00Z,147abc6a,8bab4dff,a6177608,0.0
2025-02-23T09:33:00Z,147abc6a,8bab4dff,a6177608,0.0
2025-02-23T09:36:00Z,147abc6a,8bab4dff,a6177608,0.0
2025-02-23T09:39:00Z,147abc6a,8bab4dff,a6177608,0.0
2025-02-23T09:42:00Z,147abc6a,8bab4dff,a6177608,0.0
2025-02-23T09:45:00Z,147abc6a,8bab4dff,a6177608,0.0
2025-02-23T09:48:00Z,147abc6a,8bab4dff,a6177608,0.0
2025-02-23T09:51:00Z,147abc6a,8bab4dff,a6177608,0.0
2025-02-23T09:54:00Z,147abc6a,8bab4dff,a6177608,0.0
2025-02-23T09:57:00Z,147abc6a,8bab4dff,a6177608,0.0
2025-02-23T10:00:00Z,147abc6a,8bab4dff,a6177608,0.0
2025-02-23T10:03:00Z,147abc6a,8bab4dff,a6177608,0.0
2025-02-23T10:06:00Z,147abc6a,8bab4dff,a6177608,0.0
2025-02-23T10:09:00Z,147abc6a,8bab4dff,a6177608,0.0
2025-02-23T10:12:00Z,147abc6a,8bab4dff,a6177608,0.0
2025-02-23T10:15:00Z,147abc6a,8bab4dff,a6177608,0.0
2025-02-23T10:18:00Z,147abc6a,8bab4dff,a6177608,0.0
2025-02-23T10:21:00Z,147abc6a,8bab4dff,a6177608,0.0
2025-02-23T10:24:00Z,147abc6a,8bab4dff,a6177608,0.0
2025-02-23T10:27:00Z,147abc6a,8bab4dff,a6177608,0.0
2025-02-23T10:30:00Z,147abc6a,8bab4dff,a6177608,0.0
2025-02-23T10:33:00Z,147abc6a,8bab4dff,a6177608,0.0
2025-02-23T10:36:00Z,147abc6a,8bab4dff,a6177608,0.0
2025-02-23T10:39:00Z,147abc6a,8bab4dff,a6177608,0.0
2025-02-23T10:42:00Z,147abc6a,8bab4dff,a6177608,0.0
2025-02-23T10:45:00Z,147abc6a,8bab4dff,a6177608,0.0
2025-02-23T10:48:00Z,147abc6a,8bab4dff,a6177608,0.0
2025-02-23T10:51:00Z,147abc6a,8bab4dff,a6177608,0.0
2025-02-23T10:54:00Z,147abc6a,8bab4dff,a6177608,0.0
2025-02-23T10:57:00Z,147abc6a,8bab4dff,a6177608,0.0
2025-02-23T11:00:00Z,147abc6a,8bab4dff,a6177608,0.0
2025-02-23T11:03:00Z,147abc6a,8bab4dff,a6177608,0.0
2025-02-23T11:06:00Z,147abc6a,8bab4dff,a6177608,0.0
2025-02-23T11:09:00Z,147abc6a,8bab4dff,a6177608,0.0
2025-02-23T11:12:00Z,147abc6a,8bab4dff,a6177608,0.0
2025-02-23T11:15:00Z,147abc6a,8bab4dff,a6177608,0.0
2025-02-23T11:18:00Z,147abc6a,8bab4dff,a6177608,0.0
2025-02-23T11:21:00Z,147abc6a,8bab4dff,a6177608,0.0
2025-02-23T11:24:00Z,147abc6a,8bab4dff,a6177608,0.0
2025-02-23T11:27:00Z,147abc6a,8bab4dff,a6177608,0.0
2025-02-23T11:30:00Z,147abc6a,8bab4dff,a6177608,0.0
2025-02-23T11:33:00Z,147abc6a,8bab4dff,a6177608,0.0
2025-02-23T11:36:00Z,147abc6a,8bab4dff,a6177608,0.0
2025-02-23T11:39:00Z,147abc6a,8bab4dff,a6177608,0.0
2025-02-23T11:42:00Z,147abc6a,8bab4dff,a6177608,0.0
2025-02-23T11:45:00Z,147abc6a,8bab4dff,a6177608,0.0
2025-02-23T11:48:00Z,147abc6a,8bab4dff,a6177608,0.0
2025-02-23T11:51:00Z,147abc6a,8bab4dff,a6177608,0.0
2025-02-23T11:54:00Z,147abc6a,8bab4dff,a6177608,0.0
2025-02-23T11:57:00Z,147abc6a,8bab4dff,a6177608,0.0
2025-02-23T12:00:00Z,147abc6a,8bab4dff,a6177608,0.0
2025-02-23T12:03:00Z,147abc6a,8bab4dff,a6177608,0.0
2025-02-23T12:06:00Z,147abc6a,8bab4dff,a6177608,0.0
2025-02-23T12:09:00Z,147abc6a,8bab4dff,a6177608,0.0
2025-02-23T12:12:00Z,147abc6a,8bab4dff,a6177608,0.0
2025-02-23T12:15:00Z,147abc6a,8bab4dff,a6177608,0.0
2025-02-23T12:18:00Z,147abc6a,8bab4dff,a6177608,0.0
2025-02-23T12:21:00Z,147abc6a,8bab4dff,a6177608,0.0
2025-02-23T12:24:00Z,147abc6a,8bab4dff,a6177608,0.01
2025-02-23T12:27:00Z,147abc6a,8bab4dff,a6177608,0.0
2025-02-23T12:30:00Z,147abc6a,8bab4dff,a6177608,0.0
2025-02-23T12:33:00Z,147abc6a,8bab4dff,a6177608,0.0
2025-02-23T12:36:00Z,147abc6a,8bab4dff,a6177608,0.0
2025-02-23T12:39:00Z,147abc6a,8bab4dff,a6177608,0.0
2025-02-23T12:42:00Z,147abc6a,8bab4dff,a6177608,0.0
2025-02-23T12:45:00Z,147abc6a,8bab4dff,a6177608,0.0
2025-02-23T12:48:00Z,147abc6a,8bab4dff,a6177608,0.0
2025-02-23T12:51:00Z,147abc6a,8bab4dff,a6177608,0.0
2025-02-23T12:54:00Z,147abc6a,8bab4dff,a6177608,0.0
2025-02-23T12:57:00Z,147abc6a,8bab4dff,a6177608,0.0
2025-02-23T13:00:00Z,147abc6a,8bab4dff,a6177608,0.0
2025-02-23T13:03:00Z,147abc6a,8bab4dff,a6177608,0.0
2025-02-23T13:06:00Z,147abc6a,8bab4dff,a6177608,0.0
2025-02-23T13:09:00Z,147abc6a,8bab4dff,a6177608,0.0
2025-02-23T13:12:00Z,147abc6a,8bab4dff,a6177608,0.0
2025-02-23T13:15:00Z,147abc6a,8bab4dff,a6177608,0.0
2025-02-23T13:18:00Z,147abc6a,8bab4dff,a6177608,0.0
2025-02-23T13:21:00Z,147abc6a,8bab4dff,a6177608,0.0
2025-02-23T13:24:00Z,147abc6a,8bab4dff,a6177608,0.0
2025-02-23T13:27:00Z,147abc6a,8bab4dff,a6177608,0.0
2025-02-23T13:30:00Z,147abc6a,8bab4dff,a6177608,0.0
2025-02-23T13:33:00Z,147abc6a,8bab4dff,a6177608,0.0
2025-02-23T13:36:00Z,147abc6a,8bab4dff,a6177608,0.0
2025-02-23T13:39:00Z,147abc6a,8bab4dff,a6177608,0.0
2025-02-23T13:42:00Z,147abc6a,8bab4dff,a6177608,0.0
2025-02-23T13:45:00Z,147abc6a,8bab4dff,a6177608,0.0
2025-02-23T13:48:00Z,147abc6a,8bab4dff,a6177608,0.02
2025-02-23T13:51:00Z,147abc6a,8bab4dff,a6177608,0.0
2025-02-23T13:54:00Z,147abc6a,8bab4dff,a6177608,0.0
2025-02-23T13:57:00Z,147abc6a,8bab4dff,a6177608,0.0
2025-02-23T14:00:00Z,147abc6a,8bab4dff,a6177608,0.0
2025-02-23T14:03:00Z,147abc6a,8bab4dff,a6177608,0.0
2025-02-23T14:06:00Z,147abc6a,8bab4dff,a6177608,0.0
2025-02-23T14:09:00Z,147abc6a,8bab4dff,a6177608,0.0
2025-02-23T14:12:00Z,147abc6a,8bab4dff,a6177608,0.0
2025-02-23T14:15:00Z,147abc6a,8bab4dff,a6177608,0.0
2025-02-23T14:18:00Z,147abc6a,8bab4dff,a6177608,0.0
2025-02-23T14:21:00Z,147abc6a,8bab4dff,a6177608,0.0
2025-02-23T14:24:00Z,147abc6a,8bab4dff,a6177608,0.0
2025-02-23T14:27:00Z,147abc6a,8bab4dff,a6177608,0.0
2025-02-23T14:30:00Z,147abc6a,8bab4dff,a6177608,0.0
2025-02-23T14:33:00Z,147abc6a,8bab4dff,a6177608,0.0
2025-02-23T14:36:00Z,147abc6a,8bab4dff,a6177608,0.0
2025-02-23T14:39:00Z,147abc6a,8bab4dff,a6177608,0.0
2025-02-23T14:42:00Z,147abc6a,8bab4dff,a6177608,0.0
2025-02-23T14:45:00Z,147abc6a,8bab4dff,a6177608,0.0
2025-02-23T14:48:00Z,147abc6a,8bab4dff,a6177608,0.0
2025-02-23T14:51:00Z,147abc6a,8bab4dff,a6177608,0.0
2025-02-23T14:54:00Z,147abc6a,8bab4dff,a6177608,0.0
2025-02-23T14:57:00Z,147abc6a,8bab4dff,a6177608,0.0
2025-02-23T15:00:00Z,147abc6a,8bab4dff,a6177608,0.0
2025-02-23T15:03:00Z,147abc6a,8bab4dff,a6177608,0.0
2025-02-23T15:06:00Z,147abc6a,8bab4dff,a6177608,0.0
2025-02-23T15:09:00Z,147abc6a,8bab4dff,a6177608,0.0
2025-02-23T15:12:00Z,147abc6a,8bab4dff,a6177608,0.0
2025-02-23T15:15:00Z,147abc6a,8bab4dff,a6177608,0.0
2025-02-23T15:18:00Z,147abc6a,8bab4dff,a6177608,0.0
2025-02-23T15:21:00Z,147abc6a,8bab4dff,a6177608,0.0
2025-02-23T15:24:00Z,147abc6a,8bab4dff,a6177608,0.0
2025-02-23T15:27:00Z,147abc6a,8bab4dff,a6177608,0.0
2025-02-23T15:30:00Z,147abc6a,8bab4dff,a6177608,0.0
2025-02-23T15:33:00Z,147abc6a,8bab4dff,a6177608,0.0
2025-02-23T15:36:00Z,147abc6a,8bab4dff,a6177608,0.0
2025-02-23T15:39:00Z,147abc6a,8bab4dff,a6177608,0.0
2025-02-23T15:42:00Z,147abc6a,8bab4dff,a6177608,0.0
2025-02-23T15:45:00Z,147abc6a,8bab4dff,a6177608,0.0
2025-02-23T15:48:00Z,147abc6a,8bab4dff,a6177608,0.0
2025-02-23T15:51:00Z,147abc6a,8bab4dff,a6177608,0.0
2025-02-23T15:54:00Z,147abc6a,8bab4dff,a6177608,0.0
2025-02-23T15:57:00Z,147abc6a,8bab4dff,a6177608,0.0
2025-02-23T16:00:00Z,147abc6a,8bab4dff,a6177608,0.0
2025-02-23T16:03:00Z,147abc6a,8bab4dff,a6177608,0.0
2025-02-23T16:06:00Z,147abc6a,8bab4dff,a6177608,0.0
2025-02-23T16:09:00Z,147abc6a,8bab4dff,a6177608,0.0
2025-02-23T16:12:00Z,147abc6a,8bab4dff,a6177608,0.0
2025-02-23T16:15:00Z,147abc6a,8bab4dff,a6177608,0.0
2025-02-23T16:18:00Z,147abc6a,8bab4dff,a6177608,0.0
2025-02-23T16:21:00Z,147abc6a,8bab4dff,a6177608,0.0
2025-02-23T16:24:00Z,147abc6a,8bab4dff,a6177608,0.0
2025-02-23T16:27:00Z,147abc6a,8bab4dff,a6177608,0.0
2025-02-23T16:30:00Z,147abc6a,8bab4dff,a6177608,0.0
2025-02-23T16:33:00Z,147abc6a,8bab4dff,a6177608,0.0
2025-02-23T16:36:00Z,147abc6a,8bab4dff,a6177608,0.0
2025-02-23T16:39:00Z,147abc6a,8bab4dff,a6177608,0.0
2025-02-23T16:42:00Z,147abc6a,8bab4dff,a6177608,0.0
2025-02-23T16:45:00Z,147abc6a,8bab4dff,a6177608,0.0
2025-02-23T16:48:00Z,147abc6a,8bab4dff,a6177608,0.0
2025-02-23T16:51:00Z,147abc6a,8bab4dff,a6177608,0.0
2025-02-23T16:54:00Z,147abc6a,8bab4dff,a6177608,0.0
2025-02-23T16:57:00Z,147abc6a,8bab4dff,a6177608,0.0
2025-02-23T17:00:00Z,147abc6a,8bab4dff,a6177608,0.0
2025-02-23T17:03:00Z,147abc6a,8bab4dff,a6177608,0.0
2025-02-23T17:06:00Z,147abc6a,8bab4dff,a6177608,0.0
2025-02-23T17:09:00Z,147abc6a,8bab4dff,a6177608,0.0
2025-02-23T17:12:00Z,147abc6a,8bab4dff,a6177608,0.0
2025-02-23T17:15:00Z,147abc6a,8bab4dff,a6177608,0.0
2025-02-23T17:18:00Z,147abc6a,8bab4dff,a6177608,0.0
2025-02-23T17:21:00Z,147abc6a,8bab4dff,a6177608,0.0
2025-02-23T17:24:00Z,147abc6a,8bab4dff,a6177608,0.0
2025-02-23T17:27:00Z,147abc6a,8bab4dff,a6177608,0.0
2025-02-23T17:30:00Z,147abc6a,8bab4dff,a6177608,0.0
2025-02-23T17:33:00Z,147abc6a,8bab4dff,a6177608,0.0
2025-02-23T17:36:00Z,147abc6a,8bab4dff,a6177608,0.0
2025-02-23T17:39:00Z,147abc6a,8bab4dff,a6177608,0.0
2025-02-23T17:42:00Z,147abc6a,8bab4dff,a6177608,0.0
2025-02-23T17:45:00Z,147abc6a,8bab4dff,a6177608,0.0
2025-02-23T17:48:00Z,147abc6a,8bab4dff,a6177608,
2025-02-23T17:51:00Z,147abc6a,8bab4dff,a6177608,
2025-02-23T17:54:00Z,147abc6a,8bab4dff,a6177608,
2025-02-23T17:57:00Z,147abc6a,8bab4dff,a6177608,
2025-02-23T18:00:00Z,147abc6a,8bab4dff,a6177608,
2025-02-23T18:03:00Z,147abc6a,8bab4dff,a6177608,
2025-02-23T18:06:00Z,147abc6a,8bab4dff,a6177608,
2025-02-23T18:09:00Z,147abc6a,8bab4dff,a6177608,
2025-02-23T18:12:00Z,147abc6a,8bab4dff,a6177608,
2025-02-23T18:15:00Z,147abc6a,8bab4dff,a6177608,
2025-02-23T18:18:00Z,147abc6a,8bab4dff,a6177608,
2025-02-23T18:21:00Z,147abc6a,8bab4dff,a6177608,
2025-02-23T18:24:00Z,147abc6a,8bab4dff,a6177608,
2025-02-23T18:27:00Z,147abc6a,8bab4dff,a6177608,
2025-02-23T18:30:00Z,147abc6a,8bab4dff,a6177608,
2025-02-23T18:33:00Z,147abc6a,8bab4dff,a6177608,
2025-02-23T18:36:00Z,147abc6a,8bab4dff,a6177608,
2025-02-23T18:39:00Z,147abc6a,8bab4dff,a6177608,
2025-02-23T18:42:00Z,147abc6a,8bab4dff,a6177608,
2025-02-23T18:45:00Z,147abc6a,8bab4dff,a6177608,
2025-02-23T18:48:00Z,147abc6a,8bab4dff,a6177608,
2025-02-23T18:51:00Z,147abc6a,8bab4dff,a6177608,
2025-02-23T18:54:00Z,147abc6a,8bab4dff,a6177608,
2025-02-23T18:57:00Z,147abc6a,8bab4dff,a6177608,
2025-02-23T19:00:00Z,147abc6a,8bab4dff,a6177608,
2025-02-23T19:03:00Z,147abc6a,8bab4dff,a6177608,
2025-02-23T19:06:00Z,147abc6a,8bab4dff,a6177608,
2025-02-23T19:09:00Z,147abc6a,8bab4dff,a6177608,
2025-02-23T19:12:00Z,147abc6a,8bab4dff,a6177608,
2025-02-23T19:15:00Z,147abc6a,8bab4dff,a6177608,
2025-02-23T19:18:00Z,147abc6a,8bab4dff,a6177608,
2025-02-23T19:21:00Z,147abc6a,8bab4dff,a6177608,
2025-02-23T19:24:00Z,147abc6a,8bab4dff,a6177608,
2025-02-23T19:27:00Z,147abc6a,8bab4dff,a6177608,
2025-02-23T19:30:00Z,147abc6a,8bab4dff,a6177608,
2025-02-23T19:33:00Z,147abc6a,8bab4dff,a6177608,
2025-02-23T19:36:00Z,147abc6a,8bab4dff,a6177608,
2025-02-23T19:39:00Z,147abc6a,8bab4dff,a6177608,
2025-02-23T19:42:00Z,147abc6a,8bab4dff,a6177608,
2025-02-23T19:45:00Z,147abc6a,8bab4dff,a6177608,
2025-02-23T19:48:00Z,147abc6a,8bab4dff,a6177608,
2025-02-23T19:51:00Z,147abc6a,8bab4dff,a6177608,
2025-02-23T19:54:00Z,147abc6a,8bab4dff,a6177608,
2025-02-23T19:57:00Z,147abc6a,8bab4dff,a6177608,
2025-02-23T20:00:00Z,147abc6a,8bab4dff,a6177608,
2025-02-23T20:03:00Z,147abc6a,8bab4dff,a6177608,
2025-02-23T20:06:00Z,147abc6a,8bab4dff,a6177608,
2025-02-23T20:09:00Z,147abc6a,8bab4dff,a6177608,
2025-02-23T20:12:00Z,147abc6a,8bab4dff,a6177608,
2025-02-23T20:15:00Z,147abc6a,8bab4dff,a6177608,
2025-02-23T20:18:00Z,147abc6a,8bab4dff,a6177608,
2025-02-23T20:21:00Z,147abc6a,8bab4dff,a6177608,
2025-02-23T20:24:00Z,147abc6a,8bab4dff,a6177608,
2025-02-23T20:27:00Z,147abc6a,8bab4dff,a6177608,
2025-02-23T20:30:00Z,147abc6a,8bab4dff,a6177608,
2025-02-23T20:33:00Z,147abc6a,8bab4dff,a6177608,
2025-02-23T20:36:00Z,147abc6a,8bab4dff,a6177608,
2025-02-23T20:39:00Z,147abc6a,8bab4dff,a6177608,
2025-02-23T20:42:00Z,147abc6a,8bab4dff,a6177608,
2025-02-23T20:45:00Z,147abc6a,8bab4dff,a6177608,
2025-02-23T20:48:00Z,147abc6a,8bab4dff,a6177608,
2025-02-23T20:51:00Z,147abc6a,8bab4dff,a6177608,
2025-02-23T20:54:00Z,147abc6a,8bab4dff,a6177608,
2025-02-23T20:57:00Z,147abc6a,8bab4dff,a6177608,
2025-02-23T21:00:00Z,147abc6a,8bab4dff,a6177608,
2025-02-23T21:03:00Z,147abc6a,8bab4dff,a6177608,
2025-02-23T21:06:00Z,147abc6a,8bab4dff,a6177608,
2025-02-23T21:09:00Z,147abc6a,8bab4dff,a6177608,
2025-02-23T21:12:00Z,147abc6a,8bab4dff,a6177608,
2025-02-23T21:15:00Z,147abc6a,8bab4dff,a6177608,
2025-02-23T21:18:00Z,147abc6a,8bab4dff,a6177608,
2025-02-23T21:21:00Z,147abc6a,8bab4dff,a6177608,
2025-02-23T21:24:00Z,147abc6a,8bab4dff,a6177608,
2025-02-23T21:27:00Z,147abc6a,8bab4dff,a6177608,
2025-02-23T21:30:00Z,147abc6a,8bab4dff,a6177608,
2025-02-23T21:33:00Z,147abc6a,8bab4dff,a6177608,
2025-02-23T21:36:00Z,147abc6a,8bab4dff,a6177608,
2025-02-23T21:39:00Z,147abc6a,8bab4dff,a6177608,
2025-02-23T21:42:00Z,147abc6a,8bab4dff,a6177608,
2025-02-23T21:45:00Z,147abc6a,8bab4dff,a6177608,
2025-02-23T21:48:00Z,147abc6a,8bab4dff,a6177608,
2025-02-23T21:51:00Z,147abc6a,8bab4dff,a6177608,
2025-02-23T21:54:00Z,147abc6a,8bab4dff,a6177608,
2025-02-23T21:57:00Z,147abc6a,8bab4dff,a6177608,
2025-02-23T22:00:00Z,147abc6a,8bab4dff,a6177608,
2025-02-23T22:03:00Z,147abc6a,8bab4dff,a6177608,
2025-02-23T22:06:00Z,147abc6a,8bab4dff,a6177608,
2025-02-23T22:09:00Z,147abc6a,8bab4dff,a6177608,
2025-02-23T22:12:00Z,147abc6a,8bab4dff,a6177608,
2025-02-23T22:15:00Z,147abc6a,8bab4dff,a6177608,
2025-02-23T22:18:00Z,147abc6a,8bab4dff,a6177608,
2025-02-23T22:21:00Z,147abc6a,8bab4dff,a6177608,
2025-02-23T22:24:00Z,147abc6a,8bab4dff,a6177608,
2025-02-23T22:27:00Z,147abc6a,8bab4dff,a6177608,
2025-02-23T22:30:00Z,147abc6a,8bab4dff,a6177608,
2025-02-23T22:33:00Z,147abc6a,8bab4dff,a6177608,
2025-02-23T22:36:00Z,147abc6a,8bab4dff,a6177608,
2025-02-23T22:39:00Z,147abc6a,8bab4dff,a6177608,
2025-02-23T22:42:00Z,147abc6a,8bab4dff,a6177608,
2025-02-23T22:45:00Z,147abc6a,8bab4dff,a6177608,
2025-02-23T22:48:00Z,147abc6a,8bab4dff,a6177608,
2025-02-23T22:51:00Z,147abc6a,8bab4dff,a6177608,
2025-02-23T22:54:00Z,147abc6a,8bab4dff,a6177608,
2025-02-23T22:57:00Z,147abc6a,8bab4dff,a6177608,
2025-02-23T23:00:00Z,147abc6a,8bab4dff,a6177608,
2025-02-23T23:03:00Z,147abc6a,8bab4dff,a6177608,
2025-02-23T23:06:00Z,147abc6a,8bab4dff,a6177608,
2025-02-23T23:09:00Z,147abc6a,8bab4dff,a6177608,
2025-02-23T23:12:00Z,147abc6a,8bab4dff,a6177608,
2025-02-23T23:15:00Z,147abc6a,8bab4dff,a6177608,
2025-02-23T23:18:00Z,147abc6a,8bab4dff,a6177608,
2025-02-23T23:21:00Z,147abc6a,8bab4dff,a6177608,
2025-02-23T23:24:00Z,147abc6a,8bab4dff,a6177608,
2025-02-23T23:27:00Z,147abc6a,8bab4dff,a6177608,
2025-02-23T23:30:00Z,147abc6a,8bab4dff,a6177608,
2025-02-23T23:33:00Z,147abc6a,8bab4dff,a6177608,
2025-02-23T23:36:00Z,147abc6a,8bab4dff,a6177608,
2025-02-23T23:39:00Z,147abc6a,8bab4dff,a6177608,
2025-02-23T23:42:00Z,147abc6a,8bab4dff,a6177608,
2025-02-23T23:45:00Z,147abc6a,8bab4dff,a6177608,
2025-02-23T23:48:00Z,147abc6a,8bab4dff,a6177608,
2025-02-23T23:51:00Z,147abc6a,8bab4dff,a6177608,
2025-02-23T23:54:00Z,147abc6a,8bab4dff,a6177608,
2025-02-23T23:57:00Z,147abc6a,8bab4dff,a6177608,
2025-02-24T00:00:00Z,147abc6a,8bab4dff,a6177608,
2025-02-24T00:03:00Z,147abc6a,8bab4dff,a6177608,
2025-02-24T00:06:00Z,147abc6a,8bab4dff,a6177608,
2025-02-24T00:09:00Z,147abc6a,8bab4dff,a6177608,
2025-02-24T00:12:00Z,147abc6a,8bab4dff,a6177608,
2025-02-24T00:15:00Z,147abc6a,8bab4dff,a6177608,
2025-02-24T00:18:00Z,147abc6a,8bab4dff,a6177608,
2025-02-24T00:21:00Z,147abc6a,8bab4dff,a6177608,
2025-02-24T00:24:00Z,147abc6a,8bab4dff,a6177608,
2025-02-24T00:27:00Z,147abc6a,8bab4dff,a6177608,
2025-02-24T00:30:00Z,147abc6a,8bab4dff,a6177608,
2025-02-24T00:33:00Z,147abc6a,8bab4dff,a6177608,
2025-02-24T00:36:00Z,147abc6a,8bab4dff,a6177608,
2025-02-24T00:39:00Z,147abc6a,8bab4dff,a6177608,
2025-02-24T00:42:00Z,147abc6a,8bab4dff,a6177608,
2025-02-24T00:45:00Z,147abc6a,8bab4dff,a6177608,
2025-02-24T00:48:00Z,147abc6a,8bab4dff,a6177608,
2025-02-24T00:51:00Z,147abc6a,8bab4dff,a6177608,
2025-02-24T00:54:00Z,147abc6a,8bab4dff,a6177608,
2025-02-24T00:57:00Z,147abc6a,8bab4dff,a6177608,
2025-02-24T01:00:00Z,147abc6a,8bab4dff,a6177608,
2025-02-24T01:03:00Z,147abc6a,8bab4dff,a6177608,
2025-02-24T01:06:00Z,147abc6a,8bab4dff,a6177608,
2025-02-24T01:09:00Z,147abc6a,8bab4dff,a6177608,
2025-02-24T01:12:00Z,147abc6a,8bab4dff,a6177608,
2025-02-24T01:15:00Z,147abc6a,8bab4dff,a6177608,
2025-02-24T01:18:00Z,147abc6a,8bab4dff,a6177608,
2025-02-24T01:21:00Z,147abc6a,8bab4dff,a6177608,
2025-02-24T01:24:00Z,147abc6a,8bab4dff,a6177608,
2025-02-24T01:27:00Z,147abc6a,8bab4dff,a6177608,
2025-02-24T01:30:00Z,147abc6a,8bab4dff,a6177608,
2025-02-24T01:33:00Z,147abc6a,8bab4dff,a6177608,
2025-02-24T01:36:00Z,147abc6a,8bab4dff,a6177608,
2025-02-24T01:39:00Z,147abc6a,8bab4dff,a6177608,
2025-02-24T01:42:00Z,147abc6a,8bab4dff,a6177608,
2025-02-24T01:45:00Z,147abc6a,8bab4dff,a6177608,
2025-02-24T01:48:00Z,147abc6a,8bab4dff,a6177608,
2025-02-24T01:51:00Z,147abc6a,8bab4dff,a6177608,
2025-02-24T01:54:00Z,147abc6a,8bab4dff,a6177608,
2025-02-24T01:57:00Z,147abc6a,8bab4dff,a6177608,
2025-02-24T02:00:00Z,147abc6a,8bab4dff,a6177608,
2025-02-24T02:03:00Z,147abc6a,8bab4dff,a6177608,
2025-02-24T02:06:00Z,147abc6a,8bab4dff,a6177608,
2025-02-24T02:09:00Z,147abc6a,8bab4dff,a6177608,
2025-02-24T02:12:00Z,147abc6a,8bab4dff,a6177608,
2025-02-24T02:15:00Z,147abc6a,8bab4dff,a6177608,
2025-02-24T02:18:00Z,147abc6a,8bab4dff,a6177608,
2025-02-24T02:21:00Z,147abc6a,8bab4dff,a6177608,
2025-02-24T02:24:00Z,147abc6a,8bab4dff,a6177608,
2025-02-24T02:27:00Z,147abc6a,8bab4dff,a6177608,
2025-02-24T02:30:00Z,147abc6a,8bab4dff,a6177608,
2025-02-24T02:33:00Z,147abc6a,8bab4dff,a6177608,
2025-02-24T02:36:00Z,147abc6a,8bab4dff,a6177608,
2025-02-24T02:39:00Z,147abc6a,8bab4dff,a6177608,
2025-02-24T02:42:00Z,147abc6a,8bab4dff,a6177608,
2025-02-24T02:45:00Z,147abc6a,8bab4dff,a6177608,
2025-02-24T02:48:00Z,147abc6a,8bab4dff,a6177608,
2025-02-24T02:51:00Z,147abc6a,8bab4dff,a6177608,
2025-02-24T02:54:00Z,147abc6a,8bab4dff,a6177608,
2025-02-24T02:57:00Z,147abc6a,8bab4dff,a6177608,
2025-02-24T03:00:00Z,147abc6a,8bab4dff,a6177608,
2025-02-24T03:03:00Z,147abc6a,8bab4dff,a6177608,
2025-02-24T03:06:00Z,147abc6a,8bab4dff,a6177608,
2025-02-24T03:09:00Z,147abc6a,8bab4dff,a6177608,
2025-02-24T03:12:00Z,147abc6a,8bab4dff,a6177608,
2025-02-24T03:15:00Z,147abc6a,8bab4dff,a6177608,
2025-02-24T03:18:00Z,147abc6a,8bab4dff,a6177608,
2025-02-24T03:21:00Z,147abc6a,8bab4dff,a6177608,
2025-02-24T03:24:00Z,147abc6a,8bab4dff,a6177608,
2025-02-24T03:27:00Z,147abc6a,8bab4dff,a6177608,
2025-02-24T03:30:00Z,147abc6a,8bab4dff,a6177608,
2025-02-24T03:33:00Z,147abc6a,8bab4dff,a6177608,
2025-02-24T03:36:00Z,147abc6a,8bab4dff,a6177608,
2025-02-24T03:39:00Z,147abc6a,8bab4dff,a6177608,
2025-02-24T03:42:00Z,147abc6a,8bab4dff,a6177608,
2025-02-24T03:45:00Z,147abc6a,8bab4dff,a6177608,
2025-02-24T03:48:00Z,147abc6a,8bab4dff,a6177608,
2025-02-24T03:51:00Z,147abc6a,8bab4dff,a6177608,
2025-02-24T03:54:00Z,147abc6a,8bab4dff,a6177608,
2025-02-24T03:57:00Z,147abc6a,8bab4dff,a6177608,
2025-02-24T04:00:00Z,147abc6a,8bab4dff,a6177608,
2025-02-24T04:03:00Z,147abc6a,8bab4dff,a6177608,
2025-02-24T04:06:00Z,147abc6a,8bab4dff,a6177608,
2025-02-24T04:09:00Z,147abc6a,8bab4dff,a6177608,
2025-02-24T04:12:00Z,147abc6a,8bab4dff,a6177608,
2025-02-24T04:15:00Z,147abc6a,8bab4dff,a6177608,
2025-02-24T04:18:00Z,147abc6a,8bab4dff,a6177608,
2025-02-24T04:21:00Z,147abc6a,8bab4dff,a6177608,
2025-02-24T04:24:00Z,147abc6a,8bab4dff,a6177608,
2025-02-24T04:27:00Z,147abc6a,8bab4dff,a6177608,
2025-02-24T04:30:00Z,147abc6a,8bab4dff,a6177608,
2025-02-24T04:33:00Z,147abc6a,8bab4dff,a6177608,
2025-02-24T04:36:00Z,147abc6a,8bab4dff,a6177608,
2025-02-24T04:39:00Z,147abc6a,8bab4dff,a6177608,
2025-02-24T04:42:00Z,147abc6a,8bab4dff,a6177608,
2025-02-24T04:45:00Z,147abc6a,8bab4dff,a6177608,
2025-02-24T04:48:00Z,147abc6a,8bab4dff,a6177608,
2025-02-24T04:51:00Z,147abc6a,8bab4dff,a6177608,
2025-02-24T04:54:00Z,147abc6a,8bab4dff,a6177608,
2025-02-24T04:57:00Z,147abc6a,8bab4dff,a6177608,
2025-02-24T05:00:00Z,147abc6a,8bab4dff,a6177608,
2025-02-24T05:03:00Z,147abc6a,8bab4dff,a6177608,
2025-02-24T05:06:00Z,147abc6a,8bab4dff,a6177608,
2025-02-24T05:09:00Z,147abc6a,8bab4dff,a6177608,
2025-02-24T05:12:00Z,147abc6a,8bab4dff,a6177608,
2025-02-24T05:15:00Z,147abc6a,8bab4dff,a6177608,
2025-02-24T05:18:00Z,147abc6a,8bab4dff,a6177608,
2025-02-24T05:21:00Z,147abc6a,8bab4dff,a6177608,
2025-02-24T05:24:00Z,147abc6a,8bab4dff,a6177608,
2025-02-24T05:27:00Z,147abc6a,8bab4dff,a6177608,
2025-02-24T05:30:00Z,147abc6a,8bab4dff,a6177608,
2025-02-24T05:33:00Z,147abc6a,8bab4dff,a6177608,
2025-02-24T05:36:00Z,147abc6a,8bab4dff,a6177608,
2025-02-24T05:39:00Z,147abc6a,8bab4dff,a6177608,
2025-02-24T05:42:00Z,147abc6a,8bab4dff,a6177608,
2025-02-24T05:45:00Z,147abc6a,8bab4dff,a6177608,
2025-02-24T05:48:00Z,147abc6a,8bab4dff,a6177608,
2025-02-24T05:51:00Z,147abc6a,8bab4dff,a6177608,
2025-02-24T05:54:00Z,147abc6a,8bab4dff,a6177608,
2025-02-24T05:57:00Z,147abc6a,8bab4dff,a6177608,
2025-02-24T06:00:00Z,147abc6a,8bab4dff,a6177608,
2025-02-24T06:03:00Z,147abc6a,8bab4dff,a6177608,
2025-02-24T06:06:00Z,147abc6a,8bab4dff,a6177608,
2025-02-24T06:09:00Z,147abc6a,8bab4dff,a6177608,
2025-02-24T06:12:00Z,147abc6a,8bab4dff,a6177608,
2025-02-24T06:15:00Z,147abc6a,8bab4dff,a6177608,
2025-02-24T06:18:00Z,147abc6a,8bab4dff,a6177608,
2025-02-24T06:21:00Z,147abc6a,8bab4dff,a6177608,
2025-02-24T06:24:00Z,147abc6a,8bab4dff,a6177608,
2025-02-24T06:27:00Z,147abc6a,8bab4dff,a6177608,
2025-02-24T06:30:00Z,147abc6a,8bab4dff,a6177608,
2025-02-24T06:33:00Z,147abc6a,8bab4dff,a6177608,
2025-02-24T06:36:00Z,147abc6a,8bab4dff,a6177608,
2025-02-24T06:39:00Z,147abc6a,8bab4dff,a6177608,
2025-02-24T06:42:00Z,147abc6a,8bab4dff,a6177608,
2025-02-24T06:45:00Z,147abc6a,8bab4dff,a6177608,
2025-02-24T06:48:00Z,147abc6a,8bab4dff,a6177608,
2025-02-24T06:51:00Z,147abc6a,8bab4dff,a6177608,
2025-02-24T06:54:00Z,147abc6a,8bab4dff,a6177608,
2025-02-24T06:57:00Z,147abc6a,8bab4dff,a6177608,
2025-02-24T07:00:00Z,147abc6a,8bab4dff,a6177608,
2025-02-24T07:03:00Z,147abc6a,8bab4dff,a6177608,
2025-02-24T07:06:00Z,147abc6a,8bab4dff,a6177608,
2025-02-24T07:09:00Z,147abc6a,8bab4dff,a6177608,
2025-02-24T07:12:00Z,147abc6a,8bab4dff,a6177608,
2025-02-24T07:15:00Z,147abc6a,8bab4dff,a6177608,
2025-02-24T07:18:00Z,147abc6a,8bab4dff,a6177608,
2025-02-24T07:21:00Z,147abc6a,8bab4dff,a6177608,
2025-02-24T07:24:00Z,147abc6a,8bab4dff,a6177608,
2025-02-24T07:27:00Z,147abc6a,8bab4dff,a6177608,
2025-02-24T07:30:00Z,147abc6a,8bab4dff,a6177608,
2025-02-24T07:33:00Z,147abc6a,8bab4dff,a6177608,
2025-02-24T07:36:00Z,147abc6a,8bab4dff,a6177608,
2025-02-24T07:39:00Z,147abc6a,8bab4dff,a6177608,
2025-02-24T07:42:00Z,147abc6a,8bab4dff,a6177608,
2025-02-24T07:45:00Z,147abc6a,8bab4dff,a6177608,
2025-02-24T07:48:00Z,147abc6a,8bab4dff,a6177608,
2025-02-24T07:51:00Z,147abc6a,8bab4dff,a6177608,
2025-02-24T07:54:00Z,147abc6a,8bab4dff,a6177608,
2025-02-24T07:57:00Z,147abc6a,8bab4dff,a6177608,
2025-02-24T08:00:00Z,147abc6a,8bab4dff,a6177608,
2025-02-24T08:03:00Z,147abc6a,8bab4dff,a6177608,
2025-02-24T08:06:00Z,147abc6a,8bab4dff,a6177608,
2025-02-24T08:09:00Z,147abc6a,8bab4dff,a6177608,
2025-02-24T08:12:00Z,147abc6a,8bab4dff,a6177608,
2025-02-24T08:15:00Z,147abc6a,8bab4dff,a6177608,
2025-02-24T08:18:00Z,147abc6a,8bab4dff,a6177608,
2025-02-24T08:21:00Z,147abc6a,8bab4dff,a6177608,
2025-02-24T08:24:00Z,147abc6a,8bab4dff,a6177608,
2025-02-24T08:27:00Z,147abc6a,8bab4dff,a6177608,
2025-02-24T08:30:00Z,147abc6a,8bab4dff,a6177608,
2025-02-24T08:33:00Z,147abc6a,8bab4dff,a6177608,
2025-02-24T08:36:00Z,147abc6a,8bab4dff,a6177608,
2025-02-24T08:39:00Z,147abc6a,8bab4dff,a6177608,
2025-02-24T08:42:00Z,147abc6a,8bab4dff,a6177608,
2025-02-24T08:45:00Z,147abc6a,8bab4dff,a6177608,
2025-02-24T08:48:00Z,147abc6a,8bab4dff,a6177608,
2025-02-24T08:51:00Z,147abc6a,8bab4dff,a6177608,
2025-02-24T08:54:00Z,147abc6a,8bab4dff,a6177608,
2025-02-24T08:57:00Z,147abc6a,8bab4dff,a6177608,
2025-02-24T09:00:00Z,147abc6a,8bab4dff,a6177608,
2025-02-24T09:03:00Z,147abc6a,8bab4dff,a6177608,
2025-02-24T09:06:00Z,147abc6a,8bab4dff,a6177608,
2025-02-24T09:09:00Z,147abc6a,8bab4dff,a6177608,
2025-02-24T09:12:00Z,147abc6a,8bab4dff,a6177608,
2025-02-24T09:15:00Z,147abc6a,8bab4dff,a6177608,
2025-02-24T09:18:00Z,147abc6a,8bab4dff,a6177608,
2025-02-24T09:21:00Z,147abc6a,8bab4dff,a6177608,
2025-02-24T09:24:00Z,147abc6a,8bab4dff,a6177608,
2025-02-24T09:27:00Z,147abc6a,8bab4dff,a6177608,
2025-02-24T09:30:00Z,147abc6a,8bab4dff,a6177608,
2025-02-24T09:33:00Z,147abc6a,8bab4dff,a6177608,
2025-02-24T09:36:00Z,147abc6a,8bab4dff,a6177608,
2025-02-24T09:39:00Z,147abc6a,8bab4dff,a6177608,
2025-02-24T09:42:00Z,147abc6a,8bab4dff,a6177608,
2025-02-24T09:45:00Z,147abc6a,8bab4dff,a6177608,
2025-02-24T09:48:00Z,147abc6a,8bab4dff,a6177608,
2025-02-24T09:51:00Z,147abc6a,8bab4dff,a6177608,
2025-02-24T09:54:00Z,147abc6a,8bab4dff,a6177608,
2025-02-24T09:57:00Z,147abc6a,8bab4dff,a6177608,
2025-02-24T10:00:00Z,147abc6a,8bab4dff,a6177608,
2025-02-24T10:03:00Z,147abc6a,8bab4dff,a6177608,
2025-02-24T10:06:00Z,147abc6a,8bab4dff,a6177608,
2025-02-24T10:09:00Z,147abc6a,8bab4dff,a6177608,
2025-02-24T10:12:00Z,147abc6a,8bab4dff,a6177608,
2025-02-24T10:15:00Z,147abc6a,8bab4dff,a6177608,
2025-02-24T10:18:00Z,147abc6a,8bab4dff,a6177608,
2025-02-24T10:21:00Z,147abc6a,8bab4dff,a6177608,
2025-02-24T10:24:00Z,147abc6a,8bab4dff,a6177608,
2025-02-24T10:27:00Z,147abc6a,8bab4dff,a6177608,
2025-02-24T10:30:00Z,147abc6a,8bab4dff,a6177608,
2025-02-24T10:33:00Z,147abc6a,8bab4dff,a6177608,
2025-02-24T10:36:00Z,147abc6a,8bab4dff,a6177608,
2025-02-24T10:39:00Z,147abc6a,8bab4dff,a6177608,
2025-02-24T10:42:00Z,147abc6a,8bab4dff,a6177608,
2025-02-24T10:45:00Z,147abc6a,8bab4dff,a6177608,
2025-02-24T10:48:00Z,147abc6a,8bab4dff,a6177608,
2025-02-24T10:51:00Z,147abc6a,8bab4dff,a6177608,
2025-02-24T10:54:00Z,147abc6a,8bab4dff,a6177608,
2025-02-24T10:57:00Z,147abc6a,8bab4dff,a6177608,
2025-02-24T11:00:00Z,147abc6a,8bab4dff,a6177608,
2025-02-24T11:03:00Z,147abc6a,8bab4dff,a6177608,
2025-02-24T11:06:00Z,147abc6a,8bab4dff,a6177608,
2025-02-24T11:09:00Z,147abc6a,8bab4dff,a6177608,
2025-02-24T11:12:00Z,147abc6a,8bab4dff,a6177608,
2025-02-24T11:15:00Z,147abc6a,8bab4dff,a6177608,
2025-02-24T11:18:00Z,147abc6a,8bab4dff,a6177608,
2025-02-24T11:21:00Z,147abc6a,8bab4dff,a6177608,
2025-02-24T11:24:00Z,147abc6a,8bab4dff,a6177608,
2025-02-24T11:27:00Z,147abc6a,8bab4dff,a6177608,
2025-02-24T11:30:00Z,147abc6a,8bab4dff,a6177608,
2025-02-24T11:33:00Z,147abc6a,8bab4dff,a6177608,
2025-02-24T11:36:00Z,147abc6a,8bab4dff,a6177608,
2025-02-24T11:39:00Z,147abc6a,8bab4dff,a6177608,
2025-02-24T11:42:00Z,147abc6a,8bab4dff,a6177608,
2025-02-24T11:45:00Z,147abc6a,8bab4dff,a6177608,
2025-02-24T11:48:00Z,147abc6a,8bab4dff,a6177608,
2025-02-24T11:51:00Z,147abc6a,8bab4dff,a6177608,
2025-02-24T11:54:00Z,147abc6a,8bab4dff,a6177608,
2025-02-24T11:57:00Z,147abc6a,8bab4dff,a6177608,
2025-02-24T12:00:00Z,147abc6a,8bab4dff,a6177608,
2025-02-24T12:03:00Z,147abc6a,8bab4dff,a6177608,
2025-02-24T12:06:00Z,147abc6a,8bab4dff,a6177608,
2025-02-24T12:09:00Z,147abc6a,8bab4dff,a6177608,
2025-02-24T12:12:00Z,147abc6a,8bab4dff,a6177608,
2025-02-24T12:15:00Z,147abc6a,8bab4dff,a6177608,
2025-02-24T12:18:00Z,147abc6a,8bab4dff,a6177608,
2025-02-24T12:21:00Z,147abc6a,8bab4dff,a6177608,
2025-02-24T12:24:00Z,147abc6a,8bab4dff,a6177608,
2025-02-24T12:27:00Z,147abc6a,8bab4dff,a6177608,
2025-02-24T12:30:00Z,147abc6a,8bab4dff,a6177608,
2025-02-24T12:33:00Z,147abc6a,8bab4dff,a6177608,
2025-02-24T12:36:00Z,147abc6a,8bab4dff,a6177608,
2025-02-24T12:39:00Z,147abc6a,8bab4dff,a6177608,
2025-02-24T12:42:00Z,147abc6a,8bab4dff,a6177608,
2025-02-24T12:45:00Z,147abc6a,8bab4dff,a6177608,
2025-02-24T12:48:00Z,147abc6a,8bab4dff,a6177608,
2025-02-24T12:51:00Z,147abc6a,8bab4dff,a6177608,
2025-02-24T12:54:00Z,147abc6a,8bab4dff,a6177608,
2025-02-24T12:57:00Z,147abc6a,8bab4dff,a6177608,
2025-02-24T13:00:00Z,147abc6a,8bab4dff,a6177608,
2025-02-24T13:03:00Z,147abc6a,8bab4dff,a6177608,
2025-02-24T13:06:00Z,147abc6a,8bab4dff,a6177608,
2025-02-24T13:09:00Z,147abc6a,8bab4dff,a6177608,
2025-02-24T13:12:00Z,147abc6a,8bab4dff,a6177608,
2025-02-24T13:15:00Z,147abc6a,8bab4dff,a6177608,
2025-02-24T13:18:00Z,147abc6a,8bab4dff,a6177608,
2025-02-24T13:21:00Z,147abc6a,8bab4dff,a6177608,
2025-02-24T13:24:00Z,147abc6a,8bab4dff,a6177608,
2025-02-24T13:27:00Z,147abc6a,8bab4dff,a6177608,
2025-02-24T13:30:00Z,147abc6a,8bab4dff,a6177608,
2025-02-24T13:33:00Z,147abc6a,8bab4dff,a6177608,
2025-02-24T13:36:00Z,147abc6a,8bab4dff,a6177608,
2025-02-24T13:39:00Z,147abc6a,8bab4dff,a6177608,
2025-02-24T13:42:00Z,147abc6a,8bab4dff,a6177608,
2025-02-24T13:45:00Z,147abc6a,8bab4dff,a6177608,
2025-02-24T13:48:00Z,147abc6a,8bab4dff,a6177608,
2025-02-24T13:51:00Z,147abc6a,8bab4dff,a6177608,
2025-02-24T13:54:00Z,147abc6a,8bab4dff,a6177608,
2025-02-24T13:57:00Z,147abc6a,8bab4dff,a6177608,
2025-02-24T14:00:00Z,147abc6a,8bab4dff,a6177608,
2025-02-24T14:03:00Z,147abc6a,8bab4dff,a6177608,
2025-02-24T14:06:00Z,147abc6a,8bab4dff,a6177608,
2025-02-24T14:09:00Z,147abc6a,8bab4dff,a6177608,
2025-02-24T14:12:00Z,147abc6a,8bab4dff,a6177608,
2025-02-24T14:15:00Z,147abc6a,8bab4dff,a6177608,
2025-02-24T14:18:00Z,147abc6a,8bab4dff,a6177608,
2025-02-24T14:21:00Z,147abc6a,8bab4dff,a6177608,
2025-02-24T14:24:00Z,147abc6a,8bab4dff,a6177608,
2025-02-24T14:27:00Z,147abc6a,8bab4dff,a6177608,
2025-02-24T14:30:00Z,147abc6a,8bab4dff,a6177608,
2025-02-24T14:33:00Z,147abc6a,8bab4dff,a6177608,
2025-02-24T14:36:00Z,147abc6a,8bab4dff,a6177608,
2025-02-24T14:39:00Z,147abc6a,8bab4dff,a6177608,
2025-02-24T14:42:00Z,147abc6a,8bab4dff,a6177608,
2025-02-24T14:45:00Z,147abc6a,8bab4dff,a6177608,
2025-02-24T14:48:00Z,147abc6a,8bab4dff,a6177608,
2025-02-24T14:51:00Z,147abc6a,8bab4dff,a6177608,
2025-02-24T14:54:00Z,147abc6a,8bab4dff,a6177608,
2025-02-24T14:57:00Z,147abc6a,8bab4dff,a6177608,
2025-02-24T15:00:00Z,147abc6a,8bab4dff,a6177608,
2025-02-24T15:03:00Z,147abc6a,8bab4dff,a6177608,
2025-02-24T15:06:00Z,147abc6a,8bab4dff,a6177608,
2025-02-24T15:09:00Z,147abc6a,8bab4dff,a6177608,
2025-02-24T15:12:00Z,147abc6a,8bab4dff,a6177608,
2025-02-24T15:15:00Z,147abc6a,8bab4dff,a6177608,
2025-02-24T15:18:00Z,147abc6a,8bab4dff,a6177608,
2025-02-24T15:21:00Z,147abc6a,8bab4dff,a6177608,
2025-02-24T15:24:00Z,147abc6a,8bab4dff,a6177608,
2025-02-24T15:27:00Z,147abc6a,8bab4dff,a6177608,
2025-02-24T15:30:00Z,147abc6a,8bab4dff,a6177608,
2025-02-24T15:33:00Z,147abc6a,8bab4dff,a6177608,
2025-02-24T15:36:00Z,147abc6a,8bab4dff,a6177608,
2025-02-24T15:39:00Z,147abc6a,8bab4dff,a6177608,
2025-02-24T15:42:00Z,147abc6a,8bab4dff,a6177608,
2025-02-24T15:45:00Z,147abc6a,8bab4dff,a6177608,
2025-02-24T15:48:00Z,147abc6a,8bab4dff,a6177608,
2025-02-24T15:51:00Z,147abc6a,8bab4dff,a6177608,
2025-02-24T15:54:00Z,147abc6a,8bab4dff,a6177608,
2025-02-24T15:57:00Z,147abc6a,8bab4dff,a6177608,
2025-02-24T16:00:00Z,147abc6a,8bab4dff,a6177608,
2025-02-24T16:03:00Z,147abc6a,8bab4dff,a6177608,
2025-02-24T16:06:00Z,147abc6a,8bab4dff,a6177608,
2025-02-24T16:09:00Z,147abc6a,8bab4dff,a6177608,
2025-02-24T16:12:00Z,147abc6a,8bab4dff,a6177608,
2025-02-24T16:15:00Z,147abc6a,8bab4dff,a6177608,
2025-02-24T16:18:00Z,147abc6a,8bab4dff,a6177608,
2025-02-24T16:21:00Z,147abc6a,8bab4dff,a6177608,
2025-02-24T16:24:00Z,147abc6a,8bab4dff,a6177608,
2025-02-24T16:27:00Z,147abc6a,8bab4dff,a6177608,
2025-02-24T16:30:00Z,147abc6a,8bab4dff,a6177608,
2025-02-24T16:33:00Z,147abc6a,8bab4dff,a6177608,
2025-02-24T16:36:00Z,147abc6a,8bab4dff,a6177608,
2025-02-24T16:39:00Z,147abc6a,8bab4dff,a6177608,
2025-02-24T16:42:00Z,147abc6a,8bab4dff,a6177608,
2025-02-24T16:45:00Z,147abc6a,8bab4dff,a6177608,
2025-02-24T16:48:00Z,147abc6a,8bab4dff,a6177608,
2025-02-24T16:51:00Z,147abc6a,8bab4dff,a6177608,
2025-02-24T16:54:00Z,147abc6a,8bab4dff,a6177608,
2025-02-24T16:57:00Z,147abc6a,8bab4dff,a6177608,
2025-02-24T17:00:00Z,147abc6a,8bab4dff,a6177608,
2025-02-24T17:03:00Z,147abc6a,8bab4dff,a6177608,
2025-02-24T17:06:00Z,147abc6a,8bab4dff,a6177608,
2025-02-24T17:09:00Z,147abc6a,8bab4dff,a6177608,
2025-02-24T17:12:00Z,147abc6a,8bab4dff,a6177608,
2025-02-24T17:15:00Z,147abc6a,8bab4dff,a6177608,
2025-02-24T17:18:00Z,147abc6a,8bab4dff,a6177608,
2025-02-24T17:21:00Z,147abc6a,8bab4dff,a6177608,
2025-02-24T17:24:00Z,147abc6a,8bab4dff,a6177608,
2025-02-24T17:27:00Z,147abc6a,8bab4dff,a6177608,
2025-02-24T17:30:00Z,147abc6a,8bab4dff,a6177608,
2025-02-24T17:33:00Z,147abc6a,8bab4dff,a6177608,
2025-02-24T17:36:00Z,147abc6a,8bab4dff,a6177608,
2025-02-24T17:39:00Z,147abc6a,8bab4dff,a6177608,
2025-02-24T17:42:00Z,147abc6a,8bab4dff,a6177608,
2025-02-24T17:45:00Z,147abc6a,8bab4dff,a6177608,
2025-02-24T17:48:00Z,147abc6a,8bab4dff,a6177608,
2025-02-24T17:51:00Z,147abc6a,8bab4dff,a6177608,
2025-02-24T17:54:00Z,147abc6a,8bab4dff,a6177608,
2025-02-24T17:57:00Z,147abc6a,8bab4dff,a6177608,
2025-02-24T18:00:00Z,147abc6a,8bab4dff,a6177608,
2025-02-24T18:03:00Z,147abc6a,8bab4dff,a6177608,
2025-02-24T18:06:00Z,147abc6a,8bab4dff,a6177608,
2025-02-24T18:09:00Z,147abc6a,8bab4dff,a6177608,
2025-02-24T18:12:00Z,147abc6a,8bab4dff,a6177608,
2025-02-24T18:15:00Z,147abc6a,8bab4dff,a6177608,
2025-02-24T18:18:00Z,147abc6a,8bab4dff,a6177608,
2025-02-24T18:21:00Z,147abc6a,8bab4dff,a6177608,
2025-02-24T18:24:00Z,147abc6a,8bab4dff,a6177608,
2025-02-24T18:27:00Z,147abc6a,8bab4dff,a6177608,
2025-02-24T18:30:00Z,147abc6a,8bab4dff,a6177608,
2025-02-24T18:33:00Z,147abc6a,8bab4dff,a6177608,
2025-02-24T18:36:00Z,147abc6a,8bab4dff,a6177608,
2025-02-24T18:39:00Z,147abc6a,8bab4dff,a6177608,
2025-02-24T18:42:00Z,147abc6a,8bab4dff,a6177608,
2025-02-24T18:45:00Z,147abc6a,8bab4dff,a6177608,
2025-02-24T18:48:00Z,147abc6a,8bab4dff,a6177608,
2025-02-24T18:51:00Z,147abc6a,8bab4dff,a6177608,
2025-02-24T18:54:00Z,147abc6a,8bab4dff,a6177608,
2025-02-24T18:57:00Z,147abc6a,8bab4dff,a6177608,
2025-02-24T19:00:00Z,147abc6a,8bab4dff,a6177608,
2025-02-24T19:03:00Z,147abc6a,8bab4dff,a6177608,
2025-02-24T19:06:00Z,147abc6a,8bab4dff,a6177608,
2025-02-24T19:09:00Z,147abc6a,8bab4dff,a6177608,
2025-02-24T19:12:00Z,147abc6a,8bab4dff,a6177608,
2025-02-24T19:15:00Z,147abc6a,8bab4dff,a6177608,
2025-02-24T19:18:00Z,147abc6a,8bab4dff,a6177608,
2025-02-24T19:21:00Z,147abc6a,8bab4dff,a6177608,
2025-02-24T19:24:00Z,147abc6a,8bab4dff,a6177608,
2025-02-24T19:27:00Z,147abc6a,8bab4dff,a6177608,
2025-02-24T19:30:00Z,147abc6a,8bab4dff,a6177608,
2025-02-24T19:33:00Z,147abc6a,8bab4dff,a6177608,
2025-02-24T19:36:00Z,147abc6a,8bab4dff,a6177608,
2025-02-24T19:39:00Z,147abc6a,8bab4dff,a6177608,
2025-02-24T19:42:00Z,147abc6a,8bab4dff,a6177608,
2025-02-24T19:45:00Z,147abc6a,8bab4dff,a6177608,
2025-02-24T19:48:00Z,147abc6a,8bab4dff,a6177608,
2025-02-24T19:51:00Z,147abc6a,8bab4dff,a6177608,
2025-02-24T19:54:00Z,147abc6a,8bab4dff,a6177608,
2025-02-24T19:57:00Z,147abc6a,8bab4dff,a6177608,
2025-02-24T20:00:00Z,147abc6a,8bab4dff,a6177608,
2025-02-24T20:03:00Z,147abc6a,8bab4dff,a6177608,
2025-02-24T20:06:00Z,147abc6a,8bab4dff,a6177608,
2025-02-24T20:09:00Z,147abc6a,8bab4dff,a6177608,
2025-02-24T20:12:00Z,147abc6a,8bab4dff,a6177608,
2025-02-24T20:15:00Z,147abc6a,8bab4dff,a6177608,
2025-02-24T20:18:00Z,147abc6a,8bab4dff,a6177608,
2025-02-24T20:21:00Z,147abc6a,8bab4dff,a6177608,
2025-02-24T20:24:00Z,147abc6a,8bab4dff,a6177608,
2025-02-24T20:27:00Z,147abc6a,8bab4dff,a6177608,
2025-02-24T20:30:00Z,147abc6a,8bab4dff,a6177608,
2025-02-24T20:33:00Z,147abc6a,8bab4dff,a6177608,
2025-02-24T20:36:00Z,147abc6a,8bab4dff,a6177608,
2025-02-24T20:39:00Z,147abc6a,8bab4dff,a6177608,
2025-02-24T20:42:00Z,147abc6a,8bab4dff,a6177608,
2025-02-24T20:45:00Z,147abc6a,8bab4dff,a6177608,
2025-02-24T20:48:00Z,147abc6a,8bab4dff,a6177608,
2025-02-24T20:51:00Z,147abc6a,8bab4dff,a6177608,
2025-02-24T20:54:00Z,147abc6a,8bab4dff,a6177608,
2025-02-24T20:57:00Z,147abc6a,8bab4dff,a6177608,
2025-02-24T21:00:00Z,147abc6a,8bab4dff,a6177608,
2025-02-24T21:03:00Z,147abc6a,8bab4dff,a6177608,
2025-02-24T21:06:00Z,147abc6a,8bab4dff,a6177608,
2025-02-24T21:09:00Z,147abc6a,8bab4dff,a6177608,
2025-02-24T21:12:00Z,147abc6a,8bab4dff,a6177608,
2025-02-24T21:15:00Z,147abc6a,8bab4dff,a6177608,
2025-02-24T21:18:00Z,147abc6a,8bab4dff,a6177608,
2025-02-24T21:21:00Z,147abc6a,8bab4dff,a6177608,
2025-02-24T21:24:00Z,147abc6a,8bab4dff,a6177608,
2025-02-24T21:27:00Z,147abc6a,8bab4dff,a6177608,
2025-02-24T21:30:00Z,147abc6a,8bab4dff,a6177608,
2025-02-24T21:33:00Z,147abc6a,8bab4dff,a6177608,
2025-02-24T21:36:00Z,147abc6a,8bab4dff,a6177608,
2025-02-24T21:39:00Z,147abc6a,8bab4dff,a6177608,
2025-02-24T21:42:00Z,147abc6a,8bab4dff,a6177608,
2025-02-24T21:45:00Z,147abc6a,8bab4dff,a6177608,
2025-02-24T21:48:00Z,147abc6a,8bab4dff,a6177608,
2025-02-24T21:51:00Z,147abc6a,8bab4dff,a6177608,
2025-02-24T21:54:00Z,147abc6a,8bab4dff,a6177608,
2025-02-24T21:57:00Z,147abc6a,8bab4dff,a6177608,
2025-02-24T22:00:00Z,147abc6a,8bab4dff,a6177608,
2025-02-24T22:03:00Z,147abc6a,8bab4dff,a6177608,
2025-02-24T22:06:00Z,147abc6a,8bab4dff,a6177608,
2025-02-24T22:09:00Z,147abc6a,8bab4dff,a6177608,
2025-02-24T22:12:00Z,147abc6a,8bab4dff,a6177608,
2025-02-24T22:15:00Z,147abc6a,8bab4dff,a6177608,
2025-02-24T22:18:00Z,147abc6a,8bab4dff,a6177608,
2025-02-24T22:21:00Z,147abc6a,8bab4dff,a6177608,
2025-02-24T22:24:00Z,147abc6a,8bab4dff,a6177608,
2025-02-24T22:27:00Z,147abc6a,8bab4dff,a6177608,
2025-02-24T22:30:00Z,147abc6a,8bab4dff,a6177608,
2025-02-24T22:33:00Z,147abc6a,8bab4dff,a6177608,
2025-02-24T22:36:00Z,147abc6a,8bab4dff,a6177608,
2025-02-24T22:39:00Z,147abc6a,8bab4dff,a6177608,
2025-02-24T22:42:00Z,147abc6a,8bab4dff,a6177608,
2025-02-24T22:45:00Z,147abc6a,8bab4dff,a6177608,
2025-02-24T22:48:00Z,147abc6a,8bab4dff,a6177608,
2025-02-24T22:51:00Z,147abc6a,8bab4dff,a6177608,
2025-02-24T22:54:00Z,147abc6a,8bab4dff,a6177608,
2025-02-24T22:57:00Z,147abc6a,8bab4dff,a6177608,
2025-02-24T23:00:00Z,147abc6a,8bab4dff,a6177608,
2025-02-24T23:03:00Z,147abc6a,8bab4dff,a6177608,
2025-02-24T23:06:00Z,147abc6a,8bab4dff,a6177608,
2025-02-24T23:09:00Z,147abc6a,8bab4dff,a6177608,
2025-02-24T23:12:00Z,147abc6a,8bab4dff,a6177608,
2025-02-24T23:15:00Z,147abc6a,8bab4dff,a6177608,
2025-02-24T23:18:00Z,147abc6a,8bab4dff,a6177608,
2025-02-24T23:21:00Z,147abc6a,8bab4dff,a6177608,
2025-02-24T23:24:00Z,147abc6a,8bab4dff,a6177608,
2025-02-24T23:27:00Z,147abc6a,8bab4dff,a6177608,
2025-02-24T23:30:00Z,147abc6a,8bab4dff,a6177608,
2025-02-24T23:33:00Z,147abc6a,8bab4dff,a6177608,
2025-02-24T23:36:00Z,147abc6a,8bab4dff,a6177608,
2025-02-24T23:39:00Z,147abc6a,8bab4dff,a6177608,
2025-02-24T23:42:00Z,147abc6a,8bab4dff,a6177608,
2025-02-24T23:45:00Z,147abc6a,8bab4dff,a6177608,
2025-02-24T23:48:00Z,147abc6a,8bab4dff,a6177608,
2025-02-24T23:51:00Z,147abc6a,8bab4dff,a6177608,
2025-02-24T23:54:00Z,147abc6a,8bab4dff,a6177608,
2025-02-24T23:57:00Z,147abc6a,8bab4dff,a6177608,
2025-02-25T00:00:00Z,147abc6a,8bab4dff,a6177608,
2025-02-25T00:03:00Z,147abc6a,8bab4dff,a6177608,
2025-02-25T00:06:00Z,147abc6a,8bab4dff,a6177608,
2025-02-25T00:09:00Z,147abc6a,8bab4dff,a6177608,
2025-02-25T00:12:00Z,147abc6a,8bab4dff,a6177608,
2025-02-25T00:15:00Z,147abc6a,8bab4dff,a6177608,
2025-02-25T00:18:00Z,147abc6a,8bab4dff,a6177608,
2025-02-25T00:21:00Z,147abc6a,8bab4dff,a6177608,
2025-02-25T00:24:00Z,147abc6a,8bab4dff,a6177608,
2025-02-25T00:27:00Z,147abc6a,8bab4dff,a6177608,
2025-02-25T00:30:00Z,147abc6a,8bab4dff,a6177608,
2025-02-25T00:33:00Z,147abc6a,8bab4dff,a6177608,
2025-02-25T00:36:00Z,147abc6a,8bab4dff,a6177608,
2025-02-25T00:39:00Z,147abc6a,8bab4dff,a6177608,
2025-02-25T00:42:00Z,147abc6a,8bab4dff,a6177608,
2025-02-25T00:45:00Z,147abc6a,8bab4dff,a6177608,
2025-02-25T00:48:00Z,147abc6a,8bab4dff,a6177608,
2025-02-25T00:51:00Z,147abc6a,8bab4dff,a6177608,
2025-02-25T00:54:00Z,147abc6a,8bab4dff,a6177608,
2025-02-25T00:57:00Z,147abc6a,8bab4dff,a6177608,
2025-02-25T01:00:00Z,147abc6a,8bab4dff,a6177608,
2025-02-25T01:03:00Z,147abc6a,8bab4dff,a6177608,
2025-02-25T01:06:00Z,147abc6a,8bab4dff,a6177608,
2025-02-25T01:09:00Z,147abc6a,8bab4dff,a6177608,
2025-02-25T01:12:00Z,147abc6a,8bab4dff,a6177608,
2025-02-25T01:15:00Z,147abc6a,8bab4dff,a6177608,
2025-02-25T01:18:00Z,147abc6a,8bab4dff,a6177608,
2025-02-25T01:21:00Z,147abc6a,8bab4dff,a6177608,
2025-02-25T01:24:00Z,147abc6a,8bab4dff,a6177608,
2025-02-25T01:27:00Z,147abc6a,8bab4dff,a6177608,
2025-02-25T01:30:00Z,147abc6a,8bab4dff,a6177608,
2025-02-25T01:33:00Z,147abc6a,8bab4dff,a6177608,
2025-02-25T01:36:00Z,147abc6a,8bab4dff,a6177608,
2025-02-25T01:39:00Z,147abc6a,8bab4dff,a6177608,
2025-02-25T01:42:00Z,147abc6a,8bab4dff,a6177608,
2025-02-25T01:45:00Z,147abc6a,8bab4dff,a6177608,
2025-02-25T01:48:00Z,147abc6a,8bab4dff,a6177608,
2025-02-25T01:51:00Z,147abc6a,8bab4dff,a6177608,
2025-02-25T01:54:00Z,147abc6a,8bab4dff,a6177608,
2025-02-25T01:57:00Z,147abc6a,8bab4dff,a6177608,
2025-02-25T02:00:00Z,147abc6a,8bab4dff,a6177608,
2025-02-25T02:03:00Z,147abc6a,8bab4dff,a6177608,
2025-02-25T02:06:00Z,147abc6a,8bab4dff,a6177608,
2025-02-25T02:09:00Z,147abc6a,8bab4dff,a6177608,
2025-02-25T02:12:00Z,147abc6a,8bab4dff,a6177608,
2025-02-25T02:15:00Z,147abc6a,8bab4dff,a6177608,
2025-02-25T02:18:00Z,147abc6a,8bab4dff,a6177608,
2025-02-25T02:21:00Z,147abc6a,8bab4dff,a6177608,
2025-02-25T02:24:00Z,147abc6a,8bab4dff,a6177608,
2025-02-25T02:27:00Z,147abc6a,8bab4dff,a6177608,
2025-02-25T02:30:00Z,147abc6a,8bab4dff,a6177608,
2025-02-25T02:33:00Z,147abc6a,8bab4dff,a6177608,
2025-02-25T02:36:00Z,147abc6a,8bab4dff,a6177608,
2025-02-25T02:39:00Z,147abc6a,8bab4dff,a6177608,
2025-02-25T02:42:00Z,147abc6a,8bab4dff,a6177608,
2025-02-25T02:45:00Z,147abc6a,8bab4dff,a6177608,
2025-02-25T02:48:00Z,147abc6a,8bab4dff,a6177608,
2025-02-25T02:51:00Z,147abc6a,8bab4dff,a6177608,
2025-02-25T02:54:00Z,147abc6a,8bab4dff,a6177608,
2025-02-25T02:57:00Z,147abc6a,8bab4dff,a6177608,
2025-02-25T03:00:00Z,147abc6a,8bab4dff,a6177608,
2025-02-25T03:03:00Z,147abc6a,8bab4dff,a6177608,
2025-02-25T03:06:00Z,147abc6a,8bab4dff,a6177608,
2025-02-25T03:09:00Z,147abc6a,8bab4dff,a6177608,
2025-02-25T03:12:00Z,147abc6a,8bab4dff,a6177608,
2025-02-25T03:15:00Z,147abc6a,8bab4dff,a6177608,
2025-02-25T03:18:00Z,147abc6a,8bab4dff,a6177608,
2025-02-25T03:21:00Z,147abc6a,8bab4dff,a6177608,
2025-02-25T03:24:00Z,147abc6a,8bab4dff,a6177608,
2025-02-25T03:27:00Z,147abc6a,8bab4dff,a6177608,
2025-02-25T03:30:00Z,147abc6a,8bab4dff,a6177608,
2025-02-25T03:33:00Z,147abc6a,8bab4dff,a6177608,
2025-02-25T03:36:00Z,147abc6a,8bab4dff,a6177608,
2025-02-25T03:39:00Z,147abc6a,8bab4dff,a6177608,
2025-02-25T03:42:00Z,147abc6a,8bab4dff,a6177608,
2025-02-25T03:45:00Z,147abc6a,8bab4dff,a6177608,
2025-02-25T03:48:00Z,147abc6a,8bab4dff,a6177608,
2025-02-25T03:51:00Z,147abc6a,8bab4dff,a6177608,
2025-02-25T03:54:00Z,147abc6a,8bab4dff,a6177608,
2025-02-25T03:57:00Z,147abc6a,8bab4dff,a6177608,
2025-02-25T04:00:00Z,147abc6a,8bab4dff,a6177608,
2025-02-25T04:03:00Z,147abc6a,8bab4dff,a6177608,
2025-02-25T04:06:00Z,147abc6a,8bab4dff,a6177608,
2025-02-25T04:09:00Z,147abc6a,8bab4dff,a6177608,
2025-02-25T04:12:00Z,147abc6a,8bab4dff,a6177608,
2025-02-25T04:15:00Z,147abc6a,8bab4dff,a6177608,
2025-02-25T04:18:00Z,147abc6a,8bab4dff,a6177608,
2025-02-25T04:21:00Z,147abc6a,8bab4dff,a6177608,
2025-02-25T04:24:00Z,147abc6a,8bab4dff,a6177608,
2025-02-25T04:27:00Z,147abc6a,8bab4dff,a6177608,
2025-02-25T04:30:00Z,147abc6a,8bab4dff,a6177608,
2025-02-25T04:33:00Z,147abc6a,8bab4dff,a6177608,
2025-02-25T04:36:00Z,147abc6a,8bab4dff,a6177608,
2025-02-25T04:39:00Z,147abc6a,8bab4dff,a6177608,
2025-02-25T04:42:00Z,147abc6a,8bab4dff,a6177608,
2025-02-25T04:45:00Z,147abc6a,8bab4dff,a6177608,
2025-02-25T04:48:00Z,147abc6a,8bab4dff,a6177608,
2025-02-25T04:51:00Z,147abc6a,8bab4dff,a6177608,
2025-02-25T04:54:00Z,147abc6a,8bab4dff,a6177608,
2025-02-25T04:57:00Z,147abc6a,8bab4dff,a6177608,
2025-02-25T05:00:00Z,147abc6a,8bab4dff,a6177608,
2025-02-25T05:03:00Z,147abc6a,8bab4dff,a6177608,
2025-02-25T05:06:00Z,147abc6a,8bab4dff,a6177608,
2025-02-25T05:09:00Z,147abc6a,8bab4dff,a6177608,
2025-02-25T05:12:00Z,147abc6a,8bab4dff,a6177608,
2025-02-25T05:15:00Z,147abc6a,8bab4dff,a6177608,
2025-02-25T05:18:00Z,147abc6a,8bab4dff,a6177608,
2025-02-25T05:21:00Z,147abc6a,8bab4dff,a6177608,
2025-02-25T05:24:00Z,147abc6a,8bab4dff,a6177608,
2025-02-25T05:27:00Z,147abc6a,8bab4dff,a6177608,
2025-02-25T05:30:00Z,147abc6a,8bab4dff,a6177608,
2025-02-25T05:33:00Z,147abc6a,8bab4dff,a6177608,
2025-02-25T05:36:00Z,147abc6a,8bab4dff,a6177608,
2025-02-25T05:39:00Z,147abc6a,8bab4dff,a6177608,
2025-02-25T05:42:00Z,147abc6a,8bab4dff,a6177608,
2025-02-25T05:45:00Z,147abc6a,8bab4dff,a6177608,
2025-02-25T05:48:00Z,147abc6a,8bab4dff,a6177608,
2025-02-25T05:51:00Z,147abc6a,8bab4dff,a6177608,
2025-02-25T05:54:00Z,147abc6a,8bab4dff,a6177608,
2025-02-25T05:57:00Z,147abc6a,8bab4dff,a6177608,
2025-02-25T06:00:00Z,147abc6a,8bab4dff,a6177608,
2025-02-25T06:03:00Z,147abc6a,8bab4dff,a6177608,
2025-02-25T06:06:00Z,147abc6a,8bab4dff,a6177608,
2025-02-25T06:09:00Z,147abc6a,8bab4dff,a6177608,
2025-02-25T06:12:00Z,147abc6a,8bab4dff,a6177608,
2025-02-25T06:15:00Z,147abc6a,8bab4dff,a6177608,
2025-02-25T06:18:00Z,147abc6a,8bab4dff,a6177608,
2025-02-25T06:21:00Z,147abc6a,8bab4dff,a6177608,
2025-02-25T06:24:00Z,147abc6a,8bab4dff,a6177608,
2025-02-25T06:27:00Z,147abc6a,8bab4dff,a6177608,
2025-02-25T06:30:00Z,147abc6a,8bab4dff,a6177608,
2025-02-25T06:33:00Z,147abc6a,8bab4dff,a6177608,
2025-02-25T06:36:00Z,147abc6a,8bab4dff,a6177608,
2025-02-25T06:39:00Z,147abc6a,8bab4dff,a6177608,
2025-02-25T06:42:00Z,147abc6a,8bab4dff,a6177608,
2025-02-25T06:45:00Z,147abc6a,8bab4dff,a6177608,
2025-02-25T06:48:00Z,147abc6a,8bab4dff,a6177608,
2025-02-25T06:51:00Z,147abc6a,8bab4dff,a6177608,
2025-02-25T06:54:00Z,147abc6a,8bab4dff,a6177608,
2025-02-25T06:57:00Z,147abc6a,8bab4dff,a6177608,
2025-02-25T07:00:00Z,147abc6a,8bab4dff,a6177608,
2025-02-25T07:03:00Z,147abc6a,8bab4dff,a6177608,
2025-02-25T07:06:00Z,147abc6a,8bab4dff,a6177608,
2025-02-25T07:09:00Z,147abc6a,8bab4dff,a6177608,
2025-02-25T07:12:00Z,147abc6a,8bab4dff,a6177608,
2025-02-25T07:15:00Z,147abc6a,8bab4dff,a6177608,
2025-02-25T07:18:00Z,147abc6a,8bab4dff,a6177608,
2025-02-25T07:21:00Z,147abc6a,8bab4dff,a6177608,
2025-02-25T07:24:00Z,147abc6a,8bab4dff,a6177608,
2025-02-25T07:27:00Z,147abc6a,8bab4dff,a6177608,
2025-02-25T07:30:00Z,147abc6a,8bab4dff,a6177608,
2025-02-25T07:33:00Z,147abc6a,8bab4dff,a6177608,
2025-02-25T07:36:00Z,147abc6a,8bab4dff,a6177608,
2025-02-25T07:39:00Z,147abc6a,8bab4dff,a6177608,
2025-02-25T07:42:00Z,147abc6a,8bab4dff,a6177608,
2025-02-25T07:45:00Z,147abc6a,8bab4dff,a6177608,
2025-02-25T07:48:00Z,147abc6a,8bab4dff,a6177608,
2025-02-25T07:51:00Z,147abc6a,8bab4dff,a6177608,
2025-02-25T07:54:00Z,147abc6a,8bab4dff,a6177608,
2025-02-25T07:57:00Z,147abc6a,8bab4dff,a6177608,
2025-02-25T08:00:00Z,147abc6a,8bab4dff,a6177608,
2025-02-25T08:03:00Z,147abc6a,8bab4dff,a6177608,
2025-02-25T08:06:00Z,147abc6a,8bab4dff,a6177608,
2025-02-25T08:09:00Z,147abc6a,8bab4dff,a6177608,
2025-02-25T08:12:00Z,147abc6a,8bab4dff,a6177608,
2025-02-25T08:15:00Z,147abc6a,8bab4dff,a6177608,
2025-02-25T08:18:00Z,147abc6a,8bab4dff,a6177608,
2025-02-25T08:21:00Z,147abc6a,8bab4dff,a6177608,
2025-02-25T08:24:00Z,147abc6a,8bab4dff,a6177608,
2025-02-25T08:27:00Z,147abc6a,8bab4dff,a6177608,
2025-02-25T08:30:00Z,147abc6a,8bab4dff,a6177608,
2025-02-25T08:33:00Z,147abc6a,8bab4dff,a6177608,
2025-02-25T08:36:00Z,147abc6a,8bab4dff,a6177608,
2025-02-25T08:39:00Z,147abc6a,8bab4dff,a6177608,
2025-02-25T08:42:00Z,147abc6a,8bab4dff,a6177608,
2025-02-25T08:45:00Z,147abc6a,8bab4dff,a6177608,
2025-02-25T08:48:00Z,147abc6a,8bab4dff,a6177608,
2025-02-25T08:51:00Z,147abc6a,8bab4dff,a6177608,
2025-02-25T08:54:00Z,147abc6a,8bab4dff,a6177608,
2025-02-25T08:57:00Z,147abc6a,8bab4dff,a6177608,
2025-02-25T09:00:00Z,147abc6a,8bab4dff,a6177608,
2025-02-25T09:03:00Z,147abc6a,8bab4dff,a6177608,
2025-02-25T09:06:00Z,147abc6a,8bab4dff,a6177608,
2025-02-25T09:09:00Z,147abc6a,8bab4dff,a6177608,
2025-02-25T09:12:00Z,147abc6a,8bab4dff,a6177608,
2025-02-25T09:15:00Z,147abc6a,8bab4dff,a6177608,
2025-02-25T09:18:00Z,147abc6a,8bab4dff,a6177608,
2025-02-25T09:21:00Z,147abc6a,8bab4dff,a6177608,
2025-02-25T09:24:00Z,147abc6a,8bab4dff,a6177608,
2025-02-25T09:27:00Z,147abc6a,8bab4dff,a6177608,
2025-02-25T09:30:00Z,147abc6a,8bab4dff,a6177608,
2025-02-25T09:33:00Z,147abc6a,8bab4dff,a6177608,
2025-02-25T09:36:00Z,147abc6a,8bab4dff,a6177608,
2025-02-25T09:39:00Z,147abc6a,8bab4dff,a6177608,
2025-02-25T09:42:00Z,147abc6a,8bab4dff,a6177608,
2025-02-25T09:45:00Z,147abc6a,8bab4dff,a6177608,
2025-02-25T09:48:00Z,147abc6a,8bab4dff,a6177608,
2025-02-25T09:51:00Z,147abc6a,8bab4dff,a6177608,
2025-02-25T09:54:00Z,147abc6a,8bab4dff,a6177608,
2025-02-25T09:57:00Z,147abc6a,8bab4dff,a6177608,
2025-02-25T10:00:00Z,147abc6a,8bab4dff,a6177608,
2025-02-25T10:03:00Z,147abc6a,8bab4dff,a6177608,
2025-02-25T10:06:00Z,147abc6a,8bab4dff,a6177608,
2025-02-25T10:09:00Z,147abc6a,8bab4dff,a6177608,
2025-02-25T10:12:00Z,147abc6a,8bab4dff,a6177608,
2025-02-25T10:15:00Z,147abc6a,8bab4dff,a6177608,
2025-02-25T10:18:00Z,147abc6a,8bab4dff,a6177608,
2025-02-25T10:21:00Z,147abc6a,8bab4dff,a6177608,
2025-02-25T10:24:00Z,147abc6a,8bab4dff,a6177608,
2025-02-25T10:27:00Z,147abc6a,8bab4dff,a6177608,
2025-02-25T10:30:00Z,147abc6a,8bab4dff,a6177608,
2025-02-25T10:33:00Z,147abc6a,8bab4dff,a6177608,
2025-02-25T10:36:00Z,147abc6a,8bab4dff,a6177608,
2025-02-25T10:39:00Z,147abc6a,8bab4dff,a6177608,
2025-02-25T10:42:00Z,147abc6a,8bab4dff,a6177608,
2025-02-25T10:45:00Z,147abc6a,8bab4dff,a6177608,
2025-02-25T10:48:00Z,147abc6a,8bab4dff,a6177608,
2025-02-25T10:51:00Z,147abc6a,8bab4dff,a6177608,
2025-02-25T10:54:00Z,147abc6a,8bab4dff,a6177608,
2025-02-25T10:57:00Z,147abc6a,8bab4dff,a6177608,
2025-02-25T11:00:00Z,147abc6a,8bab4dff,a6177608,
2025-02-25T11:03:00Z,147abc6a,8bab4dff,a6177608,
2025-02-25T11:06:00Z,147abc6a,8bab4dff,a6177608,
2025-02-25T11:09:00Z,147abc6a,8bab4dff,a6177608,
2025-02-25T11:12:00Z,147abc6a,8bab4dff,a6177608,
2025-02-25T11:15:00Z,147abc6a,8bab4dff,a6177608,
2025-02-25T11:18:00Z,147abc6a,8bab4dff,a6177608,
2025-02-25T11:21:00Z,147abc6a,8bab4dff,a6177608,
2025-02-25T11:24:00Z,147abc6a,8bab4dff,a6177608,
2025-02-25T11:27:00Z,147abc6a,8bab4dff,a6177608,
2025-02-25T11:30:00Z,147abc6a,8bab4dff,a6177608,
2025-02-25T11:33:00Z,147abc6a,8bab4dff,a6177608,
2025-02-25T11:36:00Z,147abc6a,8bab4dff,a6177608,
2025-02-25T11:39:00Z,147abc6a,8bab4dff,a6177608,
2025-02-25T11:42:00Z,147abc6a,8bab4dff,a6177608,
2025-02-25T11:45:00Z,147abc6a,8bab4dff,a6177608,
2025-02-25T11:48:00Z,147abc6a,8bab4dff,a6177608,
2025-02-25T11:51:00Z,147abc6a,8bab4dff,a6177608,
2025-02-25T11:54:00Z,147abc6a,8bab4dff,a6177608,
2025-02-25T11:57:00Z,147abc6a,8bab4dff,a6177608,
2025-02-25T12:00:00Z,147abc6a,8bab4dff,a6177608,
2025-02-25T12:03:00Z,147abc6a,8bab4dff,a6177608,
2025-02-25T12:06:00Z,147abc6a,8bab4dff,a6177608,
2025-02-25T12:09:00Z,147abc6a,8bab4dff,a6177608,
2025-02-25T12:12:00Z,147abc6a,8bab4dff,a6177608,
2025-02-25T12:15:00Z,147abc6a,8bab4dff,a6177608,
2025-02-25T12:18:00Z,147abc6a,8bab4dff,a6177608,
2025-02-25T12:21:00Z,147abc6a,8bab4dff,a6177608,
2025-02-25T12:24:00Z,147abc6a,8bab4dff,a6177608,
2025-02-25T12:27:00Z,147abc6a,8bab4dff,a6177608,
2025-02-25T12:30:00Z,147abc6a,8bab4dff,a6177608,
2025-02-25T12:33:00Z,147abc6a,8bab4dff,a6177608,
2025-02-25T12:36:00Z,147abc6a,8bab4dff,a6177608,
2025-02-25T12:39:00Z,147abc6a,8bab4dff,a6177608,
2025-02-25T12:42:00Z,147abc6a,8bab4dff,a6177608,
2025-02-25T12:45:00Z,147abc6a,8bab4dff,a6177608,
2025-02-25T12:48:00Z,147abc6a,8bab4dff,a6177608,
2025-02-25T12:51:00Z,147abc6a,8bab4dff,a6177608,
2025-02-25T12:54:00Z,147abc6a,8bab4dff,a6177608,
2025-02-25T12:57:00Z,147abc6a,8bab4dff,a6177608,
2025-02-25T13:00:00Z,147abc6a,8bab4dff,a6177608,
2025-02-25T13:03:00Z,147abc6a,8bab4dff,a6177608,
2025-02-25T13:06:00Z,147abc6a,8bab4dff,a6177608,
2025-02-25T13:09:00Z,147abc6a,8bab4dff,a6177608,
2025-02-25T13:12:00Z,147abc6a,8bab4dff,a6177608,
2025-02-25T13:15:00Z,147abc6a,8bab4dff,a6177608,
2025-02-25T13:18:00Z,147abc6a,8bab4dff,a6177608,
2025-02-25T13:21:00Z,147abc6a,8bab4dff,a6177608,
2025-02-25T13:24:00Z,147abc6a,8bab4dff,a6177608,
2025-02-25T13:27:00Z,147abc6a,8bab4dff,a6177608,
2025-02-25T13:30:00Z,147abc6a,8bab4dff,a6177608,
2025-02-25T13:33:00Z,147abc6a,8bab4dff,a6177608,
2025-02-25T13:36:00Z,147abc6a,8bab4dff,a6177608,
2025-02-25T13:39:00Z,147abc6a,8bab4dff,a6177608,
2025-02-25T13:42:00Z,147abc6a,8bab4dff,a6177608,
2025-02-25T13:45:00Z,147abc6a,8bab4dff,a6177608,
2025-02-25T13:48:00Z,147abc6a,8bab4dff,a6177608,
2025-02-25T13:51:00Z,147abc6a,8bab4dff,a6177608,
2025-02-25T13:54:00Z,147abc6a,8bab4dff,a6177608,
2025-02-25T13:57:00Z,147abc6a,8bab4dff,a6177608,
2025-02-25T14:00:00Z,147abc6a,8bab4dff,a6177608,
2025-02-25T14:03:00Z,147abc6a,8bab4dff,a6177608,
2025-02-25T14:06:00Z,147abc6a,8bab4dff,a6177608,
2025-02-25T14:09:00Z,147abc6a,8bab4dff,a6177608,
2025-02-25T14:12:00Z,147abc6a,8bab4dff,a6177608,
2025-02-25T14:15:00Z,147abc6a,8bab4dff,a6177608,
2025-02-25T14:18:00Z,147abc6a,8bab4dff,a6177608,
2025-02-25T14:21:00Z,147abc6a,8bab4dff,a6177608,
2025-02-25T14:24:00Z,147abc6a,8bab4dff,a6177608,
2025-02-25T14:27:00Z,147abc6a,8bab4dff,a6177608,
2025-02-25T14:30:00Z,147abc6a,8bab4dff,a6177608,
2025-02-25T14:33:00Z,147abc6a,8bab4dff,a6177608,
2025-02-25T14:36:00Z,147abc6a,8bab4dff,a6177608,
2025-02-25T14:39:00Z,147abc6a,8bab4dff,a6177608,
2025-02-25T14:42:00Z,147abc6a,8bab4dff,a6177608,
2025-02-25T14:45:00Z,147abc6a,8bab4dff,a6177608,
2025-02-25T14:48:00Z,147abc6a,8bab4dff,a6177608,
2025-02-25T14:51:00Z,147abc6a,8bab4dff,a6177608,
2025-02-25T14:54:00Z,147abc6a,8bab4dff,a6177608,
2025-02-25T14:57:00Z,147abc6a,8bab4dff,a6177608,
2025-02-25T15:00:00Z,147abc6a,8bab4dff,a6177608,
2025-02-25T15:03:00Z,147abc6a,8bab4dff,a6177608,
2025-02-25T15:06:00Z,147abc6a,8bab4dff,a6177608,
2025-02-25T15:09:00Z,147abc6a,8bab4dff,a6177608,
2025-02-25T15:12:00Z,147abc6a,8bab4dff,a6177608,
2025-02-25T15:15:00Z,147abc6a,8bab4dff,a6177608,
2025-02-25T15:18:00Z,147abc6a,8bab4dff,a6177608,
2025-02-25T15:21:00Z,147abc6a,8bab4dff,a6177608,
2025-02-25T15:24:00Z,147abc6a,8bab4dff,a6177608,
2025-02-25T15:27:00Z,147abc6a,8bab4dff,a6177608,
2025-02-25T15:30:00Z,147abc6a,8bab4dff,a6177608,
2025-02-25T15:33:00Z,147abc6a,8bab4dff,a6177608,
2025-02-25T15:36:00Z,147abc6a,8bab4dff,a6177608,
2025-02-25T15:39:00Z,147abc6a,8bab4dff,a6177608,
2025-02-25T15:42:00Z,147abc6a,8bab4dff,a6177608,
2025-02-25T15:45:00Z,147abc6a,8bab4dff,a6177608,
2025-02-25T15:48:00Z,147abc6a,8bab4dff,a6177608,
2025-02-25T15:51:00Z,147abc6a,8bab4dff,a6177608,
2025-02-25T15:54:00Z,147abc6a,8bab4dff,a6177608,
2025-02-25T15:57:00Z,147abc6a,8bab4dff,a6177608,
2025-02-25T16:00:00Z,147abc6a,8bab4dff,a6177608,
2025-02-25T16:03:00Z,147abc6a,8bab4dff,a6177608,
2025-02-25T16:06:00Z,147abc6a,8bab4dff,a6177608,
2025-02-25T16:09:00Z,147abc6a,8bab4dff,a6177608,
2025-02-25T16:12:00Z,147abc6a,8bab4dff,a6177608,
2025-02-25T16:15:00Z,147abc6a,8bab4dff,a6177608,
2025-02-25T16:18:00Z,147abc6a,8bab4dff,a6177608,
2025-02-25T16:21:00Z,147abc6a,8bab4dff,a6177608,
2025-02-25T16:24:00Z,147abc6a,8bab4dff,a6177608,
2025-02-25T16:27:00Z,147abc6a,8bab4dff,a6177608,
2025-02-25T16:30:00Z,147abc6a,8bab4dff,a6177608,
2025-02-25T16:33:00Z,147abc6a,8bab4dff,a6177608,
2025-02-25T16:36:00Z,147abc6a,8bab4dff,a6177608,
2025-02-25T16:39:00Z,147abc6a,8bab4dff,a6177608,
2025-02-25T16:42:00Z,147abc6a,8bab4dff,a6177608,
2025-02-25T16:45:00Z,147abc6a,8bab4dff,a6177608,
2025-02-25T16:48:00Z,147abc6a,8bab4dff,a6177608,
2025-02-25T16:51:00Z,147abc6a,8bab4dff,a6177608,
2025-02-25T16:54:00Z,147abc6a,8bab4dff,a6177608,
2025-02-25T16:57:00Z,147abc6a,8bab4dff,a6177608,
2025-02-25T17:00:00Z,147abc6a,8bab4dff,a6177608,
2025-02-25T17:03:00Z,147abc6a,8bab4dff,a6177608,
2025-02-25T17:06:00Z,147abc6a,8bab4dff,a6177608,
2025-02-25T17:09:00Z,147abc6a,8bab4dff,a6177608,
2025-02-25T17:12:00Z,147abc6a,8bab4dff,a6177608,
2025-02-25T17:15:00Z,147abc6a,8bab4dff,a6177608,
2025-02-25T17:18:00Z,147abc6a,8bab4dff,a6177608,
2025-02-25T17:21:00Z,147abc6a,8bab4dff,a6177608,
2025-02-25T17:24:00Z,147abc6a,8bab4dff,a6177608,
2025-02-25T17:27:00Z,147abc6a,8bab4dff,a6177608,
2025-02-25T17:30:00Z,147abc6a,8bab4dff,a6177608,
2025-02-25T17:33:00Z,147abc6a,8bab4dff,a6177608,
2025-02-25T17:36:00Z,147abc6a,8bab4dff,a6177608,
2025-02-25T17:39:00Z,147abc6a,8bab4dff,a6177608,
2025-02-25T17:42:00Z,147abc6a,8bab4dff,a6177608,
2025-02-25T17:45:00Z,147abc6a,8bab4dff,a6177608,
2025-02-25T17:48:00Z,147abc6a,8bab4dff,a6177608,
2025-02-25T17:51:00Z,147abc6a,8bab4dff,a6177608,
2025-02-25T17:54:00Z,147abc6a,8bab4dff,a6177608,
2025-02-25T17:57:00Z,147abc6a,8bab4dff,a6177608,
2025-02-25T18:00:00Z,147abc6a,8bab4dff,a6177608,
2025-02-25T18:03:00Z,147abc6a,8bab4dff,a6177608,
2025-02-25T18:06:00Z,147abc6a,8bab4dff,a6177608,
2025-02-25T18:09:00Z,147abc6a,8bab4dff,a6177608,
2025-02-25T18:12:00Z,147abc6a,8bab4dff,a6177608,
2025-02-25T18:15:00Z,147abc6a,8bab4dff,a6177608,
2025-02-25T18:18:00Z,147abc6a,8bab4dff,a6177608,
2025-02-25T18:21:00Z,147abc6a,8bab4dff,a6177608,
2025-02-25T18:24:00Z,147abc6a,8bab4dff,a6177608,
2025-02-25T18:27:00Z,147abc6a,8bab4dff,a6177608,
2025-02-25T18:30:00Z,147abc6a,8bab4dff,a6177608,
2025-02-25T18:33:00Z,147abc6a,8bab4dff,a6177608,
2025-02-25T18:36:00Z,147abc6a,8bab4dff,a6177608,
2025-02-25T18:39:00Z,147abc6a,8bab4dff,a6177608,
2025-02-25T18:42:00Z,147abc6a,8bab4dff,a6177608,
2025-02-25T18:45:00Z,147abc6a,8bab4dff,a6177608,
2025-02-25T18:48:00Z,147abc6a,8bab4dff,a6177608,
2025-02-25T18:51:00Z,147abc6a,8bab4dff,a6177608,
2025-02-25T18:54:00Z,147abc6a,8bab4dff,a6177608,
2025-02-25T18:57:00Z,147abc6a,8bab4dff,a6177608,
2025-02-25T19:00:00Z,147abc6a,8bab4dff,a6177608,
2025-02-25T19:03:00Z,147abc6a,8bab4dff,a6177608,
2025-02-25T19:06:00Z,147abc6a,8bab4dff,a6177608,
2025-02-25T19:09:00Z,147abc6a,8bab4dff,a6177608,
2025-02-25T19:12:00Z,147abc6a,8bab4dff,a6177608,
2025-02-25T19:15:00Z,147abc6a,8bab4dff,a6177608,
2025-02-25T19:18:00Z,147abc6a,8bab4dff,a6177608,
2025-02-25T19:21:00Z,147abc6a,8bab4dff,a6177608,
2025-02-25T19:24:00Z,147abc6a,8bab4dff,a6177608,
2025-02-25T19:27:00Z,147abc6a,8bab4dff,a6177608,
2025-02-25T19:30:00Z,147abc6a,8bab4dff,a6177608,
2025-02-25T19:33:00Z,147abc6a,8bab4dff,a6177608,
2025-02-25T19:36:00Z,147abc6a,8bab4dff,a6177608,
2025-02-25T19:39:00Z,147abc6a,8bab4dff,a6177608,
2025-02-25T19:42:00Z,147abc6a,8bab4dff,a6177608,
2025-02-25T19:45:00Z,147abc6a,8bab4dff,a6177608,
2025-02-25T19:48:00Z,147abc6a,8bab4dff,a6177608,
2025-02-25T19:51:00Z,147abc6a,8bab4dff,a6177608,
2025-02-25T19:54:00Z,147abc6a,8bab4dff,a6177608,
2025-02-25T19:57:00Z,147abc6a,8bab4dff,a6177608,
2025-02-25T20:00:00Z,147abc6a,8bab4dff,a6177608,
2025-02-25T20:03:00Z,147abc6a,8bab4dff,a6177608,
2025-02-25T20:06:00Z,147abc6a,8bab4dff,a6177608,
2025-02-25T20:09:00Z,147abc6a,8bab4dff,a6177608,
2025-02-25T20:12:00Z,147abc6a,8bab4dff,a6177608,
2025-02-25T20:15:00Z,147abc6a,8bab4dff,a6177608,
2025-02-25T20:18:00Z,147abc6a,8bab4dff,a6177608,
2025-02-25T20:21:00Z,147abc6a,8bab4dff,a6177608,
2025-02-25T20:24:00Z,147abc6a,8bab4dff,a6177608,
2025-02-25T20:27:00Z,147abc6a,8bab4dff,a6177608,
2025-02-25T20:30:00Z,147abc6a,8bab4dff,a6177608,
2025-02-25T20:33:00Z,147abc6a,8bab4dff,a6177608,
2025-02-25T20:36:00Z,147abc6a,8bab4dff,a6177608,
2025-02-25T20:39:00Z,147abc6a,8bab4dff,a6177608,
2025-02-25T20:42:00Z,147abc6a,8bab4dff,a6177608,
2025-02-25T20:45:00Z,147abc6a,8bab4dff,a6177608,
2025-02-25T20:48:00Z,147abc6a,8bab4dff,a6177608,
2025-02-25T20:51:00Z,147abc6a,8bab4dff,a6177608,
2025-02-25T20:54:00Z,147abc6a,8bab4dff,a6177608,
2025-02-25T20:57:00Z,147abc6a,8bab4dff,a6177608,
2025-02-25T21:00:00Z,147abc6a,8bab4dff,a6177608,
2025-02-25T21:03:00Z,147abc6a,8bab4dff,a6177608,
2025-02-25T21:06:00Z,147abc6a,8bab4dff,a6177608,
2025-02-25T21:09:00Z,147abc6a,8bab4dff,a6177608,
2025-02-25T21:12:00Z,147abc6a,8bab4dff,a6177608,
2025-02-25T21:15:00Z,147abc6a,8bab4dff,a6177608,
2025-02-25T21:18:00Z,147abc6a,8bab4dff,a6177608,
2025-02-25T21:21:00Z,147abc6a,8bab4dff,a6177608,
2025-02-25T21:24:00Z,147abc6a,8bab4dff,a6177608,
2025-02-25T21:27:00Z,147abc6a,8bab4dff,a6177608,
2025-02-25T21:30:00Z,147abc6a,8bab4dff,a6177608,
2025-02-25T21:33:00Z,147abc6a,8bab4dff,a6177608,
2025-02-25T21:36:00Z,147abc6a,8bab4dff,a6177608,
2025-02-25T21:39:00Z,147abc6a,8bab4dff,a6177608,
2025-02-25T21:42:00Z,147abc6a,8bab4dff,a6177608,
2025-02-25T21:45:00Z,147abc6a,8bab4dff,a6177608,
2025-02-25T21:48:00Z,147abc6a,8bab4dff,a6177608,
2025-02-25T21:51:00Z,147abc6a,8bab4dff,a6177608,
2025-02-25T21:54:00Z,147abc6a,8bab4dff,a6177608,
2025-02-25T21:57:00Z,147abc6a,8bab4dff,a6177608,
2025-02-25T22:00:00Z,147abc6a,8bab4dff,a6177608,
2025-02-25T22:03:00Z,147abc6a,8bab4dff,a6177608,
2025-02-25T22:06:00Z,147abc6a,8bab4dff,a6177608,
2025-02-25T22:09:00Z,147abc6a,8bab4dff,a6177608,
2025-02-25T22:12:00Z,147abc6a,8bab4dff,a6177608,
2025-02-25T22:15:00Z,147abc6a,8bab4dff,a6177608,
2025-02-25T22:18:00Z,147abc6a,8bab4dff,a6177608,
2025-02-25T22:21:00Z,147abc6a,8bab4dff,a6177608,
2025-02-25T22:24:00Z,147abc6a,8bab4dff,a6177608,
2025-02-25T22:27:00Z,147abc6a,8bab4dff,a6177608,
2025-02-25T22:30:00Z,147abc6a,8bab4dff,a6177608,
2025-02-25T22:33:00Z,147abc6a,8bab4dff,a6177608,
2025-02-25T22:36:00Z,147abc6a,8bab4dff,a6177608,
2025-02-25T22:39:00Z,147abc6a,8bab4dff,a6177608,
2025-02-25T22:42:00Z,147abc6a,8bab4dff,a6177608,
2025-02-25T22:45:00Z,147abc6a,8bab4dff,a6177608,
2025-02-25T22:48:00Z,147abc6a,8bab4dff,a6177608,
2025-02-25T22:51:00Z,147abc6a,8bab4dff,a6177608,
2025-02-25T22:54:00Z,147abc6a,8bab4dff,a6177608,
2025-02-25T22:57:00Z,147abc6a,8bab4dff,a6177608,
2025-02-25T23:00:00Z,147abc6a,8bab4dff,a6177608,
2025-02-25T23:03:00Z,147abc6a,8bab4dff,a6177608,
2025-02-25T23:06:00Z,147abc6a,8bab4dff,a6177608,
2025-02-25T23:09:00Z,147abc6a,8bab4dff,a6177608,
2025-02-25T23:12:00Z,147abc6a,8bab4dff,a6177608,
2025-02-25T23:15:00Z,147abc6a,8bab4dff,a6177608,
2025-02-25T23:18:00Z,147abc6a,8bab4dff,a6177608,
2025-02-25T23:21:00Z,147abc6a,8bab4dff,a6177608,
2025-02-25T23:24:00Z,147abc6a,8bab4dff,a6177608,
2025-02-25T23:27:00Z,147abc6a,8bab4dff,a6177608,
2025-02-25T23:30:00Z,147abc6a,8bab4dff,a6177608,
2025-02-25T23:33:00Z,147abc6a,8bab4dff,a6177608,
2025-02-25T23:36:00Z,147abc6a,8bab4dff,a6177608,
2025-02-25T23:39:00Z,147abc6a,8bab4dff,a6177608,
2025-02-25T23:42:00Z,147abc6a,8bab4dff,a6177608,
2025-02-25T23:45:00Z,147abc6a,8bab4dff,a6177608,
2025-02-25T23:48:00Z,147abc6a,8bab4dff,a6177608,
2025-02-25T23:51:00Z,147abc6a,8bab4dff,a6177608,
2025-02-25T23:54:00Z,147abc6a,8bab4dff,a6177608,
2025-02-25T23:57:00Z,147abc6a,8bab4dff,a6177608,
2025-02-26T00:00:00Z,147abc6a,8bab4dff,a6177608,
2025-02-26T00:03:00Z,147abc6a,8bab4dff,a6177608,
2025-02-26T00:06:00Z,147abc6a,8bab4dff,a6177608,
2025-02-26T00:09:00Z,147abc6a,8bab4dff,a6177608,
2025-02-26T00:12:00Z,147abc6a,8bab4dff,a6177608,
2025-02-26T00:15:00Z,147abc6a,8bab4dff,a6177608,
2025-02-26T00:18:00Z,147abc6a,8bab4dff,a6177608,
2025-02-26T00:21:00Z,147abc6a,8bab4dff,a6177608,
2025-02-26T00:24:00Z,147abc6a,8bab4dff,a6177608,
2025-02-26T00:27:00Z,147abc6a,8bab4dff,a6177608,
2025-02-26T00:30:00Z,147abc6a,8bab4dff,a6177608,
2025-02-26T00:33:00Z,147abc6a,8bab4dff,a6177608,
2025-02-26T00:36:00Z,147abc6a,8bab4dff,a6177608,
2025-02-26T00:39:00Z,147abc6a,8bab4dff,a6177608,
2025-02-26T00:42:00Z,147abc6a,8bab4dff,a6177608,
2025-02-26T00:45:00Z,147abc6a,8bab4dff,a6177608,
2025-02-26T00:48:00Z,147abc6a,8bab4dff,a6177608,
2025-02-26T00:51:00Z,147abc6a,8bab4dff,a6177608,
2025-02-26T00:54:00Z,147abc6a,8bab4dff,a6177608,
2025-02-26T00:57:00Z,147abc6a,8bab4dff,a6177608,
2025-02-26T01:00:00Z,147abc6a,8bab4dff,a6177608,
2025-02-26T01:03:00Z,147abc6a,8bab4dff,a6177608,
2025-02-26T01:06:00Z,147abc6a,8bab4dff,a6177608,
2025-02-26T01:09:00Z,147abc6a,8bab4dff,a6177608,
2025-02-26T01:12:00Z,147abc6a,8bab4dff,a6177608,
2025-02-26T01:15:00Z,147abc6a,8bab4dff,a6177608,
2025-02-26T01:18:00Z,147abc6a,8bab4dff,a6177608,
2025-02-26T01:21:00Z,147abc6a,8bab4dff,a6177608,
2025-02-26T01:24:00Z,147abc6a,8bab4dff,a6177608,
2025-02-26T01:27:00Z,147abc6a,8bab4dff,a6177608,
2025-02-26T01:30:00Z,147abc6a,8bab4dff,a6177608,
2025-02-26T01:33:00Z,147abc6a,8bab4dff,a6177608,
2025-02-26T01:36:00Z,147abc6a,8bab4dff,a6177608,
2025-02-26T01:39:00Z,147abc6a,8bab4dff,a6177608,
2025-02-26T01:42:00Z,147abc6a,8bab4dff,a6177608,
2025-02-26T01:45:00Z,147abc6a,8bab4dff,a6177608,
2025-02-26T01:48:00Z,147abc6a,8bab4dff,a6177608,
2025-02-26T01:51:00Z,147abc6a,8bab4dff,a6177608,
2025-02-26T01:54:00Z,147abc6a,8bab4dff,a6177608,
2025-02-26T01:57:00Z,147abc6a,8bab4dff,a6177608,
2025-02-26T02:00:00Z,147abc6a,8bab4dff,a6177608,
2025-02-26T02:03:00Z,147abc6a,8bab4dff,a6177608,
2025-02-26T02:06:00Z,147abc6a,8bab4dff,a6177608,
2025-02-26T02:09:00Z,147abc6a,8bab4dff,a6177608,
2025-02-26T02:12:00Z,147abc6a,8bab4dff,a6177608,
2025-02-26T02:15:00Z,147abc6a,8bab4dff,a6177608,
2025-02-26T02:18:00Z,147abc6a,8bab4dff,a6177608,
2025-02-26T02:21:00Z,147abc6a,8bab4dff,a6177608,
2025-02-26T02:24:00Z,147abc6a,8bab4dff,a6177608,
2025-02-26T02:27:00Z,147abc6a,8bab4dff,a6177608,
2025-02-26T02:30:00Z,147abc6a,8bab4dff,a6177608,
2025-02-26T02:33:00Z,147abc6a,8bab4dff,a6177608,
2025-02-26T02:36:00Z,147abc6a,8bab4dff,a6177608,
2025-02-26T02:39:00Z,147abc6a,8bab4dff,a6177608,
2025-02-26T02:42:00Z,147abc6a,8bab4dff,a6177608,
2025-02-26T02:45:00Z,147abc6a,8bab4dff,a6177608,
2025-02-26T02:48:00Z,147abc6a,8bab4dff,a6177608,
2025-02-26T02:51:00Z,147abc6a,8bab4dff,a6177608,
2025-02-26T02:54:00Z,147abc6a,8bab4dff,a6177608,
2025-02-26T02:57:00Z,147abc6a,8bab4dff,a6177608,
2025-02-26T03:00:00Z,147abc6a,8bab4dff,a6177608,
2025-02-26T03:03:00Z,147abc6a,8bab4dff,a6177608,
2025-02-26T03:06:00Z,147abc6a,8bab4dff,a6177608,
2025-02-26T03:09:00Z,147abc6a,8bab4dff,a6177608,
2025-02-26T03:12:00Z,147abc6a,8bab4dff,a6177608,
2025-02-26T03:15:00Z,147abc6a,8bab4dff,a6177608,
2025-02-26T03:18:00Z,147abc6a,8bab4dff,a6177608,
2025-02-26T03:21:00Z,147abc6a,8bab4dff,a6177608,
2025-02-26T03:24:00Z,147abc6a,8bab4dff,a6177608,
2025-02-26T03:27:00Z,147abc6a,8bab4dff,a6177608,
2025-02-26T03:30:00Z,147abc6a,8bab4dff,a6177608,
2025-02-26T03:33:00Z,147abc6a,8bab4dff,a6177608,
2025-02-26T03:36:00Z,147abc6a,8bab4dff,a6177608,
2025-02-26T03:39:00Z,147abc6a,8bab4dff,a6177608,
2025-02-26T03:42:00Z,147abc6a,8bab4dff,a6177608,
2025-02-26T03:45:00Z,147abc6a,8bab4dff,a6177608,
2025-02-26T03:48:00Z,147abc6a,8bab4dff,a6177608,
2025-02-26T03:51:00Z,147abc6a,8bab4dff,a6177608,
2025-02-26T03:54:00Z,147abc6a,8bab4dff,a6177608,
2025-02-26T03:57:00Z,147abc6a,8bab4dff,a6177608,
2025-02-26T04:00:00Z,147abc6a,8bab4dff,a6177608,
2025-02-26T04:03:00Z,147abc6a,8bab4dff,a6177608,
2025-02-26T04:06:00Z,147abc6a,8bab4dff,a6177608,
2025-02-26T04:09:00Z,147abc6a,8bab4dff,a6177608,
2025-02-26T04:12:00Z,147abc6a,8bab4dff,a6177608,
2025-02-26T04:15:00Z,147abc6a,8bab4dff,a6177608,
2025-02-26T04:18:00Z,147abc6a,8bab4dff,a6177608,
2025-02-26T04:21:00Z,147abc6a,8bab4dff,a6177608,
2025-02-26T04:24:00Z,147abc6a,8bab4dff,a6177608,
2025-02-26T04:27:00Z,147abc6a,8bab4dff,a6177608,
2025-02-26T04:30:00Z,147abc6a,8bab4dff,a6177608,
2025-02-26T04:33:00Z,147abc6a,8bab4dff,a6177608,
2025-02-26T04:36:00Z,147abc6a,8bab4dff,a6177608,
2025-02-26T04:39:00Z,147abc6a,8bab4dff,a6177608,
2025-02-26T04:42:00Z,147abc6a,8bab4dff,a6177608,
2025-02-26T04:45:00Z,147abc6a,8bab4dff,a6177608,
2025-02-26T04:48:00Z,147abc6a,8bab4dff,a6177608,
2025-02-26T04:51:00Z,147abc6a,8bab4dff,a6177608,
2025-02-26T04:54:00Z,147abc6a,8bab4dff,a6177608,
2025-02-26T04:57:00Z,147abc6a,8bab4dff,a6177608,
2025-02-26T05:00:00Z,147abc6a,8bab4dff,a6177608,
2025-02-26T05:03:00Z,147abc6a,8bab4dff,a6177608,
2025-02-26T05:06:00Z,147abc6a,8bab4dff,a6177608,
2025-02-26T05:09:00Z,147abc6a,8bab4dff,a6177608,
2025-02-26T05:12:00Z,147abc6a,8bab4dff,a6177608,
2025-02-26T05:15:00Z,147abc6a,8bab4dff,a6177608,
2025-02-26T05:18:00Z,147abc6a,8bab4dff,a6177608,
2025-02-26T05:21:00Z,147abc6a,8bab4dff,a6177608,
2025-02-26T05:24:00Z,147abc6a,8bab4dff,a6177608,
2025-02-26T05:27:00Z,147abc6a,8bab4dff,a6177608,
2025-02-26T05:30:00Z,147abc6a,8bab4dff,a6177608,
2025-02-26T05:33:00Z,147abc6a,8bab4dff,a6177608,
2025-02-26T05:36:00Z,147abc6a,8bab4dff,a6177608,
2025-02-26T05:39:00Z,147abc6a,8bab4dff,a6177608,
2025-02-26T05:42:00Z,147abc6a,8bab4dff,a6177608,
2025-02-26T05:45:00Z,147abc6a,8bab4dff,a6177608,
2025-02-26T05:48:00Z,147abc6a,8bab4dff,a6177608,
2025-02-26T05:51:00Z,147abc6a,8bab4dff,a6177608,
2025-02-26T05:54:00Z,147abc6a,8bab4dff,a6177608,
2025-02-26T05:57:00Z,147abc6a,8bab4dff,a6177608,
2025-02-26T06:00:00Z,147abc6a,8bab4dff,a6177608,
2025-02-26T06:03:00Z,147abc6a,8bab4dff,a6177608,
2025-02-26T06:06:00Z,147abc6a,8bab4dff,a6177608,
2025-02-26T06:09:00Z,147abc6a,8bab4dff,a6177608,
2025-02-26T06:12:00Z,147abc6a,8bab4dff,a6177608,
2025-02-26T06:15:00Z,147abc6a,8bab4dff,a6177608,
2025-02-26T06:18:00Z,147abc6a,8bab4dff,a6177608,
2025-02-26T06:21:00Z,147abc6a,8bab4dff,a6177608,
2025-02-26T06:24:00Z,147abc6a,8bab4dff,a6177608,
2025-02-26T06:27:00Z,147abc6a,8bab4dff,a6177608,
2025-02-26T06:30:00Z,147abc6a,8bab4dff,a6177608,
2025-02-26T06:33:00Z,147abc6a,8bab4dff,a6177608,
2025-02-26T06:36:00Z,147abc6a,8bab4dff,a6177608,
2025-02-26T06:39:00Z,147abc6a,8bab4dff,a6177608,
2025-02-26T06:42:00Z,147abc6a,8bab4dff,a6177608,
2025-02-26T06:45:00Z,147abc6a,8bab4dff,a6177608,
2025-02-26T06:48:00Z,147abc6a,8bab4dff,a6177608,
2025-02-26T06:51:00Z,147abc6a,8bab4dff,a6177608,
2025-02-26T06:54:00Z,147abc6a,8bab4dff,a6177608,
2025-02-26T06:57:00Z,147abc6a,8bab4dff,a6177608,
2025-02-26T07:00:00Z,147abc6a,8bab4dff,a6177608,
2025-02-26T07:03:00Z,147abc6a,8bab4dff,a6177608,
2025-02-26T07:06:00Z,147abc6a,8bab4dff,a6177608,
2025-02-26T07:09:00Z,147abc6a,8bab4dff,a6177608,
2025-02-26T07:12:00Z,147abc6a,8bab4dff,a6177608,
2025-02-26T07:15:00Z,147abc6a,8bab4dff,a6177608,
2025-02-26T07:18:00Z,147abc6a,8bab4dff,a6177608,
2025-02-26T07:21:00Z,147abc6a,8bab4dff,a6177608,
2025-02-26T07:24:00Z,147abc6a,8bab4dff,a6177608,
2025-02-26T07:27:00Z,147abc6a,8bab4dff,a6177608,
2025-02-26T07:30:00Z,147abc6a,8bab4dff,a6177608,
2025-02-26T07:33:00Z,147abc6a,8bab4dff,a6177608,
2025-02-26T07:36:00Z,147abc6a,8bab4dff,a6177608,
2025-02-26T07:39:00Z,147abc6a,8bab4dff,a6177608,
2025-02-26T07:42:00Z,147abc6a,8bab4dff,a6177608,
2025-02-26T07:45:00Z,147abc6a,8bab4dff,a6177608,
2025-02-26T07:48:00Z,147abc6a,8bab4dff,a6177608,
2025-02-26T07:51:00Z,147abc6a,8bab4dff,a6177608,
2025-02-26T07:54:00Z,147abc6a,8bab4dff,a6177608,
2025-02-26T07:57:00Z,147abc6a,8bab4dff,a6177608,
2025-02-26T08:00:00Z,147abc6a,8bab4dff,a6177608,
2025-02-26T08:03:00Z,147abc6a,8bab4dff,a6177608,
2025-02-26T08:06:00Z,147abc6a,8bab4dff,a6177608,
2025-02-26T08:09:00Z,147abc6a,8bab4dff,a6177608,
2025-02-26T08:12:00Z,147abc6a,8bab4dff,a6177608,
2025-02-26T08:15:00Z,147abc6a,8bab4dff,a6177608,
2025-02-26T08:18:00Z,147abc6a,8bab4dff,a6177608,
2025-02-26T08:21:00Z,147abc6a,8bab4dff,a6177608,
2025-02-26T08:24:00Z,147abc6a,8bab4dff,a6177608,
2025-02-26T08:27:00Z,147abc6a,8bab4dff,a6177608,
2025-02-26T08:30:00Z,147abc6a,8bab4dff,a6177608,
2025-02-26T08:33:00Z,147abc6a,8bab4dff,a6177608,
2025-02-26T08:36:00Z,147abc6a,8bab4dff,a6177608,
2025-02-26T08:39:00Z,147abc6a,8bab4dff,a6177608,
2025-02-26T08:42:00Z,147abc6a,8bab4dff,a6177608,
2025-02-26T08:45:00Z,147abc6a,8bab4dff,a6177608,
2025-02-26T08:48:00Z,147abc6a,8bab4dff,a6177608,
2025-02-26T08:51:00Z,147abc6a,8bab4dff,a6177608,
2025-02-26T08:54:00Z,147abc6a,8bab4dff,a6177608,
2025-02-26T08:57:00Z,147abc6a,8bab4dff,a6177608,
2025-02-26T09:00:00Z,147abc6a,8bab4dff,a6177608,
2025-02-26T09:03:00Z,147abc6a,8bab4dff,a6177608,
2025-02-26T09:06:00Z,147abc6a,8bab4dff,a6177608,
2025-02-26T09:09:00Z,147abc6a,8bab4dff,a6177608,
2025-02-26T09:12:00Z,147abc6a,8bab4dff,a6177608,
2025-02-26T09:15:00Z,147abc6a,8bab4dff,a6177608,
2025-02-26T09:18:00Z,147abc6a,8bab4dff,a6177608,
2025-02-26T09:21:00Z,147abc6a,8bab4dff,a6177608,
2025-02-26T09:24:00Z,147abc6a,8bab4dff,a6177608,
2025-02-26T09:27:00Z,147abc6a,8bab4dff,a6177608,
2025-02-26T09:30:00Z,147abc6a,8bab4dff,a6177608,
2025-02-26T09:33:00Z,147abc6a,8bab4dff,a6177608,
2025-02-26T09:36:00Z,147abc6a,8bab4dff,a6177608,
2025-02-26T09:39:00Z,147abc6a,8bab4dff,a6177608,
2025-02-26T09:42:00Z,147abc6a,8bab4dff,a6177608,
2025-02-26T09:45:00Z,147abc6a,8bab4dff,a6177608,
2025-02-26T09:48:00Z,147abc6a,8bab4dff,a6177608,
2025-02-26T09:51:00Z,147abc6a,8bab4dff,a6177608,
2025-02-26T09:54:00Z,147abc6a,8bab4dff,a6177608,
2025-02-26T09:57:00Z,147abc6a,8bab4dff,a6177608,
2025-02-26T10:00:00Z,147abc6a,8bab4dff,a6177608,
2025-02-26T10:03:00Z,147abc6a,8bab4dff,a6177608,
2025-02-26T10:06:00Z,147abc6a,8bab4dff,a6177608,
2025-02-26T10:09:00Z,147abc6a,8bab4dff,a6177608,
2025-02-26T10:12:00Z,147abc6a,8bab4dff,a6177608,
2025-02-26T10:15:00Z,147abc6a,8bab4dff,a6177608,
2025-02-26T10:18:00Z,147abc6a,8bab4dff,a6177608,
2025-02-26T10:21:00Z,147abc6a,8bab4dff,a6177608,
2025-02-26T10:24:00Z,147abc6a,8bab4dff,a6177608,
2025-02-26T10:27:00Z,147abc6a,8bab4dff,a6177608,
2025-02-26T10:30:00Z,147abc6a,8bab4dff,a6177608,
2025-02-26T10:33:00Z,147abc6a,8bab4dff,a6177608,
2025-02-26T10:36:00Z,147abc6a,8bab4dff,a6177608,
2025-02-26T10:39:00Z,147abc6a,8bab4dff,a6177608,
2025-02-26T10:42:00Z,147abc6a,8bab4dff,a6177608,
2025-02-26T10:45:00Z,147abc6a,8bab4dff,a6177608,
2025-02-26T10:48:00Z,147abc6a,8bab4dff,a6177608,
2025-02-26T10:51:00Z,147abc6a,8bab4dff,a6177608,
2025-02-26T10:54:00Z,147abc6a,8bab4dff,a6177608,
2025-02-26T10:57:00Z,147abc6a,8bab4dff,a6177608,
2025-02-26T11:00:00Z,147abc6a,8bab4dff,a6177608,
2025-02-26T11:03:00Z,147abc6a,8bab4dff,a6177608,
2025-02-26T11:06:00Z,147abc6a,8bab4dff,a6177608,
2025-02-26T11:09:00Z,147abc6a,8bab4dff,a6177608,
2025-02-26T11:12:00Z,147abc6a,8bab4dff,a6177608,
2025-02-26T11:15:00Z,147abc6a,8bab4dff,a6177608,
2025-02-26T11:18:00Z,147abc6a,8bab4dff,a6177608,
2025-02-26T11:21:00Z,147abc6a,8bab4dff,a6177608,
2025-02-26T11:24:00Z,147abc6a,8bab4dff,a6177608,
2025-02-26T11:27:00Z,147abc6a,8bab4dff,a6177608,
2025-02-26T11:30:00Z,147abc6a,8bab4dff,a6177608,
2025-02-26T11:33:00Z,147abc6a,8bab4dff,a6177608,
2025-02-26T11:36:00Z,147abc6a,8bab4dff,a6177608,
2025-02-26T11:39:00Z,147abc6a,8bab4dff,a6177608,
2025-02-26T11:42:00Z,147abc6a,8bab4dff,a6177608,
2025-02-26T11:45:00Z,147abc6a,8bab4dff,a6177608,
2025-02-26T11:48:00Z,147abc6a,8bab4dff,a6177608,
2025-02-26T11:51:00Z,147abc6a,8bab4dff,a6177608,
2025-02-26T11:54:00Z,147abc6a,8bab4dff,a6177608,
2025-02-26T11:57:00Z,147abc6a,8bab4dff,a6177608,
2025-02-26T12:00:00Z,147abc6a,8bab4dff,a6177608,
2025-02-26T12:03:00Z,147abc6a,8bab4dff,a6177608,
2025-02-26T12:06:00Z,147abc6a,8bab4dff,a6177608,
2025-02-26T12:09:00Z,147abc6a,8bab4dff,a6177608,
2025-02-26T12:12:00Z,147abc6a,8bab4dff,a6177608,
2025-02-26T12:15:00Z,147abc6a,8bab4dff,a6177608,
2025-02-26T12:18:00Z,147abc6a,8bab4dff,a6177608,
2025-02-26T12:21:00Z,147abc6a,8bab4dff,a6177608,
2025-02-26T12:24:00Z,147abc6a,8bab4dff,a6177608,
2025-02-26T12:27:00Z,147abc6a,8bab4dff,a6177608,
2025-02-26T12:30:00Z,147abc6a,8bab4dff,a6177608,
2025-02-26T12:33:00Z,147abc6a,8bab4dff,a6177608,
2025-02-26T12:36:00Z,147abc6a,8bab4dff,a6177608,
2025-02-26T12:39:00Z,147abc6a,8bab4dff,a6177608,
2025-02-26T12:42:00Z,147abc6a,8bab4dff,a6177608,
2025-02-26T12:45:00Z,147abc6a,8bab4dff,a6177608,
2025-02-26T12:48:00Z,147abc6a,8bab4dff,a6177608,
2025-02-26T12:51:00Z,147abc6a,8bab4dff,a6177608,
2025-02-26T12:54:00Z,147abc6a,8bab4dff,a6177608,
2025-02-26T12:57:00Z,147abc6a,8bab4dff,a6177608,
2025-02-26T13:00:00Z,147abc6a,8bab4dff,a6177608,
2025-02-26T13:03:00Z,147abc6a,8bab4dff,a6177608,
2025-02-26T13:06:00Z,147abc6a,8bab4dff,a6177608,
2025-02-26T13:09:00Z,147abc6a,8bab4dff,a6177608,
2025-02-26T13:12:00Z,147abc6a,8bab4dff,a6177608,
2025-02-26T13:15:00Z,147abc6a,8bab4dff,a6177608,
2025-02-26T13:18:00Z,147abc6a,8bab4dff,a6177608,
2025-02-26T13:21:00Z,147abc6a,8bab4dff,a6177608,
2025-02-26T13:24:00Z,147abc6a,8bab4dff,a6177608,
2025-02-26T13:27:00Z,147abc6a,8bab4dff,a6177608,
2025-02-26T13:30:00Z,147abc6a,8bab4dff,a6177608,
2025-02-26T13:33:00Z,147abc6a,8bab4dff,a6177608,
2025-02-26T13:36:00Z,147abc6a,8bab4dff,a6177608,
2025-02-26T13:39:00Z,147abc6a,8bab4dff,a6177608,
2025-02-26T13:42:00Z,147abc6a,8bab4dff,a6177608,
2025-02-26T13:45:00Z,147abc6a,8bab4dff,a6177608,
2025-02-26T13:48:00Z,147abc6a,8bab4dff,a6177608,
2025-02-26T13:51:00Z,147abc6a,8bab4dff,a6177608,
2025-02-26T13:54:00Z,147abc6a,8bab4dff,a6177608,
2025-02-26T13:57:00Z,147abc6a,8bab4dff,a6177608,
2025-02-26T14:00:00Z,147abc6a,8bab4dff,a6177608,
2025-02-26T14:03:00Z,147abc6a,8bab4dff,a6177608,
2025-02-26T14:06:00Z,147abc6a,8bab4dff,a6177608,
2025-02-26T14:09:00Z,147abc6a,8bab4dff,a6177608,
2025-02-26T14:12:00Z,147abc6a,8bab4dff,a6177608,
2025-02-26T14:15:00Z,147abc6a,8bab4dff,a6177608,
2025-02-26T14:18:00Z,147abc6a,8bab4dff,a6177608,
2025-02-26T14:21:00Z,147abc6a,8bab4dff,a6177608,
2025-02-26T14:24:00Z,147abc6a,8bab4dff,a6177608,
2025-02-26T14:27:00Z,147abc6a,8bab4dff,a6177608,
2025-02-26T14:30:00Z,147abc6a,8bab4dff,a6177608,
2025-02-26T14:33:00Z,147abc6a,8bab4dff,a6177608,
2025-02-26T14:36:00Z,147abc6a,8bab4dff,a6177608,
2025-02-26T14:39:00Z,147abc6a,8bab4dff,a6177608,
2025-02-26T14:42:00Z,147abc6a,8bab4dff,a6177608,
2025-02-26T14:45:00Z,147abc6a,8bab4dff,a6177608,
2025-02-26T14:48:00Z,147abc6a,8bab4dff,a6177608,
2025-02-26T14:51:00Z,147abc6a,8bab4dff,a6177608,
2025-02-26T14:54:00Z,147abc6a,8bab4dff,a6177608,
2025-02-26T14:57:00Z,147abc6a,8bab4dff,a6177608,
2025-02-26T15:00:00Z,147abc6a,8bab4dff,a6177608,
2025-02-26T15:03:00Z,147abc6a,8bab4dff,a6177608,
2025-02-26T15:06:00Z,147abc6a,8bab4dff,a6177608,
2025-02-26T15:09:00Z,147abc6a,8bab4dff,a6177608,
2025-02-26T15:12:00Z,147abc6a,8bab4dff,a6177608,
2025-02-26T15:15:00Z,147abc6a,8bab4dff,a6177608,
2025-02-26T15:18:00Z,147abc6a,8bab4dff,a6177608,
2025-02-26T15:21:00Z,147abc6a,8bab4dff,a6177608,
2025-02-26T15:24:00Z,147abc6a,8bab4dff,a6177608,
2025-02-26T15:27:00Z,147abc6a,8bab4dff,a6177608,
2025-02-26T15:30:00Z,147abc6a,8bab4dff,a6177608,
2025-02-26T15:33:00Z,147abc6a,8bab4dff,a6177608,
2025-02-26T15:36:00Z,147abc6a,8bab4dff,a6177608,
2025-02-26T15:39:00Z,147abc6a,8bab4dff,a6177608,
2025-02-26T15:42:00Z,147abc6a,8bab4dff,a6177608,
2025-02-26T15:45:00Z,147abc6a,8bab4dff,a6177608,
2025-02-26T15:48:00Z,147abc6a,8bab4dff,a6177608,
2025-02-26T15:51:00Z,147abc6a,8bab4dff,a6177608,
2025-02-26T15:54:00Z,147abc6a,8bab4dff,a6177608,
2025-02-26T15:57:00Z,147abc6a,8bab4dff,a6177608,
2025-02-26T16:00:00Z,147abc6a,8bab4dff,a6177608,
2025-02-26T16:03:00Z,147abc6a,8bab4dff,a6177608,
2025-02-26T16:06:00Z,147abc6a,8bab4dff,a6177608,
2025-02-26T16:09:00Z,147abc6a,8bab4dff,a6177608,
2025-02-26T16:12:00Z,147abc6a,8bab4dff,a6177608,
2025-02-26T16:15:00Z,147abc6a,8bab4dff,a6177608,
2025-02-26T16:18:00Z,147abc6a,8bab4dff,a6177608,
2025-02-26T16:21:00Z,147abc6a,8bab4dff,a6177608,
2025-02-26T16:24:00Z,147abc6a,8bab4dff,a6177608,
2025-02-26T16:27:00Z,147abc6a,8bab4dff,a6177608,
2025-02-26T16:30:00Z,147abc6a,8bab4dff,a6177608,
2025-02-26T16:33:00Z,147abc6a,8bab4dff,a6177608,
2025-02-26T16:36:00Z,147abc6a,8bab4dff,a6177608,
2025-02-26T16:39:00Z,147abc6a,8bab4dff,a6177608,
2025-02-26T16:42:00Z,147abc6a,8bab4dff,a6177608,
2025-02-26T16:45:00Z,147abc6a,8bab4dff,a6177608,
2025-02-26T16:48:00Z,147abc6a,8bab4dff,a6177608,
2025-02-26T16:51:00Z,147abc6a,8bab4dff,a6177608,
2025-02-26T16:54:00Z,147abc6a,8bab4dff,a6177608,
2025-02-26T16:57:00Z,147abc6a,8bab4dff,a6177608,
2025-02-26T17:00:00Z,147abc6a,8bab4dff,a6177608,
2025-02-26T17:03:00Z,147abc6a,8bab4dff,a6177608,
2025-02-26T17:06:00Z,147abc6a,8bab4dff,a6177608,
2025-02-26T17:09:00Z,147abc6a,8bab4dff,a6177608,
2025-02-26T17:12:00Z,147abc6a,8bab4dff,a6177608,
2025-02-26T17:15:00Z,147abc6a,8bab4dff,a6177608,
2025-02-26T17:18:00Z,147abc6a,8bab4dff,a6177608,
2025-02-26T17:21:00Z,147abc6a,8bab4dff,a6177608,
2025-02-26T17:24:00Z,147abc6a,8bab4dff,a6177608,
2025-02-26T17:27:00Z,147abc6a,8bab4dff,a6177608,
2025-02-26T17:30:00Z,147abc6a,8bab4dff,a6177608,
2025-02-26T17:33:00Z,147abc6a,8bab4dff,a6177608,
2025-02-26T17:36:00Z,147abc6a,8bab4dff,a6177608,
2025-02-26T17:39:00Z,147abc6a,8bab4dff,a6177608,
2025-02-26T17:42:00Z,147abc6a,8bab4dff,a6177608,
2025-02-26T17:45:00Z,147abc6a,8bab4dff,a6177608,
2025-02-26T17:48:00Z,147abc6a,8bab4dff,a6177608,
2025-02-26T17:51:00Z,147abc6a,8bab4dff,a6177608,
2025-02-26T17:54:00Z,147abc6a,8bab4dff,a6177608,
2025-02-26T17:57:00Z,147abc6a,8bab4dff,a6177608,
2025-02-26T18:00:00Z,147abc6a,8bab4dff,a6177608,
2025-02-26T18:03:00Z,147abc6a,8bab4dff,a6177608,
2025-02-26T18:06:00Z,147abc6a,8bab4dff,a6177608,
2025-02-26T18:09:00Z,147abc6a,8bab4dff,a6177608,
2025-02-26T18:12:00Z,147abc6a,8bab4dff,a6177608,
2025-02-26T18:15:00Z,147abc6a,8bab4dff,a6177608,
2025-02-26T18:18:00Z,147abc6a,8bab4dff,a6177608,
2025-02-26T18:21:00Z,147abc6a,8bab4dff,a6177608,
2025-02-26T18:24:00Z,147abc6a,8bab4dff,a6177608,
2025-02-26T18:27:00Z,147abc6a,8bab4dff,a6177608,
2025-02-26T18:30:00Z,147abc6a,8bab4dff,a6177608,
2025-02-26T18:33:00Z,147abc6a,8bab4dff,a6177608,
2025-02-26T18:36:00Z,147abc6a,8bab4dff,a6177608,
2025-02-26T18:39:00Z,147abc6a,8bab4dff,a6177608,
2025-02-26T18:42:00Z,147abc6a,8bab4dff,a6177608,
2025-02-26T18:45:00Z,147abc6a,8bab4dff,a6177608,
2025-02-26T18:48:00Z,147abc6a,8bab4dff,a6177608,
2025-02-26T18:51:00Z,147abc6a,8bab4dff,a6177608,
2025-02-26T18:54:00Z,147abc6a,8bab4dff,a6177608,
2025-02-26T18:57:00Z,147abc6a,8bab4dff,a6177608,
2025-02-26T19:00:00Z,147abc6a,8bab4dff,a6177608,
2025-02-26T19:03:00Z,147abc6a,8bab4dff,a6177608,
2025-02-26T19:06:00Z,147abc6a,8bab4dff,a6177608,
2025-02-26T19:09:00Z,147abc6a,8bab4dff,a6177608,
2025-02-26T19:12:00Z,147abc6a,8bab4dff,a6177608,
2025-02-26T19:15:00Z,147abc6a,8bab4dff,a6177608,
2025-02-26T19:18:00Z,147abc6a,8bab4dff,a6177608,
2025-02-26T19:21:00Z,147abc6a,8bab4dff,a6177608,
2025-02-26T19:24:00Z,147abc6a,8bab4dff,a6177608,
2025-02-26T19:27:00Z,147abc6a,8bab4dff,a6177608,
2025-02-26T19:30:00Z,147abc6a,8bab4dff,a6177608,
2025-02-26T19:33:00Z,147abc6a,8bab4dff,a6177608,
2025-02-26T19:36:00Z,147abc6a,8bab4dff,a6177608,
2025-02-26T19:39:00Z,147abc6a,8bab4dff,a6177608,
2025-02-26T19:42:00Z,147abc6a,8bab4dff,a6177608,
2025-02-26T19:45:00Z,147abc6a,8bab4dff,a6177608,
2025-02-26T19:48:00Z,147abc6a,8bab4dff,a6177608,
2025-02-26T19:51:00Z,147abc6a,8bab4dff,a6177608,
2025-02-26T19:54:00Z,147abc6a,8bab4dff,a6177608,
2025-02-26T19:57:00Z,147abc6a,8bab4dff,a6177608,
2025-02-26T20:00:00Z,147abc6a,8bab4dff,a6177608,
2025-02-26T20:03:00Z,147abc6a,8bab4dff,a6177608,
2025-02-26T20:06:00Z,147abc6a,8bab4dff,a6177608,
2025-02-26T20:09:00Z,147abc6a,8bab4dff,a6177608,
2025-02-26T20:12:00Z,147abc6a,8bab4dff,a6177608,
2025-02-26T20:15:00Z,147abc6a,8bab4dff,a6177608,
2025-02-26T20:18:00Z,147abc6a,8bab4dff,a6177608,
2025-02-26T20:21:00Z,147abc6a,8bab4dff,a6177608,
2025-02-26T20:24:00Z,147abc6a,8bab4dff,a6177608,
2025-02-26T20:27:00Z,147abc6a,8bab4dff,a6177608,
2025-02-26T20:30:00Z,147abc6a,8bab4dff,a6177608,
2025-02-26T20:33:00Z,147abc6a,8bab4dff,a6177608,
2025-02-26T20:36:00Z,147abc6a,8bab4dff,a6177608,
2025-02-26T20:39:00Z,147abc6a,8bab4dff,a6177608,
2025-02-26T20:42:00Z,147abc6a,8bab4dff,a6177608,
2025-02-26T20:45:00Z,147abc6a,8bab4dff,a6177608,
2025-02-26T20:48:00Z,147abc6a,8bab4dff,a6177608,
2025-02-26T20:51:00Z,147abc6a,8bab4dff,a6177608,
2025-02-26T20:54:00Z,147abc6a,8bab4dff,a6177608,
2025-02-26T20:57:00Z,147abc6a,8bab4dff,a6177608,
2025-02-26T21:00:00Z,147abc6a,8bab4dff,a6177608,
2025-02-26T21:03:00Z,147abc6a,8bab4dff,a6177608,
2025-02-26T21:06:00Z,147abc6a,8bab4dff,a6177608,
2025-02-26T21:09:00Z,147abc6a,8bab4dff,a6177608,
2025-02-26T21:12:00Z,147abc6a,8bab4dff,a6177608,
2025-02-26T21:15:00Z,147abc6a,8bab4dff,a6177608,
2025-02-26T21:18:00Z,147abc6a,8bab4dff,a6177608,
2025-02-26T21:21:00Z,147abc6a,8bab4dff,a6177608,
2025-02-26T21:24:00Z,147abc6a,8bab4dff,a6177608,
2025-02-26T21:27:00Z,147abc6a,8bab4dff,a6177608,
2025-02-26T21:30:00Z,147abc6a,8bab4dff,a6177608,
2025-02-26T21:33:00Z,147abc6a,8bab4dff,a6177608,
2025-02-26T21:36:00Z,147abc6a,8bab4dff,a6177608,
2025-02-26T21:39:00Z,147abc6a,8bab4dff,a6177608,
2025-02-26T21:42:00Z,147abc6a,8bab4dff,a6177608,
2025-02-26T21:45:00Z,147abc6a,8bab4dff,a6177608,
2025-02-26T21:48:00Z,147abc6a,8bab4dff,a6177608,
2025-02-26T21:51:00Z,147abc6a,8bab4dff,a6177608,
2025-02-26T21:54:00Z,147abc6a,8bab4dff,a6177608,
2025-02-26T21:57:00Z,147abc6a,8bab4dff,a6177608,
2025-02-26T22:00:00Z,147abc6a,8bab4dff,a6177608,
2025-02-26T22:03:00Z,147abc6a,8bab4dff,a6177608,
2025-02-26T22:06:00Z,147abc6a,8bab4dff,a6177608,
2025-02-26T22:09:00Z,147abc6a,8bab4dff,a6177608,
2025-02-26T22:12:00Z,147abc6a,8bab4dff,a6177608,
2025-02-26T22:15:00Z,147abc6a,8bab4dff,a6177608,
2025-02-26T22:18:00Z,147abc6a,8bab4dff,a6177608,
2025-02-26T22:21:00Z,147abc6a,8bab4dff,a6177608,
2025-02-26T22:24:00Z,147abc6a,8bab4dff,a6177608,
2025-02-26T22:27:00Z,147abc6a,8bab4dff,a6177608,
2025-02-26T22:30:00Z,147abc6a,8bab4dff,a6177608,
2025-02-26T22:33:00Z,147abc6a,8bab4dff,a6177608,
2025-02-26T22:36:00Z,147abc6a,8bab4dff,a6177608,
2025-02-26T22:39:00Z,147abc6a,8bab4dff,a6177608,
2025-02-26T22:42:00Z,147abc6a,8bab4dff,a6177608,
2025-02-26T22:45:00Z,147abc6a,8bab4dff,a6177608,
2025-02-26T22:48:00Z,147abc6a,8bab4dff,a6177608,
2025-02-26T22:51:00Z,147abc6a,8bab4dff,a6177608,
2025-02-26T22:54:00Z,147abc6a,8bab4dff,a6177608,
2025-02-26T22:57:00Z,147abc6a,8bab4dff,a6177608,
2025-02-26T23:00:00Z,147abc6a,8bab4dff,a6177608,
2025-02-26T23:03:00Z,147abc6a,8bab4dff,a6177608,
2025-02-26T23:06:00Z,147abc6a,8bab4dff,a6177608,
2025-02-26T23:09:00Z,147abc6a,8bab4dff,a6177608,
2025-02-26T23:12:00Z,147abc6a,8bab4dff,a6177608,
2025-02-26T23:15:00Z,147abc6a,8bab4dff,a6177608,
2025-02-26T23:18:00Z,147abc6a,8bab4dff,a6177608,
2025-02-26T23:21:00Z,147abc6a,8bab4dff,a6177608,
2025-02-26T23:24:00Z,147abc6a,8bab4dff,a6177608,
2025-02-26T23:27:00Z,147abc6a,8bab4dff,a6177608,
2025-02-26T23:30:00Z,147abc6a,8bab4dff,a6177608,
2025-02-26T23:33:00Z,147abc6a,8bab4dff,a6177608,
2025-02-26T23:36:00Z,147abc6a,8bab4dff,a6177608,
2025-02-26T23:39:00Z,147abc6a,8bab4dff,a6177608,
2025-02-26T23:42:00Z,147abc6a,8bab4dff,a6177608,
2025-02-26T23:45:00Z,147abc6a,8bab4dff,a6177608,
2025-02-26T23:48:00Z,147abc6a,8bab4dff,a6177608,
2025-02-26T23:51:00Z,147abc6a,8bab4dff,a6177608,
2025-02-26T23:54:00Z,147abc6a,8bab4dff,a6177608,
2025-02-26T23:57:00Z,147abc6a,8bab4dff,a6177608,
2025-02-27T00:00:00Z,147abc6a,8bab4dff,a6177608,
2025-02-27T00:03:00Z,147abc6a,8bab4dff,a6177608,
2025-02-27T00:06:00Z,147abc6a,8bab4dff,a6177608,
2025-02-27T00:09:00Z,147abc6a,8bab4dff,a6177608,
2025-02-27T00:12:00Z,147abc6a,8bab4dff,a6177608,
2025-02-27T00:15:00Z,147abc6a,8bab4dff,a6177608,
2025-02-27T00:18:00Z,147abc6a,8bab4dff,a6177608,
2025-02-27T00:21:00Z,147abc6a,8bab4dff,a6177608,
2025-02-27T00:24:00Z,147abc6a,8bab4dff,a6177608,
2025-02-27T00:27:00Z,147abc6a,8bab4dff,a6177608,
2025-02-27T00:30:00Z,147abc6a,8bab4dff,a6177608,
2025-02-27T00:33:00Z,147abc6a,8bab4dff,a6177608,
2025-02-27T00:36:00Z,147abc6a,8bab4dff,a6177608,
2025-02-27T00:39:00Z,147abc6a,8bab4dff,a6177608,
2025-02-27T00:42:00Z,147abc6a,8bab4dff,a6177608,
2025-02-27T00:45:00Z,147abc6a,8bab4dff,a6177608,
2025-02-27T00:48:00Z,147abc6a,8bab4dff,a6177608,
2025-02-27T00:51:00Z,147abc6a,8bab4dff,a6177608,
2025-02-27T00:54:00Z,147abc6a,8bab4dff,a6177608,
2025-02-27T00:57:00Z,147abc6a,8bab4dff,a6177608,
2025-02-27T01:00:00Z,147abc6a,8bab4dff,a6177608,
2025-02-27T01:03:00Z,147abc6a,8bab4dff,a6177608,
2025-02-27T01:06:00Z,147abc6a,8bab4dff,a6177608,
2025-02-27T01:09:00Z,147abc6a,8bab4dff,a6177608,
2025-02-27T01:12:00Z,147abc6a,8bab4dff,a6177608,
2025-02-27T01:15:00Z,147abc6a,8bab4dff,a6177608,
2025-02-27T01:18:00Z,147abc6a,8bab4dff,a6177608,
2025-02-27T01:21:00Z,147abc6a,8bab4dff,a6177608,
2025-02-27T01:24:00Z,147abc6a,8bab4dff,a6177608,
2025-02-27T01:27:00Z,147abc6a,8bab4dff,a6177608,
2025-02-27T01:30:00Z,147abc6a,8bab4dff,a6177608,
2025-02-27T01:33:00Z,147abc6a,8bab4dff,a6177608,
2025-02-27T01:36:00Z,147abc6a,8bab4dff,a6177608,
2025-02-27T01:39:00Z,147abc6a,8bab4dff,a6177608,
2025-02-27T01:42:00Z,147abc6a,8bab4dff,a6177608,
2025-02-27T01:45:00Z,147abc6a,8bab4dff,a6177608,
2025-02-27T01:48:00Z,147abc6a,8bab4dff,a6177608,
2025-02-27T01:51:00Z,147abc6a,8bab4dff,a6177608,
2025-02-27T01:54:00Z,147abc6a,8bab4dff,a6177608,
2025-02-27T01:57:00Z,147abc6a,8bab4dff,a6177608,
2025-02-27T02:00:00Z,147abc6a,8bab4dff,a6177608,
2025-02-27T02:03:00Z,147abc6a,8bab4dff,a6177608,
2025-02-27T02:06:00Z,147abc6a,8bab4dff,a6177608,
2025-02-27T02:09:00Z,147abc6a,8bab4dff,a6177608,
2025-02-27T02:12:00Z,147abc6a,8bab4dff,a6177608,
2025-02-27T02:15:00Z,147abc6a,8bab4dff,a6177608,
2025-02-27T02:18:00Z,147abc6a,8bab4dff,a6177608,
2025-02-27T02:21:00Z,147abc6a,8bab4dff,a6177608,
2025-02-27T02:24:00Z,147abc6a,8bab4dff,a6177608,
2025-02-27T02:27:00Z,147abc6a,8bab4dff,a6177608,
2025-02-27T02:30:00Z,147abc6a,8bab4dff,a6177608,
2025-02-27T02:33:00Z,147abc6a,8bab4dff,a6177608,
2025-02-27T02:36:00Z,147abc6a,8bab4dff,a6177608,
2025-02-27T02:39:00Z,147abc6a,8bab4dff,a6177608,
2025-02-27T02:42:00Z,147abc6a,8bab4dff,a6177608,
2025-02-27T02:45:00Z,147abc6a,8bab4dff,a6177608,
2025-02-27T02:48:00Z,147abc6a,8bab4dff,a6177608,
2025-02-27T02:51:00Z,147abc6a,8bab4dff,a6177608,
2025-02-27T02:54:00Z,147abc6a,8bab4dff,a6177608,
2025-02-27T02:57:00Z,147abc6a,8bab4dff,a6177608,
2025-02-27T03:00:00Z,147abc6a,8bab4dff,a6177608,
2025-02-27T03:03:00Z,147abc6a,8bab4dff,a6177608,
2025-02-27T03:06:00Z,147abc6a,8bab4dff,a6177608,
2025-02-27T03:09:00Z,147abc6a,8bab4dff,a6177608,
2025-02-27T03:12:00Z,147abc6a,8bab4dff,a6177608,
2025-02-27T03:15:00Z,147abc6a,8bab4dff,a6177608,
2025-02-27T03:18:00Z,147abc6a,8bab4dff,a6177608,
2025-02-27T03:21:00Z,147abc6a,8bab4dff,a6177608,
2025-02-27T03:24:00Z,147abc6a,8bab4dff,a6177608,
2025-02-27T03:27:00Z,147abc6a,8bab4dff,a6177608,
2025-02-27T03:30:00Z,147abc6a,8bab4dff,a6177608,
2025-02-27T03:33:00Z,147abc6a,8bab4dff,a6177608,
2025-02-27T03:36:00Z,147abc6a,8bab4dff,a6177608,
2025-02-27T03:39:00Z,147abc6a,8bab4dff,a6177608,
2025-02-27T03:42:00Z,147abc6a,8bab4dff,a6177608,
2025-02-27T03:45:00Z,147abc6a,8bab4dff,a6177608,
2025-02-27T03:48:00Z,147abc6a,8bab4dff,a6177608,
2025-02-27T03:51:00Z,147abc6a,8bab4dff,a6177608,
2025-02-27T03:54:00Z,147abc6a,8bab4dff,a6177608,
2025-02-27T03:57:00Z,147abc6a,8bab4dff,a6177608,
2025-02-27T04:00:00Z,147abc6a,8bab4dff,a6177608,
2025-02-27T04:03:00Z,147abc6a,8bab4dff,a6177608,
2025-02-27T04:06:00Z,147abc6a,8bab4dff,a6177608,
2025-02-27T04:09:00Z,147abc6a,8bab4dff,a6177608,
2025-02-27T04:12:00Z,147abc6a,8bab4dff,a6177608,
2025-02-27T04:15:00Z,147abc6a,8bab4dff,a6177608,
2025-02-27T04:18:00Z,147abc6a,8bab4dff,a6177608,
2025-02-27T04:21:00Z,147abc6a,8bab4dff,a6177608,
2025-02-27T04:24:00Z,147abc6a,8bab4dff,a6177608,
2025-02-27T04:27:00Z,147abc6a,8bab4dff,a6177608,
2025-02-27T04:30:00Z,147abc6a,8bab4dff,a6177608,
2025-02-27T04:33:00Z,147abc6a,8bab4dff,a6177608,
2025-02-27T04:36:00Z,147abc6a,8bab4dff,a6177608,
2025-02-27T04:39:00Z,147abc6a,8bab4dff,a6177608,
2025-02-27T04:42:00Z,147abc6a,8bab4dff,a6177608,
2025-02-27T04:45:00Z,147abc6a,8bab4dff,a6177608,
2025-02-27T04:48:00Z,147abc6a,8bab4dff,a6177608,
2025-02-27T04:51:00Z,147abc6a,8bab4dff,a6177608,
2025-02-27T04:54:00Z,147abc6a,8bab4dff,a6177608,
2025-02-27T04:57:00Z,147abc6a,8bab4dff,a6177608,
2025-02-27T05:00:00Z,147abc6a,8bab4dff,a6177608,
2025-02-27T05:03:00Z,147abc6a,8bab4dff,a6177608,
2025-02-27T05:06:00Z,147abc6a,8bab4dff,a6177608,
2025-02-27T05:09:00Z,147abc6a,8bab4dff,a6177608,
2025-02-27T05:12:00Z,147abc6a,8bab4dff,a6177608,
2025-02-27T05:15:00Z,147abc6a,8bab4dff,a6177608,
2025-02-27T05:18:00Z,147abc6a,8bab4dff,a6177608,
2025-02-27T05:21:00Z,147abc6a,8bab4dff,a6177608,
2025-02-27T05:24:00Z,147abc6a,8bab4dff,a6177608,
2025-02-27T05:27:00Z,147abc6a,8bab4dff,a6177608,
2025-02-27T05:30:00Z,147abc6a,8bab4dff,a6177608,
2025-02-27T05:33:00Z,147abc6a,8bab4dff,a6177608,
2025-02-27T05:36:00Z,147abc6a,8bab4dff,a6177608,
2025-02-27T05:39:00Z,147abc6a,8bab4dff,a6177608,
2025-02-27T05:42:00Z,147abc6a,8bab4dff,a6177608,
2025-02-27T05:45:00Z,147abc6a,8bab4dff,a6177608,
2025-02-27T05:48:00Z,147abc6a,8bab4dff,a6177608,
2025-02-27T05:51:00Z,147abc6a,8bab4dff,a6177608,
2025-02-27T05:54:00Z,147abc6a,8bab4dff,a6177608,
2025-02-27T05:57:00Z,147abc6a,8bab4dff,a6177608,
2025-02-27T06:00:00Z,147abc6a,8bab4dff,a6177608,
2025-02-27T06:03:00Z,147abc6a,8bab4dff,a6177608,
2025-02-27T06:06:00Z,147abc6a,8bab4dff,a6177608,
2025-02-27T06:09:00Z,147abc6a,8bab4dff,a6177608,
2025-02-27T06:12:00Z,147abc6a,8bab4dff,a6177608,
2025-02-27T06:15:00Z,147abc6a,8bab4dff,a6177608,
2025-02-27T06:18:00Z,147abc6a,8bab4dff,a6177608,
2025-02-27T06:21:00Z,147abc6a,8bab4dff,a6177608,
2025-02-27T06:24:00Z,147abc6a,8bab4dff,a6177608,
2025-02-27T06:27:00Z,147abc6a,8bab4dff,a6177608,
2025-02-27T06:30:00Z,147abc6a,8bab4dff,a6177608,
2025-02-27T06:33:00Z,147abc6a,8bab4dff,a6177608,
2025-02-27T06:36:00Z,147abc6a,8bab4dff,a6177608,
2025-02-27T06:39:00Z,147abc6a,8bab4dff,a6177608,
2025-02-27T06:42:00Z,147abc6a,8bab4dff,a6177608,
2025-02-27T06:45:00Z,147abc6a,8bab4dff,a6177608,
2025-02-27T06:48:00Z,147abc6a,8bab4dff,a6177608,
2025-02-27T06:51:00Z,147abc6a,8bab4dff,a6177608,
2025-02-27T06:54:00Z,147abc6a,8bab4dff,a6177608,
2025-02-27T06:57:00Z,147abc6a,8bab4dff,a6177608,
2025-02-27T07:00:00Z,147abc6a,8bab4dff,a6177608,
2025-02-27T07:03:00Z,147abc6a,8bab4dff,a6177608,
2025-02-27T07:06:00Z,147abc6a,8bab4dff,a6177608,
2025-02-27T07:09:00Z,147abc6a,8bab4dff,a6177608,
2025-02-27T07:12:00Z,147abc6a,8bab4dff,a6177608,
2025-02-27T07:15:00Z,147abc6a,8bab4dff,a6177608,
2025-02-27T07:18:00Z,147abc6a,8bab4dff,a6177608,
2025-02-27T07:21:00Z,147abc6a,8bab4dff,a6177608,
2025-02-27T07:24:00Z,147abc6a,8bab4dff,a6177608,
2025-02-27T07:27:00Z,147abc6a,8bab4dff,a6177608,
2025-02-27T07:30:00Z,147abc6a,8bab4dff,a6177608,
2025-02-27T07:33:00Z,147abc6a,8bab4dff,a6177608,
2025-02-27T07:36:00Z,147abc6a,8bab4dff,a6177608,
2025-02-27T07:39:00Z,147abc6a,8bab4dff,a6177608,
2025-02-27T07:42:00Z,147abc6a,8bab4dff,a6177608,
2025-02-27T07:45:00Z,147abc6a,8bab4dff,a6177608,
2025-02-27T07:48:00Z,147abc6a,8bab4dff,a6177608,
2025-02-27T07:51:00Z,147abc6a,8bab4dff,a6177608,
2025-02-27T07:54:00Z,147abc6a,8bab4dff,a6177608,
2025-02-27T07:57:00Z,147abc6a,8bab4dff,a6177608,
2025-02-27T08:00:00Z,147abc6a,8bab4dff,a6177608,
2025-02-27T08:03:00Z,147abc6a,8bab4dff,a6177608,
2025-02-27T08:06:00Z,147abc6a,8bab4dff,a6177608,
2025-02-27T08:09:00Z,147abc6a,8bab4dff,a6177608,
2025-02-27T08:12:00Z,147abc6a,8bab4dff,a6177608,
2025-02-27T08:15:00Z,147abc6a,8bab4dff,a6177608,
2025-02-27T08:18:00Z,147abc6a,8bab4dff,a6177608,
2025-02-27T08:21:00Z,147abc6a,8bab4dff,a6177608,
2025-02-27T08:24:00Z,147abc6a,8bab4dff,a6177608,
2025-02-27T08:27:00Z,147abc6a,8bab4dff,a6177608,
2025-02-27T08:30:00Z,147abc6a,8bab4dff,a6177608,
2025-02-27T08:33:00Z,147abc6a,8bab4dff,a6177608,
2025-02-27T08:36:00Z,147abc6a,8bab4dff,a6177608,
2025-02-27T08:39:00Z,147abc6a,8bab4dff,a6177608,
2025-02-27T08:42:00Z,147abc6a,8bab4dff,a6177608,
2025-02-27T08:45:00Z,147abc6a,8bab4dff,a6177608,
2025-02-27T08:48:00Z,147abc6a,8bab4dff,a6177608,
2025-02-27T08:51:00Z,147abc6a,8bab4dff,a6177608,
2025-02-27T08:54:00Z,147abc6a,8bab4dff,a6177608,
2025-02-27T08:57:00Z,147abc6a,8bab4dff,a6177608,
2025-02-27T09:00:00Z,147abc6a,8bab4dff,a6177608,
2025-02-27T09:03:00Z,147abc6a,8bab4dff,a6177608,
2025-02-27T09:06:00Z,147abc6a,8bab4dff,a6177608,
2025-02-27T09:09:00Z,147abc6a,8bab4dff,a6177608,
2025-02-27T09:12:00Z,147abc6a,8bab4dff,a6177608,
2025-02-27T09:15:00Z,147abc6a,8bab4dff,a6177608,
2025-02-27T09:18:00Z,147abc6a,8bab4dff,a6177608,
2025-02-27T09:21:00Z,147abc6a,8bab4dff,a6177608,
2025-02-27T09:24:00Z,147abc6a,8bab4dff,a6177608,
2025-02-27T09:27:00Z,147abc6a,8bab4dff,a6177608,
2025-02-27T09:30:00Z,147abc6a,8bab4dff,a6177608,
2025-02-27T09:33:00Z,147abc6a,8bab4dff,a6177608,
2025-02-27T09:36:00Z,147abc6a,8bab4dff,a6177608,
2025-02-27T09:39:00Z,147abc6a,8bab4dff,a6177608,
2025-02-27T09:42:00Z,147abc6a,8bab4dff,a6177608,
2025-02-27T09:45:00Z,147abc6a,8bab4dff,a6177608,
2025-02-27T09:48:00Z,147abc6a,8bab4dff,a6177608,
2025-02-27T09:51:00Z,147abc6a,8bab4dff,a6177608,
2025-02-27T09:54:00Z,147abc6a,8bab4dff,a6177608,
2025-02-27T09:57:00Z,147abc6a,8bab4dff,a6177608,
2025-02-27T10:00:00Z,147abc6a,8bab4dff,a6177608,
2025-02-27T10:03:00Z,147abc6a,8bab4dff,a6177608,
2025-02-27T10:06:00Z,147abc6a,8bab4dff,a6177608,
2025-02-27T10:09:00Z,147abc6a,8bab4dff,a6177608,
2025-02-27T10:12:00Z,147abc6a,8bab4dff,a6177608,
2025-02-27T10:15:00Z,147abc6a,8bab4dff,a6177608,
2025-02-27T10:18:00Z,147abc6a,8bab4dff,a6177608,
2025-02-27T10:21:00Z,147abc6a,8bab4dff,a6177608,
2025-02-27T10:24:00Z,147abc6a,8bab4dff,a6177608,
2025-02-27T10:27:00Z,147abc6a,8bab4dff,a6177608,
2025-02-27T10:30:00Z,147abc6a,8bab4dff,a6177608,
2025-02-27T10:33:00Z,147abc6a,8bab4dff,a6177608,
2025-02-27T10:36:00Z,147abc6a,8bab4dff,a6177608,
2025-02-27T10:39:00Z,147abc6a,8bab4dff,a6177608,
2025-02-27T10:42:00Z,147abc6a,8bab4dff,a6177608,
2025-02-27T10:45:00Z,147abc6a,8bab4dff,a6177608,
2025-02-27T10:48:00Z,147abc6a,8bab4dff,a6177608,
2025-02-27T10:51:00Z,147abc6a,8bab4dff,a6177608,
2025-02-27T10:54:00Z,147abc6a,8bab4dff,a6177608,
2025-02-27T10:57:00Z,147abc6a,8bab4dff,a6177608,
2025-02-27T11:00:00Z,147abc6a,8bab4dff,a6177608,
2025-02-27T11:03:00Z,147abc6a,8bab4dff,a6177608,
2025-02-27T11:06:00Z,147abc6a,8bab4dff,a6177608,
2025-02-27T11:09:00Z,147abc6a,8bab4dff,a6177608,
2025-02-27T11:12:00Z,147abc6a,8bab4dff,a6177608,
2025-02-27T11:15:00Z,147abc6a,8bab4dff,a6177608,
2025-02-27T11:18:00Z,147abc6a,8bab4dff,a6177608,
2025-02-27T11:21:00Z,147abc6a,8bab4dff,a6177608,
2025-02-27T11:24:00Z,147abc6a,8bab4dff,a6177608,
2025-02-27T11:27:00Z,147abc6a,8bab4dff,a6177608,
2025-02-27T11:30:00Z,147abc6a,8bab4dff,a6177608,
2025-02-27T11:33:00Z,147abc6a,8bab4dff,a6177608,
2025-02-27T11:36:00Z,147abc6a,8bab4dff,a6177608,
2025-02-27T11:39:00Z,147abc6a,8bab4dff,a6177608,
2025-02-27T11:42:00Z,147abc6a,8bab4dff,a6177608,
2025-02-27T11:45:00Z,147abc6a,8bab4dff,a6177608,
2025-02-27T11:48:00Z,147abc6a,8bab4dff,a6177608,
2025-02-27T11:51:00Z,147abc6a,8bab4dff,a6177608,
2025-02-27T11:54:00Z,147abc6a,8bab4dff,a6177608,
2025-02-27T11:57:00Z,147abc6a,8bab4dff,a6177608,
2025-02-27T12:00:00Z,147abc6a,8bab4dff,a6177608,
2025-02-27T12:03:00Z,147abc6a,8bab4dff,a6177608,
2025-02-27T12:06:00Z,147abc6a,8bab4dff,a6177608,
2025-02-27T12:09:00Z,147abc6a,8bab4dff,a6177608,
2025-02-27T12:12:00Z,147abc6a,8bab4dff,a6177608,
2025-02-27T12:15:00Z,147abc6a,8bab4dff,a6177608,
2025-02-27T12:18:00Z,147abc6a,8bab4dff,a6177608,
2025-02-27T12:21:00Z,147abc6a,8bab4dff,a6177608,
2025-02-27T12:24:00Z,147abc6a,8bab4dff,a6177608,
2025-02-27T12:27:00Z,147abc6a,8bab4dff,a6177608,
2025-02-27T12:30:00Z,147abc6a,8bab4dff,a6177608,
2025-02-27T12:33:00Z,147abc6a,8bab4dff,a6177608,
2025-02-27T12:36:00Z,147abc6a,8bab4dff,a6177608,
2025-02-27T12:39:00Z,147abc6a,8bab4dff,a6177608,
2025-02-27T12:42:00Z,147abc6a,8bab4dff,a6177608,
2025-02-27T12:45:00Z,147abc6a,8bab4dff,a6177608,
2025-02-27T12:48:00Z,147abc6a,8bab4dff,a6177608,
2025-02-27T12:51:00Z,147abc6a,8bab4dff,a6177608,
2025-02-27T12:54:00Z,147abc6a,8bab4dff,a6177608,
2025-02-27T12:57:00Z,147abc6a,8bab4dff,a6177608,
2025-02-27T13:00:00Z,147abc6a,8bab4dff,a6177608,
2025-02-27T13:03:00Z,147abc6a,8bab4dff,a6177608,
2025-02-27T13:06:00Z,147abc6a,8bab4dff,a6177608,
2025-02-27T13:09:00Z,147abc6a,8bab4dff,a6177608,
2025-02-27T13:12:00Z,147abc6a,8bab4dff,a6177608,
2025-02-27T13:15:00Z,147abc6a,8bab4dff,a6177608,
2025-02-27T13:18:00Z,147abc6a,8bab4dff,a6177608,
2025-02-27T13:21:00Z,147abc6a,8bab4dff,a6177608,
2025-02-27T13:24:00Z,147abc6a,8bab4dff,a6177608,
2025-02-27T13:27:00Z,147abc6a,8bab4dff,a6177608,
2025-02-27T13:30:00Z,147abc6a,8bab4dff,a6177608,
2025-02-27T13:33:00Z,147abc6a,8bab4dff,a6177608,
2025-02-27T13:36:00Z,147abc6a,8bab4dff,a6177608,
2025-02-27T13:39:00Z,147abc6a,8bab4dff,a6177608,
2025-02-27T13:42:00Z,147abc6a,8bab4dff,a6177608,
2025-02-27T13:45:00Z,147abc6a,8bab4dff,a6177608,
2025-02-27T13:48:00Z,147abc6a,8bab4dff,a6177608,
2025-02-27T13:51:00Z,147abc6a,8bab4dff,a6177608,
2025-02-27T13:54:00Z,147abc6a,8bab4dff,a6177608,
2025-02-27T13:57:00Z,147abc6a,8bab4dff,a6177608,
2025-02-27T14:00:00Z,147abc6a,8bab4dff,a6177608,
2025-02-27T14:03:00Z,147abc6a,8bab4dff,a6177608,
2025-02-27T14:06:00Z,147abc6a,8bab4dff,a6177608,
2025-02-27T14:09:00Z,147abc6a,8bab4dff,a6177608,
2025-02-27T14:12:00Z,147abc6a,8bab4dff,a6177608,
2025-02-27T14:15:00Z,147abc6a,8bab4dff,a6177608,
2025-02-27T14:18:00Z,147abc6a,8bab4dff,a6177608,
2025-02-27T14:21:00Z,147abc6a,8bab4dff,a6177608,
2025-02-27T14:24:00Z,147abc6a,8bab4dff,a6177608,
2025-02-27T14:27:00Z,147abc6a,8bab4dff,a6177608,
2025-02-27T14:30:00Z,147abc6a,8bab4dff,a6177608,
2025-02-27T14:33:00Z,147abc6a,8bab4dff,a6177608,
2025-02-27T14:36:00Z,147abc6a,8bab4dff,a6177608,
2025-02-27T14:39:00Z,147abc6a,8bab4dff,a6177608,
2025-02-27T14:42:00Z,147abc6a,8bab4dff,a6177608,
2025-02-27T14:45:00Z,147abc6a,8bab4dff,a6177608,
2025-02-27T14:48:00Z,147abc6a,8bab4dff,a6177608,
2025-02-27T14:51:00Z,147abc6a,8bab4dff,a6177608,
2025-02-27T14:54:00Z,147abc6a,8bab4dff,a6177608,
2025-02-27T14:57:00Z,147abc6a,8bab4dff,a6177608,
2025-02-27T15:00:00Z,147abc6a,8bab4dff,a6177608,
2025-02-27T15:03:00Z,147abc6a,8bab4dff,a6177608,
2025-02-27T15:06:00Z,147abc6a,8bab4dff,a6177608,
2025-02-27T15:09:00Z,147abc6a,8bab4dff,a6177608,
2025-02-27T15:12:00Z,147abc6a,8bab4dff,a6177608,
2025-02-27T15:15:00Z,147abc6a,8bab4dff,a6177608,
2025-02-27T15:18:00Z,147abc6a,8bab4dff,a6177608,
2025-02-27T15:21:00Z,147abc6a,8bab4dff,a6177608,
2025-02-27T15:24:00Z,147abc6a,8bab4dff,a6177608,
2025-02-27T15:27:00Z,147abc6a,8bab4dff,a6177608,
2025-02-27T15:30:00Z,147abc6a,8bab4dff,a6177608,
2025-02-27T15:33:00Z,147abc6a,8bab4dff,a6177608,
2025-02-27T15:36:00Z,147abc6a,8bab4dff,a6177608,
2025-02-27T15:39:00Z,147abc6a,8bab4dff,a6177608,
2025-02-27T15:42:00Z,147abc6a,8bab4dff,a6177608,
2025-02-27T15:45:00Z,147abc6a,8bab4dff,a6177608,
2025-02-27T15:48:00Z,147abc6a,8bab4dff,a6177608,
2025-02-27T15:51:00Z,147abc6a,8bab4dff,a6177608,
2025-02-27T15:54:00Z,147abc6a,8bab4dff,a6177608,
2025-02-27T15:57:00Z,147abc6a,8bab4dff,a6177608,
2025-02-27T16:00:00Z,147abc6a,8bab4dff,a6177608,
2025-02-27T16:03:00Z,147abc6a,8bab4dff,a6177608,
2025-02-27T16:06:00Z,147abc6a,8bab4dff,a6177608,
2025-02-27T16:09:00Z,147abc6a,8bab4dff,a6177608,
2025-02-27T16:12:00Z,147abc6a,8bab4dff,a6177608,
2025-02-27T16:15:00Z,147abc6a,8bab4dff,a6177608,
2025-02-27T16:18:00Z,147abc6a,8bab4dff,a6177608,
2025-02-27T16:21:00Z,147abc6a,8bab4dff,a6177608,
2025-02-27T16:24:00Z,147abc6a,8bab4dff,a6177608,
2025-02-27T16:27:00Z,147abc6a,8bab4dff,a6177608,
2025-02-27T16:30:00Z,147abc6a,8bab4dff,a6177608,
2025-02-27T16:33:00Z,147abc6a,8bab4dff,a6177608,
2025-02-27T16:36:00Z,147abc6a,8bab4dff,a6177608,
2025-02-27T16:39:00Z,147abc6a,8bab4dff,a6177608,
2025-02-27T16:42:00Z,147abc6a,8bab4dff,a6177608,
2025-02-27T16:45:00Z,147abc6a,8bab4dff,a6177608,
2025-02-27T16:48:00Z,147abc6a,8bab4dff,a6177608,
2025-02-27T16:51:00Z,147abc6a,8bab4dff,a6177608,
2025-02-27T16:54:00Z,147abc6a,8bab4dff,a6177608,
2025-02-27T16:57:00Z,147abc6a,8bab4dff,a6177608,
2025-02-27T17:00:00Z,147abc6a,8bab4dff,a6177608,
2025-02-27T17:03:00Z,147abc6a,8bab4dff,a6177608,
2025-02-27T17:06:00Z,147abc6a,8bab4dff,a6177608,
2025-02-27T17:09:00Z,147abc6a,8bab4dff,a6177608,
2025-02-27T17:12:00Z,147abc6a,8bab4dff,a6177608,
2025-02-27T17:15:00Z,147abc6a,8bab4dff,a6177608,
2025-02-27T17:18:00Z,147abc6a,8bab4dff,a6177608,
2025-02-27T17:21:00Z,147abc6a,8bab4dff,a6177608,
2025-02-27T17:24:00Z,147abc6a,8bab4dff,a6177608,
2025-02-27T17:27:00Z,147abc6a,8bab4dff,a6177608,
2025-02-27T17:30:00Z,147abc6a,8bab4dff,a6177608,
2025-02-27T17:33:00Z,147abc6a,8bab4dff,a6177608,
2025-02-27T17:36:00Z,147abc6a,8bab4dff,a6177608,
2025-02-27T17:39:00Z,147abc6a,8bab4dff,a6177608,
2025-02-27T17:42:00Z,147abc6a,8bab4dff,a6177608,
2025-02-27T17:45:00Z,147abc6a,8bab4dff,a6177608,
2025-02-27T17:48:00Z,147abc6a,8bab4dff,a6177608,
2025-02-27T17:51:00Z,147abc6a,8bab4dff,a6177608,
2025-02-27T17:54:00Z,147abc6a,8bab4dff,a6177608,
2025-02-27T17:57:00Z,147abc6a,8bab4dff,a6177608,
2025-02-27T18:00:00Z,147abc6a,8bab4dff,a6177608,
2025-02-27T18:03:00Z,147abc6a,8bab4dff,a6177608,
2025-02-27T18:06:00Z,147abc6a,8bab4dff,a6177608,
2025-02-27T18:09:00Z,147abc6a,8bab4dff,a6177608,
2025-02-27T18:12:00Z,147abc6a,8bab4dff,a6177608,
2025-02-27T18:15:00Z,147abc6a,8bab4dff,a6177608,
2025-02-27T18:18:00Z,147abc6a,8bab4dff,a6177608,
2025-02-27T18:21:00Z,147abc6a,8bab4dff,a6177608,
2025-02-27T18:24:00Z,147abc6a,8bab4dff,a6177608,
2025-02-27T18:27:00Z,147abc6a,8bab4dff,a6177608,
2025-02-27T18:30:00Z,147abc6a,8bab4dff,a6177608,
2025-02-27T18:33:00Z,147abc6a,8bab4dff,a6177608,
2025-02-27T18:36:00Z,147abc6a,8bab4dff,a6177608,
2025-02-27T18:39:00Z,147abc6a,8bab4dff,a6177608,
2025-02-27T18:42:00Z,147abc6a,8bab4dff,a6177608,
2025-02-27T18:45:00Z,147abc6a,8bab4dff,a6177608,
2025-02-27T18:48:00Z,147abc6a,8bab4dff,a6177608,
2025-02-27T18:51:00Z,147abc6a,8bab4dff,a6177608,
2025-02-27T18:54:00Z,147abc6a,8bab4dff,a6177608,
2025-02-27T18:57:00Z,147abc6a,8bab4dff,a6177608,
2025-02-27T19:00:00Z,147abc6a,8bab4dff,a6177608,
2025-02-27T19:03:00Z,147abc6a,8bab4dff,a6177608,
2025-02-27T19:06:00Z,147abc6a,8bab4dff,a6177608,
2025-02-27T19:09:00Z,147abc6a,8bab4dff,a6177608,
2025-02-27T19:12:00Z,147abc6a,8bab4dff,a6177608,
2025-02-27T19:15:00Z,147abc6a,8bab4dff,a6177608,
2025-02-27T19:18:00Z,147abc6a,8bab4dff,a6177608,
2025-02-27T19:21:00Z,147abc6a,8bab4dff,a6177608,
2025-02-27T19:24:00Z,147abc6a,8bab4dff,a6177608,
2025-02-27T19:27:00Z,147abc6a,8bab4dff,a6177608,
2025-02-27T19:30:00Z,147abc6a,8bab4dff,a6177608,
2025-02-27T19:33:00Z,147abc6a,8bab4dff,a6177608,
2025-02-27T19:36:00Z,147abc6a,8bab4dff,a6177608,
2025-02-27T19:39:00Z,147abc6a,8bab4dff,a6177608,
2025-02-27T19:42:00Z,147abc6a,8bab4dff,a6177608,
2025-02-27T19:45:00Z,147abc6a,8bab4dff,a6177608,
2025-02-27T19:48:00Z,147abc6a,8bab4dff,a6177608,
2025-02-27T19:51:00Z,147abc6a,8bab4dff,a6177608,
2025-02-27T19:54:00Z,147abc6a,8bab4dff,a6177608,
2025-02-27T19:57:00Z,147abc6a,8bab4dff,a6177608,
2025-02-27T20:00:00Z,147abc6a,8bab4dff,a6177608,
2025-02-27T20:03:00Z,147abc6a,8bab4dff,a6177608,
2025-02-27T20:06:00Z,147abc6a,8bab4dff,a6177608,
2025-02-27T20:09:00Z,147abc6a,8bab4dff,a6177608,
2025-02-27T20:12:00Z,147abc6a,8bab4dff,a6177608,
2025-02-27T20:15:00Z,147abc6a,8bab4dff,a6177608,
2025-02-27T20:18:00Z,147abc6a,8bab4dff,a6177608,
2025-02-27T20:21:00Z,147abc6a,8bab4dff,a6177608,
2025-02-27T20:24:00Z,147abc6a,8bab4dff,a6177608,
2025-02-27T20:27:00Z,147abc6a,8bab4dff,a6177608,
2025-02-27T20:30:00Z,147abc6a,8bab4dff,a6177608,
2025-02-27T20:33:00Z,147abc6a,8bab4dff,a6177608,
2025-02-27T20:36:00Z,147abc6a,8bab4dff,a6177608,
2025-02-27T20:39:00Z,147abc6a,8bab4dff,a6177608,
2025-02-27T20:42:00Z,147abc6a,8bab4dff,a6177608,
2025-02-27T20:45:00Z,147abc6a,8bab4dff,a6177608,
2025-02-27T20:48:00Z,147abc6a,8bab4dff,a6177608,
2025-02-27T20:51:00Z,147abc6a,8bab4dff,a6177608,
2025-02-27T20:54:00Z,147abc6a,8bab4dff,a6177608,
2025-02-27T20:57:00Z,147abc6a,8bab4dff,a6177608,
2025-02-27T21:00:00Z,147abc6a,8bab4dff,a6177608,
2025-02-27T21:03:00Z,147abc6a,8bab4dff,a6177608,
2025-02-27T21:06:00Z,147abc6a,8bab4dff,a6177608,
2025-02-27T21:09:00Z,147abc6a,8bab4dff,a6177608,
2025-02-27T21:12:00Z,147abc6a,8bab4dff,a6177608,
2025-02-27T21:15:00Z,147abc6a,8bab4dff,a6177608,
2025-02-27T21:18:00Z,147abc6a,8bab4dff,a6177608,
2025-02-27T21:21:00Z,147abc6a,8bab4dff,a6177608,
2025-02-27T21:24:00Z,147abc6a,8bab4dff,a6177608,
2025-02-27T21:27:00Z,147abc6a,8bab4dff,a6177608,
2025-02-27T21:30:00Z,147abc6a,8bab4dff,a6177608,
2025-02-27T21:33:00Z,147abc6a,8bab4dff,a6177608,
2025-02-27T21:36:00Z,147abc6a,8bab4dff,a6177608,
2025-02-27T21:39:00Z,147abc6a,8bab4dff,a6177608,
2025-02-27T21:42:00Z,147abc6a,8bab4dff,a6177608,
2025-02-27T21:45:00Z,147abc6a,8bab4dff,a6177608,
2025-02-27T21:48:00Z,147abc6a,8bab4dff,a6177608,
2025-02-27T21:51:00Z,147abc6a,8bab4dff,a6177608,
2025-02-27T21:54:00Z,147abc6a,8bab4dff,a6177608,
2025-02-27T21:57:00Z,147abc6a,8bab4dff,a6177608,
2025-02-27T22:00:00Z,147abc6a,8bab4dff,a6177608,
2025-02-27T22:03:00Z,147abc6a,8bab4dff,a6177608,
2025-02-27T22:06:00Z,147abc6a,8bab4dff,a6177608,
2025-02-27T22:09:00Z,147abc6a,8bab4dff,a6177608,
2025-02-27T22:12:00Z,147abc6a,8bab4dff,a6177608,
2025-02-27T22:15:00Z,147abc6a,8bab4dff,a6177608,
2025-02-27T22:18:00Z,147abc6a,8bab4dff,a6177608,
2025-02-27T22:21:00Z,147abc6a,8bab4dff,a6177608,
2025-02-27T22:24:00Z,147abc6a,8bab4dff,a6177608,
2025-02-27T22:27:00Z,147abc6a,8bab4dff,a6177608,
2025-02-27T22:30:00Z,147abc6a,8bab4dff,a6177608,
2025-02-27T22:33:00Z,147abc6a,8bab4dff,a6177608,
2025-02-27T22:36:00Z,147abc6a,8bab4dff,a6177608,
2025-02-27T22:39:00Z,147abc6a,8bab4dff,a6177608,
2025-02-27T22:42:00Z,147abc6a,8bab4dff,a6177608,
2025-02-27T22:45:00Z,147abc6a,8bab4dff,a6177608,
2025-02-27T22:48:00Z,147abc6a,8bab4dff,a6177608,
2025-02-27T22:51:00Z,147abc6a,8bab4dff,a6177608,
2025-02-27T22:54:00Z,147abc6a,8bab4dff,a6177608,
2025-02-27T22:57:00Z,147abc6a,8bab4dff,a6177608,
2025-02-27T23:00:00Z,147abc6a,8bab4dff,a6177608,
2025-02-27T23:03:00Z,147abc6a,8bab4dff,a6177608,
2025-02-27T23:06:00Z,147abc6a,8bab4dff,a6177608,
2025-02-27T23:09:00Z,147abc6a,8bab4dff,a6177608,
2025-02-27T23:12:00Z,147abc6a,8bab4dff,a6177608,
2025-02-27T23:15:00Z,147abc6a,8bab4dff,a6177608,
2025-02-27T23:18:00Z,147abc6a,8bab4dff,a6177608,
2025-02-27T23:21:00Z,147abc6a,8bab4dff,a6177608,
2025-02-27T23:24:00Z,147abc6a,8bab4dff,a6177608,
2025-02-27T23:27:00Z,147abc6a,8bab4dff,a6177608,
2025-02-27T23:30:00Z,147abc6a,8bab4dff,a6177608,
2025-02-27T23:33:00Z,147abc6a,8bab4dff,a6177608,
2025-02-27T23:36:00Z,147abc6a,8bab4dff,a6177608,
2025-02-27T23:39:00Z,147abc6a,8bab4dff,a6177608,
2025-02-27T23:42:00Z,147abc6a,8bab4dff,a6177608,
2025-02-27T23:45:00Z,147abc6a,8bab4dff,a6177608,
2025-02-27T23:48:00Z,147abc6a,8bab4dff,a6177608,
2025-02-27T23:51:00Z,147abc6a,8bab4dff,a6177608,
2025-02-27T23:54:00Z,147abc6a,8bab4dff,a6177608,
2025-02-27T23:57:00Z,147abc6a,8bab4dff,a6177608,
2025-02-28T00:00:00Z,147abc6a,8bab4dff,a6177608,
2025-02-28T00:03:00Z,147abc6a,8bab4dff,a6177608,
2025-02-28T00:06:00Z,147abc6a,8bab4dff,a6177608,
2025-02-28T00:09:00Z,147abc6a,8bab4dff,a6177608,
2025-02-28T00:12:00Z,147abc6a,8bab4dff,a6177608,
2025-02-28T00:15:00Z,147abc6a,8bab4dff,a6177608,
2025-02-28T00:18:00Z,147abc6a,8bab4dff,a6177608,
2025-02-28T00:21:00Z,147abc6a,8bab4dff,a6177608,
2025-02-28T00:24:00Z,147abc6a,8bab4dff,a6177608,
2025-02-28T00:27:00Z,147abc6a,8bab4dff,a6177608,
2025-02-28T00:30:00Z,147abc6a,8bab4dff,a6177608,
2025-02-28T00:33:00Z,147abc6a,8bab4dff,a6177608,
2025-02-28T00:36:00Z,147abc6a,8bab4dff,a6177608,
2025-02-28T00:39:00Z,147abc6a,8bab4dff,a6177608,
2025-02-28T00:42:00Z,147abc6a,8bab4dff,a6177608,
2025-02-28T00:45:00Z,147abc6a,8bab4dff,a6177608,
2025-02-28T00:48:00Z,147abc6a,8bab4dff,a6177608,
2025-02-28T00:51:00Z,147abc6a,8bab4dff,a6177608,
2025-02-28T00:54:00Z,147abc6a,8bab4dff,a6177608,
2025-02-28T00:57:00Z,147abc6a,8bab4dff,a6177608,
2025-02-28T01:00:00Z,147abc6a,8bab4dff,a6177608,
2025-02-28T01:03:00Z,147abc6a,8bab4dff,a6177608,
2025-02-28T01:06:00Z,147abc6a,8bab4dff,a6177608,
2025-02-28T01:09:00Z,147abc6a,8bab4dff,a6177608,
2025-02-28T01:12:00Z,147abc6a,8bab4dff,a6177608,
2025-02-28T01:15:00Z,147abc6a,8bab4dff,a6177608,
2025-02-28T01:18:00Z,147abc6a,8bab4dff,a6177608,
2025-02-28T01:21:00Z,147abc6a,8bab4dff,a6177608,
2025-02-28T01:24:00Z,147abc6a,8bab4dff,a6177608,
2025-02-28T01:27:00Z,147abc6a,8bab4dff,a6177608,
2025-02-28T01:30:00Z,147abc6a,8bab4dff,a6177608,
2025-02-28T01:33:00Z,147abc6a,8bab4dff,a6177608,
2025-02-28T01:36:00Z,147abc6a,8bab4dff,a6177608,
2025-02-28T01:39:00Z,147abc6a,8bab4dff,a6177608,
2025-02-28T01:42:00Z,147abc6a,8bab4dff,a6177608,
2025-02-28T01:45:00Z,147abc6a,8bab4dff,a6177608,
2025-02-28T01:48:00Z,147abc6a,8bab4dff,a6177608,
2025-02-28T01:51:00Z,147abc6a,8bab4dff,a6177608,
2025-02-28T01:54:00Z,147abc6a,8bab4dff,a6177608,
2025-02-28T01:57:00Z,147abc6a,8bab4dff,a6177608,
2025-02-28T02:00:00Z,147abc6a,8bab4dff,a6177608,
2025-02-28T02:03:00Z,147abc6a,8bab4dff,a6177608,
2025-02-28T02:06:00Z,147abc6a,8bab4dff,a6177608,
2025-02-28T02:09:00Z,147abc6a,8bab4dff,a6177608,
2025-02-28T02:12:00Z,147abc6a,8bab4dff,a6177608,
2025-02-28T02:15:00Z,147abc6a,8bab4dff,a6177608,
2025-02-28T02:18:00Z,147abc6a,8bab4dff,a6177608,
2025-02-28T02:21:00Z,147abc6a,8bab4dff,a6177608,
2025-02-28T02:24:00Z,147abc6a,8bab4dff,a6177608,
2025-02-28T02:27:00Z,147abc6a,8bab4dff,a6177608,
2025-02-28T02:30:00Z,147abc6a,8bab4dff,a6177608,
2025-02-28T02:33:00Z,147abc6a,8bab4dff,a6177608,
2025-02-28T02:36:00Z,147abc6a,8bab4dff,a6177608,
2025-02-28T02:39:00Z,147abc6a,8bab4dff,a6177608,
2025-02-28T02:42:00Z,147abc6a,8bab4dff,a6177608,
2025-02-28T02:45:00Z,147abc6a,8bab4dff,a6177608,
2025-02-28T02:48:00Z,147abc6a,8bab4dff,a6177608,
2025-02-28T02:51:00Z,147abc6a,8bab4dff,a6177608,
2025-02-28T02:54:00Z,147abc6a,8bab4dff,a6177608,
2025-02-28T02:57:00Z,147abc6a,8bab4dff,a6177608,
2025-02-28T03:00:00Z,147abc6a,8bab4dff,a6177608,
2025-02-28T03:03:00Z,147abc6a,8bab4dff,a6177608,
2025-02-28T03:06:00Z,147abc6a,8bab4dff,a6177608,
2025-02-28T03:09:00Z,147abc6a,8bab4dff,a6177608,
2025-02-28T03:12:00Z,147abc6a,8bab4dff,a6177608,
2025-02-28T03:15:00Z,147abc6a,8bab4dff,a6177608,
2025-02-28T03:18:00Z,147abc6a,8bab4dff,a6177608,
2025-02-28T03:21:00Z,147abc6a,8bab4dff,a6177608,
2025-02-28T03:24:00Z,147abc6a,8bab4dff,a6177608,
2025-02-28T03:27:00Z,147abc6a,8bab4dff,a6177608,
2025-02-28T03:30:00Z,147abc6a,8bab4dff,a6177608,
2025-02-28T03:33:00Z,147abc6a,8bab4dff,a6177608,
2025-02-28T03:36:00Z,147abc6a,8bab4dff,a6177608,
2025-02-28T03:39:00Z,147abc6a,8bab4dff,a6177608,
2025-02-28T03:42:00Z,147abc6a,8bab4dff,a6177608,
2025-02-28T03:45:00Z,147abc6a,8bab4dff,a6177608,
2025-02-28T03:48:00Z,147abc6a,8bab4dff,a6177608,
2025-02-28T03:51:00Z,147abc6a,8bab4dff,a6177608,
2025-02-28T03:54:00Z,147abc6a,8bab4dff,a6177608,
2025-02-28T03:57:00Z,147abc6a,8bab4dff,a6177608,
2025-02-28T04:00:00Z,147abc6a,8bab4dff,a6177608,
2025-02-28T04:03:00Z,147abc6a,8bab4dff,a6177608,
2025-02-28T04:06:00Z,147abc6a,8bab4dff,a6177608,
2025-02-28T04:09:00Z,147abc6a,8bab4dff,a6177608,
2025-02-28T04:12:00Z,147abc6a,8bab4dff,a6177608,
2025-02-28T04:15:00Z,147abc6a,8bab4dff,a6177608,
2025-02-28T04:18:00Z,147abc6a,8bab4dff,a6177608,
2025-02-28T04:21:00Z,147abc6a,8bab4dff,a6177608,
2025-02-28T04:24:00Z,147abc6a,8bab4dff,a6177608,
2025-02-28T04:27:00Z,147abc6a,8bab4dff,a6177608,
2025-02-28T04:30:00Z,147abc6a,8bab4dff,a6177608,
2025-02-28T04:33:00Z,147abc6a,8bab4dff,a6177608,
2025-02-28T04:36:00Z,147abc6a,8bab4dff,a6177608,
2025-02-28T04:39:00Z,147abc6a,8bab4dff,a6177608,
2025-02-28T04:42:00Z,147abc6a,8bab4dff,a6177608,
2025-02-28T04:45:00Z,147abc6a,8bab4dff,a6177608,
2025-02-28T04:48:00Z,147abc6a,8bab4dff,a6177608,
2025-02-28T04:51:00Z,147abc6a,8bab4dff,a6177608,
2025-02-28T04:54:00Z,147abc6a,8bab4dff,a6177608,
2025-02-28T04:57:00Z,147abc6a,8bab4dff,a6177608,
2025-02-28T05:00:00Z,147abc6a,8bab4dff,a6177608,
2025-02-28T05:03:00Z,147abc6a,8bab4dff,a6177608,
2025-02-28T05:06:00Z,147abc6a,8bab4dff,a6177608,
2025-02-28T05:09:00Z,147abc6a,8bab4dff,a6177608,
2025-02-28T05:12:00Z,147abc6a,8bab4dff,a6177608,
2025-02-28T05:15:00Z,147abc6a,8bab4dff,a6177608,
2025-02-28T05:18:00Z,147abc6a,8bab4dff,a6177608,
2025-02-28T05:21:00Z,147abc6a,8bab4dff,a6177608,
2025-02-28T05:24:00Z,147abc6a,8bab4dff,a6177608,
2025-02-28T05:27:00Z,147abc6a,8bab4dff,a6177608,
2025-02-28T05:30:00Z,147abc6a,8bab4dff,a6177608,
2025-02-28T05:33:00Z,147abc6a,8bab4dff,a6177608,
2025-02-28T05:36:00Z,147abc6a,8bab4dff,a6177608,
2025-02-28T05:39:00Z,147abc6a,8bab4dff,a6177608,
2025-02-28T05:42:00Z,147abc6a,8bab4dff,a6177608,
2025-02-28T05:45:00Z,147abc6a,8bab4dff,a6177608,
2025-02-28T05:48:00Z,147abc6a,8bab4dff,a6177608,
2025-02-28T05:51:00Z,147abc6a,8bab4dff,a6177608,
2025-02-28T05:54:00Z,147abc6a,8bab4dff,a6177608,
2025-02-28T05:57:00Z,147abc6a,8bab4dff,a6177608,
2025-02-28T06:00:00Z,147abc6a,8bab4dff,a6177608,
2025-02-28T06:03:00Z,147abc6a,8bab4dff,a6177608,
2025-02-28T06:06:00Z,147abc6a,8bab4dff,a6177608,
2025-02-28T06:09:00Z,147abc6a,8bab4dff,a6177608,
2025-02-28T06:12:00Z,147abc6a,8bab4dff,a6177608,
2025-02-28T06:15:00Z,147abc6a,8bab4dff,a6177608,
2025-02-28T06:18:00Z,147abc6a,8bab4dff,a6177608,
2025-02-28T06:21:00Z,147abc6a,8bab4dff,a6177608,
2025-02-28T06:24:00Z,147abc6a,8bab4dff,a6177608,
2025-02-28T06:27:00Z,147abc6a,8bab4dff,a6177608,
2025-02-28T06:30:00Z,147abc6a,8bab4dff,a6177608,
2025-02-28T06:33:00Z,147abc6a,8bab4dff,a6177608,
2025-02-28T06:36:00Z,147abc6a,8bab4dff,a6177608,
2025-02-28T06:39:00Z,147abc6a,8bab4dff,a6177608,
2025-02-28T06:42:00Z,147abc6a,8bab4dff,a6177608,
2025-02-28T06:45:00Z,147abc6a,8bab4dff,a6177608,
2025-02-28T06:48:00Z,147abc6a,8bab4dff,a6177608,
2025-02-28T06:51:00Z,147abc6a,8bab4dff,a6177608,
2025-02-28T06:54:00Z,147abc6a,8bab4dff,a6177608,
2025-02-28T06:57:00Z,147abc6a,8bab4dff,a6177608,
2025-02-28T07:00:00Z,147abc6a,8bab4dff,a6177608,
2025-02-28T07:03:00Z,147abc6a,8bab4dff,a6177608,
2025-02-28T07:06:00Z,147abc6a,8bab4dff,a6177608,
2025-02-28T07:09:00Z,147abc6a,8bab4dff,a6177608,
2025-02-28T07:12:00Z,147abc6a,8bab4dff,a6177608,
2025-02-28T07:15:00Z,147abc6a,8bab4dff,a6177608,
2025-02-28T07:18:00Z,147abc6a,8bab4dff,a6177608,
2025-02-28T07:21:00Z,147abc6a,8bab4dff,a6177608,
2025-02-28T07:24:00Z,147abc6a,8bab4dff,a6177608,
2025-02-28T07:27:00Z,147abc6a,8bab4dff,a6177608,
2025-02-28T07:30:00Z,147abc6a,8bab4dff,a6177608,
2025-02-28T07:33:00Z,147abc6a,8bab4dff,a6177608,
2025-02-28T07:36:00Z,147abc6a,8bab4dff,a6177608,
2025-02-28T07:39:00Z,147abc6a,8bab4dff,a6177608,
2025-02-28T07:42:00Z,147abc6a,8bab4dff,a6177608,
2025-02-28T07:45:00Z,147abc6a,8bab4dff,a6177608,
2025-02-28T07:48:00Z,147abc6a,8bab4dff,a6177608,
2025-02-28T07:51:00Z,147abc6a,8bab4dff,a6177608,
2025-02-28T07:54:00Z,147abc6a,8bab4dff,a6177608,
2025-02-28T07:57:00Z,147abc6a,8bab4dff,a6177608,
2025-02-28T08:00:00Z,147abc6a,8bab4dff,a6177608,
2025-02-28T08:03:00Z,147abc6a,8bab4dff,a6177608,
2025-02-28T08:06:00Z,147abc6a,8bab4dff,a6177608,
2025-02-28T08:09:00Z,147abc6a,8bab4dff,a6177608,
2025-02-28T08:12:00Z,147abc6a,8bab4dff,a6177608,
2025-02-28T08:15:00Z,147abc6a,8bab4dff,a6177608,
2025-02-28T08:18:00Z,147abc6a,8bab4dff,a6177608,
2025-02-28T08:21:00Z,147abc6a,8bab4dff,a6177608,
2025-02-28T08:24:00Z,147abc6a,8bab4dff,a6177608,
2025-02-28T08:27:00Z,147abc6a,8bab4dff,a6177608,
2025-02-28T08:30:00Z,147abc6a,8bab4dff,a6177608,
2025-02-28T08:33:00Z,147abc6a,8bab4dff,a6177608,
2025-02-28T08:36:00Z,147abc6a,8bab4dff,a6177608,
2025-02-28T08:39:00Z,147abc6a,8bab4dff,a6177608,
2025-02-28T08:42:00Z,147abc6a,8bab4dff,a6177608,
2025-02-28T08:45:00Z,147abc6a,8bab4dff,a6177608,
2025-02-28T08:48:00Z,147abc6a,8bab4dff,a6177608,
2025-02-28T08:51:00Z,147abc6a,8bab4dff,a6177608,
2025-02-28T08:54:00Z,147abc6a,8bab4dff,a6177608,
2025-02-28T08:57:00Z,147abc6a,8bab4dff,a6177608,
2025-02-28T09:00:00Z,147abc6a,8bab4dff,a6177608,
2025-02-28T09:03:00Z,147abc6a,8bab4dff,a6177608,
2025-02-28T09:06:00Z,147abc6a,8bab4dff,a6177608,
2025-02-28T09:09:00Z,147abc6a,8bab4dff,a6177608,
2025-02-28T09:12:00Z,147abc6a,8bab4dff,a6177608,
2025-02-28T09:15:00Z,147abc6a,8bab4dff,a6177608,
2025-02-28T09:18:00Z,147abc6a,8bab4dff,a6177608,
2025-02-28T09:21:00Z,147abc6a,8bab4dff,a6177608,
2025-02-28T09:24:00Z,147abc6a,8bab4dff,a6177608,
2025-02-28T09:27:00Z,147abc6a,8bab4dff,a6177608,
2025-02-28T09:30:00Z,147abc6a,8bab4dff,a6177608,
2025-02-28T09:33:00Z,147abc6a,8bab4dff,a6177608,0.0
2025-02-28T09:36:00Z,147abc6a,8bab4dff,a6177608,0.0
2025-02-28T09:39:00Z,147abc6a,8bab4dff,a6177608,0.0
2025-02-28T09:42:00Z,147abc6a,8bab4dff,a6177608,0.0
2025-02-28T09:45:00Z,147abc6a,8bab4dff,a6177608,0.0
2025-02-28T09:48:00Z,147abc6a,8bab4dff,a6177608,0.0
2025-02-28T09:51:00Z,147abc6a,8bab4dff,a6177608,0.0
2025-02-28T09:54:00Z,147abc6a,8bab4dff,a6177608,0.0
2025-02-28T09:57:00Z,147abc6a,8bab4dff,a6177608,0.0
2025-02-28T10:00:00Z,147abc6a,8bab4dff,a6177608,0.0
2025-02-28T10:03:00Z,147abc6a,8bab4dff,a6177608,0.0
2025-02-28T10:06:00Z,147abc6a,8bab4dff,a6177608,0.0
2025-02-28T10:09:00Z,147abc6a,8bab4dff,a6177608,0.0
2025-02-28T10:12:00Z,147abc6a,8bab4dff,a6177608,0.0
2025-02-28T10:15:00Z,147abc6a,8bab4dff,a6177608,0.0
2025-02-28T10:18:00Z,147abc6a,8bab4dff,a6177608,0.0
2025-02-28T10:21:00Z,147abc6a,8bab4dff,a6177608,0.0
2025-02-28T10:24:00Z,147abc6a,8bab4dff,a6177608,0.0
2025-02-28T10:27:00Z,147abc6a,8bab4dff,a6177608,0.0
2025-02-28T10:30:00Z,147abc6a,8bab4dff,a6177608,0.0
2025-02-28T10:33:00Z,147abc6a,8bab4dff,a6177608,0.0
2025-02-28T10:36:00Z,147abc6a,8bab4dff,a6177608,0.0
2025-02-28T10:39:00Z,147abc6a,8bab4dff,a6177608,0.0
2025-02-28T10:42:00Z,147abc6a,8bab4dff,a6177608,0.0
2025-02-28T10:45:00Z,147abc6a,8bab4dff,a6177608,0.0
2025-02-28T10:48:00Z,147abc6a,8bab4dff,a6177608,0.0
2025-02-28T10:51:00Z,147abc6a,8bab4dff,a6177608,0.0
2025-02-28T10:54:00Z,147abc6a,8bab4dff,a6177608,0.0
2025-02-28T10:57:00Z,147abc6a,8bab4dff,a6177608,0.0
2025-02-28T11:00:00Z,147abc6a,8bab4dff,a6177608,0.0
2025-02-28T11:03:00Z,147abc6a,8bab4dff,a6177608,0.0
2025-02-28T11:06:00Z,147abc6a,8bab4dff,a6177608,0.0
2025-02-28T11:09:00Z,147abc6a,8bab4dff,a6177608,0.0
2025-02-28T11:12:00Z,147abc6a,8bab4dff,a6177608,0.0
2025-02-28T11:15:00Z,147abc6a,8bab4dff,a6177608,0.0
2025-02-28T11:18:00Z,147abc6a,8bab4dff,a6177608,0.0
2025-02-28T11:21:00Z,147abc6a,8bab4dff,a6177608,0.0
2025-02-28T11:24:00Z,147abc6a,8bab4dff,a6177608,0.0
2025-02-28T11:27:00Z,147abc6a,8bab4dff,a6177608,0.0
2025-02-28T11:30:00Z,147abc6a,8bab4dff,a6177608,0.0
2025-02-28T11:33:00Z,147abc6a,8bab4dff,a6177608,0.0
2025-02-28T11:36:00Z,147abc6a,8bab4dff,a6177608,0.0
2025-02-28T11:39:00Z,147abc6a,8bab4dff,a6177608,0.0
2025-02-28T11:42:00Z,147abc6a,8bab4dff,a6177608,0.0
2025-02-28T11:45:00Z,147abc6a,8bab4dff,a6177608,0.0
2025-02-28T11:48:00Z,147abc6a,8bab4dff,a6177608,0.0
2025-02-28T11:51:00Z,147abc6a,8bab4dff,a6177608,0.0
2025-02-28T11:54:00Z,147abc6a,8bab4dff,a6177608,0.0
2025-02-28T11:57:00Z,147abc6a,8bab4dff,a6177608,0.0
2025-02-28T12:00:00Z,147abc6a,8bab4dff,a6177608,0.0
2025-02-28T12:03:00Z,147abc6a,8bab4dff,a6177608,0.0
2025-02-28T12:06:00Z,147abc6a,8bab4dff,a6177608,0.0
2025-02-28T12:09:00Z,147abc6a,8bab4dff,a6177608,0.0
2025-02-28T12:12:00Z,147abc6a,8bab4dff,a6177608,0.0
2025-02-28T12:15:00Z,147abc6a,8bab4dff,a6177608,0.0
2025-02-28T12:18:00Z,147abc6a,8bab4dff,a6177608,0.0
2025-02-28T12:21:00Z,147abc6a,8bab4dff,a6177608,0.0
2025-02-28T12:24:00Z,147abc6a,8bab4dff,a6177608,0.0
2025-02-28T12:27:00Z,147abc6a,8bab4dff,a6177608,0.0
2025-02-28T12:30:00Z,147abc6a,8bab4dff,a6177608,0.0
2025-02-28T12:33:00Z,147abc6a,8bab4dff,a6177608,0.0
2025-02-28T12:36:00Z,147abc6a,8bab4dff,a6177608,0.0
2025-02-28T12:39:00Z,147abc6a,8bab4dff,a6177608,0.0
2025-02-28T12:42:00Z,147abc6a,8bab4dff,a6177608,0.0
2025-02-28T12:45:00Z,147abc6a,8bab4dff,a6177608,0.0
2025-02-28T12:48:00Z,147abc6a,8bab4dff,a6177608,0.0
2025-02-28T12:51:00Z,147abc6a,8bab4dff,a6177608,0.0
2025-02-28T12:54:00Z,147abc6a,8bab4dff,a6177608,0.0
2025-02-28T12:57:00Z,147abc6a,8bab4dff,a6177608,0.0
2025-02-28T13:00:00Z,147abc6a,8bab4dff,a6177608,0.0
2025-02-28T13:03:00Z,147abc6a,8bab4dff,a6177608,0.0
2025-02-28T13:06:00Z,147abc6a,8bab4dff,a6177608,0.0
2025-02-28T13:09:00Z,147abc6a,8bab4dff,a6177608,0.0
2025-02-28T13:12:00Z,147abc6a,8bab4dff,a6177608,0.0
2025-02-28T13:15:00Z,147abc6a,8bab4dff,a6177608,0.0
2025-02-28T13:18:00Z,147abc6a,8bab4dff,a6177608,0.0
2025-02-28T13:21:00Z,147abc6a,8bab4dff,a6177608,0.0
2025-02-28T13:24:00Z,147abc6a,8bab4dff,a6177608,0.0
2025-02-28T13:27:00Z,147abc6a,8bab4dff,a6177608,0.0
2025-02-28T13:30:00Z,147abc6a,8bab4dff,a6177608,0.0
2025-02-28T13:33:00Z,147abc6a,8bab4dff,a6177608,0.0
2025-02-28T13:36:00Z,147abc6a,8bab4dff,a6177608,0.0
2025-02-28T13:39:00Z,147abc6a,8bab4dff,a6177608,0.0
2025-02-28T13:42:00Z,147abc6a,8bab4dff,a6177608,0.0
2025-02-28T13:45:00Z,147abc6a,8bab4dff,a6177608,0.0
2025-02-28T13:48:00Z,147abc6a,8bab4dff,a6177608,0.0
2025-02-28T13:51:00Z,147abc6a,8bab4dff,a6177608,0.0
2025-02-28T13:54:00Z,147abc6a,8bab4dff,a6177608,0.0
2025-02-28T13:57:00Z,147abc6a,8bab4dff,a6177608,0.0
2025-02-28T14:00:00Z,147abc6a,8bab4dff,a6177608,0.0
2025-02-28T14:03:00Z,147abc6a,8bab4dff,a6177608,0.0
2025-02-28T14:06:00Z,147abc6a,8bab4dff,a6177608,0.0
2025-02-28T14:09:00Z,147abc6a,8bab4dff,a6177608,0.0
2025-02-28T14:12:00Z,147abc6a,8bab4dff,a6177608,0.0
2025-02-28T14:15:00Z,147abc6a,8bab4dff,a6177608,0.0
2025-02-28T14:18:00Z,147abc6a,8bab4dff,a6177608,0.0
2025-02-28T14:21:00Z,147abc6a,8bab4dff,a6177608,0.0
2025-02-28T14:24:00Z,147abc6a,8bab4dff,a6177608,0.0
2025-02-28T14:27:00Z,147abc6a,8bab4dff,a6177608,0.0
2025-02-28T14:30:00Z,147abc6a,8bab4dff,a6177608,0.0
2025-02-28T14:33:00Z,147abc6a,8bab4dff,a6177608,0.0
2025-02-28T14:36:00Z,147abc6a,8bab4dff,a6177608,0.0
2025-02-28T14:39:00Z,147abc6a,8bab4dff,a6177608,0.0
2025-02-28T14:42:00Z,147abc6a,8bab4dff,a6177608,0.0
2025-02-28T14:45:00Z,147abc6a,8bab4dff,a6177608,0.0
2025-02-28T14:48:00Z,147abc6a,8bab4dff,a6177608,0.0
2025-02-28T14:51:00Z,147abc6a,8bab4dff,a6177608,0.0
2025-02-28T14:54:00Z,147abc6a,8bab4dff,a6177608,0.0
2025-02-28T14:57:00Z,147abc6a,8bab4dff,a6177608,0.0
2025-02-28T15:00:00Z,147abc6a,8bab4dff,a6177608,0.0
2025-02-28T15:03:00Z,147abc6a,8bab4dff,a6177608,0.0
2025-02-28T15:06:00Z,147abc6a,8bab4dff,a6177608,0.0
2025-02-28T15:09:00Z,147abc6a,8bab4dff,a6177608,0.0
2025-02-28T15:12:00Z,147abc6a,8bab4dff,a6177608,0.0
2025-02-28T15:15:00Z,147abc6a,8bab4dff,a6177608,0.0
2025-02-28T15:18:00Z,147abc6a,8bab4dff,a6177608,0.0
2025-02-28T15:21:00Z,147abc6a,8bab4dff,a6177608,0.0
2025-02-28T15:24:00Z,147abc6a,8bab4dff,a6177608,0.0
2025-02-28T15:27:00Z,147abc6a,8bab4dff,a6177608,0.0
2025-02-28T15:30:00Z,147abc6a,8bab4dff,a6177608,0.0
2025-02-28T15:33:00Z,147abc6a,8bab4dff,a6177608,0.0
2025-02-28T15:36:00Z,147abc6a,8bab4dff,a6177608,0.0
2025-02-28T15:39:00Z,147abc6a,8bab4dff,a6177608,0.0
2025-02-28T15:42:00Z,147abc6a,8bab4dff,a6177608,0.0
2025-02-28T15:45:00Z,147abc6a,8bab4dff,a6177608,0.0
2025-02-28T15:48:00Z,147abc6a,8bab4dff,a6177608,0.0
2025-02-28T15:51:00Z,147abc6a,8bab4dff,a6177608,0.0
2025-02-28T15:54:00Z,147abc6a,8bab4dff,a6177608,0.0
2025-02-28T15:57:00Z,147abc6a,8bab4dff,a6177608,0.0
2025-02-28T16:00:00Z,147abc6a,8bab4dff,a6177608,0.0
2025-02-28T16:03:00Z,147abc6a,8bab4dff,a6177608,0.0
2025-02-28T16:06:00Z,147abc6a,8bab4dff,a6177608,0.0
2025-02-28T16:09:00Z,147abc6a,8bab4dff,a6177608,0.0
2025-02-28T16:12:00Z,147abc6a,8bab4dff,a6177608,0.0
2025-02-28T16:15:00Z,147abc6a,8bab4dff,a6177608,0.0
2025-02-28T16:18:00Z,147abc6a,8bab4dff,a6177608,0.0
2025-02-28T16:21:00Z,147abc6a,8bab4dff,a6177608,0.0
2025-02-28T16:24:00Z,147abc6a,8bab4dff,a6177608,0.0
2025-02-28T16:27:00Z,147abc6a,8bab4dff,a6177608,0.0
2025-02-28T16:30:00Z,147abc6a,8bab4dff,a6177608,0.0
2025-02-28T16:33:00Z,147abc6a,8bab4dff,a6177608,0.0
2025-02-28T16:36:00Z,147abc6a,8bab4dff,a6177608,0.0
2025-02-28T16:39:00Z,147abc6a,8bab4dff,a6177608,0.0
2025-02-28T16:42:00Z,147abc6a,8bab4dff,a6177608,0.0
2025-02-28T16:45:00Z,147abc6a,8bab4dff,a6177608,0.0
2025-02-28T16:48:00Z,147abc6a,8bab4dff,a6177608,0.0
2025-02-28T16:51:00Z,147abc6a,8bab4dff,a6177608,0.0
2025-02-28T16:54:00Z,147abc6a,8bab4dff,a6177608,0.0
2025-02-28T16:57:00Z,147abc6a,8bab4dff,a6177608,0.0
2025-02-28T17:00:00Z,147abc6a,8bab4dff,a6177608,0.0
2025-02-28T17:03:00Z,147abc6a,8bab4dff,a6177608,0.0
2025-02-28T17:06:00Z,147abc6a,8bab4dff,a6177608,0.0
2025-02-28T17:09:00Z,147abc6a,8bab4dff,a6177608,0.0
2025-02-28T17:12:00Z,147abc6a,8bab4dff,a6177608,0.0
2025-02-28T17:15:00Z,147abc6a,8bab4dff,a6177608,0.0
2025-02-28T17:18:00Z,147abc6a,8bab4dff,a6177608,0.0
2025-02-28T17:21:00Z,147abc6a,8bab4dff,a6177608,0.0
2025-02-28T17:24:00Z,147abc6a,8bab4dff,a6177608,0.0
2025-02-28T17:27:00Z,147abc6a,8bab4dff,a6177608,0.0
2025-02-28T17:30:00Z,147abc6a,8bab4dff,a6177608,0.0
2025-02-28T17:33:00Z,147abc6a,8bab4dff,a6177608,0.0
2025-02-28T17:36:00Z,147abc6a,8bab4dff,a6177608,0.0
2025-02-28T17:39:00Z,147abc6a,8bab4dff,a6177608,0.0
2025-02-28T17:42:00Z,147abc6a,8bab4dff,a6177608,0.0
2025-02-28T17:45:00Z,147abc6a,8bab4dff,a6177608,0.0
2025-02-28T17:48:00Z,147abc6a,8bab4dff,a6177608,0.0
2025-02-28T17:51:00Z,147abc6a,8bab4dff,a6177608,0.0
2025-02-28T17:54:00Z,147abc6a,8bab4dff,a6177608,0.0
2025-02-28T17:57:00Z,147abc6a,8bab4dff,a6177608,0.0
2025-02-28T18:00:00Z,147abc6a,8bab4dff,a6177608,0.0
2025-02-28T18:03:00Z,147abc6a,8bab4dff,a6177608,0.0
2025-02-28T18:06:00Z,147abc6a,8bab4dff,a6177608,0.0
2025-02-28T18:09:00Z,147abc6a,8bab4dff,a6177608,0.0
2025-02-28T18:12:00Z,147abc6a,8bab4dff,a6177608,0.0
2025-02-28T18:15:00Z,147abc6a,8bab4dff,a6177608,0.0
2025-02-28T18:18:00Z,147abc6a,8bab4dff,a6177608,0.0
2025-02-28T18:21:00Z,147abc6a,8bab4dff,a6177608,0.0
2025-02-28T18:24:00Z,147abc6a,8bab4dff,a6177608,0.0
2025-02-28T18:27:00Z,147abc6a,8bab4dff,a6177608,0.0
2025-02-28T18:30:00Z,147abc6a,8bab4dff,a6177608,0.0
2025-02-28T18:33:00Z,147abc6a,8bab4dff,a6177608,0.0
2025-02-28T18:36:00Z,147abc6a,8bab4dff,a6177608,0.0
2025-02-28T18:39:00Z,147abc6a,8bab4dff,a6177608,0.0
2025-02-28T18:42:00Z,147abc6a,8bab4dff,a6177608,0.0
2025-02-28T18:45:00Z,147abc6a,8bab4dff,a6177608,0.0
2025-02-28T18:48:00Z,147abc6a,8bab4dff,a6177608,0.0
2025-02-28T18:51:00Z,147abc6a,8bab4dff,a6177608,0.01
2025-02-28T18:54:00Z,147abc6a,8bab4dff,a6177608,0.0
2025-02-28T18:57:00Z,147abc6a,8bab4dff,a6177608,0.0
2025-02-28T19:00:00Z,147abc6a,8bab4dff,a6177608,0.0
2025-02-28T19:03:00Z,147abc6a,8bab4dff,a6177608,0.0
2025-02-28T19:06:00Z,147abc6a,8bab4dff,a6177608,0.0
2025-02-28T19:09:00Z,147abc6a,8bab4dff,a6177608,0.0
2025-02-28T19:12:00Z,147abc6a,8bab4dff,a6177608,0.0
2025-02-28T19:15:00Z,147abc6a,8bab4dff,a6177608,0.0
2025-02-28T19:18:00Z,147abc6a,8bab4dff,a6177608,0.0
2025-02-28T19:21:00Z,147abc6a,8bab4dff,a6177608,0.0
2025-02-28T19:24:00Z,147abc6a,8bab4dff,a6177608,0.0
2025-02-28T19:27:00Z,147abc6a,8bab4dff,a6177608,0.0
2025-02-28T19:30:00Z,147abc6a,8bab4dff,a6177608,0.0
2025-02-28T19:33:00Z,147abc6a,8bab4dff,a6177608,0.0
2025-02-28T19:36:00Z,147abc6a,8bab4dff,a6177608,0.0
2025-02-28T19:39:00Z,147abc6a,8bab4dff,a6177608,0.0
2025-02-28T19:42:00Z,147abc6a,8bab4dff,a6177608,0.0
2025-02-28T19:45:00Z,147abc6a,8bab4dff,a6177608,0.0
2025-02-28T19:48:00Z,147abc6a,8bab4dff,a6177608,0.0
2025-02-28T19:51:00Z,147abc6a,8bab4dff,a6177608,0.0
2025-02-28T19:54:00Z,147abc6a,8bab4dff,a6177608,0.0
2025-02-28T19:57:00Z,147abc6a,8bab4dff,a6177608,0.0
2025-02-28T20:00:00Z,147abc6a,8bab4dff,a6177608,0.0
2025-02-28T20:03:00Z,147abc6a,8bab4dff,a6177608,0.0
2025-02-28T20:06:00Z,147abc6a,8bab4dff,a6177608,0.0
2025-02-28T20:09:00Z,147abc6a,8bab4dff,a6177608,0.0
2025-02-28T20:12:00Z,147abc6a,8bab4dff,a6177608,0.0
2025-02-28T20:15:00Z,147abc6a,8bab4dff,a6177608,0.0
2025-02-28T20:18:00Z,147abc6a,8bab4dff,a6177608,0.0
2025-02-28T20:21:00Z,147abc6a,8bab4dff,a6177608,0.0
2025-02-28T20:24:00Z,147abc6a,8bab4dff,a6177608,0.0
2025-02-28T20:27:00Z,147abc6a,8bab4dff,a6177608,0.0
2025-02-28T20:30:00Z,147abc6a,8bab4dff,a6177608,0.0
2025-02-28T20:33:00Z,147abc6a,8bab4dff,a6177608,0.0
2025-02-28T20:36:00Z,147abc6a,8bab4dff,a6177608,0.0
2025-02-28T20:39:00Z,147abc6a,8bab4dff,a6177608,0.0
2025-02-28T20:42:00Z,147abc6a,8bab4dff,a6177608,0.0
2025-02-28T20:45:00Z,147abc6a,8bab4dff,a6177608,0.0
2025-02-28T20:48:00Z,147abc6a,8bab4dff,a6177608,0.0
2025-02-28T20:51:00Z,147abc6a,8bab4dff,a6177608,0.0
2025-02-28T20:54:00Z,147abc6a,8bab4dff,a6177608,0.0
2025-02-28T20:57:00Z,147abc6a,8bab4dff,a6177608,0.0
2025-02-28T21:00:00Z,147abc6a,8bab4dff,a6177608,0.0
2025-02-28T21:03:00Z,147abc6a,8bab4dff,a6177608,0.0
2025-02-28T21:06:00Z,147abc6a,8bab4dff,a6177608,0.0
2025-02-28T21:09:00Z,147abc6a,8bab4dff,a6177608,0.0
2025-02-28T21:12:00Z,147abc6a,8bab4dff,a6177608,0.0
2025-02-28T21:15:00Z,147abc6a,8bab4dff,a6177608,0.0
2025-02-28T21:18:00Z,147abc6a,8bab4dff,a6177608,0.0
2025-02-28T21:21:00Z,147abc6a,8bab4dff,a6177608,0.0
2025-02-28T21:24:00Z,147abc6a,8bab4dff,a6177608,0.0
2025-02-28T21:27:00Z,147abc6a,8bab4dff,a6177608,0.0
2025-02-28T21:30:00Z,147abc6a,8bab4dff,a6177608,0.0
2025-02-28T21:33:00Z,147abc6a,8bab4dff,a6177608,0.0
2025-02-28T21:36:00Z,147abc6a,8bab4dff,a6177608,0.0
2025-02-28T21:39:00Z,147abc6a,8bab4dff,a6177608,0.0
2025-02-28T21:42:00Z,147abc6a,8bab4dff,a6177608,0.0
2025-02-28T21:45:00Z,147abc6a,8bab4dff,a6177608,0.0
2025-02-28T21:48:00Z,147abc6a,8bab4dff,a6177608,0.0
2025-02-28T21:51:00Z,147abc6a,8bab4dff,a6177608,0.0
2025-02-28T21:54:00Z,147abc6a,8bab4dff,a6177608,0.0
2025-02-28T21:57:00Z,147abc6a,8bab4dff,a6177608,0.0
2025-02-28T22:00:00Z,147abc6a,8bab4dff,a6177608,0.0
2025-02-28T22:03:00Z,147abc6a,8bab4dff,a6177608,0.0
2025-02-28T22:06:00Z,147abc6a,8bab4dff,a6177608,0.0
2025-02-28T22:09:00Z,147abc6a,8bab4dff,a6177608,0.0
2025-02-28T22:12:00Z,147abc6a,8bab4dff,a6177608,0.0
2025-02-28T22:15:00Z,147abc6a,8bab4dff,a6177608,0.0
2025-02-28T22:18:00Z,147abc6a,8bab4dff,a6177608,0.0
2025-02-28T22:21:00Z,147abc6a,8bab4dff,a6177608,0.0
2025-02-28T22:24:00Z,147abc6a,8bab4dff,a6177608,0.0
2025-02-28T22:27:00Z,147abc6a,8bab4dff,a6177608,0.0
2025-02-28T22:30:00Z,147abc6a,8bab4dff,a6177608,0.0
2025-02-28T22:33:00Z,147abc6a,8bab4dff,a6177608,0.0
2025-02-28T22:36:00Z,147abc6a,8bab4dff,a6177608,0.0
2025-02-28T22:39:00Z,147abc6a,8bab4dff,a6177608,0.0
2025-02-28T22:42:00Z,147abc6a,8bab4dff,a6177608,0.0
2025-02-28T22:45:00Z,147abc6a,8bab4dff,a6177608,0.0
2025-02-28T22:48:00Z,147abc6a,8bab4dff,a6177608,0.0
2025-02-28T22:51:00Z,147abc6a,8bab4dff,a6177608,0.0
2025-02-28T22:54:00Z,147abc6a,8bab4dff,a6177608,0.0
2025-02-28T22:57:00Z,147abc6a,8bab4dff,a6177608,0.0
2025-02-28T23:00:00Z,147abc6a,8bab4dff,a6177608,0.0
2025-02-28T23:03:00Z,147abc6a,8bab4dff,a6177608,0.0
2025-02-28T23:06:00Z,147abc6a,8bab4dff,a6177608,0.0
2025-02-28T23:09:00Z,147abc6a,8bab4dff,a6177608,0.0
2025-02-28T23:12:00Z,147abc6a,8bab4dff,a6177608,0.0
2025-02-28T23:15:00Z,147abc6a,8bab4dff,a6177608,0.0
2025-02-28T23:18:00Z,147abc6a,8bab4dff,a6177608,0.0
2025-02-28T23:21:00Z,147abc6a,8bab4dff,a6177608,0.0
2025-02-28T23:24:00Z,147abc6a,8bab4dff,a6177608,0.0
2025-02-28T23:27:00Z,147abc6a,8bab4dff,a6177608,0.0
2025-02-28T23:30:00Z,147abc6a,8bab4dff,a6177608,0.0
2025-02-28T23:33:00Z,147abc6a,8bab4dff,a6177608,0.0
2025-02-28T23:36:00Z,147abc6a,8bab4dff,a6177608,0.0
2025-02-28T23:39:00Z,147abc6a,8bab4dff,a6177608,0.0
2025-02-28T23:42:00Z,147abc6a,8bab4dff,a6177608,0.0
2025-02-28T23:45:00Z,147abc6a,8bab4dff,a6177608,0.0
2025-02-28T23:48:00Z,147abc6a,8bab4dff,a6177608,0.0
2025-02-28T23:51:00Z,147abc6a,8bab4dff,a6177608,0.0
2025-02-28T23:54:00Z,147abc6a,8bab4dff,a6177608,0.0
2025-02-28T23:57:00Z,147abc6a,8bab4dff,a6177608,0.0
2025-03-01T00:00:00Z,147abc6a,8bab4dff,a6177608,0.0
2025-03-01T00:03:00Z,147abc6a,8bab4dff,a6177608,0.0
2025-03-01T00:06:00Z,147abc6a,8bab4dff,a6177608,0.0
2025-03-01T00:09:00Z,147abc6a,8bab4dff,a6177608,0.0
2025-03-01T00:12:00Z,147abc6a,8bab4dff,a6177608,0.0
2025-03-01T00:15:00Z,147abc6a,8bab4dff,a6177608,0.0
2025-03-01T00:18:00Z,147abc6a,8bab4dff,a6177608,0.0
2025-03-01T00:21:00Z,147abc6a,8bab4dff,a6177608,0.0
2025-03-01T00:24:00Z,147abc6a,8bab4dff,a6177608,0.0
2025-03-01T00:27:00Z,147abc6a,8bab4dff,a6177608,0.0
2025-03-01T00:30:00Z,147abc6a,8bab4dff,a6177608,0.0
2025-03-01T00:33:00Z,147abc6a,8bab4dff,a6177608,0.0
2025-03-01T00:36:00Z,147abc6a,8bab4dff,a6177608,0.0
2025-03-01T00:39:00Z,147abc6a,8bab4dff,a6177608,0.0
2025-03-01T00:42:00Z,147abc6a,8bab4dff,a6177608,0.0
2025-03-01T00:45:00Z,147abc6a,8bab4dff,a6177608,0.0
2025-03-01T00:48:00Z,147abc6a,8bab4dff,a6177608,0.0
2025-03-01T00:51:00Z,147abc6a,8bab4dff,a6177608,0.0
2025-03-01T00:54:00Z,147abc6a,8bab4dff,a6177608,0.0
2025-03-01T00:57:00Z,147abc6a,8bab4dff,a6177608,0.0
2025-03-01T01:00:00Z,147abc6a,8bab4dff,a6177608,0.0
2025-03-01T01:03:00Z,147abc6a,8bab4dff,a6177608,0.0
2025-03-01T01:06:00Z,147abc6a,8bab4dff,a6177608,0.0
2025-03-01T01:09:00Z,147abc6a,8bab4dff,a6177608,0.0
2025-03-01T01:12:00Z,147abc6a,8bab4dff,a6177608,0.0
2025-03-01T01:15:00Z,147abc6a,8bab4dff,a6177608,0.0
2025-03-01T01:18:00Z,147abc6a,8bab4dff,a6177608,0.0
2025-03-01T01:21:00Z,147abc6a,8bab4dff,a6177608,0.0
2025-03-01T01:24:00Z,147abc6a,8bab4dff,a6177608,0.0
2025-03-01T01:27:00Z,147abc6a,8bab4dff,a6177608,0.0
2025-03-01T01:30:00Z,147abc6a,8bab4dff,a6177608,0.0
2025-03-01T01:33:00Z,147abc6a,8bab4dff,a6177608,0.0
2025-03-01T01:36:00Z,147abc6a,8bab4dff,a6177608,0.0
2025-03-01T01:39:00Z,147abc6a,8bab4dff,a6177608,0.0
2025-03-01T01:42:00Z,147abc6a,8bab4dff,a6177608,0.0
2025-03-01T01:45:00Z,147abc6a,8bab4dff,a6177608,0.0
2025-03-01T01:48:00Z,147abc6a,8bab4dff,a6177608,0.0
2025-03-01T01:51:00Z,147abc6a,8bab4dff,a6177608,0.0
2025-03-01T01:54:00Z,147abc6a,8bab4dff,a6177608,0.0
2025-03-01T01:57:00Z,147abc6a,8bab4dff,a6177608,0.0
2025-03-01T02:00:00Z,147abc6a,8bab4dff,a6177608,0.0
2025-03-01T02:03:00Z,147abc6a,8bab4dff,a6177608,0.0
2025-03-01T02:06:00Z,147abc6a,8bab4dff,a6177608,0.0
2025-03-01T02:09:00Z,147abc6a,8bab4dff,a6177608,0.0
2025-03-01T02:12:00Z,147abc6a,8bab4dff,a6177608,0.0
2025-03-01T02:15:00Z,147abc6a,8bab4dff,a6177608,0.0
2025-03-01T02:18:00Z,147abc6a,8bab4dff,a6177608,0.0
2025-03-01T02:21:00Z,147abc6a,8bab4dff,a6177608,0.0
2025-03-01T02:24:00Z,147abc6a,8bab4dff,a6177608,0.0
2025-03-01T02:27:00Z,147abc6a,8bab4dff,a6177608,0.0
2025-03-01T02:30:00Z,147abc6a,8bab4dff,a6177608,0.0
2025-03-01T02:33:00Z,147abc6a,8bab4dff,a6177608,0.0
2025-03-01T02:36:00Z,147abc6a,8bab4dff,a6177608,0.0
2025-03-01T02:39:00Z,147abc6a,8bab4dff,a6177608,0.0
2025-03-01T02:42:00Z,147abc6a,8bab4dff,a6177608,0.0
2025-03-01T02:45:00Z,147abc6a,8bab4dff,a6177608,0.0
2025-03-01T02:48:00Z,147abc6a,8bab4dff,a6177608,0.0
2025-03-01T02:51:00Z,147abc6a,8bab4dff,a6177608,0.0
2025-03-01T02:54:00Z,147abc6a,8bab4dff,a6177608,0.0
2025-03-01T02:57:00Z,147abc6a,8bab4dff,a6177608,0.0
2025-03-01T03:00:00Z,147abc6a,8bab4dff,a6177608,0.0
2025-03-01T03:03:00Z,147abc6a,8bab4dff,a6177608,0.0
2025-03-01T03:06:00Z,147abc6a,8bab4dff,a6177608,0.0
2025-03-01T03:09:00Z,147abc6a,8bab4dff,a6177608,0.0
2025-03-01T03:12:00Z,147abc6a,8bab4dff,a6177608,0.0
2025-03-01T03:15:00Z,147abc6a,8bab4dff,a6177608,0.0
2025-03-01T03:18:00Z,147abc6a,8bab4dff,a6177608,0.0
2025-03-01T03:21:00Z,147abc6a,8bab4dff,a6177608,0.0
2025-03-01T03:24:00Z,147abc6a,8bab4dff,a6177608,0.0
2025-03-01T03:27:00Z,147abc6a,8bab4dff,a6177608,0.0
2025-03-01T03:30:00Z,147abc6a,8bab4dff,a6177608,0.0
2025-03-01T03:33:00Z,147abc6a,8bab4dff,a6177608,0.0
2025-03-01T03:36:00Z,147abc6a,8bab4dff,a6177608,0.0
2025-03-01T03:39:00Z,147abc6a,8bab4dff,a6177608,0.0
2025-03-01T03:42:00Z,147abc6a,8bab4dff,a6177608,0.0
2025-03-01T03:45:00Z,147abc6a,8bab4dff,a6177608,0.0
2025-03-01T03:48:00Z,147abc6a,8bab4dff,a6177608,0.0
2025-03-01T03:51:00Z,147abc6a,8bab4dff,a6177608,0.0
2025-03-01T03:54:00Z,147abc6a,8bab4dff,a6177608,0.0
2025-03-01T03:57:00Z,147abc6a,8bab4dff,a6177608,0.0
2025-03-01T04:00:00Z,147abc6a,8bab4dff,a6177608,0.0
2025-03-01T04:03:00Z,147abc6a,8bab4dff,a6177608,0.0
2025-03-01T04:06:00Z,147abc6a,8bab4dff,a6177608,0.0
2025-03-01T04:09:00Z,147abc6a,8bab4dff,a6177608,0.0
2025-03-01T04:12:00Z,147abc6a,8bab4dff,a6177608,0.0
2025-03-01T04:15:00Z,147abc6a,8bab4dff,a6177608,0.0
2025-03-01T04:18:00Z,147abc6a,8bab4dff,a6177608,0.0
2025-03-01T04:21:00Z,147abc6a,8bab4dff,a6177608,0.0
2025-03-01T04:24:00Z,147abc6a,8bab4dff,a6177608,0.0
2025-03-01T04:27:00Z,147abc6a,8bab4dff,a6177608,0.0
2025-03-01T04:30:00Z,147abc6a,8bab4dff,a6177608,0.0
2025-03-01T04:33:00Z,147abc6a,8bab4dff,a6177608,0.0
2025-03-01T04:36:00Z,147abc6a,8bab4dff,a6177608,0.0
2025-03-01T04:39:00Z,147abc6a,8bab4dff,a6177608,0.0
2025-03-01T04:42:00Z,147abc6a,8bab4dff,a6177608,0.0
2025-03-01T04:45:00Z,147abc6a,8bab4dff,a6177608,0.0
2025-03-01T04:48:00Z,147abc6a,8bab4dff,a6177608,0.0
2025-03-01T04:51:00Z,147abc6a,8bab4dff,a6177608,0.0
2025-03-01T04:54:00Z,147abc6a,8bab4dff,a6177608,0.0
2025-03-01T04:57:00Z,147abc6a,8bab4dff,a6177608,0.0
2025-03-01T05:00:00Z,147abc6a,8bab4dff,a6177608,0.0
2025-03-01T05:03:00Z,147abc6a,8bab4dff,a6177608,0.0
2025-03-01T05:06:00Z,147abc6a,8bab4dff,a6177608,0.0
2025-03-01T05:09:00Z,147abc6a,8bab4dff,a6177608,0.0
2025-03-01T05:12:00Z,147abc6a,8bab4dff,a6177608,0.0
2025-03-01T05:15:00Z,147abc6a,8bab4dff,a6177608,0.0
2025-03-01T05:18:00Z,147abc6a,8bab4dff,a6177608,0.0
2025-03-01T05:21:00Z,147abc6a,8bab4dff,a6177608,0.0
2025-03-01T05:24:00Z,147abc6a,8bab4dff,a6177608,0.0
2025-03-01T05:27:00Z,147abc6a,8bab4dff,a6177608,0.0
2025-03-01T05:30:00Z,147abc6a,8bab4dff,a6177608,0.0
2025-03-01T05:33:00Z,147abc6a,8bab4dff,a6177608,0.0
2025-03-01T05:36:00Z,147abc6a,8bab4dff,a6177608,0.0
2025-03-01T05:39:00Z,147abc6a,8bab4dff,a6177608,0.0
2025-03-01T05:42:00Z,147abc6a,8bab4dff,a6177608,0.14
2025-03-01T05:45:00Z,147abc6a,8bab4dff,a6177608,0.0
2025-03-01T05:48:00Z,147abc6a,8bab4dff,a6177608,0.0
2025-03-01T05:51:00Z,147abc6a,8bab4dff,a6177608,0.0
2025-03-01T05:54:00Z,147abc6a,8bab4dff,a6177608,0.0
2025-03-01T05:57:00Z,147abc6a,8bab4dff,a6177608,0.0
2025-03-01T06:00:00Z,147abc6a,8bab4dff,a6177608,0.0
2025-03-01T06:03:00Z,147abc6a,8bab4dff,a6177608,0.0
2025-03-01T06:06:00Z,147abc6a,8bab4dff,a6177608,0.0
2025-03-01T06:09:00Z,147abc6a,8bab4dff,a6177608,0.0
2025-03-01T06:12:00Z,147abc6a,8bab4dff,a6177608,0.0
2025-03-01T06:15:00Z,147abc6a,8bab4dff,a6177608,0.0
2025-03-01T06:18:00Z,147abc6a,8bab4dff,a6177608,0.0
2025-03-01T06:21:00Z,147abc6a,8bab4dff,a6177608,0.0
2025-03-01T06:24:00Z,147abc6a,8bab4dff,a6177608,0.0
2025-03-01T06:27:00Z,147abc6a,8bab4dff,a6177608,0.0
2025-03-01T06:30:00Z,147abc6a,8bab4dff,a6177608,0.0
2025-03-01T06:33:00Z,147abc6a,8bab4dff,a6177608,0.0
2025-03-01T06:36:00Z,147abc6a,8bab4dff,a6177608,0.0
2025-03-01T06:39:00Z,147abc6a,8bab4dff,a6177608,0.0
2025-03-01T06:42:00Z,147abc6a,8bab4dff,a6177608,0.0
2025-03-01T06:45:00Z,147abc6a,8bab4dff,a6177608,0.0
2025-03-01T06:48:00Z,147abc6a,8bab4dff,a6177608,0.0
2025-03-01T06:51:00Z,147abc6a,8bab4dff,a6177608,0.0
2025-03-01T06:54:00Z,147abc6a,8bab4dff,a6177608,0.0
2025-03-01T06:57:00Z,147abc6a,8bab4dff,a6177608,0.02
2025-03-01T07:00:00Z,147abc6a,8bab4dff,a6177608,0.0
2025-03-01T07:03:00Z,147abc6a,8bab4dff,a6177608,0.0
2025-03-01T07:06:00Z,147abc6a,8bab4dff,a6177608,0.01
2025-03-01T07:09:00Z,147abc6a,8bab4dff,a6177608,0.0
2025-03-01T07:12:00Z,147abc6a,8bab4dff,a6177608,0.0
2025-03-01T07:15:00Z,147abc6a,8bab4dff,a6177608,0.0
2025-03-01T07:18:00Z,147abc6a,8bab4dff,a6177608,0.0
2025-03-01T07:21:00Z,147abc6a,8bab4dff,a6177608,0.0
2025-03-01T07:24:00Z,147abc6a,8bab4dff,a6177608,0.0
2025-03-01T07:27:00Z,147abc6a,8bab4dff,a6177608,0.0
2025-03-01T07:30:00Z,147abc6a,8bab4dff,a6177608,0.0
2025-03-01T07:33:00Z,147abc6a,8bab4dff,a6177608,0.0
2025-03-01T07:36:00Z,147abc6a,8bab4dff,a6177608,0.0
2025-03-01T07:39:00Z,147abc6a,8bab4dff,a6177608,0.0
2025-03-01T07:42:00Z,147abc6a,8bab4dff,a6177608,0.0
2025-03-01T07:45:00Z,147abc6a,8bab4dff,a6177608,0.0
2025-03-01T07:48:00Z,147abc6a,8bab4dff,a6177608,0.0
2025-03-01T07:51:00Z,147abc6a,8bab4dff,a6177608,0.0
2025-03-01T07:54:00Z,147abc6a,8bab4dff,a6177608,0.0
2025-03-01T07:57:00Z,147abc6a,8bab4dff,a6177608,0.0
2025-03-01T08:00:00Z,147abc6a,8bab4dff,a6177608,0.0
2025-03-01T08:03:00Z,147abc6a,8bab4dff,a6177608,0.0
2025-03-01T08:06:00Z,147abc6a,8bab4dff,a6177608,0.0
2025-03-01T08:09:00Z,147abc6a,8bab4dff,a6177608,0.0
2025-03-01T08:12:00Z,147abc6a,8bab4dff,a6177608,0.0
2025-03-01T08:15:00Z,147abc6a,8bab4dff,a6177608,0.0
2025-03-01T08:18:00Z,147abc6a,8bab4dff,a6177608,0.0
2025-03-01T08:21:00Z,147abc6a,8bab4dff,a6177608,0.0
2025-03-01T08:24:00Z,147abc6a,8bab4dff,a6177608,0.0
2025-03-01T08:27:00Z,147abc6a,8bab4dff,a6177608,0.0
2025-03-01T08:30:00Z,147abc6a,8bab4dff,a6177608,0.0
2025-03-01T08:33:00Z,147abc6a,8bab4dff,a6177608,0.0
2025-03-01T08:36:00Z,147abc6a,8bab4dff,a6177608,0.0
2025-03-01T08:39:00Z,147abc6a,8bab4dff,a6177608,0.0
2025-03-01T08:42:00Z,147abc6a,8bab4dff,a6177608,0.0
2025-03-01T08:45:00Z,147abc6a,8bab4dff,a6177608,0.0
2025-03-01T08:48:00Z,147abc6a,8bab4dff,a6177608,0.0
2025-03-01T08:51:00Z,147abc6a,8bab4dff,a6177608,0.0
2025-03-01T08:54:00Z,147abc6a,8bab4dff,a6177608,0.0
2025-03-01T08:57:00Z,147abc6a,8bab4dff,a6177608,0.0
2025-03-01T09:00:00Z,147abc6a,8bab4dff,a6177608,0.0
2025-03-01T09:03:00Z,147abc6a,8bab4dff,a6177608,0.0
2025-03-01T09:06:00Z,147abc6a,8bab4dff,a6177608,0.0
2025-03-01T09:09:00Z,147abc6a,8bab4dff,a6177608,0.0
2025-03-01T09:12:00Z,147abc6a,8bab4dff,a6177608,0.0
2025-03-01T09:15:00Z,147abc6a,8bab4dff,a6177608,0.0
2025-03-01T09:18:00Z,147abc6a,8bab4dff,a6177608,0.0
2025-03-01T09:21:00Z,147abc6a,8bab4dff,a6177608,0.0
2025-03-01T09:24:00Z,147abc6a,8bab4dff,a6177608,0.0
2025-03-01T09:27:00Z,147abc6a,8bab4dff,a6177608,0.0
2025-03-01T09:30:00Z,147abc6a,8bab4dff,a6177608,0.0
2025-03-01T09:33:00Z,147abc6a,8bab4dff,a6177608,0.0
2025-03-01T09:36:00Z,147abc6a,8bab4dff,a6177608,0.0
2025-03-01T09:39:00Z,147abc6a,8bab4dff,a6177608,0.0
2025-03-01T09:42:00Z,147abc6a,8bab4dff,a6177608,0.0
2025-03-01T09:45:00Z,147abc6a,8bab4dff,a6177608,0.0
2025-03-01T09:48:00Z,147abc6a,8bab4dff,a6177608,0.0
2025-03-01T09:51:00Z,147abc6a,8bab4dff,a6177608,0.0
2025-03-01T09:54:00Z,147abc6a,8bab4dff,a6177608,0.0
2025-03-01T09:57:00Z,147abc6a,8bab4dff,a6177608,0.0
2025-03-01T10:00:00Z,147abc6a,8bab4dff,a6177608,0.0
2025-03-01T10:03:00Z,147abc6a,8bab4dff,a6177608,0.0
2025-03-01T10:06:00Z,147abc6a,8bab4dff,a6177608,0.0
2025-03-01T10:09:00Z,147abc6a,8bab4dff,a6177608,0.0
2025-03-01T10:12:00Z,147abc6a,8bab4dff,a6177608,0.0
2025-03-01T10:15:00Z,147abc6a,8bab4dff,a6177608,0.0
2025-03-01T10:18:00Z,147abc6a,8bab4dff,a6177608,0.0
2025-03-01T10:21:00Z,147abc6a,8bab4dff,a6177608,0.0
2025-03-01T10:24:00Z,147abc6a,8bab4dff,a6177608,0.0
2025-03-01T10:27:00Z,147abc6a,8bab4dff,a6177608,0.0
2025-03-01T10:30:00Z,147abc6a,8bab4dff,a6177608,0.0
2025-03-01T10:33:00Z,147abc6a,8bab4dff,a6177608,0.0
2025-03-01T10:36:00Z,147abc6a,8bab4dff,a6177608,0.0
2025-03-01T10:39:00Z,147abc6a,8bab4dff,a6177608,0.0
2025-03-01T10:42:00Z,147abc6a,8bab4dff,a6177608,0.0
2025-03-01T10:45:00Z,147abc6a,8bab4dff,a6177608,0.0
2025-03-01T10:48:00Z,147abc6a,8bab4dff,a6177608,0.0
2025-03-01T10:51:00Z,147abc6a,8bab4dff,a6177608,0.0
2025-03-01T10:54:00Z,147abc6a,8bab4dff,a6177608,0.0
2025-03-01T10:57:00Z,147abc6a,8bab4dff,a6177608,0.0
2025-03-01T11:00:00Z,147abc6a,8bab4dff,a6177608,0.0
2025-03-01T11:03:00Z,147abc6a,8bab4dff,a6177608,0.0
2025-03-01T11:06:00Z,147abc6a,8bab4dff,a6177608,0.0
2025-03-01T11:09:00Z,147abc6a,8bab4dff,a6177608,0.0
2025-03-01T11:12:00Z,147abc6a,8bab4dff,a6177608,0.0
2025-03-01T11:15:00Z,147abc6a,8bab4dff,a6177608,0.0
2025-03-01T11:18:00Z,147abc6a,8bab4dff,a6177608,0.0
2025-03-01T11:21:00Z,147abc6a,8bab4dff,a6177608,0.0
2025-03-01T11:24:00Z,147abc6a,8bab4dff,a6177608,0.0
2025-03-01T11:27:00Z,147abc6a,8bab4dff,a6177608,0.0
2025-03-01T11:30:00Z,147abc6a,8bab4dff,a6177608,0.0
2025-03-01T11:33:00Z,147abc6a,8bab4dff,a6177608,0.0
2025-03-01T11:36:00Z,147abc6a,8bab4dff,a6177608,0.0
2025-03-01T11:39:00Z,147abc6a,8bab4dff,a6177608,0.0
2025-03-01T11:42:00Z,147abc6a,8bab4dff,a6177608,0.0
2025-03-01T11:45:00Z,147abc6a,8bab4dff,a6177608,0.0
2025-03-01T11:48:00Z,147abc6a,8bab4dff,a6177608,0.0
2025-03-01T11:51:00Z,147abc6a,8bab4dff,a6177608,0.0
2025-03-01T11:54:00Z,147abc6a,8bab4dff,a6177608,0.0
2025-03-01T11:57:00Z,147abc6a,8bab4dff,a6177608,0.0
2025-03-01T12:00:00Z,147abc6a,8bab4dff,a6177608,0.0
2025-03-01T12:03:00Z,147abc6a,8bab4dff,a6177608,0.0
2025-03-01T12:06:00Z,147abc6a,8bab4dff,a6177608,0.0
2025-03-01T12:09:00Z,147abc6a,8bab4dff,a6177608,0.0
2025-03-01T12:12:00Z,147abc6a,8bab4dff,a6177608,0.0
2025-03-01T12:15:00Z,147abc6a,8bab4dff,a6177608,0.0
2025-03-01T12:18:00Z,147abc6a,8bab4dff,a6177608,0.0
2025-03-01T12:21:00Z,147abc6a,8bab4dff,a6177608,0.0
2025-03-01T12:24:00Z,147abc6a,8bab4dff,a6177608,0.0
2025-03-01T12:27:00Z,147abc6a,8bab4dff,a6177608,0.0
2025-03-01T12:30:00Z,147abc6a,8bab4dff,a6177608,0.0
2025-03-01T12:33:00Z,147abc6a,8bab4dff,a6177608,0.0
2025-03-01T12:36:00Z,147abc6a,8bab4dff,a6177608,0.0
2025-03-01T12:39:00Z,147abc6a,8bab4dff,a6177608,0.0
2025-03-01T12:42:00Z,147abc6a,8bab4dff,a6177608,0.0
2025-03-01T12:45:00Z,147abc6a,8bab4dff,a6177608,0.0
2025-03-01T12:48:00Z,147abc6a,8bab4dff,a6177608,0.0
2025-03-01T12:51:00Z,147abc6a,8bab4dff,a6177608,0.0
2025-03-01T12:54:00Z,147abc6a,8bab4dff,a6177608,0.0
2025-03-01T12:57:00Z,147abc6a,8bab4dff,a6177608,0.0
2025-03-01T13:00:00Z,147abc6a,8bab4dff,a6177608,0.0
2025-03-01T13:03:00Z,147abc6a,8bab4dff,a6177608,0.0
2025-03-01T13:06:00Z,147abc6a,8bab4dff,a6177608,0.0
2025-03-01T13:09:00Z,147abc6a,8bab4dff,a6177608,0.0
2025-03-01T13:12:00Z,147abc6a,8bab4dff,a6177608,0.0
2025-03-01T13:15:00Z,147abc6a,8bab4dff,a6177608,0.0
2025-03-01T13:18:00Z,147abc6a,8bab4dff,a6177608,0.0
2025-03-01T13:21:00Z,147abc6a,8bab4dff,a6177608,0.0
2025-03-01T13:24:00Z,147abc6a,8bab4dff,a6177608,0.0
2025-03-01T13:27:00Z,147abc6a,8bab4dff,a6177608,0.0
2025-03-01T13:30:00Z,147abc6a,8bab4dff,a6177608,0.0
2025-03-01T13:33:00Z,147abc6a,8bab4dff,a6177608,0.0
2025-03-01T13:36:00Z,147abc6a,8bab4dff,a6177608,0.0
2025-03-01T13:39:00Z,147abc6a,8bab4dff,a6177608,0.0
2025-03-01T13:42:00Z,147abc6a,8bab4dff,a6177608,0.0
2025-03-01T13:45:00Z,147abc6a,8bab4dff,a6177608,0.0
2025-03-01T13:48:00Z,147abc6a,8bab4dff,a6177608,0.0
2025-03-01T13:51:00Z,147abc6a,8bab4dff,a6177608,0.0
2025-03-01T13:54:00Z,147abc6a,8bab4dff,a6177608,0.0
2025-03-01T13:57:00Z,147abc6a,8bab4dff,a6177608,0.0
2025-03-01T14:00:00Z,147abc6a,8bab4dff,a6177608,0.0
2025-03-01T14:03:00Z,147abc6a,8bab4dff,a6177608,0.0
2025-03-01T14:06:00Z,147abc6a,8bab4dff,a6177608,0.0
2025-03-01T14:09:00Z,147abc6a,8bab4dff,a6177608,0.0
2025-03-01T14:12:00Z,147abc6a,8bab4dff,a6177608,0.0
2025-03-01T14:15:00Z,147abc6a,8bab4dff,a6177608,0.0
2025-03-01T14:18:00Z,147abc6a,8bab4dff,a6177608,0.0
2025-03-01T14:21:00Z,147abc6a,8bab4dff,a6177608,0.0
2025-03-01T14:24:00Z,147abc6a,8bab4dff,a6177608,0.0
2025-03-01T14:27:00Z,147abc6a,8bab4dff,a6177608,0.0
2025-03-01T14:30:00Z,147abc6a,8bab4dff,a6177608,0.0
2025-03-01T14:33:00Z,147abc6a,8bab4dff,a6177608,0.0
2025-03-01T14:36:00Z,147abc6a,8bab4dff,a6177608,0.0
2025-03-01T14:39:00Z,147abc6a,8bab4dff,a6177608,0.0
2025-03-01T14:42:00Z,147abc6a,8bab4dff,a6177608,0.0
2025-03-01T14:45:00Z,147abc6a,8bab4dff,a6177608,0.0
2025-03-01T14:48:00Z,147abc6a,8bab4dff,a6177608,0.0
2025-03-01T14:51:00Z,147abc6a,8bab4dff,a6177608,0.0
2025-03-01T14:54:00Z,147abc6a,8bab4dff,a6177608,0.0
2025-03-01T14:57:00Z,147abc6a,8bab4dff,a6177608,0.0
2025-03-01T15:00:00Z,147abc6a,8bab4dff,a6177608,0.0
2025-03-01T15:03:00Z,147abc6a,8bab4dff,a6177608,0.0
2025-03-01T15:06:00Z,147abc6a,8bab4dff,a6177608,0.0
2025-03-01T15:09:00Z,147abc6a,8bab4dff,a6177608,0.0
2025-03-01T15:12:00Z,147abc6a,8bab4dff,a6177608,0.0
2025-03-01T15:15:00Z,147abc6a,8bab4dff,a6177608,0.0
2025-03-01T15:18:00Z,147abc6a,8bab4dff,a6177608,0.0
2025-03-01T15:21:00Z,147abc6a,8bab4dff,a6177608,0.0
2025-03-01T15:24:00Z,147abc6a,8bab4dff,a6177608,0.0
2025-03-01T15:27:00Z,147abc6a,8bab4dff,a6177608,0.0
2025-03-01T15:30:00Z,147abc6a,8bab4dff,a6177608,0.0
2025-03-01T15:33:00Z,147abc6a,8bab4dff,a6177608,0.0
2025-03-01T15:36:00Z,147abc6a,8bab4dff,a6177608,0.0
2025-03-01T15:39:00Z,147abc6a,8bab4dff,a6177608,0.0
2025-03-01T15:42:00Z,147abc6a,8bab4dff,a6177608,0.0
2025-03-01T15:45:00Z,147abc6a,8bab4dff,a6177608,0.0
2025-03-01T15:48:00Z,147abc6a,8bab4dff,a6177608,0.0
2025-03-01T15:51:00Z,147abc6a,8bab4dff,a6177608,0.0
2025-03-01T15:54:00Z,147abc6a,8bab4dff,a6177608,0.0
2025-03-01T15:57:00Z,147abc6a,8bab4dff,a6177608,0.0
2025-03-01T16:00:00Z,147abc6a,8bab4dff,a6177608,0.0
2025-03-01T16:03:00Z,147abc6a,8bab4dff,a6177608,0.0
2025-03-01T16:06:00Z,147abc6a,8bab4dff,a6177608,0.0
2025-03-01T16:09:00Z,147abc6a,8bab4dff,a6177608,0.0
2025-03-01T16:12:00Z,147abc6a,8bab4dff,a6177608,0.0
2025-03-01T16:15:00Z,147abc6a,8bab4dff,a6177608,0.0
2025-03-01T16:18:00Z,147abc6a,8bab4dff,a6177608,0.0
2025-03-01T16:21:00Z,147abc6a,8bab4dff,a6177608,0.0
2025-03-01T16:24:00Z,147abc6a,8bab4dff,a6177608,0.0
2025-03-01T16:27:00Z,147abc6a,8bab4dff,a6177608,0.0
2025-03-01T16:30:00Z,147abc6a,8bab4dff,a6177608,0.0
2025-03-01T16:33:00Z,147abc6a,8bab4dff,a6177608,0.0
2025-03-01T16:36:00Z,147abc6a,8bab4dff,a6177608,0.0
2025-03-01T16:39:00Z,147abc6a,8bab4dff,a6177608,0.0
2025-03-01T16:42:00Z,147abc6a,8bab4dff,a6177608,0.0
2025-03-01T16:45:00Z,147abc6a,8bab4dff,a6177608,0.0
2025-03-01T16:48:00Z,147abc6a,8bab4dff,a6177608,0.01
2025-03-01T16:51:00Z,147abc6a,8bab4dff,a6177608,0.0
2025-03-01T16:54:00Z,147abc6a,8bab4dff,a6177608,0.0
2025-03-01T16:57:00Z,147abc6a,8bab4dff,a6177608,0.0
2025-03-01T17:00:00Z,147abc6a,8bab4dff,a6177608,0.0
2025-03-01T17:03:00Z,147abc6a,8bab4dff,a6177608,0.0
2025-03-01T17:06:00Z,147abc6a,8bab4dff,a6177608,0.0
2025-03-01T17:09:00Z,147abc6a,8bab4dff,a6177608,0.0
2025-03-01T17:12:00Z,147abc6a,8bab4dff,a6177608,0.0
2025-03-01T17:15:00Z,147abc6a,8bab4dff,a6177608,0.0
2025-03-01T17:18:00Z,147abc6a,8bab4dff,a6177608,0.0
2025-03-01T17:21:00Z,147abc6a,8bab4dff,a6177608,0.0
2025-03-01T17:24:00Z,147abc6a,8bab4dff,a6177608,0.0
2025-03-01T17:27:00Z,147abc6a,8bab4dff,a6177608,0.0
2025-03-01T17:30:00Z,147abc6a,8bab4dff,a6177608,0.0
2025-03-01T17:33:00Z,147abc6a,8bab4dff,a6177608,0.0
2025-03-01T17:36:00Z,147abc6a,8bab4dff,a6177608,0.0
2025-03-01T17:39:00Z,147abc6a,8bab4dff,a6177608,0.0
2025-03-01T17:42:00Z,147abc6a,8bab4dff,a6177608,0.0
2025-03-01T17:45:00Z,147abc6a,8bab4dff,a6177608,0.0
2025-03-01T17:48:00Z,147abc6a,8bab4dff,a6177608,0.0
2025-03-01T17:51:00Z,147abc6a,8bab4dff,a6177608,0.0
2025-03-01T17:54:00Z,147abc6a,8bab4dff,a6177608,0.0
2025-03-01T17:57:00Z,147abc6a,8bab4dff,a6177608,0.0
2025-03-01T18:00:00Z,147abc6a,8bab4dff,a6177608,0.0
2025-03-01T18:03:00Z,147abc6a,8bab4dff,a6177608,0.0
2025-03-01T18:06:00Z,147abc6a,8bab4dff,a6177608,0.0
2025-03-01T18:09:00Z,147abc6a,8bab4dff,a6177608,0.0
2025-03-01T18:12:00Z,147abc6a,8bab4dff,a6177608,0.0
2025-03-01T18:15:00Z,147abc6a,8bab4dff,a6177608,0.0
2025-03-01T18:18:00Z,147abc6a,8bab4dff,a6177608,0.0
2025-03-01T18:21:00Z,147abc6a,8bab4dff,a6177608,0.0
2025-03-01T18:24:00Z,147abc6a,8bab4dff,a6177608,0.0
2025-03-01T18:27:00Z,147abc6a,8bab4dff,a6177608,0.0
2025-03-01T18:30:00Z,147abc6a,8bab4dff,a6177608,0.0
2025-03-01T18:33:00Z,147abc6a,8bab4dff,a6177608,0.0
2025-03-01T18:36:00Z,147abc6a,8bab4dff,a6177608,0.0
2025-03-01T18:39:00Z,147abc6a,8bab4dff,a6177608,0.0
2025-03-01T18:42:00Z,147abc6a,8bab4dff,a6177608,0.0
2025-03-01T18:45:00Z,147abc6a,8bab4dff,a6177608,0.0
2025-03-01T18:48:00Z,147abc6a,8bab4dff,a6177608,0.0
2025-03-01T18:51:00Z,147abc6a,8bab4dff,a6177608,0.0
2025-03-01T18:54:00Z,147abc6a,8bab4dff,a6177608,0.0
2025-03-01T18:57:00Z,147abc6a,8bab4dff,a6177608,0.0
2025-03-01T19:00:00Z,147abc6a,8bab4dff,a6177608,0.0
2025-03-01T19:03:00Z,147abc6a,8bab4dff,a6177608,0.0
2025-03-01T19:06:00Z,147abc6a,8bab4dff,a6177608,0.0
2025-03-01T19:09:00Z,147abc6a,8bab4dff,a6177608,0.0
2025-03-01T19:12:00Z,147abc6a,8bab4dff,a6177608,0.0
2025-03-01T19:15:00Z,147abc6a,8bab4dff,a6177608,0.0
2025-03-01T19:18:00Z,147abc6a,8bab4dff,a6177608,0.0
2025-03-01T19:21:00Z,147abc6a,8bab4dff,a6177608,0.0
2025-03-01T19:24:00Z,147abc6a,8bab4dff,a6177608,0.0
2025-03-01T19:27:00Z,147abc6a,8bab4dff,a6177608,0.0
2025-03-01T19:30:00Z,147abc6a,8bab4dff,a6177608,0.0
2025-03-01T19:33:00Z,147abc6a,8bab4dff,a6177608,0.0
2025-03-01T19:36:00Z,147abc6a,8bab4dff,a6177608,0.0
2025-03-01T19:39:00Z,147abc6a,8bab4dff,a6177608,0.0
2025-03-01T19:42:00Z,147abc6a,8bab4dff,a6177608,0.0
2025-03-01T19:45:00Z,147abc6a,8bab4dff,a6177608,0.0
2025-03-01T19:48:00Z,147abc6a,8bab4dff,a6177608,0.0
2025-03-01T19:51:00Z,147abc6a,8bab4dff,a6177608,0.0
2025-03-01T19:54:00Z,147abc6a,8bab4dff,a6177608,0.0
2025-03-01T19:57:00Z,147abc6a,8bab4dff,a6177608,0.0
2025-03-01T20:00:00Z,147abc6a,8bab4dff,a6177608,0.0
2025-03-01T20:03:00Z,147abc6a,8bab4dff,a6177608,0.0
2025-03-01T20:06:00Z,147abc6a,8bab4dff,a6177608,0.0
2025-03-01T20:09:00Z,147abc6a,8bab4dff,a6177608,0.0
2025-03-01T20:12:00Z,147abc6a,8bab4dff,a6177608,0.0
2025-03-01T20:15:00Z,147abc6a,8bab4dff,a6177608,0.0
2025-03-01T20:18:00Z,147abc6a,8bab4dff,a6177608,0.0
2025-03-01T20:21:00Z,147abc6a,8bab4dff,a6177608,0.0
2025-03-01T20:24:00Z,147abc6a,8bab4dff,a6177608,0.0
2025-03-01T20:27:00Z,147abc6a,8bab4dff,a6177608,0.0
2025-03-01T20:30:00Z,147abc6a,8bab4dff,a6177608,0.0
2025-03-01T20:33:00Z,147abc6a,8bab4dff,a6177608,0.0
2025-03-01T20:36:00Z,147abc6a,8bab4dff,a6177608,0.0
2025-03-01T20:39:00Z,147abc6a,8bab4dff,a6177608,0.0
2025-03-01T20:42:00Z,147abc6a,8bab4dff,a6177608,0.0
2025-03-01T20:45:00Z,147abc6a,8bab4dff,a6177608,0.0
2025-03-01T20:48:00Z,147abc6a,8bab4dff,a6177608,0.0
2025-03-01T20:51:00Z,147abc6a,8bab4dff,a6177608,0.0
2025-03-01T20:54:00Z,147abc6a,8bab4dff,a6177608,0.0
2025-03-01T20:57:00Z,147abc6a,8bab4dff,a6177608,0.0
2025-03-01T21:00:00Z,147abc6a,8bab4dff,a6177608,0.0
2025-03-01T21:03:00Z,147abc6a,8bab4dff,a6177608,0.0
2025-03-01T21:06:00Z,147abc6a,8bab4dff,a6177608,0.0
2025-03-01T21:09:00Z,147abc6a,8bab4dff,a6177608,0.0
2025-03-01T21:12:00Z,147abc6a,8bab4dff,a6177608,0.0
2025-03-01T21:15:00Z,147abc6a,8bab4dff,a6177608,0.0
2025-03-01T21:18:00Z,147abc6a,8bab4dff,a6177608,0.0
2025-03-01T21:21:00Z,147abc6a,8bab4dff,a6177608,0.0
2025-03-01T21:24:00Z,147abc6a,8bab4dff,a6177608,0.0
2025-03-01T21:27:00Z,147abc6a,8bab4dff,a6177608,0.0
2025-03-01T21:30:00Z,147abc6a,8bab4dff,a6177608,0.0
2025-03-01T21:33:00Z,147abc6a,8bab4dff,a6177608,0.01
2025-03-01T21:36:00Z,147abc6a,8bab4dff,a6177608,0.0
2025-03-01T21:39:00Z,147abc6a,8bab4dff,a6177608,0.0
2025-03-01T21:42:00Z,147abc6a,8bab4dff,a6177608,0.0
2025-03-01T21:45:00Z,147abc6a,8bab4dff,a6177608,0.0
2025-03-01T21:48:00Z,147abc6a,8bab4dff,a6177608,0.0
2025-03-01T21:51:00Z,147abc6a,8bab4dff,a6177608,0.0
2025-03-01T21:54:00Z,147abc6a,8bab4dff,a6177608,0.0
2025-03-01T21:57:00Z,147abc6a,8bab4dff,a6177608,0.0
2025-03-01T22:00:00Z,147abc6a,8bab4dff,a6177608,0.0
2025-03-01T22:03:00Z,147abc6a,8bab4dff,a6177608,0.0
2025-03-01T22:06:00Z,147abc6a,8bab4dff,a6177608,0.0
2025-03-01T22:09:00Z,147abc6a,8bab4dff,a6177608,0.0
2025-03-01T22:12:00Z,147abc6a,8bab4dff,a6177608,0.0
2025-03-01T22:15:00Z,147abc6a,8bab4dff,a6177608,0.0
2025-03-01T22:18:00Z,147abc6a,8bab4dff,a6177608,0.0
2025-03-01T22:21:00Z,147abc6a,8bab4dff,a6177608,0.0
2025-03-01T22:24:00Z,147abc6a,8bab4dff,a6177608,0.0
2025-03-01T22:27:00Z,147abc6a,8bab4dff,a6177608,0.0
2025-03-01T22:30:00Z,147abc6a,8bab4dff,a6177608,0.0
2025-03-01T22:33:00Z,147abc6a,8bab4dff,a6177608,0.0
2025-03-01T22:36:00Z,147abc6a,8bab4dff,a6177608,0.0
2025-03-01T22:39:00Z,147abc6a,8bab4dff,a6177608,0.0
2025-03-01T22:42:00Z,147abc6a,8bab4dff,a6177608,0.0
2025-03-01T22:45:00Z,147abc6a,8bab4dff,a6177608,0.0
2025-03-01T22:48:00Z,147abc6a,8bab4dff,a6177608,0.0
2025-03-01T22:51:00Z,147abc6a,8bab4dff,a6177608,0.0
2025-03-01T22:54:00Z,147abc6a,8bab4dff,a6177608,0.0
2025-03-01T22:57:00Z,147abc6a,8bab4dff,a6177608,0.0
2025-03-01T23:00:00Z,147abc6a,8bab4dff,a6177608,0.0
2025-03-01T23:03:00Z,147abc6a,8bab4dff,a6177608,0.0
2025-03-01T23:06:00Z,147abc6a,8bab4dff,a6177608,0.0
2025-03-01T23:09:00Z,147abc6a,8bab4dff,a6177608,0.0
2025-03-01T23:12:00Z,147abc6a,8bab4dff,a6177608,0.0
2025-03-01T23:15:00Z,147abc6a,8bab4dff,a6177608,0.0
2025-03-01T23:18:00Z,147abc6a,8bab4dff,a6177608,0.0
2025-03-01T23:21:00Z,147abc6a,8bab4dff,a6177608,0.0
2025-03-01T23:24:00Z,147abc6a,8bab4dff,a6177608,0.0
2025-03-01T23:27:00Z,147abc6a,8bab4dff,a6177608,0.0
2025-03-01T23:30:00Z,147abc6a,8bab4dff,a6177608,0.0
2025-03-01T23:33:00Z,147abc6a,8bab4dff,a6177608,0.0
2025-03-01T23:36:00Z,147abc6a,8bab4dff,a6177608,0.0
2025-03-01T23:39:00Z,147abc6a,8bab4dff,a6177608,0.0
2025-03-01T23:42:00Z,147abc6a,8bab4dff,a6177608,0.0
2025-03-01T23:45:00Z,147abc6a,8bab4dff,a6177608,0.0
2025-03-01T23:48:00Z,147abc6a,8bab4dff,a6177608,0.0
2025-03-01T23:51:00Z,147abc6a,8bab4dff,a6177608,0.0
2025-03-01T23:54:00Z,147abc6a,8bab4dff,a6177608,0.0
2025-03-01T23:57:00Z,147abc6a,8bab4dff,a6177608,0.0
2025-03-02T00:00:00Z,147abc6a,8bab4dff,a6177608,0.0
2025-03-02T00:03:00Z,147abc6a,8bab4dff,a6177608,0.0
2025-03-02T00:06:00Z,147abc6a,8bab4dff,a6177608,0.0
2025-03-02T00:09:00Z,147abc6a,8bab4dff,a6177608,0.0
2025-03-02T00:12:00Z,147abc6a,8bab4dff,a6177608,0.0
2025-03-02T00:15:00Z,147abc6a,8bab4dff,a6177608,0.0
2025-03-02T00:18:00Z,147abc6a,8bab4dff,a6177608,0.0
2025-03-02T00:21:00Z,147abc6a,8bab4dff,a6177608,0.0
2025-03-02T00:24:00Z,147abc6a,8bab4dff,a6177608,0.0
2025-03-02T00:27:00Z,147abc6a,8bab4dff,a6177608,0.0
2025-03-02T00:30:00Z,147abc6a,8bab4dff,a6177608,0.0
2025-03-02T00:33:00Z,147abc6a,8bab4dff,a6177608,0.0
2025-03-02T00:36:00Z,147abc6a,8bab4dff,a6177608,0.0
2025-03-02T00:39:00Z,147abc6a,8bab4dff,a6177608,0.0
2025-03-02T00:42:00Z,147abc6a,8bab4dff,a6177608,0.0
2025-03-02T00:45:00Z,147abc6a,8bab4dff,a6177608,0.0
2025-03-02T00:48:00Z,147abc6a,8bab4dff,a6177608,0.0
2025-03-02T00:51:00Z,147abc6a,8bab4dff,a6177608,0.0
2025-03-02T00:54:00Z,147abc6a,8bab4dff,a6177608,0.0
2025-03-02T00:57:00Z,147abc6a,8bab4dff,a6177608,0.0
2025-03-02T01:00:00Z,147abc6a,8bab4dff,a6177608,0.0
2025-03-02T01:03:00Z,147abc6a,8bab4dff,a6177608,0.0
2025-03-02T01:06:00Z,147abc6a,8bab4dff,a6177608,0.0
2025-03-02T01:09:00Z,147abc6a,8bab4dff,a6177608,0.0
2025-03-02T01:12:00Z,147abc6a,8bab4dff,a6177608,0.0
2025-03-02T01:15:00Z,147abc6a,8bab4dff,a6177608,0.0
2025-03-02T01:18:00Z,147abc6a,8bab4dff,a6177608,0.0
2025-03-02T01:21:00Z,147abc6a,8bab4dff,a6177608,0.0
2025-03-02T01:24:00Z,147abc6a,8bab4dff,a6177608,0.0
2025-03-02T01:27:00Z,147abc6a,8bab4dff,a6177608,0.0
2025-03-02T01:30:00Z,147abc6a,8bab4dff,a6177608,0.0
2025-03-02T01:33:00Z,147abc6a,8bab4dff,a6177608,0.0
2025-03-02T01:36:00Z,147abc6a,8bab4dff,a6177608,0.0
2025-03-02T01:39:00Z,147abc6a,8bab4dff,a6177608,0.0
2025-03-02T01:42:00Z,147abc6a,8bab4dff,a6177608,0.0
2025-03-02T01:45:00Z,147abc6a,8bab4dff,a6177608,0.0
2025-03-02T01:48:00Z,147abc6a,8bab4dff,a6177608,0.0
2025-03-02T01:51:00Z,147abc6a,8bab4dff,a6177608,0.0
2025-03-02T01:54:00Z,147abc6a,8bab4dff,a6177608,0.0
2025-03-02T01:57:00Z,147abc6a,8bab4dff,a6177608,0.0
2025-03-02T02:00:00Z,147abc6a,8bab4dff,a6177608,0.0
2025-03-02T02:03:00Z,147abc6a,8bab4dff,a6177608,0.0
2025-03-02T02:06:00Z,147abc6a,8bab4dff,a6177608,0.0
2025-03-02T02:09:00Z,147abc6a,8bab4dff,a6177608,0.0
2025-03-02T02:12:00Z,147abc6a,8bab4dff,a6177608,0.0
2025-03-02T02:15:00Z,147abc6a,8bab4dff,a6177608,0.0
2025-03-02T02:18:00Z,147abc6a,8bab4dff,a6177608,0.0
2025-03-02T02:21:00Z,147abc6a,8bab4dff,a6177608,0.0
2025-03-02T02:24:00Z,147abc6a,8bab4dff,a6177608,0.0
2025-03-02T02:27:00Z,147abc6a,8bab4dff,a6177608,0.0
2025-03-02T02:30:00Z,147abc6a,8bab4dff,a6177608,0.0
2025-03-02T02:33:00Z,147abc6a,8bab4dff,a6177608,0.0
2025-03-02T02:36:00Z,147abc6a,8bab4dff,a6177608,0.0
2025-03-02T02:39:00Z,147abc6a,8bab4dff,a6177608,0.0
2025-03-02T02:42:00Z,147abc6a,8bab4dff,a6177608,0.0
2025-03-02T02:45:00Z,147abc6a,8bab4dff,a6177608,0.0
2025-03-02T02:48:00Z,147abc6a,8bab4dff,a6177608,0.0
2025-03-02T02:51:00Z,147abc6a,8bab4dff,a6177608,0.0
2025-03-02T02:54:00Z,147abc6a,8bab4dff,a6177608,0.0
2025-03-02T02:57:00Z,147abc6a,8bab4dff,a6177608,0.0
2025-03-02T03:00:00Z,147abc6a,8bab4dff,a6177608,0.0
2025-03-02T03:03:00Z,147abc6a,8bab4dff,a6177608,0.0
2025-03-02T03:06:00Z,147abc6a,8bab4dff,a6177608,0.0
2025-03-02T03:09:00Z,147abc6a,8bab4dff,a6177608,0.0
2025-03-02T03:12:00Z,147abc6a,8bab4dff,a6177608,0.0
2025-03-02T03:15:00Z,147abc6a,8bab4dff,a6177608,0.0
2025-03-02T03:18:00Z,147abc6a,8bab4dff,a6177608,0.0
2025-03-02T03:21:00Z,147abc6a,8bab4dff,a6177608,0.0
2025-03-02T03:24:00Z,147abc6a,8bab4dff,a6177608,0.0
2025-03-02T03:27:00Z,147abc6a,8bab4dff,a6177608,0.0
2025-03-02T03:30:00Z,147abc6a,8bab4dff,a6177608,0.0
2025-03-02T03:33:00Z,147abc6a,8bab4dff,a6177608,0.0
2025-03-02T03:36:00Z,147abc6a,8bab4dff,a6177608,0.0
2025-03-02T03:39:00Z,147abc6a,8bab4dff,a6177608,0.0
2025-03-02T03:42:00Z,147abc6a,8bab4dff,a6177608,0.0
2025-03-02T03:45:00Z,147abc6a,8bab4dff,a6177608,0.0
2025-03-02T03:48:00Z,147abc6a,8bab4dff,a6177608,0.0
2025-03-02T03:51:00Z,147abc6a,8bab4dff,a6177608,0.0
2025-03-02T03:54:00Z,147abc6a,8bab4dff,a6177608,0.0
2025-03-02T03:57:00Z,147abc6a,8bab4dff,a6177608,0.0
2025-03-02T04:00:00Z,147abc6a,8bab4dff,a6177608,0.0
2025-03-02T04:03:00Z,147abc6a,8bab4dff,a6177608,0.0
2025-03-02T04:06:00Z,147abc6a,8bab4dff,a6177608,0.0
2025-03-02T04:09:00Z,147abc6a,8bab4dff,a6177608,0.0
2025-03-02T04:12:00Z,147abc6a,8bab4dff,a6177608,0.0
2025-03-02T04:15:00Z,147abc6a,8bab4dff,a6177608,0.0
2025-03-02T04:18:00Z,147abc6a,8bab4dff,a6177608,0.0
2025-03-02T04:21:00Z,147abc6a,8bab4dff,a6177608,0.0
2025-03-02T04:24:00Z,147abc6a,8bab4dff,a6177608,0.0
2025-03-02T04:27:00Z,147abc6a,8bab4dff,a6177608,0.0
2025-03-02T04:30:00Z,147abc6a,8bab4dff,a6177608,0.0
2025-03-02T04:33:00Z,147abc6a,8bab4dff,a6177608,0.0
2025-03-02T04:36:00Z,147abc6a,8bab4dff,a6177608,0.0
2025-03-02T04:39:00Z,147abc6a,8bab4dff,a6177608,0.0
2025-03-02T04:42:00Z,147abc6a,8bab4dff,a6177608,0.0
2025-03-02T04:45:00Z,147abc6a,8bab4dff,a6177608,0.0
2025-03-02T04:48:00Z,147abc6a,8bab4dff,a6177608,0.0
2025-03-02T04:51:00Z,147abc6a,8bab4dff,a6177608,0.0
2025-03-02T04:54:00Z,147abc6a,8bab4dff,a6177608,0.0
2025-03-02T04:57:00Z,147abc6a,8bab4dff,a6177608,0.0
2025-03-02T05:00:00Z,147abc6a,8bab4dff,a6177608,0.0
2025-03-02T05:03:00Z,147abc6a,8bab4dff,a6177608,0.0
2025-03-02T05:06:00Z,147abc6a,8bab4dff,a6177608,0.0
2025-03-02T05:09:00Z,147abc6a,8bab4dff,a6177608,0.0
2025-03-02T05:12:00Z,147abc6a,8bab4dff,a6177608,0.0
2025-03-02T05:15:00Z,147abc6a,8bab4dff,a6177608,0.0
2025-03-02T05:18:00Z,147abc6a,8bab4dff,a6177608,0.0
2025-03-02T05:21:00Z,147abc6a,8bab4dff,a6177608,0.0
2025-03-02T05:24:00Z,147abc6a,8bab4dff,a6177608,0.0
2025-03-02T05:27:00Z,147abc6a,8bab4dff,a6177608,0.0
2025-03-02T05:30:00Z,147abc6a,8bab4dff,a6177608,0.0
2025-03-02T05:33:00Z,147abc6a,8bab4dff,a6177608,0.0
2025-03-02T05:36:00Z,147abc6a,8bab4dff,a6177608,0.0
2025-03-02T05:39:00Z,147abc6a,8bab4dff,a6177608,0.0
2025-03-02T05:42:00Z,147abc6a,8bab4dff,a6177608,0.0
2025-03-02T05:45:00Z,147abc6a,8bab4dff,a6177608,0.0
2025-03-02T05:48:00Z,147abc6a,8bab4dff,a6177608,0.0
2025-03-02T05:51:00Z,147abc6a,8bab4dff,a6177608,0.0
2025-03-02T05:54:00Z,147abc6a,8bab4dff,a6177608,0.0
2025-03-02T05:57:00Z,147abc6a,8bab4dff,a6177608,0.0
2025-03-02T06:00:00Z,147abc6a,8bab4dff,a6177608,0.0
2025-03-02T06:03:00Z,147abc6a,8bab4dff,a6177608,0.0
2025-03-02T06:06:00Z,147abc6a,8bab4dff,a6177608,0.0
2025-03-02T06:09:00Z,147abc6a,8bab4dff,a6177608,0.0
2025-03-02T06:12:00Z,147abc6a,8bab4dff,a6177608,0.0
2025-03-02T06:15:00Z,147abc6a,8bab4dff,a6177608,0.0
2025-03-02T06:18:00Z,147abc6a,8bab4dff,a6177608,0.0
2025-03-02T06:21:00Z,147abc6a,8bab4dff,a6177608,0.0
2025-03-02T06:24:00Z,147abc6a,8bab4dff,a6177608,0.0
2025-03-02T06:27:00Z,147abc6a,8bab4dff,a6177608,0.0
2025-03-02T06:30:00Z,147abc6a,8bab4dff,a6177608,0.0
2025-03-02T06:33:00Z,147abc6a,8bab4dff,a6177608,0.0
2025-03-02T06:36:00Z,147abc6a,8bab4dff,a6177608,0.0
2025-03-02T06:39:00Z,147abc6a,8bab4dff,a6177608,0.0
2025-03-02T06:42:00Z,147abc6a,8bab4dff,a6177608,0.0
2025-03-02T06:45:00Z,147abc6a,8bab4dff,a6177608,0.0
2025-03-02T06:48:00Z,147abc6a,8bab4dff,a6177608,0.02
2025-03-02T06:51:00Z,147abc6a,8bab4dff,a6177608,0.14
2025-03-02T06:54:00Z,147abc6a,8bab4dff,a6177608,0.0
2025-03-02T06:57:00Z,147abc6a,8bab4dff,a6177608,0.0
2025-03-02T07:00:00Z,147abc6a,8bab4dff,a6177608,0.0
2025-03-02T07:03:00Z,147abc6a,8bab4dff,a6177608,0.0
2025-03-02T07:06:00Z,147abc6a,8bab4dff,a6177608,0.0
2025-03-02T07:09:00Z,147abc6a,8bab4dff,a6177608,0.0
2025-03-02T07:12:00Z,147abc6a,8bab4dff,a6177608,0.0
2025-03-02T07:15:00Z,147abc6a,8bab4dff,a6177608,0.0
2025-03-02T07:18:00Z,147abc6a,8bab4dff,a6177608,0.0
2025-03-02T07:21:00Z,147abc6a,8bab4dff,a6177608,0.0
2025-03-02T07:24:00Z,147abc6a,8bab4dff,a6177608,0.0
2025-03-02T07:27:00Z,147abc6a,8bab4dff,a6177608,0.0
2025-03-02T07:30:00Z,147abc6a,8bab4dff,a6177608,0.0
2025-03-02T07:33:00Z,147abc6a,8bab4dff,a6177608,0.0
2025-03-02T07:36:00Z,147abc6a,8bab4dff,a6177608,0.0
2025-03-02T07:39:00Z,147abc6a,8bab4dff,a6177608,0.0
2025-03-02T07:42:00Z,147abc6a,8bab4dff,a6177608,0.0
2025-03-02T07:45:00Z,147abc6a,8bab4dff,a6177608,0.0
2025-03-02T07:48:00Z,147abc6a,8bab4dff,a6177608,0.0
2025-03-02T07:51:00Z,147abc6a,8bab4dff,a6177608,0.0
2025-03-02T07:54:00Z,147abc6a,8bab4dff,a6177608,0.0
2025-03-02T07:57:00Z,147abc6a,8bab4dff,a6177608,0.0
2025-03-02T08:00:00Z,147abc6a,8bab4dff,a6177608,0.0
2025-03-02T08:03:00Z,147abc6a,8bab4dff,a6177608,0.0
2025-03-02T08:06:00Z,147abc6a,8bab4dff,a6177608,0.0
2025-03-02T08:09:00Z,147abc6a,8bab4dff,a6177608,0.0
2025-03-02T08:12:00Z,147abc6a,8bab4dff,a6177608,0.0
2025-03-02T08:15:00Z,147abc6a,8bab4dff,a6177608,0.0
2025-03-02T08:18:00Z,147abc6a,8bab4dff,a6177608,0.0
2025-03-02T08:21:00Z,147abc6a,8bab4dff,a6177608,0.0
2025-03-02T08:24:00Z,147abc6a,8bab4dff,a6177608,0.0
2025-03-02T08:27:00Z,147abc6a,8bab4dff,a6177608,0.0
2025-03-02T08:30:00Z,147abc6a,8bab4dff,a6177608,0.0
2025-03-02T08:33:00Z,147abc6a,8bab4dff,a6177608,0.0
2025-03-02T08:36:00Z,147abc6a,8bab4dff,a6177608,0.0
2025-03-02T08:39:00Z,147abc6a,8bab4dff,a6177608,0.0
2025-03-02T08:42:00Z,147abc6a,8bab4dff,a6177608,0.0
2025-03-02T08:45:00Z,147abc6a,8bab4dff,a6177608,0.0
2025-03-02T08:48:00Z,147abc6a,8bab4dff,a6177608,0.0
2025-03-02T08:51:00Z,147abc6a,8bab4dff,a6177608,0.0
2025-03-02T08:54:00Z,147abc6a,8bab4dff,a6177608,0.0
2025-03-02T08:57:00Z,147abc6a,8bab4dff,a6177608,0.0
2025-03-02T09:00:00Z,147abc6a,8bab4dff,a6177608,0.0
2025-03-02T09:03:00Z,147abc6a,8bab4dff,a6177608,0.0
2025-03-02T09:06:00Z,147abc6a,8bab4dff,a6177608,0.0
2025-03-02T09:09:00Z,147abc6a,8bab4dff,a6177608,0.0
2025-03-02T09:12:00Z,147abc6a,8bab4dff,a6177608,0.0
2025-03-02T09:15:00Z,147abc6a,8bab4dff,a6177608,0.0
2025-03-02T09:18:00Z,147abc6a,8bab4dff,a6177608,0.0
2025-03-02T09:21:00Z,147abc6a,8bab4dff,a6177608,0.0
2025-03-02T09:24:00Z,147abc6a,8bab4dff,a6177608,0.0
2025-03-02T09:27:00Z,147abc6a,8bab4dff,a6177608,0.0
2025-03-02T09:30:00Z,147abc6a,8bab4dff,a6177608,0.0
2025-03-02T09:33:00Z,147abc6a,8bab4dff,a6177608,0.0
2025-03-02T09:36:00Z,147abc6a,8bab4dff,a6177608,0.0
2025-03-02T09:39:00Z,147abc6a,8bab4dff,a6177608,0.0
2025-03-02T09:42:00Z,147abc6a,8bab4dff,a6177608,0.0
2025-03-02T09:45:00Z,147abc6a,8bab4dff,a6177608,0.0
2025-03-02T09:48:00Z,147abc6a,8bab4dff,a6177608,0.0
2025-03-02T09:51:00Z,147abc6a,8bab4dff,a6177608,0.0
2025-03-02T09:54:00Z,147abc6a,8bab4dff,a6177608,0.0
2025-03-02T09:57:00Z,147abc6a,8bab4dff,a6177608,0.0
2025-03-02T10:00:00Z,147abc6a,8bab4dff,a6177608,0.0
2025-03-02T10:03:00Z,147abc6a,8bab4dff,a6177608,0.0
2025-03-02T10:06:00Z,147abc6a,8bab4dff,a6177608,0.0
2025-03-02T10:09:00Z,147abc6a,8bab4dff,a6177608,0.0
2025-03-02T10:12:00Z,147abc6a,8bab4dff,a6177608,0.0
2025-03-02T10:15:00Z,147abc6a,8bab4dff,a6177608,0.0
2025-03-02T10:18:00Z,147abc6a,8bab4dff,a6177608,0.0
2025-03-02T10:21:00Z,147abc6a,8bab4dff,a6177608,0.0
2025-03-02T10:24:00Z,147abc6a,8bab4dff,a6177608,0.0
2025-03-02T10:27:00Z,147abc6a,8bab4dff,a6177608,0.0
2025-03-02T10:30:00Z,147abc6a,8bab4dff,a6177608,0.0
2025-03-02T10:33:00Z,147abc6a,8bab4dff,a6177608,0.0
2025-03-02T10:36:00Z,147abc6a,8bab4dff,a6177608,0.0
2025-03-02T10:39:00Z,147abc6a,8bab4dff,a6177608,0.0
2025-03-02T10:42:00Z,147abc6a,8bab4dff,a6177608,0.0
2025-03-02T10:45:00Z,147abc6a,8bab4dff,a6177608,0.0
2025-03-02T10:48:00Z,147abc6a,8bab4dff,a6177608,0.0
2025-03-02T10:51:00Z,147abc6a,8bab4dff,a6177608,0.0
2025-03-02T10:54:00Z,147abc6a,8bab4dff,a6177608,0.0
2025-03-02T10:57:00Z,147abc6a,8bab4dff,a6177608,0.0
2025-03-02T11:00:00Z,147abc6a,8bab4dff,a6177608,0.0
2025-03-02T11:03:00Z,147abc6a,8bab4dff,a6177608,0.0
2025-03-02T11:06:00Z,147abc6a,8bab4dff,a6177608,0.0
2025-03-02T11:09:00Z,147abc6a,8bab4dff,a6177608,0.0
2025-03-02T11:12:00Z,147abc6a,8bab4dff,a6177608,0.0
2025-03-02T11:15:00Z,147abc6a,8bab4dff,a6177608,0.0
2025-03-02T11:18:00Z,147abc6a,8bab4dff,a6177608,0.0
2025-03-02T11:21:00Z,147abc6a,8bab4dff,a6177608,0.0
2025-03-02T11:24:00Z,147abc6a,8bab4dff,a6177608,0.0
2025-03-02T11:27:00Z,147abc6a,8bab4dff,a6177608,0.0
2025-03-02T11:30:00Z,147abc6a,8bab4dff,a6177608,0.0
2025-03-02T11:33:00Z,147abc6a,8bab4dff,a6177608,0.0
2025-03-02T11:36:00Z,147abc6a,8bab4dff,a6177608,0.0
2025-03-02T11:39:00Z,147abc6a,8bab4dff,a6177608,0.0
2025-03-02T11:42:00Z,147abc6a,8bab4dff,a6177608,0.0
2025-03-02T11:45:00Z,147abc6a,8bab4dff,a6177608,0.0
2025-03-02T11:48:00Z,147abc6a,8bab4dff,a6177608,0.0
2025-03-02T11:51:00Z,147abc6a,8bab4dff,a6177608,0.0
2025-03-02T11:54:00Z,147abc6a,8bab4dff,a6177608,0.0
2025-03-02T11:57:00Z,147abc6a,8bab4dff,a6177608,0.0
2025-03-02T12:00:00Z,147abc6a,8bab4dff,a6177608,0.0
2025-03-02T12:03:00Z,147abc6a,8bab4dff,a6177608,0.0
2025-03-02T12:06:00Z,147abc6a,8bab4dff,a6177608,0.0
2025-03-02T12:09:00Z,147abc6a,8bab4dff,a6177608,0.0
2025-03-02T12:12:00Z,147abc6a,8bab4dff,a6177608,0.0
2025-03-02T12:15:00Z,147abc6a,8bab4dff,a6177608,0.0
2025-03-02T12:18:00Z,147abc6a,8bab4dff,a6177608,0.0
2025-03-02T12:21:00Z,147abc6a,8bab4dff,a6177608,0.0
2025-03-02T12:24:00Z,147abc6a,8bab4dff,a6177608,0.0
2025-03-02T12:27:00Z,147abc6a,8bab4dff,a6177608,0.0
2025-03-02T12:30:00Z,147abc6a,8bab4dff,a6177608,0.0
2025-03-02T12:33:00Z,147abc6a,8bab4dff,a6177608,0.0
2025-03-02T12:36:00Z,147abc6a,8bab4dff,a6177608,0.0
2025-03-02T12:39:00Z,147abc6a,8bab4dff,a6177608,0.0
2025-03-02T12:42:00Z,147abc6a,8bab4dff,a6177608,0.0
2025-03-02T12:45:00Z,147abc6a,8bab4dff,a6177608,0.0
2025-03-02T12:48:00Z,147abc6a,8bab4dff,a6177608,0.0
2025-03-02T12:51:00Z,147abc6a,8bab4dff,a6177608,0.0
2025-03-02T12:54:00Z,147abc6a,8bab4dff,a6177608,0.0
2025-03-02T12:57:00Z,147abc6a,8bab4dff,a6177608,0.0
2025-03-02T13:00:00Z,147abc6a,8bab4dff,a6177608,0.0
2025-03-02T13:03:00Z,147abc6a,8bab4dff,a6177608,0.0
2025-03-02T13:06:00Z,147abc6a,8bab4dff,a6177608,0.0
2025-03-02T13:09:00Z,147abc6a,8bab4dff,a6177608,0.0
2025-03-02T13:12:00Z,147abc6a,8bab4dff,a6177608,0.0
2025-03-02T13:15:00Z,147abc6a,8bab4dff,a6177608,0.0
2025-03-02T13:18:00Z,147abc6a,8bab4dff,a6177608,0.0
2025-03-02T13:21:00Z,147abc6a,8bab4dff,a6177608,0.0
2025-03-02T13:24:00Z,147abc6a,8bab4dff,a6177608,0.0
2025-03-02T13:27:00Z,147abc6a,8bab4dff,a6177608,0.0
2025-03-02T13:30:00Z,147abc6a,8bab4dff,a6177608,0.0
2025-03-02T13:33:00Z,147abc6a,8bab4dff,a6177608,0.0
2025-03-02T13:36:00Z,147abc6a,8bab4dff,a6177608,0.0
2025-03-02T13:39:00Z,147abc6a,8bab4dff,a6177608,0.0
2025-03-02T13:42:00Z,147abc6a,8bab4dff,a6177608,0.0
2025-03-02T13:45:00Z,147abc6a,8bab4dff,a6177608,0.0
2025-03-02T13:48:00Z,147abc6a,8bab4dff,a6177608,0.0
2025-03-02T13:51:00Z,147abc6a,8bab4dff,a6177608,0.0
2025-03-02T13:54:00Z,147abc6a,8bab4dff,a6177608,0.0
2025-03-02T13:57:00Z,147abc6a,8bab4dff,a6177608,0.0
2025-03-02T14:00:00Z,147abc6a,8bab4dff,a6177608,0.0
2025-03-02T14:03:00Z,147abc6a,8bab4dff,a6177608,0.0
2025-03-02T14:06:00Z,147abc6a,8bab4dff,a6177608,0.0
2025-03-02T14:09:00Z,147abc6a,8bab4dff,a6177608,0.0
2025-03-02T14:12:00Z,147abc6a,8bab4dff,a6177608,0.0
2025-03-02T14:15:00Z,147abc6a,8bab4dff,a6177608,0.0
2025-03-02T14:18:00Z,147abc6a,8bab4dff,a6177608,0.0
2025-03-02T14:21:00Z,147abc6a,8bab4dff,a6177608,0.0
2025-03-02T14:24:00Z,147abc6a,8bab4dff,a6177608,0.0
2025-03-02T14:27:00Z,147abc6a,8bab4dff,a6177608,0.0
2025-03-02T14:30:00Z,147abc6a,8bab4dff,a6177608,0.0
2025-03-02T14:33:00Z,147abc6a,8bab4dff,a6177608,0.0
2025-03-02T14:36:00Z,147abc6a,8bab4dff,a6177608,0.0
2025-03-02T14:39:00Z,147abc6a,8bab4dff,a6177608,0.0
2025-03-02T14:42:00Z,147abc6a,8bab4dff,a6177608,0.0
2025-03-02T14:45:00Z,147abc6a,8bab4dff,a6177608,0.0
2025-03-02T14:48:00Z,147abc6a,8bab4dff,a6177608,0.0
2025-03-02T14:51:00Z,147abc6a,8bab4dff,a6177608,0.0
2025-03-02T14:54:00Z,147abc6a,8bab4dff,a6177608,0.0
2025-03-02T14:57:00Z,147abc6a,8bab4dff,a6177608,0.0
2025-03-02T15:00:00Z,147abc6a,8bab4dff,a6177608,0.0
2025-03-02T15:03:00Z,147abc6a,8bab4dff,a6177608,0.0
2025-03-02T15:06:00Z,147abc6a,8bab4dff,a6177608,0.0
2025-03-02T15:09:00Z,147abc6a,8bab4dff,a6177608,0.0
2025-03-02T15:12:00Z,147abc6a,8bab4dff,a6177608,0.0
2025-03-02T15:15:00Z,147abc6a,8bab4dff,a6177608,0.0
2025-03-02T15:18:00Z,147abc6a,8bab4dff,a6177608,0.0
2025-03-02T15:21:00Z,147abc6a,8bab4dff,a6177608,0.0
2025-03-02T15:24:00Z,147abc6a,8bab4dff,a6177608,0.0
2025-03-02T15:27:00Z,147abc6a,8bab4dff,a6177608,0.0
2025-03-02T15:30:00Z,147abc6a,8bab4dff,a6177608,0.0
2025-03-02T15:33:00Z,147abc6a,8bab4dff,a6177608,0.0
2025-03-02T15:36:00Z,147abc6a,8bab4dff,a6177608,0.0
2025-03-02T15:39:00Z,147abc6a,8bab4dff,a6177608,0.0
2025-03-02T15:42:00Z,147abc6a,8bab4dff,a6177608,0.0
2025-03-02T15:45:00Z,147abc6a,8bab4dff,a6177608,0.0
2025-03-02T15:48:00Z,147abc6a,8bab4dff,a6177608,0.0
2025-03-02T15:51:00Z,147abc6a,8bab4dff,a6177608,0.0
2025-03-02T15:54:00Z,147abc6a,8bab4dff,a6177608,0.0
2025-03-02T15:57:00Z,147abc6a,8bab4dff,a6177608,0.0
2025-03-02T16:00:00Z,147abc6a,8bab4dff,a6177608,0.0
2025-03-02T16:03:00Z,147abc6a,8bab4dff,a6177608,0.0
2025-03-02T16:06:00Z,147abc6a,8bab4dff,a6177608,0.0
2025-03-02T16:09:00Z,147abc6a,8bab4dff,a6177608,0.0
2025-03-02T16:12:00Z,147abc6a,8bab4dff,a6177608,0.0
2025-03-02T16:15:00Z,147abc6a,8bab4dff,a6177608,0.0
2025-03-02T16:18:00Z,147abc6a,8bab4dff,a6177608,0.0
2025-03-02T16:21:00Z,147abc6a,8bab4dff,a6177608,0.0
2025-03-02T16:24:00Z,147abc6a,8bab4dff,a6177608,0.0
2025-03-02T16:27:00Z,147abc6a,8bab4dff,a6177608,0.0
2025-03-02T16:30:00Z,147abc6a,8bab4dff,a6177608,0.0
2025-03-02T16:33:00Z,147abc6a,8bab4dff,a6177608,0.0
2025-03-02T16:36:00Z,147abc6a,8bab4dff,a6177608,0.0
2025-03-02T16:39:00Z,147abc6a,8bab4dff,a6177608,0.0
2025-03-02T16:42:00Z,147abc6a,8bab4dff,a6177608,0.0
2025-03-02T16:45:00Z,147abc6a,8bab4dff,a6177608,0.0
2025-03-02T16:48:00Z,147abc6a,8bab4dff,a6177608,0.0
2025-03-02T16:51:00Z,147abc6a,8bab4dff,a6177608,0.0
2025-03-02T16:54:00Z,147abc6a,8bab4dff,a6177608,0.0
2025-03-02T16:57:00Z,147abc6a,8bab4dff,a6177608,0.0
2025-03-02T17:00:00Z,147abc6a,8bab4dff,a6177608,0.0
2025-03-02T17:03:00Z,147abc6a,8bab4dff,a6177608,0.0
2025-03-02T17:06:00Z,147abc6a,8bab4dff,a6177608,0.0
2025-03-02T17:09:00Z,147abc6a,8bab4dff,a6177608,0.0
2025-03-02T17:12:00Z,147abc6a,8bab4dff,a6177608,0.0
2025-03-02T17:15:00Z,147abc6a,8bab4dff,a6177608,0.0
2025-03-02T17:18:00Z,147abc6a,8bab4dff,a6177608,0.0
2025-03-02T17:21:00Z,147abc6a,8bab4dff,a6177608,0.0
2025-03-02T17:24:00Z,147abc6a,8bab4dff,a6177608,0.0
2025-03-02T17:27:00Z,147abc6a,8bab4dff,a6177608,0.0
2025-03-02T17:30:00Z,147abc6a,8bab4dff,a6177608,0.0
2025-03-02T17:33:00Z,147abc6a,8bab4dff,a6177608,0.0
2025-03-02T17:36:00Z,147abc6a,8bab4dff,a6177608,0.0
2025-03-02T17:39:00Z,147abc6a,8bab4dff,a6177608,0.0
2025-03-02T17:42:00Z,147abc6a,8bab4dff,a6177608,0.0
2025-03-02T17:45:00Z,147abc6a,8bab4dff,a6177608,0.0
2025-03-02T17:48:00Z,147abc6a,8bab4dff,a6177608,0.0
2025-03-02T17:51:00Z,147abc6a,8bab4dff,a6177608,0.0
2025-03-02T17:54:00Z,147abc6a,8bab4dff,a6177608,0.0
2025-03-02T17:57:00Z,147abc6a,8bab4dff,a6177608,0.0
2025-03-02T18:00:00Z,147abc6a,8bab4dff,a6177608,0.0
2025-03-02T18:03:00Z,147abc6a,8bab4dff,a6177608,0.0
2025-03-02T18:06:00Z,147abc6a,8bab4dff,a6177608,0.0
2025-03-02T18:09:00Z,147abc6a,8bab4dff,a6177608,0.0
2025-03-02T18:12:00Z,147abc6a,8bab4dff,a6177608,0.0
2025-03-02T18:15:00Z,147abc6a,8bab4dff,a6177608,0.01
2025-03-02T18:18:00Z,147abc6a,8bab4dff,a6177608,0.0
2025-03-02T18:21:00Z,147abc6a,8bab4dff,a6177608,0.0
2025-03-02T18:24:00Z,147abc6a,8bab4dff,a6177608,0.0
2025-03-02T18:27:00Z,147abc6a,8bab4dff,a6177608,0.0
2025-03-02T18:30:00Z,147abc6a,8bab4dff,a6177608,0.0
2025-03-02T18:33:00Z,147abc6a,8bab4dff,a6177608,0.0
2025-03-02T18:36:00Z,147abc6a,8bab4dff,a6177608,0.0
2025-03-02T18:39:00Z,147abc6a,8bab4dff,a6177608,0.0
2025-03-02T18:42:00Z,147abc6a,8bab4dff,a6177608,0.0
2025-03-02T18:45:00Z,147abc6a,8bab4dff,a6177608,0.0
2025-03-02T18:48:00Z,147abc6a,8bab4dff,a6177608,0.0
2025-03-02T18:51:00Z,147abc6a,8bab4dff,a6177608,0.0
2025-03-02T18:54:00Z,147abc6a,8bab4dff,a6177608,0.0
2025-03-02T18:57:00Z,147abc6a,8bab4dff,a6177608,0.0
2025-03-02T19:00:00Z,147abc6a,8bab4dff,a6177608,0.0
2025-03-02T19:03:00Z,147abc6a,8bab4dff,a6177608,0.0
2025-03-02T19:06:00Z,147abc6a,8bab4dff,a6177608,0.0
2025-03-02T19:09:00Z,147abc6a,8bab4dff,a6177608,0.0
2025-03-02T19:12:00Z,147abc6a,8bab4dff,a6177608,0.0
2025-03-02T19:15:00Z,147abc6a,8bab4dff,a6177608,0.0
2025-03-02T19:18:00Z,147abc6a,8bab4dff,a6177608,0.0
2025-03-02T19:21:00Z,147abc6a,8bab4dff,a6177608,0.0
2025-03-02T19:24:00Z,147abc6a,8bab4dff,a6177608,0.0
2025-03-02T19:27:00Z,147abc6a,8bab4dff,a6177608,0.0
2025-03-02T19:30:00Z,147abc6a,8bab4dff,a6177608,0.0
2025-03-02T19:33:00Z,147abc6a,8bab4dff,a6177608,0.0
2025-03-02T19:36:00Z,147abc6a,8bab4dff,a6177608,0.0
2025-03-02T19:39:00Z,147abc6a,8bab4dff,a6177608,0.0
2025-03-02T19:42:00Z,147abc6a,8bab4dff,a6177608,0.0
2025-03-02T19:45:00Z,147abc6a,8bab4dff,a6177608,0.0
2025-03-02T19:48:00Z,147abc6a,8bab4dff,a6177608,0.0
2025-03-02T19:51:00Z,147abc6a,8bab4dff,a6177608,0.0
2025-03-02T19:54:00Z,147abc6a,8bab4dff,a6177608,0.0
2025-03-02T19:57:00Z,147abc6a,8bab4dff,a6177608,0.0
2025-03-02T20:00:00Z,147abc6a,8bab4dff,a6177608,0.0
2025-03-02T20:03:00Z,147abc6a,8bab4dff,a6177608,0.0
2025-03-02T20:06:00Z,147abc6a,8bab4dff,a6177608,0.0
2025-03-02T20:09:00Z,147abc6a,8bab4dff,a6177608,0.0
2025-03-02T20:12:00Z,147abc6a,8bab4dff,a6177608,0.0
2025-03-02T20:15:00Z,147abc6a,8bab4dff,a6177608,0.0
2025-03-02T20:18:00Z,147abc6a,8bab4dff,a6177608,0.0
2025-03-02T20:21:00Z,147abc6a,8bab4dff,a6177608,0.0
2025-03-02T20:24:00Z,147abc6a,8bab4dff,a6177608,0.0
2025-03-02T20:27:00Z,147abc6a,8bab4dff,a6177608,0.0
2025-03-02T20:30:00Z,147abc6a,8bab4dff,a6177608,0.0
2025-03-02T20:33:00Z,147abc6a,8bab4dff,a6177608,0.0
2025-03-02T20:36:00Z,147abc6a,8bab4dff,a6177608,0.0
2025-03-02T20:39:00Z,147abc6a,8bab4dff,a6177608,0.0
2025-03-02T20:42:00Z,147abc6a,8bab4dff,a6177608,0.0
2025-03-02T20:45:00Z,147abc6a,8bab4dff,a6177608,0.0
2025-03-02T20:48:00Z,147abc6a,8bab4dff,a6177608,0.0
2025-03-02T20:51:00Z,147abc6a,8bab4dff,a6177608,0.0
2025-03-02T20:54:00Z,147abc6a,8bab4dff,a6177608,0.0
2025-03-02T20:57:00Z,147abc6a,8bab4dff,a6177608,0.0
2025-03-02T21:00:00Z,147abc6a,8bab4dff,a6177608,0.0
2025-03-02T21:03:00Z,147abc6a,8bab4dff,a6177608,0.0
2025-03-02T21:06:00Z,147abc6a,8bab4dff,a6177608,0.0
2025-03-02T21:09:00Z,147abc6a,8bab4dff,a6177608,0.0
2025-03-02T21:12:00Z,147abc6a,8bab4dff,a6177608,0.0
2025-03-02T21:15:00Z,147abc6a,8bab4dff,a6177608,0.0
2025-03-02T21:18:00Z,147abc6a,8bab4dff,a6177608,0.0
2025-03-02T21:21:00Z,147abc6a,8bab4dff,a6177608,0.0
2025-03-02T21:24:00Z,147abc6a,8bab4dff,a6177608,0.0
2025-03-02T21:27:00Z,147abc6a,8bab4dff,a6177608,0.0
2025-03-02T21:30:00Z,147abc6a,8bab4dff,a6177608,0.0
2025-03-02T21:33:00Z,147abc6a,8bab4dff,a6177608,0.0
2025-03-02T21:36:00Z,147abc6a,8bab4dff,a6177608,0.0
2025-03-02T21:39:00Z,147abc6a,8bab4dff,a6177608,0.0
2025-03-02T21:42:00Z,147abc6a,8bab4dff,a6177608,0.0
2025-03-02T21:45:00Z,147abc6a,8bab4dff,a6177608,0.0
2025-03-02T21:48:00Z,147abc6a,8bab4dff,a6177608,0.0
2025-03-02T21:51:00Z,147abc6a,8bab4dff,a6177608,0.0
2025-03-02T21:54:00Z,147abc6a,8bab4dff,a6177608,0.0
2025-03-02T21:57:00Z,147abc6a,8bab4dff,a6177608,0.0
2025-03-02T22:00:00Z,147abc6a,8bab4dff,a6177608,0.0
2025-03-02T22:03:00Z,147abc6a,8bab4dff,a6177608,0.0
2025-03-02T22:06:00Z,147abc6a,8bab4dff,a6177608,0.0
2025-03-02T22:09:00Z,147abc6a,8bab4dff,a6177608,0.0
2025-03-02T22:12:00Z,147abc6a,8bab4dff,a6177608,0.0
2025-03-02T22:15:00Z,147abc6a,8bab4dff,a6177608,0.0
2025-03-02T22:18:00Z,147abc6a,8bab4dff,a6177608,0.0
2025-03-02T22:21:00Z,147abc6a,8bab4dff,a6177608,0.0
2025-03-02T22:24:00Z,147abc6a,8bab4dff,a6177608,0.0
2025-03-02T22:27:00Z,147abc6a,8bab4dff,a6177608,0.0
2025-03-02T22:30:00Z,147abc6a,8bab4dff,a6177608,0.0
2025-03-02T22:33:00Z,147abc6a,8bab4dff,a6177608,0.0
2025-03-02T22:36:00Z,147abc6a,8bab4dff,a6177608,0.0
2025-03-02T22:39:00Z,147abc6a,8bab4dff,a6177608,0.0
2025-03-02T22:42:00Z,147abc6a,8bab4dff,a6177608,0.0
2025-03-02T22:45:00Z,147abc6a,8bab4dff,a6177608,0.0
2025-03-02T22:48:00Z,147abc6a,8bab4dff,a6177608,0.0
2025-03-02T22:51:00Z,147abc6a,8bab4dff,a6177608,0.0
2025-03-02T22:54:00Z,147abc6a,8bab4dff,a6177608,0.0
2025-03-02T22:57:00Z,147abc6a,8bab4dff,a6177608,0.0
2025-03-02T23:00:00Z,147abc6a,8bab4dff,a6177608,0.0
2025-03-02T23:03:00Z,147abc6a,8bab4dff,a6177608,0.0
2025-03-02T23:06:00Z,147abc6a,8bab4dff,a6177608,0.0
2025-03-02T23:09:00Z,147abc6a,8bab4dff,a6177608,0.0
2025-03-02T23:12:00Z,147abc6a,8bab4dff,a6177608,0.0
2025-03-02T23:15:00Z,147abc6a,8bab4dff,a6177608,0.0
2025-03-02T23:18:00Z,147abc6a,8bab4dff,a6177608,0.0
2025-03-02T23:21:00Z,147abc6a,8bab4dff,a6177608,0.0
2025-03-02T23:24:00Z,147abc6a,8bab4dff,a6177608,0.0
2025-03-02T23:27:00Z,147abc6a,8bab4dff,a6177608,0.0
2025-03-02T23:30:00Z,147abc6a,8bab4dff,a6177608,0.0
2025-03-02T23:33:00Z,147abc6a,8bab4dff,a6177608,0.0
2025-03-02T23:36:00Z,147abc6a,8bab4dff,a6177608,0.0
2025-03-02T23:39:00Z,147abc6a,8bab4dff,a6177608,0.0
2025-03-02T23:42:00Z,147abc6a,8bab4dff,a6177608,0.0
2025-03-02T23:45:00Z,147abc6a,8bab4dff,a6177608,0.0
2025-03-02T23:48:00Z,147abc6a,8bab4dff,a6177608,0.01
2025-03-02T23:51:00Z,147abc6a,8bab4dff,a6177608,0.01
2025-03-02T23:54:00Z,147abc6a,8bab4dff,a6177608,0.0
2025-03-02T23:57:00Z,147abc6a,8bab4dff,a6177608,0.0
2025-03-03T00:00:00Z,147abc6a,8bab4dff,a6177608,0.0
2025-03-03T00:03:00Z,147abc6a,8bab4dff,a6177608,0.0
2025-03-03T00:06:00Z,147abc6a,8bab4dff,a6177608,0.0
2025-03-03T00:09:00Z,147abc6a,8bab4dff,a6177608,0.01
2025-03-03T00:12:00Z,147abc6a,8bab4dff,a6177608,0.0
2025-03-03T00:15:00Z,147abc6a,8bab4dff,a6177608,0.0
2025-03-03T00:18:00Z,147abc6a,8bab4dff,a6177608,0.0
2025-03-03T00:21:00Z,147abc6a,8bab4dff,a6177608,0.0
2025-03-03T00:24:00Z,147abc6a,8bab4dff,a6177608,0.0
2025-03-03T00:27:00Z,147abc6a,8bab4dff,a6177608,0.0
2025-03-03T00:30:00Z,147abc6a,8bab4dff,a6177608,0.0
2025-03-03T00:33:00Z,147abc6a,8bab4dff,a6177608,0.0
2025-03-03T00:36:00Z,147abc6a,8bab4dff,a6177608,0.0
2025-03-03T00:39:00Z,147abc6a,8bab4dff,a6177608,0.0
2025-03-03T00:42:00Z,147abc6a,8bab4dff,a6177608,0.0
2025-03-03T00:45:00Z,147abc6a,8bab4dff,a6177608,0.0
2025-03-03T00:48:00Z,147abc6a,8bab4dff,a6177608,0.0
2025-03-03T00:51:00Z,147abc6a,8bab4dff,a6177608,0.0
2025-03-03T00:54:00Z,147abc6a,8bab4dff,a6177608,0.0
2025-03-03T00:57:00Z,147abc6a,8bab4dff,a6177608,0.0
2025-03-03T01:00:00Z,147abc6a,8bab4dff,a6177608,0.0
2025-03-03T01:03:00Z,147abc6a,8bab4dff,a6177608,0.0
2025-03-03T01:06:00Z,147abc6a,8bab4dff,a6177608,0.0
2025-03-03T01:09:00Z,147abc6a,8bab4dff,a6177608,0.0
2025-03-03T01:12:00Z,147abc6a,8bab4dff,a6177608,0.0
2025-03-03T01:15:00Z,147abc6a,8bab4dff,a6177608,0.0
2025-03-03T01:18:00Z,147abc6a,8bab4dff,a6177608,0.0
2025-03-03T01:21:00Z,147abc6a,8bab4dff,a6177608,0.0
2025-03-03T01:24:00Z,147abc6a,8bab4dff,a6177608,0.0
2025-03-03T01:27:00Z,147abc6a,8bab4dff,a6177608,0.0
2025-03-03T01:30:00Z,147abc6a,8bab4dff,a6177608,0.0
2025-03-03T01:33:00Z,147abc6a,8bab4dff,a6177608,0.0
2025-03-03T01:36:00Z,147abc6a,8bab4dff,a6177608,0.0
2025-03-03T01:39:00Z,147abc6a,8bab4dff,a6177608,0.0
2025-03-03T01:42:00Z,147abc6a,8bab4dff,a6177608,0.0
2025-03-03T01:45:00Z,147abc6a,8bab4dff,a6177608,0.0
2025-03-03T01:48:00Z,147abc6a,8bab4dff,a6177608,0.0
2025-03-03T01:51:00Z,147abc6a,8bab4dff,a6177608,0.0
2025-03-03T01:54:00Z,147abc6a,8bab4dff,a6177608,0.0
2025-03-03T01:57:00Z,147abc6a,8bab4dff,a6177608,0.0
2025-03-03T02:00:00Z,147abc6a,8bab4dff,a6177608,0.0
2025-03-03T02:03:00Z,147abc6a,8bab4dff,a6177608,0.0
2025-03-03T02:06:00Z,147abc6a,8bab4dff,a6177608,0.0
2025-03-03T02:09:00Z,147abc6a,8bab4dff,a6177608,0.0
2025-03-03T02:12:00Z,147abc6a,8bab4dff,a6177608,0.0
2025-03-03T02:15:00Z,147abc6a,8bab4dff,a6177608,0.0
2025-03-03T02:18:00Z,147abc6a,8bab4dff,a6177608,0.0
2025-03-03T02:21:00Z,147abc6a,8bab4dff,a6177608,0.0
2025-03-03T02:24:00Z,147abc6a,8bab4dff,a6177608,0.0
2025-03-03T02:27:00Z,147abc6a,8bab4dff,a6177608,0.0
2025-03-03T02:30:00Z,147abc6a,8bab4dff,a6177608,0.0
2025-03-03T02:33:00Z,147abc6a,8bab4dff,a6177608,0.0
2025-03-03T02:36:00Z,147abc6a,8bab4dff,a6177608,0.0
2025-03-03T02:39:00Z,147abc6a,8bab4dff,a6177608,0.0
2025-03-03T02:42:00Z,147abc6a,8bab4dff,a6177608,0.0
2025-03-03T02:45:00Z,147abc6a,8bab4dff,a6177608,0.0
2025-03-03T02:48:00Z,147abc6a,8bab4dff,a6177608,0.0
2025-03-03T02:51:00Z,147abc6a,8bab4dff,a6177608,0.0
2025-03-03T02:54:00Z,147abc6a,8bab4dff,a6177608,0.0
2025-03-03T02:57:00Z,147abc6a,8bab4dff,a6177608,0.0
2025-03-03T03:00:00Z,147abc6a,8bab4dff,a6177608,0.0
2025-03-03T03:03:00Z,147abc6a,8bab4dff,a6177608,0.0
2025-03-03T03:06:00Z,147abc6a,8bab4dff,a6177608,0.0
2025-03-03T03:09:00Z,147abc6a,8bab4dff,a6177608,0.0
2025-03-03T03:12:00Z,147abc6a,8bab4dff,a6177608,0.0
2025-03-03T03:15:00Z,147abc6a,8bab4dff,a6177608,0.0
2025-03-03T03:18:00Z,147abc6a,8bab4dff,a6177608,0.0
2025-03-03T03:21:00Z,147abc6a,8bab4dff,a6177608,0.0
2025-03-03T03:24:00Z,147abc6a,8bab4dff,a6177608,0.0
2025-03-03T03:27:00Z,147abc6a,8bab4dff,a6177608,0.0
2025-03-03T03:30:00Z,147abc6a,8bab4dff,a6177608,0.0
2025-03-03T03:33:00Z,147abc6a,8bab4dff,a6177608,0.0
2025-03-03T03:36:00Z,147abc6a,8bab4dff,a6177608,0.0
2025-03-03T03:39:00Z,147abc6a,8bab4dff,a6177608,0.0
2025-03-03T03:42:00Z,147abc6a,8bab4dff,a6177608,0.0
2025-03-03T03:45:00Z,147abc6a,8bab4dff,a6177608,0.0
2025-03-03T03:48:00Z,147abc6a,8bab4dff,a6177608,0.0
2025-03-03T03:51:00Z,147abc6a,8bab4dff,a6177608,0.0
2025-03-03T03:54:00Z,147abc6a,8bab4dff,a6177608,0.0
2025-03-03T03:57:00Z,147abc6a,8bab4dff,a6177608,0.0
2025-03-03T04:00:00Z,147abc6a,8bab4dff,a6177608,0.0
2025-03-03T04:03:00Z,147abc6a,8bab4dff,a6177608,0.0
2025-03-03T04:06:00Z,147abc6a,8bab4dff,a6177608,0.0
2025-03-03T04:09:00Z,147abc6a,8bab4dff,a6177608,0.0
2025-03-03T04:12:00Z,147abc6a,8bab4dff,a6177608,0.0
2025-03-03T04:15:00Z,147abc6a,8bab4dff,a6177608,0.0
2025-03-03T04:18:00Z,147abc6a,8bab4dff,a6177608,0.0
2025-03-03T04:21:00Z,147abc6a,8bab4dff,a6177608,0.0
2025-03-03T04:24:00Z,147abc6a,8bab4dff,a6177608,0.0
2025-03-03T04:27:00Z,147abc6a,8bab4dff,a6177608,0.0
2025-03-03T04:30:00Z,147abc6a,8bab4dff,a6177608,0.0
2025-03-03T04:33:00Z,147abc6a,8bab4dff,a6177608,0.0
2025-03-03T04:36:00Z,147abc6a,8bab4dff,a6177608,0.0
2025-03-03T04:39:00Z,147abc6a,8bab4dff,a6177608,0.0
2025-03-03T04:42:00Z,147abc6a,8bab4dff,a6177608,0.0
2025-03-03T04:45:00Z,147abc6a,8bab4dff,a6177608,0.0
2025-03-03T04:48:00Z,147abc6a,8bab4dff,a6177608,0.0
2025-03-03T04:51:00Z,147abc6a,8bab4dff,a6177608,0.0
2025-03-03T04:54:00Z,147abc6a,8bab4dff,a6177608,0.0
2025-03-03T04:57:00Z,147abc6a,8bab4dff,a6177608,0.0
2025-03-03T05:00:00Z,147abc6a,8bab4dff,a6177608,0.0
2025-03-03T05:03:00Z,147abc6a,8bab4dff,a6177608,0.0
2025-03-03T05:06:00Z,147abc6a,8bab4dff,a6177608,0.0
2025-03-03T05:09:00Z,147abc6a,8bab4dff,a6177608,0.0
2025-03-03T05:12:00Z,147abc6a,8bab4dff,a6177608,0.0
2025-03-03T05:15:00Z,147abc6a,8bab4dff,a6177608,0.0
2025-03-03T05:18:00Z,147abc6a,8bab4dff,a6177608,0.0
2025-03-03T05:21:00Z,147abc6a,8bab4dff,a6177608,0.0
2025-03-03T05:24:00Z,147abc6a,8bab4dff,a6177608,0.0
2025-03-03T05:27:00Z,147abc6a,8bab4dff,a6177608,0.0
2025-03-03T05:30:00Z,147abc6a,8bab4dff,a6177608,0.0
2025-03-03T05:33:00Z,147abc6a,8bab4dff,a6177608,0.0
2025-03-03T05:36:00Z,147abc6a,8bab4dff,a6177608,0.0
2025-03-03T05:39:00Z,147abc6a,8bab4dff,a6177608,0.0
2025-03-03T05:42:00Z,147abc6a,8bab4dff,a6177608,0.0
2025-03-03T05:45:00Z,147abc6a,8bab4dff,a6177608,0.0
2025-03-03T05:48:00Z,147abc6a,8bab4dff,a6177608,0.0
2025-03-03T05:51:00Z,147abc6a,8bab4dff,a6177608,0.0
2025-03-03T05:54:00Z,147abc6a,8bab4dff,a6177608,0.0
2025-03-03T05:57:00Z,147abc6a,8bab4dff,a6177608,0.0
2025-03-03T06:00:00Z,147abc6a,8bab4dff,a6177608,0.0
2025-03-03T06:03:00Z,147abc6a,8bab4dff,a6177608,0.0
2025-03-03T06:06:00Z,147abc6a,8bab4dff,a6177608,0.0
2025-03-03T06:09:00Z,147abc6a,8bab4dff,a6177608,0.0
2025-03-03T06:12:00Z,147abc6a,8bab4dff,a6177608,0.0
2025-03-03T06:15:00Z,147abc6a,8bab4dff,a6177608,0.0
2025-03-03T06:18:00Z,147abc6a,8bab4dff,a6177608,0.0
2025-03-03T06:21:00Z,147abc6a,8bab4dff,a6177608,0.0
2025-03-03T06:24:00Z,147abc6a,8bab4dff,a6177608,0.0
2025-03-03T06:27:00Z,147abc6a,8bab4dff,a6177608,0.0
2025-03-03T06:30:00Z,147abc6a,8bab4dff,a6177608,0.0
2025-03-03T06:33:00Z,147abc6a,8bab4dff,a6177608,0.0
2025-03-03T06:36:00Z,147abc6a,8bab4dff,a6177608,0.0
2025-03-03T06:39:00Z,147abc6a,8bab4dff,a6177608,0.0
2025-03-03T06:42:00Z,147abc6a,8bab4dff,a6177608,0.0
2025-03-03T06:45:00Z,147abc6a,8bab4dff,a6177608,0.0
2025-03-03T06:48:00Z,147abc6a,8bab4dff,a6177608,0.0
2025-03-03T06:51:00Z,147abc6a,8bab4dff,a6177608,0.0
2025-03-03T06:54:00Z,147abc6a,8bab4dff,a6177608,0.0
2025-03-03T06:57:00Z,147abc6a,8bab4dff,a6177608,0.0
2025-03-03T07:00:00Z,147abc6a,8bab4dff,a6177608,0.0
2025-03-03T07:03:00Z,147abc6a,8bab4dff,a6177608,0.0
2025-03-03T07:06:00Z,147abc6a,8bab4dff,a6177608,0.0
2025-03-03T07:09:00Z,147abc6a,8bab4dff,a6177608,0.0
2025-03-03T07:12:00Z,147abc6a,8bab4dff,a6177608,0.0
2025-03-03T07:15:00Z,147abc6a,8bab4dff,a6177608,0.0
2025-03-03T07:18:00Z,147abc6a,8bab4dff,a6177608,0.0
2025-03-03T07:21:00Z,147abc6a,8bab4dff,a6177608,0.0
2025-03-03T07:24:00Z,147abc6a,8bab4dff,a6177608,0.0
2025-03-03T07:27:00Z,147abc6a,8bab4dff,a6177608,0.0
2025-03-03T07:30:00Z,147abc6a,8bab4dff,a6177608,0.0
2025-03-03T07:33:00Z,147abc6a,8bab4dff,a6177608,0.0
2025-03-03T07:36:00Z,147abc6a,8bab4dff,a6177608,0.0
2025-03-03T07:39:00Z,147abc6a,8bab4dff,a6177608,0.0
2025-03-03T07:42:00Z,147abc6a,8bab4dff,a6177608,0.0
2025-03-03T07:45:00Z,147abc6a,8bab4dff,a6177608,0.0
2025-03-03T07:48:00Z,147abc6a,8bab4dff,a6177608,0.0
2025-03-03T07:51:00Z,147abc6a,8bab4dff,a6177608,0.0
2025-03-03T07:54:00Z,147abc6a,8bab4dff,a6177608,0.0
2025-03-03T07:57:00Z,147abc6a,8bab4dff,a6177608,0.03
2025-03-03T08:00:00Z,147abc6a,8bab4dff,a6177608,0.15
2025-03-03T08:03:00Z,147abc6a,8bab4dff,a6177608,0.0
2025-03-03T08:06:00Z,147abc6a,8bab4dff,a6177608,0.0
2025-03-03T08:09:00Z,147abc6a,8bab4dff,a6177608,0.0
2025-03-03T08:12:00Z,147abc6a,8bab4dff,a6177608,0.0
2025-03-03T08:15:00Z,147abc6a,8bab4dff,a6177608,0.0
2025-03-03T08:18:00Z,147abc6a,8bab4dff,a6177608,0.0
2025-03-03T08:21:00Z,147abc6a,8bab4dff,a6177608,0.0
2025-03-03T08:24:00Z,147abc6a,8bab4dff,a6177608,0.0
2025-03-03T08:27:00Z,147abc6a,8bab4dff,a6177608,0.0
2025-03-03T08:30:00Z,147abc6a,8bab4dff,a6177608,0.0
2025-03-03T08:33:00Z,147abc6a,8bab4dff,a6177608,0.0
2025-03-03T08:36:00Z,147abc6a,8bab4dff,a6177608,0.0
2025-03-03T08:39:00Z,147abc6a,8bab4dff,a6177608,0.0
2025-03-03T08:42:00Z,147abc6a,8bab4dff,a6177608,0.0
2025-03-03T08:45:00Z,147abc6a,8bab4dff,a6177608,0.0
2025-03-03T08:48:00Z,147abc6a,8bab4dff,a6177608,0.0
2025-03-03T08:51:00Z,147abc6a,8bab4dff,a6177608,0.34
2025-03-03T08:54:00Z,147abc6a,8bab4dff,a6177608,0.0
2025-03-03T08:57:00Z,147abc6a,8bab4dff,a6177608,0.01
2025-03-03T09:00:00Z,147abc6a,8bab4dff,a6177608,0.0
2025-03-03T09:03:00Z,147abc6a,8bab4dff,a6177608,0.0
2025-03-03T09:06:00Z,147abc6a,8bab4dff,a6177608,0.0
2025-03-03T09:09:00Z,147abc6a,8bab4dff,a6177608,0.0
2025-03-03T09:12:00Z,147abc6a,8bab4dff,a6177608,0.0
2025-03-03T09:15:00Z,147abc6a,8bab4dff,a6177608,0.0
2025-03-03T09:18:00Z,147abc6a,8bab4dff,a6177608,0.0
2025-03-03T09:21:00Z,147abc6a,8bab4dff,a6177608,0.0
2025-03-03T09:24:00Z,147abc6a,8bab4dff,a6177608,0.0
2025-03-03T09:27:00Z,147abc6a,8bab4dff,a6177608,0.0
2025-03-03T09:30:00Z,147abc6a,8bab4dff,a6177608,0.0
2025-03-03T09:33:00Z,147abc6a,8bab4dff,a6177608,0.0
2025-03-03T09:36:00Z,147abc6a,8bab4dff,a6177608,0.0
2025-03-03T09:39:00Z,147abc6a,8bab4dff,a6177608,0.0
2025-03-03T09:42:00Z,147abc6a,8bab4dff,a6177608,0.0
2025-03-03T09:45:00Z,147abc6a,8bab4dff,a6177608,0.0
2025-03-03T09:48:00Z,147abc6a,8bab4dff,a6177608,0.0
2025-03-03T09:51:00Z,147abc6a,8bab4dff,a6177608,0.0
2025-03-03T09:54:00Z,147abc6a,8bab4dff,a6177608,0.0
2025-03-03T09:57:00Z,147abc6a,8bab4dff,a6177608,0.0
2025-03-03T10:00:00Z,147abc6a,8bab4dff,a6177608,0.0
2025-03-03T10:03:00Z,147abc6a,8bab4dff,a6177608,0.0
2025-03-03T10:06:00Z,147abc6a,8bab4dff,a6177608,0.0
2025-03-03T10:09:00Z,147abc6a,8bab4dff,a6177608,0.0
2025-03-03T10:12:00Z,147abc6a,8bab4dff,a6177608,0.0
2025-03-03T10:15:00Z,147abc6a,8bab4dff,a6177608,0.0
2025-03-03T10:18:00Z,147abc6a,8bab4dff,a6177608,0.0
2025-03-03T10:21:00Z,147abc6a,8bab4dff,a6177608,0.0
2025-03-03T10:24:00Z,147abc6a,8bab4dff,a6177608,0.0
2025-03-03T10:27:00Z,147abc6a,8bab4dff,a6177608,0.0
2025-03-03T10:30:00Z,147abc6a,8bab4dff,a6177608,0.0
2025-03-03T10:33:00Z,147abc6a,8bab4dff,a6177608,0.0
2025-03-03T10:36:00Z,147abc6a,8bab4dff,a6177608,0.0
2025-03-03T10:39:00Z,147abc6a,8bab4dff,a6177608,0.0
2025-03-03T10:42:00Z,147abc6a,8bab4dff,a6177608,0.0
2025-03-03T10:45:00Z,147abc6a,8bab4dff,a6177608,0.0
2025-03-03T10:48:00Z,147abc6a,8bab4dff,a6177608,0.0
2025-03-03T10:51:00Z,147abc6a,8bab4dff,a6177608,0.0
2025-03-03T10:54:00Z,147abc6a,8bab4dff,a6177608,0.0
2025-03-03T10:57:00Z,147abc6a,8bab4dff,a6177608,0.0
2025-03-03T11:00:00Z,147abc6a,8bab4dff,a6177608,0.0
2025-03-03T11:03:00Z,147abc6a,8bab4dff,a6177608,0.0
2025-03-03T11:06:00Z,147abc6a,8bab4dff,a6177608,0.0
2025-03-03T11:09:00Z,147abc6a,8bab4dff,a6177608,0.0
2025-03-03T11:12:00Z,147abc6a,8bab4dff,a6177608,0.0
2025-03-03T11:15:00Z,147abc6a,8bab4dff,a6177608,0.0
2025-03-03T11:18:00Z,147abc6a,8bab4dff,a6177608,0.0
2025-03-03T11:21:00Z,147abc6a,8bab4dff,a6177608,0.0
2025-03-03T11:24:00Z,147abc6a,8bab4dff,a6177608,0.0
2025-03-03T11:27:00Z,147abc6a,8bab4dff,a6177608,0.0
2025-03-03T11:30:00Z,147abc6a,8bab4dff,a6177608,0.01
2025-03-03T11:33:00Z,147abc6a,8bab4dff,a6177608,0.0
2025-03-03T11:36:00Z,147abc6a,8bab4dff,a6177608,0.0
2025-03-03T11:39:00Z,147abc6a,8bab4dff,a6177608,0.0
2025-03-03T11:42:00Z,147abc6a,8bab4dff,a6177608,0.0
2025-03-03T11:45:00Z,147abc6a,8bab4dff,a6177608,0.0
2025-03-03T11:48:00Z,147abc6a,8bab4dff,a6177608,0.0
2025-03-03T11:51:00Z,147abc6a,8bab4dff,a6177608,0.0
2025-03-03T11:54:00Z,147abc6a,8bab4dff,a6177608,0.0
2025-03-03T11:57:00Z,147abc6a,8bab4dff,a6177608,0.0
2025-03-03T12:00:00Z,147abc6a,8bab4dff,a6177608,0.0
2025-03-03T12:03:00Z,147abc6a,8bab4dff,a6177608,0.0
2025-03-03T12:06:00Z,147abc6a,8bab4dff,a6177608,0.0
2025-03-03T12:09:00Z,147abc6a,8bab4dff,a6177608,0.0
2025-03-03T12:12:00Z,147abc6a,8bab4dff,a6177608,0.0
2025-03-03T12:15:00Z,147abc6a,8bab4dff,a6177608,0.0
2025-03-03T12:18:00Z,147abc6a,8bab4dff,a6177608,0.0
2025-03-03T12:21:00Z,147abc6a,8bab4dff,a6177608,0.0
2025-03-03T12:24:00Z,147abc6a,8bab4dff,a6177608,0.0
2025-03-03T12:27:00Z,147abc6a,8bab4dff,a6177608,0.0
2025-03-03T12:30:00Z,147abc6a,8bab4dff,a6177608,0.0
2025-03-03T12:33:00Z,147abc6a,8bab4dff,a6177608,0.0
2025-03-03T12:36:00Z,147abc6a,8bab4dff,a6177608,0.0
2025-03-03T12:39:00Z,147abc6a,8bab4dff,a6177608,0.0
2025-03-03T12:42:00Z,147abc6a,8bab4dff,a6177608,0.0
2025-03-03T12:45:00Z,147abc6a,8bab4dff,a6177608,0.0
2025-03-03T12:48:00Z,147abc6a,8bab4dff,a6177608,0.0
2025-03-03T12:51:00Z,147abc6a,8bab4dff,a6177608,0.0
2025-03-03T12:54:00Z,147abc6a,8bab4dff,a6177608,0.0
2025-03-03T12:57:00Z,147abc6a,8bab4dff,a6177608,0.0
2025-03-03T13:00:00Z,147abc6a,8bab4dff,a6177608,0.0
2025-03-03T13:03:00Z,147abc6a,8bab4dff,a6177608,0.0
2025-03-03T13:06:00Z,147abc6a,8bab4dff,a6177608,0.0
2025-03-03T13:09:00Z,147abc6a,8bab4dff,a6177608,0.0
2025-03-03T13:12:00Z,147abc6a,8bab4dff,a6177608,0.0
2025-03-03T13:15:00Z,147abc6a,8bab4dff,a6177608,0.0
2025-03-03T13:18:00Z,147abc6a,8bab4dff,a6177608,0.0
2025-03-03T13:21:00Z,147abc6a,8bab4dff,a6177608,0.0
2025-03-03T13:24:00Z,147abc6a,8bab4dff,a6177608,0.0
2025-03-03T13:27:00Z,147abc6a,8bab4dff,a6177608,0.0
2025-03-03T13:30:00Z,147abc6a,8bab4dff,a6177608,0.0
2025-03-03T13:33:00Z,147abc6a,8bab4dff,a6177608,0.0
2025-03-03T13:36:00Z,147abc6a,8bab4dff,a6177608,0.0
2025-03-03T13:39:00Z,147abc6a,8bab4dff,a6177608,0.0
2025-03-03T13:42:00Z,147abc6a,8bab4dff,a6177608,0.0
2025-03-03T13:45:00Z,147abc6a,8bab4dff,a6177608,0.0
2025-03-03T13:48:00Z,147abc6a,8bab4dff,a6177608,0.0
2025-03-03T13:51:00Z,147abc6a,8bab4dff,a6177608,0.0
2025-03-03T13:54:00Z,147abc6a,8bab4dff,a6177608,0.0
2025-03-03T13:57:00Z,147abc6a,8bab4dff,a6177608,0.0
2025-03-03T14:00:00Z,147abc6a,8bab4dff,a6177608,0.0
2025-03-03T14:03:00Z,147abc6a,8bab4dff,a6177608,0.0
2025-03-03T14:06:00Z,147abc6a,8bab4dff,a6177608,0.0
2025-03-03T14:09:00Z,147abc6a,8bab4dff,a6177608,0.0
2025-03-03T14:12:00Z,147abc6a,8bab4dff,a6177608,0.0
2025-03-03T14:15:00Z,147abc6a,8bab4dff,a6177608,0.0
2025-03-03T14:18:00Z,147abc6a,8bab4dff,a6177608,0.0
2025-03-03T14:21:00Z,147abc6a,8bab4dff,a6177608,0.0
2025-03-03T14:24:00Z,147abc6a,8bab4dff,a6177608,0.0
2025-03-03T14:27:00Z,147abc6a,8bab4dff,a6177608,0.0
2025-03-03T14:30:00Z,147abc6a,8bab4dff,a6177608,0.0
2025-03-03T14:33:00Z,147abc6a,8bab4dff,a6177608,0.0
2025-03-03T14:36:00Z,147abc6a,8bab4dff,a6177608,0.0
2025-03-03T14:39:00Z,147abc6a,8bab4dff,a6177608,0.0
2025-03-03T14:42:00Z,147abc6a,8bab4dff,a6177608,0.0
2025-03-03T14:45:00Z,147abc6a,8bab4dff,a6177608,0.0
2025-03-03T14:48:00Z,147abc6a,8bab4dff,a6177608,0.0
2025-03-03T14:51:00Z,147abc6a,8bab4dff,a6177608,0.0
2025-03-03T14:54:00Z,147abc6a,8bab4dff,a6177608,0.0
2025-03-03T14:57:00Z,147abc6a,8bab4dff,a6177608,0.0
2025-03-03T15:00:00Z,147abc6a,8bab4dff,a6177608,0.0
2025-03-03T15:03:00Z,147abc6a,8bab4dff,a6177608,0.0
2025-03-03T15:06:00Z,147abc6a,8bab4dff,a6177608,0.0
2025-03-03T15:09:00Z,147abc6a,8bab4dff,a6177608,0.0
2025-03-03T15:12:00Z,147abc6a,8bab4dff,a6177608,0.0
2025-03-03T15:15:00Z,147abc6a,8bab4dff,a6177608,0.0
2025-03-03T15:18:00Z,147abc6a,8bab4dff,a6177608,0.0
2025-03-03T15:21:00Z,147abc6a,8bab4dff,a6177608,0.0
2025-03-03T15:24:00Z,147abc6a,8bab4dff,a6177608,0.0
2025-03-03T15:27:00Z,147abc6a,8bab4dff,a6177608,0.0
2025-03-03T15:30:00Z,147abc6a,8bab4dff,a6177608,0.0
2025-03-03T15:33:00Z,147abc6a,8bab4dff,a6177608,0.0
2025-03-03T15:36:00Z,147abc6a,8bab4dff,a6177608,0.0
2025-03-03T15:39:00Z,147abc6a,8bab4dff,a6177608,0.0
2025-03-03T15:42:00Z,147abc6a,8bab4dff,a6177608,0.0
2025-03-03T15:45:00Z,147abc6a,8bab4dff,a6177608,0.0
2025-03-03T15:48:00Z,147abc6a,8bab4dff,a6177608,0.0
2025-03-03T15:51:00Z,147abc6a,8bab4dff,a6177608,0.0
2025-03-03T15:54:00Z,147abc6a,8bab4dff,a6177608,0.0
2025-03-03T15:57:00Z,147abc6a,8bab4dff,a6177608,0.0
2025-03-03T16:00:00Z,147abc6a,8bab4dff,a6177608,0.0
2025-03-03T16:03:00Z,147abc6a,8bab4dff,a6177608,0.0
2025-03-03T16:06:00Z,147abc6a,8bab4dff,a6177608,0.0
2025-03-03T16:09:00Z,147abc6a,8bab4dff,a6177608,0.0
2025-03-03T16:12:00Z,147abc6a,8bab4dff,a6177608,0.0
2025-03-03T16:15:00Z,147abc6a,8bab4dff,a6177608,0.0
2025-03-03T16:18:00Z,147abc6a,8bab4dff,a6177608,0.0
2025-03-03T16:21:00Z,147abc6a,8bab4dff,a6177608,0.0
2025-03-03T16:24:00Z,147abc6a,8bab4dff,a6177608,0.0
2025-03-03T16:27:00Z,147abc6a,8bab4dff,a6177608,0.0
2025-03-03T16:30:00Z,147abc6a,8bab4dff,a6177608,0.0
2025-03-03T16:33:00Z,147abc6a,8bab4dff,a6177608,0.0
2025-03-03T16:36:00Z,147abc6a,8bab4dff,a6177608,0.0
2025-03-03T16:39:00Z,147abc6a,8bab4dff,a6177608,0.0
2025-03-03T16:42:00Z,147abc6a,8bab4dff,a6177608,0.0
2025-03-03T16:45:00Z,147abc6a,8bab4dff,a6177608,0.0
2025-03-03T16:48:00Z,147abc6a,8bab4dff,a6177608,0.0
2025-03-03T16:51:00Z,147abc6a,8bab4dff,a6177608,0.0
2025-03-03T16:54:00Z,147abc6a,8bab4dff,a6177608,0.0
2025-03-03T16:57:00Z,147abc6a,8bab4dff,a6177608,0.0
2025-03-03T17:00:00Z,147abc6a,8bab4dff,a6177608,0.0
2025-03-03T17:03:00Z,147abc6a,8bab4dff,a6177608,0.0
2025-03-03T17:06:00Z,147abc6a,8bab4dff,a6177608,0.0
2025-03-03T17:09:00Z,147abc6a,8bab4dff,a6177608,0.0
2025-03-03T17:12:00Z,147abc6a,8bab4dff,a6177608,0.0
2025-03-03T17:15:00Z,147abc6a,8bab4dff,a6177608,0.0
2025-03-03T17:18:00Z,147abc6a,8bab4dff,a6177608,0.0
2025-03-03T17:21:00Z,147abc6a,8bab4dff,a6177608,0.0
2025-03-03T17:24:00Z,147abc6a,8bab4dff,a6177608,0.0
2025-03-03T17:27:00Z,147abc6a,8bab4dff,a6177608,0.0
2025-03-03T17:30:00Z,147abc6a,8bab4dff,a6177608,0.0
2025-03-03T17:33:00Z,147abc6a,8bab4dff,a6177608,0.0
2025-03-03T17:36:00Z,147abc6a,8bab4dff,a6177608,0.0
2025-03-03T17:39:00Z,147abc6a,8bab4dff,a6177608,0.0
2025-03-03T17:42:00Z,147abc6a,8bab4dff,a6177608,0.0
2025-03-03T17:45:00Z,147abc6a,8bab4dff,a6177608,0.0
2025-03-03T17:48:00Z,147abc6a,8bab4dff,a6177608,0.0
2025-03-03T17:51:00Z,147abc6a,8bab4dff,a6177608,0.0
2025-03-03T17:54:00Z,147abc6a,8bab4dff,a6177608,0.0
2025-03-03T17:57:00Z,147abc6a,8bab4dff,a6177608,0.0
2025-03-03T18:00:00Z,147abc6a,8bab4dff,a6177608,0.0
2025-03-03T18:03:00Z,147abc6a,8bab4dff,a6177608,0.0
2025-03-03T18:06:00Z,147abc6a,8bab4dff,a6177608,0.0
2025-03-03T18:09:00Z,147abc6a,8bab4dff,a6177608,0.0
2025-03-03T18:12:00Z,147abc6a,8bab4dff,a6177608,0.0
2025-03-03T18:15:00Z,147abc6a,8bab4dff,a6177608,0.0
2025-03-03T18:18:00Z,147abc6a,8bab4dff,a6177608,0.0
2025-03-03T18:21:00Z,147abc6a,8bab4dff,a6177608,0.0
2025-03-03T18:24:00Z,147abc6a,8bab4dff,a6177608,0.0
2025-03-03T18:27:00Z,147abc6a,8bab4dff,a6177608,0.0
2025-03-03T18:30:00Z,147abc6a,8bab4dff,a6177608,0.0
2025-03-03T18:33:00Z,147abc6a,8bab4dff,a6177608,0.0
2025-03-03T18:36:00Z,147abc6a,8bab4dff,a6177608,0.0
2025-03-03T18:39:00Z,147abc6a,8bab4dff,a6177608,0.0
2025-03-03T18:42:00Z,147abc6a,8bab4dff,a6177608,0.0
2025-03-03T18:45:00Z,147abc6a,8bab4dff,a6177608,0.0
2025-03-03T18:48:00Z,147abc6a,8bab4dff,a6177608,0.0
2025-03-03T18:51:00Z,147abc6a,8bab4dff,a6177608,0.0
2025-03-03T18:54:00Z,147abc6a,8bab4dff,a6177608,0.0
2025-03-03T18:57:00Z,147abc6a,8bab4dff,a6177608,0.0
2025-03-03T19:00:00Z,147abc6a,8bab4dff,a6177608,0.0
2025-03-03T19:03:00Z,147abc6a,8bab4dff,a6177608,0.0
2025-03-03T19:06:00Z,147abc6a,8bab4dff,a6177608,0.0
2025-03-03T19:09:00Z,147abc6a,8bab4dff,a6177608,0.0
2025-03-03T19:12:00Z,147abc6a,8bab4dff,a6177608,0.0
2025-03-03T19:15:00Z,147abc6a,8bab4dff,a6177608,0.0
2025-03-03T19:18:00Z,147abc6a,8bab4dff,a6177608,0.0
2025-03-03T19:21:00Z,147abc6a,8bab4dff,a6177608,0.0
2025-03-03T19:24:00Z,147abc6a,8bab4dff,a6177608,0.0
2025-03-03T19:27:00Z,147abc6a,8bab4dff,a6177608,0.0
2025-03-03T19:30:00Z,147abc6a,8bab4dff,a6177608,0.0
2025-03-03T19:33:00Z,147abc6a,8bab4dff,a6177608,0.0
2025-03-03T19:36:00Z,147abc6a,8bab4dff,a6177608,0.0
2025-03-03T19:39:00Z,147abc6a,8bab4dff,a6177608,0.0
2025-03-03T19:42:00Z,147abc6a,8bab4dff,a6177608,0.0
2025-03-03T19:45:00Z,147abc6a,8bab4dff,a6177608,0.0
2025-03-03T19:48:00Z,147abc6a,8bab4dff,a6177608,0.0
2025-03-03T19:51:00Z,147abc6a,8bab4dff,a6177608,0.0
2025-03-03T19:54:00Z,147abc6a,8bab4dff,a6177608,0.0
2025-03-03T19:57:00Z,147abc6a,8bab4dff,a6177608,0.0
2025-03-03T20:00:00Z,147abc6a,8bab4dff,a6177608,0.0
2025-03-03T20:03:00Z,147abc6a,8bab4dff,a6177608,0.0
2025-03-03T20:06:00Z,147abc6a,8bab4dff,a6177608,0.0
2025-03-03T20:09:00Z,147abc6a,8bab4dff,a6177608,0.0
2025-03-03T20:12:00Z,147abc6a,8bab4dff,a6177608,0.0
2025-03-03T20:15:00Z,147abc6a,8bab4dff,a6177608,0.0
2025-03-03T20:18:00Z,147abc6a,8bab4dff,a6177608,0.0
2025-03-03T20:21:00Z,147abc6a,8bab4dff,a6177608,0.0
2025-03-03T20:24:00Z,147abc6a,8bab4dff,a6177608,0.0
2025-03-03T20:27:00Z,147abc6a,8bab4dff,a6177608,0.0
2025-03-03T20:30:00Z,147abc6a,8bab4dff,a6177608,0.0
2025-03-03T20:33:00Z,147abc6a,8bab4dff,a6177608,0.0
2025-03-03T20:36:00Z,147abc6a,8bab4dff,a6177608,0.0
2025-03-03T20:39:00Z,147abc6a,8bab4dff,a6177608,0.0
2025-03-03T20:42:00Z,147abc6a,8bab4dff,a6177608,0.0
2025-03-03T20:45:00Z,147abc6a,8bab4dff,a6177608,0.0
2025-03-03T20:48:00Z,147abc6a,8bab4dff,a6177608,0.0
2025-03-03T20:51:00Z,147abc6a,8bab4dff,a6177608,0.0
2025-03-03T20:54:00Z,147abc6a,8bab4dff,a6177608,0.0
2025-03-03T20:57:00Z,147abc6a,8bab4dff,a6177608,0.0
2025-03-03T21:00:00Z,147abc6a,8bab4dff,a6177608,0.0
2025-03-03T21:03:00Z,147abc6a,8bab4dff,a6177608,0.0
2025-03-03T21:06:00Z,147abc6a,8bab4dff,a6177608,0.0
2025-03-03T21:09:00Z,147abc6a,8bab4dff,a6177608,0.0
2025-03-03T21:12:00Z,147abc6a,8bab4dff,a6177608,0.0
2025-03-03T21:15:00Z,147abc6a,8bab4dff,a6177608,0.0
2025-03-03T21:18:00Z,147abc6a,8bab4dff,a6177608,0.0
2025-03-03T21:21:00Z,147abc6a,8bab4dff,a6177608,0.0
2025-03-03T21:24:00Z,147abc6a,8bab4dff,a6177608,0.0
2025-03-03T21:27:00Z,147abc6a,8bab4dff,a6177608,0.0
2025-03-03T21:30:00Z,147abc6a,8bab4dff,a6177608,0.0
2025-03-03T21:33:00Z,147abc6a,8bab4dff,a6177608,0.0
2025-03-03T21:36:00Z,147abc6a,8bab4dff,a6177608,0.0
2025-03-03T21:39:00Z,147abc6a,8bab4dff,a6177608,0.0
2025-03-03T21:42:00Z,147abc6a,8bab4dff,a6177608,0.0
2025-03-03T21:45:00Z,147abc6a,8bab4dff,a6177608,0.0
2025-03-03T21:48:00Z,147abc6a,8bab4dff,a6177608,0.0
2025-03-03T21:51:00Z,147abc6a,8bab4dff,a6177608,0.0
2025-03-03T21:54:00Z,147abc6a,8bab4dff,a6177608,0.0
2025-03-03T21:57:00Z,147abc6a,8bab4dff,a6177608,0.0
2025-03-03T22:00:00Z,147abc6a,8bab4dff,a6177608,0.0
2025-03-03T22:03:00Z,147abc6a,8bab4dff,a6177608,0.0
2025-03-03T22:06:00Z,147abc6a,8bab4dff,a6177608,0.0
2025-03-03T22:09:00Z,147abc6a,8bab4dff,a6177608,0.0
2025-03-03T22:12:00Z,147abc6a,8bab4dff,a6177608,0.0
2025-03-03T22:15:00Z,147abc6a,8bab4dff,a6177608,0.0
2025-03-03T22:18:00Z,147abc6a,8bab4dff,a6177608,0.0
2025-03-03T22:21:00Z,147abc6a,8bab4dff,a6177608,0.0
2025-03-03T22:24:00Z,147abc6a,8bab4dff,a6177608,0.0
2025-03-03T22:27:00Z,147abc6a,8bab4dff,a6177608,0.0
2025-03-03T22:30:00Z,147abc6a,8bab4dff,a6177608,0.0
2025-03-03T22:33:00Z,147abc6a,8bab4dff,a6177608,0.0
2025-03-03T22:36:00Z,147abc6a,8bab4dff,a6177608,0.0
2025-03-03T22:39:00Z,147abc6a,8bab4dff,a6177608,0.0
2025-03-03T22:42:00Z,147abc6a,8bab4dff,a6177608,0.0
2025-03-03T22:45:00Z,147abc6a,8bab4dff,a6177608,0.0
2025-03-03T22:48:00Z,147abc6a,8bab4dff,a6177608,0.0
2025-03-03T22:51:00Z,147abc6a,8bab4dff,a6177608,0.01
2025-03-03T22:54:00Z,147abc6a,8bab4dff,a6177608,0.0
2025-03-03T22:57:00Z,147abc6a,8bab4dff,a6177608,0.0
2025-03-03T23:00:00Z,147abc6a,8bab4dff,a6177608,0.0
2025-03-03T23:03:00Z,147abc6a,8bab4dff,a6177608,0.0
2025-03-03T23:06:00Z,147abc6a,8bab4dff,a6177608,0.0
2025-03-03T23:09:00Z,147abc6a,8bab4dff,a6177608,0.0
2025-03-03T23:12:00Z,147abc6a,8bab4dff,a6177608,0.0
2025-03-03T23:15:00Z,147abc6a,8bab4dff,a6177608,0.0
2025-03-03T23:18:00Z,147abc6a,8bab4dff,a6177608,0.0
2025-03-03T23:21:00Z,147abc6a,8bab4dff,a6177608,0.0
2025-03-03T23:24:00Z,147abc6a,8bab4dff,a6177608,0.0
2025-03-03T23:27:00Z,147abc6a,8bab4dff,a6177608,0.0
2025-03-03T23:30:00Z,147abc6a,8bab4dff,a6177608,0.0
2025-03-03T23:33:00Z,147abc6a,8bab4dff,a6177608,0.0
2025-03-03T23:36:00Z,147abc6a,8bab4dff,a6177608,0.0
2025-03-03T23:39:00Z,147abc6a,8bab4dff,a6177608,0.0
2025-03-03T23:42:00Z,147abc6a,8bab4dff,a6177608,0.0
2025-03-03T23:45:00Z,147abc6a,8bab4dff,a6177608,0.0
2025-03-03T23:48:00Z,147abc6a,8bab4dff,a6177608,0.0
2025-03-03T23:51:00Z,147abc6a,8bab4dff,a6177608,0.0
2025-03-03T23:54:00Z,147abc6a,8bab4dff,a6177608,0.0
2025-03-03T23:57:00Z,147abc6a,8bab4dff,a6177608,0.0
2025-03-04T00:00:00Z,147abc6a,8bab4dff,a6177608,0.0
2025-03-04T00:03:00Z,147abc6a,8bab4dff,a6177608,0.0
2025-03-04T00:06:00Z,147abc6a,8bab4dff,a6177608,0.0
2025-03-04T00:09:00Z,147abc6a,8bab4dff,a6177608,0.0
2025-03-04T00:12:00Z,147abc6a,8bab4dff,a6177608,0.0
2025-03-04T00:15:00Z,147abc6a,8bab4dff,a6177608,0.0
2025-03-04T00:18:00Z,147abc6a,8bab4dff,a6177608,0.0
2025-03-04T00:21:00Z,147abc6a,8bab4dff,a6177608,0.0
2025-03-04T00:24:00Z,147abc6a,8bab4dff,a6177608,0.0
2025-03-04T00:27:00Z,147abc6a,8bab4dff,a6177608,0.0
2025-03-04T00:30:00Z,147abc6a,8bab4dff,a6177608,0.0
2025-03-04T00:33:00Z,147abc6a,8bab4dff,a6177608,0.0
2025-03-04T00:36:00Z,147abc6a,8bab4dff,a6177608,0.0
2025-03-04T00:39:00Z,147abc6a,8bab4dff,a6177608,0.0
2025-03-04T00:42:00Z,147abc6a,8bab4dff,a6177608,0.0
2025-03-04T00:45:00Z,147abc6a,8bab4dff,a6177608,0.0
2025-03-04T00:48:00Z,147abc6a,8bab4dff,a6177608,0.0
2025-03-04T00:51:00Z,147abc6a,8bab4dff,a6177608,0.0
2025-03-04T00:54:00Z,147abc6a,8bab4dff,a6177608,0.0
2025-03-04T00:57:00Z,147abc6a,8bab4dff,a6177608,0.0
2025-03-04T01:00:00Z,147abc6a,8bab4dff,a6177608,0.0
2025-03-04T01:03:00Z,147abc6a,8bab4dff,a6177608,0.0
2025-03-04T01:06:00Z,147abc6a,8bab4dff,a6177608,0.0
2025-03-04T01:09:00Z,147abc6a,8bab4dff,a6177608,0.0
2025-03-04T01:12:00Z,147abc6a,8bab4dff,a6177608,0.0
2025-03-04T01:15:00Z,147abc6a,8bab4dff,a6177608,0.0
2025-03-04T01:18:00Z,147abc6a,8bab4dff,a6177608,0.0
2025-03-04T01:21:00Z,147abc6a,8bab4dff,a6177608,0.0
2025-03-04T01:24:00Z,147abc6a,8bab4dff,a6177608,0.0
2025-03-04T01:27:00Z,147abc6a,8bab4dff,a6177608,0.0
2025-03-04T01:30:00Z,147abc6a,8bab4dff,a6177608,0.0
2025-03-04T01:33:00Z,147abc6a,8bab4dff,a6177608,0.0
2025-03-04T01:36:00Z,147abc6a,8bab4dff,a6177608,0.0
2025-03-04T01:39:00Z,147abc6a,8bab4dff,a6177608,0.0
2025-03-04T01:42:00Z,147abc6a,8bab4dff,a6177608,0.0
2025-03-04T01:45:00Z,147abc6a,8bab4dff,a6177608,0.0
2025-03-04T01:48:00Z,147abc6a,8bab4dff,a6177608,0.0
2025-03-04T01:51:00Z,147abc6a,8bab4dff,a6177608,0.0
2025-03-04T01:54:00Z,147abc6a,8bab4dff,a6177608,0.0
2025-03-04T01:57:00Z,147abc6a,8bab4dff,a6177608,0.0
2025-03-04T02:00:00Z,147abc6a,8bab4dff,a6177608,0.0
2025-03-04T02:03:00Z,147abc6a,8bab4dff,a6177608,0.0
2025-03-04T02:06:00Z,147abc6a,8bab4dff,a6177608,0.0
2025-03-04T02:09:00Z,147abc6a,8bab4dff,a6177608,0.0
2025-03-04T02:12:00Z,147abc6a,8bab4dff,a6177608,0.0
2025-03-04T02:15:00Z,147abc6a,8bab4dff,a6177608,0.0
2025-03-04T02:18:00Z,147abc6a,8bab4dff,a6177608,0.0
2025-03-04T02:21:00Z,147abc6a,8bab4dff,a6177608,0.0
2025-03-04T02:24:00Z,147abc6a,8bab4dff,a6177608,0.0
2025-03-04T02:27:00Z,147abc6a,8bab4dff,a6177608,0.0
2025-03-04T02:30:00Z,147abc6a,8bab4dff,a6177608,0.0
2025-03-04T02:33:00Z,147abc6a,8bab4dff,a6177608,0.0
2025-03-04T02:36:00Z,147abc6a,8bab4dff,a6177608,0.0
2025-03-04T02:39:00Z,147abc6a,8bab4dff,a6177608,0.0
2025-03-04T02:42:00Z,147abc6a,8bab4dff,a6177608,0.0
2025-03-04T02:45:00Z,147abc6a,8bab4dff,a6177608,0.0
2025-03-04T02:48:00Z,147abc6a,8bab4dff,a6177608,0.0
2025-03-04T02:51:00Z,147abc6a,8bab4dff,a6177608,0.0
2025-03-04T02:54:00Z,147abc6a,8bab4dff,a6177608,0.0
2025-03-04T02:57:00Z,147abc6a,8bab4dff,a6177608,0.0
2025-03-04T03:00:00Z,147abc6a,8bab4dff,a6177608,0.0
2025-03-04T03:03:00Z,147abc6a,8bab4dff,a6177608,0.0
2025-03-04T03:06:00Z,147abc6a,8bab4dff,a6177608,0.0
2025-03-04T03:09:00Z,147abc6a,8bab4dff,a6177608,0.0
2025-03-04T03:12:00Z,147abc6a,8bab4dff,a6177608,0.0
2025-03-04T03:15:00Z,147abc6a,8bab4dff,a6177608,0.0
2025-03-04T03:18:00Z,147abc6a,8bab4dff,a6177608,0.0
2025-03-04T03:21:00Z,147abc6a,8bab4dff,a6177608,0.0
2025-03-04T03:24:00Z,147abc6a,8bab4dff,a6177608,0.0
2025-03-04T03:27:00Z,147abc6a,8bab4dff,a6177608,0.0
2025-03-04T03:30:00Z,147abc6a,8bab4dff,a6177608,0.0
2025-03-04T03:33:00Z,147abc6a,8bab4dff,a6177608,0.0
2025-03-04T03:36:00Z,147abc6a,8bab4dff,a6177608,0.0
2025-03-04T03:39:00Z,147abc6a,8bab4dff,a6177608,0.0
2025-03-04T03:42:00Z,147abc6a,8bab4dff,a6177608,0.0
2025-03-04T03:45:00Z,147abc6a,8bab4dff,a6177608,0.0
2025-03-04T03:48:00Z,147abc6a,8bab4dff,a6177608,0.0
2025-03-04T03:51:00Z,147abc6a,8bab4dff,a6177608,0.0
2025-03-04T03:54:00Z,147abc6a,8bab4dff,a6177608,0.0
2025-03-04T03:57:00Z,147abc6a,8bab4dff,a6177608,0.0
2025-03-04T04:00:00Z,147abc6a,8bab4dff,a6177608,0.0
2025-03-04T04:03:00Z,147abc6a,8bab4dff,a6177608,0.0
2025-03-04T04:06:00Z,147abc6a,8bab4dff,a6177608,0.0
2025-03-04T04:09:00Z,147abc6a,8bab4dff,a6177608,0.0
2025-03-04T04:12:00Z,147abc6a,8bab4dff,a6177608,0.0
2025-03-04T04:15:00Z,147abc6a,8bab4dff,a6177608,0.0
2025-03-04T04:18:00Z,147abc6a,8bab4dff,a6177608,0.0
2025-03-04T04:21:00Z,147abc6a,8bab4dff,a6177608,0.0
2025-03-04T04:24:00Z,147abc6a,8bab4dff,a6177608,0.0
2025-03-04T04:27:00Z,147abc6a,8bab4dff,a6177608,0.0
2025-03-04T04:30:00Z,147abc6a,8bab4dff,a6177608,0.0
2025-03-04T04:33:00Z,147abc6a,8bab4dff,a6177608,0.0
2025-03-04T04:36:00Z,147abc6a,8bab4dff,a6177608,0.0
2025-03-04T04:39:00Z,147abc6a,8bab4dff,a6177608,0.0
2025-03-04T04:42:00Z,147abc6a,8bab4dff,a6177608,0.0
2025-03-04T04:45:00Z,147abc6a,8bab4dff,a6177608,0.0
2025-03-04T04:48:00Z,147abc6a,8bab4dff,a6177608,0.0
2025-03-04T04:51:00Z,147abc6a,8bab4dff,a6177608,0.0
2025-03-04T04:54:00Z,147abc6a,8bab4dff,a6177608,0.0
2025-03-04T04:57:00Z,147abc6a,8bab4dff,a6177608,0.0
2025-03-04T05:00:00Z,147abc6a,8bab4dff,a6177608,0.0
2025-03-04T05:03:00Z,147abc6a,8bab4dff,a6177608,0.0
2025-03-04T05:06:00Z,147abc6a,8bab4dff,a6177608,0.0
2025-03-04T05:09:00Z,147abc6a,8bab4dff,a6177608,0.0
2025-03-04T05:12:00Z,147abc6a,8bab4dff,a6177608,0.0
2025-03-04T05:15:00Z,147abc6a,8bab4dff,a6177608,0.0
2025-03-04T05:18:00Z,147abc6a,8bab4dff,a6177608,0.0
2025-03-04T05:21:00Z,147abc6a,8bab4dff,a6177608,0.0
2025-03-04T05:24:00Z,147abc6a,8bab4dff,a6177608,0.0
2025-03-04T05:27:00Z,147abc6a,8bab4dff,a6177608,0.0
2025-03-04T05:30:00Z,147abc6a,8bab4dff,a6177608,0.0
2025-03-04T05:33:00Z,147abc6a,8bab4dff,a6177608,0.0
2025-03-04T05:36:00Z,147abc6a,8bab4dff,a6177608,0.0
2025-03-04T05:39:00Z,147abc6a,8bab4dff,a6177608,0.0
2025-03-04T05:42:00Z,147abc6a,8bab4dff,a6177608,0.0
2025-03-04T05:45:00Z,147abc6a,8bab4dff,a6177608,0.0
2025-03-04T05:48:00Z,147abc6a,8bab4dff,a6177608,0.0
2025-03-04T05:51:00Z,147abc6a,8bab4dff,a6177608,0.0
2025-03-04T05:54:00Z,147abc6a,8bab4dff,a6177608,0.0
2025-03-04T05:57:00Z,147abc6a,8bab4dff,a6177608,0.0
2025-03-04T06:00:00Z,147abc6a,8bab4dff,a6177608,0.0
2025-03-04T06:03:00Z,147abc6a,8bab4dff,a6177608,0.0
2025-03-04T06:06:00Z,147abc6a,8bab4dff,a6177608,0.0
2025-03-04T06:09:00Z,147abc6a,8bab4dff,a6177608,0.0
2025-03-04T06:12:00Z,147abc6a,8bab4dff,a6177608,0.0
2025-03-04T06:15:00Z,147abc6a,8bab4dff,a6177608,0.0
2025-03-04T06:18:00Z,147abc6a,8bab4dff,a6177608,0.0
2025-03-04T06:21:00Z,147abc6a,8bab4dff,a6177608,0.0
2025-03-04T06:24:00Z,147abc6a,8bab4dff,a6177608,0.0
2025-03-04T06:27:00Z,147abc6a,8bab4dff,a6177608,0.0
2025-03-04T06:30:00Z,147abc6a,8bab4dff,a6177608,0.0
2025-03-04T06:33:00Z,147abc6a,8bab4dff,a6177608,0.0
2025-03-04T06:36:00Z,147abc6a,8bab4dff,a6177608,0.0
2025-03-04T06:39:00Z,147abc6a,8bab4dff,a6177608,0.0
2025-03-04T06:42:00Z,147abc6a,8bab4dff,a6177608,0.0
2025-03-04T06:45:00Z,147abc6a,8bab4dff,a6177608,0.0
2025-03-04T06:48:00Z,147abc6a,8bab4dff,a6177608,0.0
2025-03-04T06:51:00Z,147abc6a,8bab4dff,a6177608,0.0
2025-03-04T06:54:00Z,147abc6a,8bab4dff,a6177608,0.0
2025-03-04T06:57:00Z,147abc6a,8bab4dff,a6177608,0.0
2025-03-04T07:00:00Z,147abc6a,8bab4dff,a6177608,0.0
2025-03-04T07:03:00Z,147abc6a,8bab4dff,a6177608,0.0
2025-03-04T07:06:00Z,147abc6a,8bab4dff,a6177608,0.0
2025-03-04T07:09:00Z,147abc6a,8bab4dff,a6177608,0.0
2025-03-04T07:12:00Z,147abc6a,8bab4dff,a6177608,0.0
2025-03-04T07:15:00Z,147abc6a,8bab4dff,a6177608,0.0
2025-03-04T07:18:00Z,147abc6a,8bab4dff,a6177608,0.0
2025-03-04T07:21:00Z,147abc6a,8bab4dff,a6177608,0.0
2025-03-04T07:24:00Z,147abc6a,8bab4dff,a6177608,0.0
2025-03-04T07:27:00Z,147abc6a,8bab4dff,a6177608,0.0
2025-03-04T07:30:00Z,147abc6a,8bab4dff,a6177608,0.0
2025-03-04T07:33:00Z,147abc6a,8bab4dff,a6177608,0.0
2025-03-04T07:36:00Z,147abc6a,8bab4dff,a6177608,0.0
2025-03-04T07:39:00Z,147abc6a,8bab4dff,a6177608,0.0
2025-03-04T07:42:00Z,147abc6a,8bab4dff,a6177608,0.0
2025-03-04T07:45:00Z,147abc6a,8bab4dff,a6177608,0.0
2025-03-04T07:48:00Z,147abc6a,8bab4dff,a6177608,0.0
2025-03-04T07:51:00Z,147abc6a,8bab4dff,a6177608,0.0
2025-03-04T07:54:00Z,147abc6a,8bab4dff,a6177608,0.0
2025-03-04T07:57:00Z,147abc6a,8bab4dff,a6177608,0.0
2025-03-04T08:00:00Z,147abc6a,8bab4dff,a6177608,0.0
2025-03-04T08:03:00Z,147abc6a,8bab4dff,a6177608,0.01
2025-03-04T08:06:00Z,147abc6a,8bab4dff,a6177608,0.0
2025-03-04T08:09:00Z,147abc6a,8bab4dff,a6177608,0.0
2025-03-04T08:12:00Z,147abc6a,8bab4dff,a6177608,0.0
2025-03-04T08:15:00Z,147abc6a,8bab4dff,a6177608,0.0
2025-03-04T08:18:00Z,147abc6a,8bab4dff,a6177608,0.0
2025-03-04T08:21:00Z,147abc6a,8bab4dff,a6177608,0.0
2025-03-04T08:24:00Z,147abc6a,8bab4dff,a6177608,0.0
2025-03-04T08:27:00Z,147abc6a,8bab4dff,a6177608,0.0
2025-03-04T08:30:00Z,147abc6a,8bab4dff,a6177608,0.0
2025-03-04T08:33:00Z,147abc6a,8bab4dff,a6177608,0.0
2025-03-04T08:36:00Z,147abc6a,8bab4dff,a6177608,0.0
2025-03-04T08:39:00Z,147abc6a,8bab4dff,a6177608,0.0
2025-03-04T08:42:00Z,147abc6a,8bab4dff,a6177608,0.0
2025-03-04T08:45:00Z,147abc6a,8bab4dff,a6177608,0.0
2025-03-04T08:48:00Z,147abc6a,8bab4dff,a6177608,0.0
2025-03-04T08:51:00Z,147abc6a,8bab4dff,a6177608,0.0
2025-03-04T08:54:00Z,147abc6a,8bab4dff,a6177608,0.0
2025-03-04T08:57:00Z,147abc6a,8bab4dff,a6177608,0.0
2025-03-04T09:00:00Z,147abc6a,8bab4dff,a6177608,0.0
2025-03-04T09:03:00Z,147abc6a,8bab4dff,a6177608,0.0
2025-03-04T09:06:00Z,147abc6a,8bab4dff,a6177608,0.0
2025-03-04T09:09:00Z,147abc6a,8bab4dff,a6177608,0.0
2025-03-04T09:12:00Z,147abc6a,8bab4dff,a6177608,0.0
2025-03-04T09:15:00Z,147abc6a,8bab4dff,a6177608,0.0
2025-03-04T09:18:00Z,147abc6a,8bab4dff,a6177608,0.0
2025-03-04T09:21:00Z,147abc6a,8bab4dff,a6177608,0.0
2025-03-04T09:24:00Z,147abc6a,8bab4dff,a6177608,0.0
2025-03-04T09:27:00Z,147abc6a,8bab4dff,a6177608,0.0
2025-03-04T09:30:00Z,147abc6a,8bab4dff,a6177608,0.0
2025-03-04T09:33:00Z,147abc6a,8bab4dff,a6177608,0.0
2025-03-04T09:36:00Z,147abc6a,8bab4dff,a6177608,0.0
2025-03-04T09:39:00Z,147abc6a,8bab4dff,a6177608,0.0
2025-03-04T09:42:00Z,147abc6a,8bab4dff,a6177608,0.0
2025-03-04T09:45:00Z,147abc6a,8bab4dff,a6177608,0.0
2025-03-04T09:48:00Z,147abc6a,8bab4dff,a6177608,0.0
2025-03-04T09:51:00Z,147abc6a,8bab4dff,a6177608,0.0
2025-03-04T09:54:00Z,147abc6a,8bab4dff,a6177608,0.0
2025-03-04T09:57:00Z,147abc6a,8bab4dff,a6177608,0.0
2025-03-04T10:00:00Z,147abc6a,8bab4dff,a6177608,0.0
2025-03-04T10:03:00Z,147abc6a,8bab4dff,a6177608,0.0
2025-03-04T10:06:00Z,147abc6a,8bab4dff,a6177608,0.0
2025-03-04T10:09:00Z,147abc6a,8bab4dff,a6177608,0.0
2025-03-04T10:12:00Z,147abc6a,8bab4dff,a6177608,0.0
2025-03-04T10:15:00Z,147abc6a,8bab4dff,a6177608,0.0
2025-03-04T10:18:00Z,147abc6a,8bab4dff,a6177608,0.0
2025-03-04T10:21:00Z,147abc6a,8bab4dff,a6177608,0.0
2025-03-04T10:24:00Z,147abc6a,8bab4dff,a6177608,0.0
2025-03-04T10:27:00Z,147abc6a,8bab4dff,a6177608,0.0
2025-03-04T10:30:00Z,147abc6a,8bab4dff,a6177608,0.0
2025-03-04T10:33:00Z,147abc6a,8bab4dff,a6177608,0.0
2025-03-04T10:36:00Z,147abc6a,8bab4dff,a6177608,0.0
2025-03-04T10:39:00Z,147abc6a,8bab4dff,a6177608,0.0
2025-03-04T10:42:00Z,147abc6a,8bab4dff,a6177608,0.0
2025-03-04T10:45:00Z,147abc6a,8bab4dff,a6177608,0.0
2025-03-04T10:48:00Z,147abc6a,8bab4dff,a6177608,0.0
2025-03-04T10:51:00Z,147abc6a,8bab4dff,a6177608,0.0
2025-03-04T10:54:00Z,147abc6a,8bab4dff,a6177608,0.0
2025-03-04T10:57:00Z,147abc6a,8bab4dff,a6177608,0.0
2025-03-04T11:00:00Z,147abc6a,8bab4dff,a6177608,0.0
2025-03-04T11:03:00Z,147abc6a,8bab4dff,a6177608,0.0
2025-03-04T11:06:00Z,147abc6a,8bab4dff,a6177608,0.0
2025-03-04T11:09:00Z,147abc6a,8bab4dff,a6177608,0.0
2025-03-04T11:12:00Z,147abc6a,8bab4dff,a6177608,0.0
2025-03-04T11:15:00Z,147abc6a,8bab4dff,a6177608,0.0
2025-03-04T11:18:00Z,147abc6a,8bab4dff,a6177608,0.0
2025-03-04T11:21:00Z,147abc6a,8bab4dff,a6177608,0.0
2025-03-04T11:24:00Z,147abc6a,8bab4dff,a6177608,0.0
2025-03-04T11:27:00Z,147abc6a,8bab4dff,a6177608,0.0
2025-03-04T11:30:00Z,147abc6a,8bab4dff,a6177608,0.0
2025-03-04T11:33:00Z,147abc6a,8bab4dff,a6177608,0.0
2025-03-04T11:36:00Z,147abc6a,8bab4dff,a6177608,0.0
2025-03-04T11:39:00Z,147abc6a,8bab4dff,a6177608,0.0
2025-03-04T11:42:00Z,147abc6a,8bab4dff,a6177608,0.0
2025-03-04T11:45:00Z,147abc6a,8bab4dff,a6177608,0.0
2025-03-04T11:48:00Z,147abc6a,8bab4dff,a6177608,0.0
2025-03-04T11:51:00Z,147abc6a,8bab4dff,a6177608,0.0
2025-03-04T11:54:00Z,147abc6a,8bab4dff,a6177608,0.0
2025-03-04T11:57:00Z,147abc6a,8bab4dff,a6177608,0.0
2025-03-04T12:00:00Z,147abc6a,8bab4dff,a6177608,0.0
2025-03-04T12:03:00Z,147abc6a,8bab4dff,a6177608,0.0
2025-03-04T12:06:00Z,147abc6a,8bab4dff,a6177608,0.0
2025-03-04T12:09:00Z,147abc6a,8bab4dff,a6177608,0.0
2025-03-04T12:12:00Z,147abc6a,8bab4dff,a6177608,0.0
2025-03-04T12:15:00Z,147abc6a,8bab4dff,a6177608,0.0
2025-03-04T12:18:00Z,147abc6a,8bab4dff,a6177608,0.0
2025-03-04T12:21:00Z,147abc6a,8bab4dff,a6177608,0.0
2025-03-04T12:24:00Z,147abc6a,8bab4dff,a6177608,0.0
2025-03-04T12:27:00Z,147abc6a,8bab4dff,a6177608,0.0
2025-03-04T12:30:00Z,147abc6a,8bab4dff,a6177608,0.0
2025-03-04T12:33:00Z,147abc6a,8bab4dff,a6177608,0.0
2025-03-04T12:36:00Z,147abc6a,8bab4dff,a6177608,0.0
2025-03-04T12:39:00Z,147abc6a,8bab4dff,a6177608,0.0
2025-03-04T12:42:00Z,147abc6a,8bab4dff,a6177608,0.0
2025-03-04T12:45:00Z,147abc6a,8bab4dff,a6177608,0.0
2025-03-04T12:48:00Z,147abc6a,8bab4dff,a6177608,0.0
2025-03-04T12:51:00Z,147abc6a,8bab4dff,a6177608,0.0
2025-03-04T12:54:00Z,147abc6a,8bab4dff,a6177608,0.0
2025-03-04T12:57:00Z,147abc6a,8bab4dff,a6177608,0.0
2025-03-04T13:00:00Z,147abc6a,8bab4dff,a6177608,0.0
2025-03-04T13:03:00Z,147abc6a,8bab4dff,a6177608,0.0
2025-03-04T13:06:00Z,147abc6a,8bab4dff,a6177608,0.0
2025-03-04T13:09:00Z,147abc6a,8bab4dff,a6177608,0.0
2025-03-04T13:12:00Z,147abc6a,8bab4dff,a6177608,0.0
2025-03-04T13:15:00Z,147abc6a,8bab4dff,a6177608,0.0
2025-03-04T13:18:00Z,147abc6a,8bab4dff,a6177608,0.0
2025-03-04T13:21:00Z,147abc6a,8bab4dff,a6177608,0.0
2025-03-04T13:24:00Z,147abc6a,8bab4dff,a6177608,0.0
2025-03-04T13:27:00Z,147abc6a,8bab4dff,a6177608,0.0
2025-03-04T13:30:00Z,147abc6a,8bab4dff,a6177608,0.0
2025-03-04T13:33:00Z,147abc6a,8bab4dff,a6177608,0.0
2025-03-04T13:36:00Z,147abc6a,8bab4dff,a6177608,0.0
2025-03-04T13:39:00Z,147abc6a,8bab4dff,a6177608,0.0
2025-03-04T13:42:00Z,147abc6a,8bab4dff,a6177608,0.0
2025-03-04T13:45:00Z,147abc6a,8bab4dff,a6177608,0.0
2025-03-04T13:48:00Z,147abc6a,8bab4dff,a6177608,0.0
2025-03-04T13:51:00Z,147abc6a,8bab4dff,a6177608,0.0
2025-03-04T13:54:00Z,147abc6a,8bab4dff,a6177608,0.0
2025-03-04T13:57:00Z,147abc6a,8bab4dff,a6177608,0.0
2025-03-04T14:00:00Z,147abc6a,8bab4dff,a6177608,0.0
2025-03-04T14:03:00Z,147abc6a,8bab4dff,a6177608,0.0
2025-03-04T14:06:00Z,147abc6a,8bab4dff,a6177608,0.0
2025-03-04T14:09:00Z,147abc6a,8bab4dff,a6177608,0.0
2025-03-04T14:12:00Z,147abc6a,8bab4dff,a6177608,0.0
2025-03-04T14:15:00Z,147abc6a,8bab4dff,a6177608,0.0
2025-03-04T14:18:00Z,147abc6a,8bab4dff,a6177608,0.0
2025-03-04T14:21:00Z,147abc6a,8bab4dff,a6177608,0.0
2025-03-04T14:24:00Z,147abc6a,8bab4dff,a6177608,0.0
2025-03-04T14:27:00Z,147abc6a,8bab4dff,a6177608,0.0
2025-03-04T14:30:00Z,147abc6a,8bab4dff,a6177608,0.0
2025-03-04T14:33:00Z,147abc6a,8bab4dff,a6177608,0.0
2025-03-04T14:36:00Z,147abc6a,8bab4dff,a6177608,0.0
2025-03-04T14:39:00Z,147abc6a,8bab4dff,a6177608,0.0
2025-03-04T14:42:00Z,147abc6a,8bab4dff,a6177608,0.0
2025-03-04T14:45:00Z,147abc6a,8bab4dff,a6177608,0.0
2025-03-04T14:48:00Z,147abc6a,8bab4dff,a6177608,0.0
2025-03-04T14:51:00Z,147abc6a,8bab4dff,a6177608,0.0
2025-03-04T14:54:00Z,147abc6a,8bab4dff,a6177608,0.0
2025-03-04T14:57:00Z,147abc6a,8bab4dff,a6177608,0.0
2025-03-04T15:00:00Z,147abc6a,8bab4dff,a6177608,0.0
2025-03-04T15:03:00Z,147abc6a,8bab4dff,a6177608,0.0
2025-03-04T15:06:00Z,147abc6a,8bab4dff,a6177608,0.0
2025-03-04T15:09:00Z,147abc6a,8bab4dff,a6177608,0.0
2025-03-04T15:12:00Z,147abc6a,8bab4dff,a6177608,0.0
2025-03-04T15:15:00Z,147abc6a,8bab4dff,a6177608,0.0
2025-03-04T15:18:00Z,147abc6a,8bab4dff,a6177608,0.0
2025-03-04T15:21:00Z,147abc6a,8bab4dff,a6177608,0.0
2025-03-04T15:24:00Z,147abc6a,8bab4dff,a6177608,0.0
2025-03-04T15:27:00Z,147abc6a,8bab4dff,a6177608,0.0
2025-03-04T15:30:00Z,147abc6a,8bab4dff,a6177608,0.0
2025-03-04T15:33:00Z,147abc6a,8bab4dff,a6177608,0.0
2025-03-04T15:36:00Z,147abc6a,8bab4dff,a6177608,0.0
2025-03-04T15:39:00Z,147abc6a,8bab4dff,a6177608,0.0
2025-03-04T15:42:00Z,147abc6a,8bab4dff,a6177608,0.0
2025-03-04T15:45:00Z,147abc6a,8bab4dff,a6177608,0.0
2025-03-04T15:48:00Z,147abc6a,8bab4dff,a6177608,0.0
2025-03-04T15:51:00Z,147abc6a,8bab4dff,a6177608,0.0
2025-03-04T15:54:00Z,147abc6a,8bab4dff,a6177608,0.0
2025-03-04T15:57:00Z,147abc6a,8bab4dff,a6177608,0.0
2025-03-04T16:00:00Z,147abc6a,8bab4dff,a6177608,0.0
2025-03-04T16:03:00Z,147abc6a,8bab4dff,a6177608,0.0
2025-03-04T16:06:00Z,147abc6a,8bab4dff,a6177608,0.0
2025-03-04T16:09:00Z,147abc6a,8bab4dff,a6177608,0.0
2025-03-04T16:12:00Z,147abc6a,8bab4dff,a6177608,0.0
2025-03-04T16:15:00Z,147abc6a,8bab4dff,a6177608,0.0
2025-03-04T16:18:00Z,147abc6a,8bab4dff,a6177608,0.0
2025-03-04T16:21:00Z,147abc6a,8bab4dff,a6177608,0.0
2025-03-04T16:24:00Z,147abc6a,8bab4dff,a6177608,0.0
2025-03-04T16:27:00Z,147abc6a,8bab4dff,a6177608,0.0
2025-03-04T16:30:00Z,147abc6a,8bab4dff,a6177608,0.0
2025-03-04T16:33:00Z,147abc6a,8bab4dff,a6177608,0.0
2025-03-04T16:36:00Z,147abc6a,8bab4dff,a6177608,0.0
2025-03-04T16:39:00Z,147abc6a,8bab4dff,a6177608,0.0
2025-03-04T16:42:00Z,147abc6a,8bab4dff,a6177608,0.0
2025-03-04T16:45:00Z,147abc6a,8bab4dff,a6177608,0.0
2025-03-04T16:48:00Z,147abc6a,8bab4dff,a6177608,0.0
2025-03-04T16:51:00Z,147abc6a,8bab4dff,a6177608,0.0
2025-03-04T16:54:00Z,147abc6a,8bab4dff,a6177608,0.0
2025-03-04T16:57:00Z,147abc6a,8bab4dff,a6177608,0.0
2025-03-04T17:00:00Z,147abc6a,8bab4dff,a6177608,0.0
2025-03-04T17:03:00Z,147abc6a,8bab4dff,a6177608,0.0
2025-03-04T17:06:00Z,147abc6a,8bab4dff,a6177608,0.0
2025-03-04T17:09:00Z,147abc6a,8bab4dff,a6177608,0.0
2025-03-04T17:12:00Z,147abc6a,8bab4dff,a6177608,0.0
2025-03-04T17:15:00Z,147abc6a,8bab4dff,a6177608,0.0
2025-03-04T17:18:00Z,147abc6a,8bab4dff,a6177608,0.0
2025-03-04T17:21:00Z,147abc6a,8bab4dff,a6177608,0.0
2025-03-04T17:24:00Z,147abc6a,8bab4dff,a6177608,0.0
2025-03-04T17:27:00Z,147abc6a,8bab4dff,a6177608,0.0
2025-03-04T17:30:00Z,147abc6a,8bab4dff,a6177608,0.0
2025-03-04T17:33:00Z,147abc6a,8bab4dff,a6177608,0.0
2025-03-04T17:36:00Z,147abc6a,8bab4dff,a6177608,0.0
2025-03-04T17:39:00Z,147abc6a,8bab4dff,a6177608,0.0
2025-03-04T17:42:00Z,147abc6a,8bab4dff,a6177608,0.0
2025-03-04T17:45:00Z,147abc6a,8bab4dff,a6177608,0.0
2025-03-04T17:48:00Z,147abc6a,8bab4dff,a6177608,0.0
2025-03-04T17:51:00Z,147abc6a,8bab4dff,a6177608,0.0
2025-03-04T17:54:00Z,147abc6a,8bab4dff,a6177608,0.0
2025-03-04T17:57:00Z,147abc6a,8bab4dff,a6177608,0.0
2025-03-04T18:00:00Z,147abc6a,8bab4dff,a6177608,0.0
2025-03-04T18:03:00Z,147abc6a,8bab4dff,a6177608,0.0
2025-03-04T18:06:00Z,147abc6a,8bab4dff,a6177608,0.0
2025-03-04T18:09:00Z,147abc6a,8bab4dff,a6177608,0.0
2025-03-04T18:12:00Z,147abc6a,8bab4dff,a6177608,0.0
2025-03-04T18:15:00Z,147abc6a,8bab4dff,a6177608,0.0
2025-03-04T18:18:00Z,147abc6a,8bab4dff,a6177608,0.0
2025-03-04T18:21:00Z,147abc6a,8bab4dff,a6177608,0.0
2025-03-04T18:24:00Z,147abc6a,8bab4dff,a6177608,0.0
2025-03-04T18:27:00Z,147abc6a,8bab4dff,a6177608,0.0
2025-03-04T18:30:00Z,147abc6a,8bab4dff,a6177608,0.0
2025-03-04T18:33:00Z,147abc6a,8bab4dff,a6177608,0.0
2025-03-04T18:36:00Z,147abc6a,8bab4dff,a6177608,0.0
2025-03-04T18:39:00Z,147abc6a,8bab4dff,a6177608,0.0
2025-03-04T18:42:00Z,147abc6a,8bab4dff,a6177608,0.0
2025-03-04T18:45:00Z,147abc6a,8bab4dff,a6177608,0.0
2025-03-04T18:48:00Z,147abc6a,8bab4dff,a6177608,0.0
2025-03-04T18:51:00Z,147abc6a,8bab4dff,a6177608,0.0
2025-03-04T18:54:00Z,147abc6a,8bab4dff,a6177608,0.0
2025-03-04T18:57:00Z,147abc6a,8bab4dff,a6177608,0.0
2025-03-04T19:00:00Z,147abc6a,8bab4dff,a6177608,0.0
2025-03-04T19:03:00Z,147abc6a,8bab4dff,a6177608,0.0
2025-03-04T19:06:00Z,147abc6a,8bab4dff,a6177608,0.0
2025-03-04T19:09:00Z,147abc6a,8bab4dff,a6177608,0.0
2025-03-04T19:12:00Z,147abc6a,8bab4dff,a6177608,0.0
2025-03-04T19:15:00Z,147abc6a,8bab4dff,a6177608,0.0
2025-03-04T19:18:00Z,147abc6a,8bab4dff,a6177608,0.0
2025-03-04T19:21:00Z,147abc6a,8bab4dff,a6177608,0.0
2025-03-04T19:24:00Z,147abc6a,8bab4dff,a6177608,0.0
2025-03-04T19:27:00Z,147abc6a,8bab4dff,a6177608,0.0
2025-03-04T19:30:00Z,147abc6a,8bab4dff,a6177608,0.0
2025-03-04T19:33:00Z,147abc6a,8bab4dff,a6177608,0.0
2025-03-04T19:36:00Z,147abc6a,8bab4dff,a6177608,0.0
2025-03-04T19:39:00Z,147abc6a,8bab4dff,a6177608,0.0
2025-03-04T19:42:00Z,147abc6a,8bab4dff,a6177608,0.0
2025-03-04T19:45:00Z,147abc6a,8bab4dff,a6177608,0.0
2025-03-04T19:48:00Z,147abc6a,8bab4dff,a6177608,0.0
2025-03-04T19:51:00Z,147abc6a,8bab4dff,a6177608,0.0
2025-03-04T19:54:00Z,147abc6a,8bab4dff,a6177608,0.0
2025-03-04T19:57:00Z,147abc6a,8bab4dff,a6177608,0.0
2025-03-04T20:00:00Z,147abc6a,8bab4dff,a6177608,0.0
2025-03-04T20:03:00Z,147abc6a,8bab4dff,a6177608,0.0
2025-03-04T20:06:00Z,147abc6a,8bab4dff,a6177608,0.0
2025-03-04T20:09:00Z,147abc6a,8bab4dff,a6177608,0.0
2025-03-04T20:12:00Z,147abc6a,8bab4dff,a6177608,0.0
2025-03-04T20:15:00Z,147abc6a,8bab4dff,a6177608,0.0
2025-03-04T20:18:00Z,147abc6a,8bab4dff,a6177608,0.0
2025-03-04T20:21:00Z,147abc6a,8bab4dff,a6177608,0.0
2025-03-04T20:24:00Z,147abc6a,8bab4dff,a6177608,0.0
2025-03-04T20:27:00Z,147abc6a,8bab4dff,a6177608,0.0
2025-03-04T20:30:00Z,147abc6a,8bab4dff,a6177608,0.0
2025-03-04T20:33:00Z,147abc6a,8bab4dff,a6177608,0.0
2025-03-04T20:36:00Z,147abc6a,8bab4dff,a6177608,0.0
2025-03-04T20:39:00Z,147abc6a,8bab4dff,a6177608,0.0
2025-03-04T20:42:00Z,147abc6a,8bab4dff,a6177608,0.0
2025-03-04T20:45:00Z,147abc6a,8bab4dff,a6177608,0.0
2025-03-04T20:48:00Z,147abc6a,8bab4dff,a6177608,0.0
2025-03-04T20:51:00Z,147abc6a,8bab4dff,a6177608,0.0
2025-03-04T20:54:00Z,147abc6a,8bab4dff,a6177608,0.0
2025-03-04T20:57:00Z,147abc6a,8bab4dff,a6177608,0.0
2025-03-04T21:00:00Z,147abc6a,8bab4dff,a6177608,0.0
2025-03-04T21:03:00Z,147abc6a,8bab4dff,a6177608,0.0
2025-03-04T21:06:00Z,147abc6a,8bab4dff,a6177608,0.0
2025-03-04T21:09:00Z,147abc6a,8bab4dff,a6177608,0.0
2025-03-04T21:12:00Z,147abc6a,8bab4dff,a6177608,0.0
2025-03-04T21:15:00Z,147abc6a,8bab4dff,a6177608,0.0
2025-03-04T21:18:00Z,147abc6a,8bab4dff,a6177608,0.0
2025-03-04T21:21:00Z,147abc6a,8bab4dff,a6177608,0.0
2025-03-04T21:24:00Z,147abc6a,8bab4dff,a6177608,0.0
2025-03-04T21:27:00Z,147abc6a,8bab4dff,a6177608,0.0
2025-03-04T21:30:00Z,147abc6a,8bab4dff,a6177608,0.0
2025-03-04T21:33:00Z,147abc6a,8bab4dff,a6177608,0.0
2025-03-04T21:36:00Z,147abc6a,8bab4dff,a6177608,0.0
2025-03-04T21:39:00Z,147abc6a,8bab4dff,a6177608,0.0
2025-03-04T21:42:00Z,147abc6a,8bab4dff,a6177608,0.0
2025-03-04T21:45:00Z,147abc6a,8bab4dff,a6177608,0.0
2025-03-04T21:48:00Z,147abc6a,8bab4dff,a6177608,0.0
2025-03-04T21:51:00Z,147abc6a,8bab4dff,a6177608,0.0
2025-03-04T21:54:00Z,147abc6a,8bab4dff,a6177608,0.0
2025-03-04T21:57:00Z,147abc6a,8bab4dff,a6177608,0.0
2025-03-04T22:00:00Z,147abc6a,8bab4dff,a6177608,0.0
2025-03-04T22:03:00Z,147abc6a,8bab4dff,a6177608,0.0
2025-03-04T22:06:00Z,147abc6a,8bab4dff,a6177608,0.0
2025-03-04T22:09:00Z,147abc6a,8bab4dff,a6177608,0.0
2025-03-04T22:12:00Z,147abc6a,8bab4dff,a6177608,0.0
2025-03-04T22:15:00Z,147abc6a,8bab4dff,a6177608,0.0
2025-03-04T22:18:00Z,147abc6a,8bab4dff,a6177608,0.0
2025-03-04T22:21:00Z,147abc6a,8bab4dff,a6177608,0.0
2025-03-04T22:24:00Z,147abc6a,8bab4dff,a6177608,0.0
2025-03-04T22:27:00Z,147abc6a,8bab4dff,a6177608,0.0
2025-03-04T22:30:00Z,147abc6a,8bab4dff,a6177608,0.0
2025-03-04T22:33:00Z,147abc6a,8bab4dff,a6177608,0.0
2025-03-04T22:36:00Z,147abc6a,8bab4dff,a6177608,0.0
2025-03-04T22:39:00Z,147abc6a,8bab4dff,a6177608,0.0
2025-03-04T22:42:00Z,147abc6a,8bab4dff,a6177608,0.0
2025-03-04T22:45:00Z,147abc6a,8bab4dff,a6177608,0.0
2025-03-04T22:48:00Z,147abc6a,8bab4dff,a6177608,0.0
2025-03-04T22:51:00Z,147abc6a,8bab4dff,a6177608,0.0
2025-03-04T22:54:00Z,147abc6a,8bab4dff,a6177608,0.0
2025-03-04T22:57:00Z,147abc6a,8bab4dff,a6177608,0.0
2025-03-04T23:00:00Z,147abc6a,8bab4dff,a6177608,0.0
2025-03-04T23:03:00Z,147abc6a,8bab4dff,a6177608,0.0
2025-03-04T23:06:00Z,147abc6a,8bab4dff,a6177608,0.0
2025-03-04T23:09:00Z,147abc6a,8bab4dff,a6177608,0.0
2025-03-04T23:12:00Z,147abc6a,8bab4dff,a6177608,0.0
2025-03-04T23:15:00Z,147abc6a,8bab4dff,a6177608,0.0
2025-03-04T23:18:00Z,147abc6a,8bab4dff,a6177608,0.0
2025-03-04T23:21:00Z,147abc6a,8bab4dff,a6177608,0.0
2025-03-04T23:24:00Z,147abc6a,8bab4dff,a6177608,0.0
2025-03-04T23:27:00Z,147abc6a,8bab4dff,a6177608,0.0
2025-03-04T23:30:00Z,147abc6a,8bab4dff,a6177608,0.0
2025-03-04T23:33:00Z,147abc6a,8bab4dff,a6177608,0.0
2025-03-04T23:36:00Z,147abc6a,8bab4dff,a6177608,0.0
2025-03-04T23:39:00Z,147abc6a,8bab4dff,a6177608,0.0
2025-03-04T23:42:00Z,147abc6a,8bab4dff,a6177608,0.0
2025-03-04T23:45:00Z,147abc6a,8bab4dff,a6177608,0.0
2025-03-04T23:48:00Z,147abc6a,8bab4dff,a6177608,0.0
2025-03-04T23:51:00Z,147abc6a,8bab4dff,a6177608,0.0
2025-03-04T23:54:00Z,147abc6a,8bab4dff,a6177608,0.0
2025-03-04T23:57:00Z,147abc6a,8bab4dff,a6177608,0.01
2025-03-05T00:00:00Z,147abc6a,8bab4dff,a6177608,0.0
2025-03-05T00:03:00Z,147abc6a,8bab4dff,a6177608,0.0
2025-03-05T00:06:00Z,147abc6a,8bab4dff,a6177608,0.0
2025-03-05T00:09:00Z,147abc6a,8bab4dff,a6177608,0.0
2025-03-05T00:12:00Z,147abc6a,8bab4dff,a6177608,0.0
2025-03-05T00:15:00Z,147abc6a,8bab4dff,a6177608,0.0
2025-03-05T00:18:00Z,147abc6a,8bab4dff,a6177608,0.0
2025-03-05T00:21:00Z,147abc6a,8bab4dff,a6177608,0.0
2025-03-05T00:24:00Z,147abc6a,8bab4dff,a6177608,0.0
2025-03-05T00:27:00Z,147abc6a,8bab4dff,a6177608,0.0
2025-03-05T00:30:00Z,147abc6a,8bab4dff,a6177608,0.0
2025-03-05T00:33:00Z,147abc6a,8bab4dff,a6177608,0.0
2025-03-05T00:36:00Z,147abc6a,8bab4dff,a6177608,0.0
2025-03-05T00:39:00Z,147abc6a,8bab4dff,a6177608,0.0
2025-03-05T00:42:00Z,147abc6a,8bab4dff,a6177608,0.0
2025-03-05T00:45:00Z,147abc6a,8bab4dff,a6177608,0.0
2025-03-05T00:48:00Z,147abc6a,8bab4dff,a6177608,0.0
2025-03-05T00:51:00Z,147abc6a,8bab4dff,a6177608,0.0
2025-03-05T00:54:00Z,147abc6a,8bab4dff,a6177608,0.0
2025-03-05T00:57:00Z,147abc6a,8bab4dff,a6177608,0.0
2025-03-05T01:00:00Z,147abc6a,8bab4dff,a6177608,0.0
2025-03-05T01:03:00Z,147abc6a,8bab4dff,a6177608,0.0
2025-03-05T01:06:00Z,147abc6a,8bab4dff,a6177608,0.0
2025-03-05T01:09:00Z,147abc6a,8bab4dff,a6177608,0.0
2025-03-05T01:12:00Z,147abc6a,8bab4dff,a6177608,0.0
2025-03-05T01:15:00Z,147abc6a,8bab4dff,a6177608,0.0
2025-03-05T01:18:00Z,147abc6a,8bab4dff,a6177608,0.0
2025-03-05T01:21:00Z,147abc6a,8bab4dff,a6177608,0.0
2025-03-05T01:24:00Z,147abc6a,8bab4dff,a6177608,0.0
2025-03-05T01:27:00Z,147abc6a,8bab4dff,a6177608,0.0
2025-03-05T01:30:00Z,147abc6a,8bab4dff,a6177608,0.0
2025-03-05T01:33:00Z,147abc6a,8bab4dff,a6177608,0.0
2025-03-05T01:36:00Z,147abc6a,8bab4dff,a6177608,0.0
2025-03-05T01:39:00Z,147abc6a,8bab4dff,a6177608,0.0
2025-03-05T01:42:00Z,147abc6a,8bab4dff,a6177608,0.0
2025-03-05T01:45:00Z,147abc6a,8bab4dff,a6177608,0.0
2025-03-05T01:48:00Z,147abc6a,8bab4dff,a6177608,0.0
2025-03-05T01:51:00Z,147abc6a,8bab4dff,a6177608,0.0
2025-03-05T01:54:00Z,147abc6a,8bab4dff,a6177608,0.0
2025-03-05T01:57:00Z,147abc6a,8bab4dff,a6177608,0.0
2025-03-05T02:00:00Z,147abc6a,8bab4dff,a6177608,0.0
2025-03-05T02:03:00Z,147abc6a,8bab4dff,a6177608,0.0
2025-03-05T02:06:00Z,147abc6a,8bab4dff,a6177608,0.0
2025-03-05T02:09:00Z,147abc6a,8bab4dff,a6177608,0.0
2025-03-05T02:12:00Z,147abc6a,8bab4dff,a6177608,0.0
2025-03-05T02:15:00Z,147abc6a,8bab4dff,a6177608,0.0
2025-03-05T02:18:00Z,147abc6a,8bab4dff,a6177608,0.0
2025-03-05T02:21:00Z,147abc6a,8bab4dff,a6177608,0.0
2025-03-05T02:24:00Z,147abc6a,8bab4dff,a6177608,0.0
2025-03-05T02:27:00Z,147abc6a,8bab4dff,a6177608,0.0
2025-03-05T02:30:00Z,147abc6a,8bab4dff,a6177608,0.11
2025-03-05T02:33:00Z,147abc6a,8bab4dff,a6177608,0.0
2025-03-05T02:36:00Z,147abc6a,8bab4dff,a6177608,0.0
2025-03-05T02:39:00Z,147abc6a,8bab4dff,a6177608,0.0
2025-03-05T02:42:00Z,147abc6a,8bab4dff,a6177608,0.0
2025-03-05T02:45:00Z,147abc6a,8bab4dff,a6177608,0.0
2025-03-05T02:48:00Z,147abc6a,8bab4dff,a6177608,0.0
2025-03-05T02:51:00Z,147abc6a,8bab4dff,a6177608,0.0
2025-03-05T02:54:00Z,147abc6a,8bab4dff,a6177608,0.0
2025-03-05T02:57:00Z,147abc6a,8bab4dff,a6177608,0.0
2025-03-05T03:00:00Z,147abc6a,8bab4dff,a6177608,0.0
2025-03-05T03:03:00Z,147abc6a,8bab4dff,a6177608,0.0
2025-03-05T03:06:00Z,147abc6a,8bab4dff,a6177608,0.0
2025-03-05T03:09:00Z,147abc6a,8bab4dff,a6177608,0.0
2025-03-05T03:12:00Z,147abc6a,8bab4dff,a6177608,0.0
2025-03-05T03:15:00Z,147abc6a,8bab4dff,a6177608,0.0
2025-03-05T03:18:00Z,147abc6a,8bab4dff,a6177608,0.0
2025-03-05T03:21:00Z,147abc6a,8bab4dff,a6177608,0.0
2025-03-05T03:24:00Z,147abc6a,8bab4dff,a6177608,0.0
2025-03-05T03:27:00Z,147abc6a,8bab4dff,a6177608,0.0
2025-03-05T03:30:00Z,147abc6a,8bab4dff,a6177608,0.0
2025-03-05T03:33:00Z,147abc6a,8bab4dff,a6177608,0.0
2025-03-05T03:36:00Z,147abc6a,8bab4dff,a6177608,0.0
2025-03-05T03:39:00Z,147abc6a,8bab4dff,a6177608,0.0
2025-03-05T03:42:00Z,147abc6a,8bab4dff,a6177608,0.0
2025-03-05T03:45:00Z,147abc6a,8bab4dff,a6177608,0.0
2025-03-05T03:48:00Z,147abc6a,8bab4dff,a6177608,0.0
2025-03-05T03:51:00Z,147abc6a,8bab4dff,a6177608,0.0
2025-03-05T03:54:00Z,147abc6a,8bab4dff,a6177608,0.0
2025-03-05T03:57:00Z,147abc6a,8bab4dff,a6177608,0.0
2025-03-05T04:00:00Z,147abc6a,8bab4dff,a6177608,0.0
2025-03-05T04:03:00Z,147abc6a,8bab4dff,a6177608,0.0
2025-03-05T04:06:00Z,147abc6a,8bab4dff,a6177608,0.0
2025-03-05T04:09:00Z,147abc6a,8bab4dff,a6177608,0.0
2025-03-05T04:12:00Z,147abc6a,8bab4dff,a6177608,0.0
2025-03-05T04:15:00Z,147abc6a,8bab4dff,a6177608,0.0
2025-03-05T04:18:00Z,147abc6a,8bab4dff,a6177608,0.0
2025-03-05T04:21:00Z,147abc6a,8bab4dff,a6177608,0.0
2025-03-05T04:24:00Z,147abc6a,8bab4dff,a6177608,0.0
2025-03-05T04:27:00Z,147abc6a,8bab4dff,a6177608,0.0
2025-03-05T04:30:00Z,147abc6a,8bab4dff,a6177608,0.0
2025-03-05T04:33:00Z,147abc6a,8bab4dff,a6177608,0.0
2025-03-05T04:36:00Z,147abc6a,8bab4dff,a6177608,0.0
2025-03-05T04:39:00Z,147abc6a,8bab4dff,a6177608,0.0
2025-03-05T04:42:00Z,147abc6a,8bab4dff,a6177608,0.0
2025-03-05T04:45:00Z,147abc6a,8bab4dff,a6177608,0.0
2025-03-05T04:48:00Z,147abc6a,8bab4dff,a6177608,0.0
2025-03-05T04:51:00Z,147abc6a,8bab4dff,a6177608,0.0
2025-03-05T04:54:00Z,147abc6a,8bab4dff,a6177608,0.0
2025-03-05T04:57:00Z,147abc6a,8bab4dff,a6177608,0.0
2025-03-05T05:00:00Z,147abc6a,8bab4dff,a6177608,0.0
2025-03-05T05:03:00Z,147abc6a,8bab4dff,a6177608,0.0
2025-03-05T05:06:00Z,147abc6a,8bab4dff,a6177608,0.0
2025-03-05T05:09:00Z,147abc6a,8bab4dff,a6177608,0.0
2025-03-05T05:12:00Z,147abc6a,8bab4dff,a6177608,0.0
2025-03-05T05:15:00Z,147abc6a,8bab4dff,a6177608,0.0
2025-03-05T05:18:00Z,147abc6a,8bab4dff,a6177608,0.0
2025-03-05T05:21:00Z,147abc6a,8bab4dff,a6177608,0.0
2025-03-05T05:24:00Z,147abc6a,8bab4dff,a6177608,0.0
2025-03-05T05:27:00Z,147abc6a,8bab4dff,a6177608,0.0
2025-03-05T05:30:00Z,147abc6a,8bab4dff,a6177608,0.0
2025-03-05T05:33:00Z,147abc6a,8bab4dff,a6177608,0.0
2025-03-05T05:36:00Z,147abc6a,8bab4dff,a6177608,0.0
2025-03-05T05:39:00Z,147abc6a,8bab4dff,a6177608,0.0
2025-03-05T05:42:00Z,147abc6a,8bab4dff,a6177608,0.0
2025-03-05T05:45:00Z,147abc6a,8bab4dff,a6177608,0.0
2025-03-05T05:48:00Z,147abc6a,8bab4dff,a6177608,0.0
2025-03-05T05:51:00Z,147abc6a,8bab4dff,a6177608,0.0
2025-03-05T05:54:00Z,147abc6a,8bab4dff,a6177608,0.0
2025-03-05T05:57:00Z,147abc6a,8bab4dff,a6177608,0.0
2025-03-05T06:00:00Z,147abc6a,8bab4dff,a6177608,0.0
2025-03-05T06:03:00Z,147abc6a,8bab4dff,a6177608,0.0
2025-03-05T06:06:00Z,147abc6a,8bab4dff,a6177608,0.0
2025-03-05T06:09:00Z,147abc6a,8bab4dff,a6177608,0.0
2025-03-05T06:12:00Z,147abc6a,8bab4dff,a6177608,0.0
2025-03-05T06:15:00Z,147abc6a,8bab4dff,a6177608,0.0
2025-03-05T06:18:00Z,147abc6a,8bab4dff,a6177608,0.0
2025-03-05T06:21:00Z,147abc6a,8bab4dff,a6177608,0.0
2025-03-05T06:24:00Z,147abc6a,8bab4dff,a6177608,0.0
2025-03-05T06:27:00Z,147abc6a,8bab4dff,a6177608,0.0
2025-03-05T06:30:00Z,147abc6a,8bab4dff,a6177608,0.32
2025-03-05T06:33:00Z,147abc6a,8bab4dff,a6177608,0.0
2025-03-05T06:36:00Z,147abc6a,8bab4dff,a6177608,0.0
2025-03-05T06:39:00Z,147abc6a,8bab4dff,a6177608,0.0
2025-03-05T06:42:00Z,147abc6a,8bab4dff,a6177608,0.0
2025-03-05T06:45:00Z,147abc6a,8bab4dff,a6177608,0.0
2025-03-05T06:48:00Z,147abc6a,8bab4dff,a6177608,0.0
2025-03-05T06:51:00Z,147abc6a,8bab4dff,a6177608,0.0
2025-03-05T06:54:00Z,147abc6a,8bab4dff,a6177608,0.0
2025-03-05T06:57:00Z,147abc6a,8bab4dff,a6177608,0.0
2025-03-05T07:00:00Z,147abc6a,8bab4dff,a6177608,0.0
2025-03-05T07:03:00Z,147abc6a,8bab4dff,a6177608,0.0
2025-03-05T07:06:00Z,147abc6a,8bab4dff,a6177608,0.0
2025-03-05T07:09:00Z,147abc6a,8bab4dff,a6177608,0.0
2025-03-05T07:12:00Z,147abc6a,8bab4dff,a6177608,0.0
2025-03-05T07:15:00Z,147abc6a,8bab4dff,a6177608,0.0
2025-03-05T07:18:00Z,147abc6a,8bab4dff,a6177608,0.0
2025-03-05T07:21:00Z,147abc6a,8bab4dff,a6177608,0.0
2025-03-05T07:24:00Z,147abc6a,8bab4dff,a6177608,0.0
2025-03-05T07:27:00Z,147abc6a,8bab4dff,a6177608,0.0
2025-03-05T07:30:00Z,147abc6a,8bab4dff,a6177608,0.0
2025-03-05T07:33:00Z,147abc6a,8bab4dff,a6177608,0.0
2025-03-05T07:36:00Z,147abc6a,8bab4dff,a6177608,0.0
2025-03-05T07:39:00Z,147abc6a,8bab4dff,a6177608,0.0
2025-03-05T07:42:00Z,147abc6a,8bab4dff,a6177608,0.0
2025-03-05T07:45:00Z,147abc6a,8bab4dff,a6177608,0.0
2025-03-05T07:48:00Z,147abc6a,8bab4dff,a6177608,0.0
2025-03-05T07:51:00Z,147abc6a,8bab4dff,a6177608,0.0
2025-03-05T07:54:00Z,147abc6a,8bab4dff,a6177608,0.0
2025-03-05T07:57:00Z,147abc6a,8bab4dff,a6177608,0.0
2025-03-05T08:00:00Z,147abc6a,8bab4dff,a6177608,0.0
2025-03-05T08:03:00Z,147abc6a,8bab4dff,a6177608,0.0
2025-03-05T08:06:00Z,147abc6a,8bab4dff,a6177608,0.0
2025-03-05T08:09:00Z,147abc6a,8bab4dff,a6177608,0.0
2025-03-05T08:12:00Z,147abc6a,8bab4dff,a6177608,0.0
2025-03-05T08:15:00Z,147abc6a,8bab4dff,a6177608,0.0
2025-03-05T08:18:00Z,147abc6a,8bab4dff,a6177608,0.0
2025-03-05T08:21:00Z,147abc6a,8bab4dff,a6177608,0.0
2025-03-05T08:24:00Z,147abc6a,8bab4dff,a6177608,0.0
2025-03-05T08:27:00Z,147abc6a,8bab4dff,a6177608,0.0
2025-03-05T08:30:00Z,147abc6a,8bab4dff,a6177608,0.0
2025-03-05T08:33:00Z,147abc6a,8bab4dff,a6177608,0.0
2025-03-05T08:36:00Z,147abc6a,8bab4dff,a6177608,0.0
2025-03-05T08:39:00Z,147abc6a,8bab4dff,a6177608,0.0
2025-03-05T08:42:00Z,147abc6a,8bab4dff,a6177608,0.0
2025-03-05T08:45:00Z,147abc6a,8bab4dff,a6177608,0.0
2025-03-05T08:48:00Z,147abc6a,8bab4dff,a6177608,0.0
2025-03-05T08:51:00Z,147abc6a,8bab4dff,a6177608,0.0
2025-03-05T08:54:00Z,147abc6a,8bab4dff,a6177608,0.0
2025-03-05T08:57:00Z,147abc6a,8bab4dff,a6177608,0.0
2025-03-05T09:00:00Z,147abc6a,8bab4dff,a6177608,0.0
2025-03-05T09:03:00Z,147abc6a,8bab4dff,a6177608,0.0
2025-03-05T09:06:00Z,147abc6a,8bab4dff,a6177608,0.0
2025-03-05T09:09:00Z,147abc6a,8bab4dff,a6177608,0.0
2025-03-05T09:12:00Z,147abc6a,8bab4dff,a6177608,0.0
2025-03-05T09:15:00Z,147abc6a,8bab4dff,a6177608,0.0
2025-03-05T09:18:00Z,147abc6a,8bab4dff,a6177608,0.0
2025-03-05T09:21:00Z,147abc6a,8bab4dff,a6177608,0.0
2025-03-05T09:24:00Z,147abc6a,8bab4dff,a6177608,0.0
2025-03-05T09:27:00Z,147abc6a,8bab4dff,a6177608,0.0
2025-03-05T09:30:00Z,147abc6a,8bab4dff,a6177608,0.0
2025-03-05T09:33:00Z,147abc6a,8bab4dff,a6177608,0.0
2025-03-05T09:36:00Z,147abc6a,8bab4dff,a6177608,0.0
2025-03-05T09:39:00Z,147abc6a,8bab4dff,a6177608,0.0
2025-03-05T09:42:00Z,147abc6a,8bab4dff,a6177608,0.01
2025-03-05T09:45:00Z,147abc6a,8bab4dff,a6177608,0.0
2025-03-05T09:48:00Z,147abc6a,8bab4dff,a6177608,0.0
2025-03-05T09:51:00Z,147abc6a,8bab4dff,a6177608,0.0
2025-03-05T09:54:00Z,147abc6a,8bab4dff,a6177608,0.0
2025-03-05T09:57:00Z,147abc6a,8bab4dff,a6177608,0.0
2025-03-05T10:00:00Z,147abc6a,8bab4dff,a6177608,0.01
2025-03-05T10:03:00Z,147abc6a,8bab4dff,a6177608,0.0
2025-03-05T10:06:00Z,147abc6a,8bab4dff,a6177608,0.0
2025-03-05T10:09:00Z,147abc6a,8bab4dff,a6177608,0.0
2025-03-05T10:12:00Z,147abc6a,8bab4dff,a6177608,0.0
2025-03-05T10:15:00Z,147abc6a,8bab4dff,a6177608,0.0
2025-03-05T10:18:00Z,147abc6a,8bab4dff,a6177608,0.0
2025-03-05T10:21:00Z,147abc6a,8bab4dff,a6177608,0.0
2025-03-05T10:24:00Z,147abc6a,8bab4dff,a6177608,0.0
2025-03-05T10:27:00Z,147abc6a,8bab4dff,a6177608,0.0
2025-03-05T10:30:00Z,147abc6a,8bab4dff,a6177608,0.0
2025-03-05T10:33:00Z,147abc6a,8bab4dff,a6177608,0.0
2025-03-05T10:36:00Z,147abc6a,8bab4dff,a6177608,0.0
2025-03-05T10:39:00Z,147abc6a,8bab4dff,a6177608,0.0
2025-03-05T10:42:00Z,147abc6a,8bab4dff,a6177608,0.0
2025-03-05T10:45:00Z,147abc6a,8bab4dff,a6177608,0.0
2025-03-05T10:48:00Z,147abc6a,8bab4dff,a6177608,0.0
2025-03-05T10:51:00Z,147abc6a,8bab4dff,a6177608,0.0
2025-03-05T10:54:00Z,147abc6a,8bab4dff,a6177608,0.0
2025-03-05T10:57:00Z,147abc6a,8bab4dff,a6177608,0.0
2025-03-05T11:00:00Z,147abc6a,8bab4dff,a6177608,0.0
2025-03-05T11:03:00Z,147abc6a,8bab4dff,a6177608,0.0
2025-03-05T11:06:00Z,147abc6a,8bab4dff,a6177608,0.0
2025-03-05T11:09:00Z,147abc6a,8bab4dff,a6177608,0.0
2025-03-05T11:12:00Z,147abc6a,8bab4dff,a6177608,0.0
2025-03-05T11:15:00Z,147abc6a,8bab4dff,a6177608,0.36
2025-03-05T11:18:00Z,147abc6a,8bab4dff,a6177608,0.0
2025-03-05T11:21:00Z,147abc6a,8bab4dff,a6177608,0.0
2025-03-05T11:24:00Z,147abc6a,8bab4dff,a6177608,0.0
2025-03-05T11:27:00Z,147abc6a,8bab4dff,a6177608,0.0
2025-03-05T11:30:00Z,147abc6a,8bab4dff,a6177608,0.0
2025-03-05T11:33:00Z,147abc6a,8bab4dff,a6177608,0.0
2025-03-05T11:36:00Z,147abc6a,8bab4dff,a6177608,0.0
2025-03-05T11:39:00Z,147abc6a,8bab4dff,a6177608,0.0
2025-03-05T11:42:00Z,147abc6a,8bab4dff,a6177608,0.0
2025-03-05T11:45:00Z,147abc6a,8bab4dff,a6177608,0.0
2025-03-05T11:48:00Z,147abc6a,8bab4dff,a6177608,0.0
2025-03-05T11:51:00Z,147abc6a,8bab4dff,a6177608,0.0
2025-03-05T11:54:00Z,147abc6a,8bab4dff,a6177608,0.0
2025-03-05T11:57:00Z,147abc6a,8bab4dff,a6177608,0.0
2025-03-05T12:00:00Z,147abc6a,8bab4dff,a6177608,0.0
2025-03-05T12:03:00Z,147abc6a,8bab4dff,a6177608,0.0
2025-03-05T12:06:00Z,147abc6a,8bab4dff,a6177608,0.0
2025-03-05T12:09:00Z,147abc6a,8bab4dff,a6177608,0.0
2025-03-05T12:12:00Z,147abc6a,8bab4dff,a6177608,0.0
2025-03-05T12:15:00Z,147abc6a,8bab4dff,a6177608,0.0
2025-03-05T12:18:00Z,147abc6a,8bab4dff,a6177608,0.0
2025-03-05T12:21:00Z,147abc6a,8bab4dff,a6177608,0.01
2025-03-05T12:24:00Z,147abc6a,8bab4dff,a6177608,0.0
2025-03-05T12:27:00Z,147abc6a,8bab4dff,a6177608,0.0
2025-03-05T12:30:00Z,147abc6a,8bab4dff,a6177608,0.0
2025-03-05T12:33:00Z,147abc6a,8bab4dff,a6177608,0.0
2025-03-05T12:36:00Z,147abc6a,8bab4dff,a6177608,0.0
2025-03-05T12:39:00Z,147abc6a,8bab4dff,a6177608,0.0
2025-03-05T12:42:00Z,147abc6a,8bab4dff,a6177608,0.0
2025-03-05T12:45:00Z,147abc6a,8bab4dff,a6177608,0.0
2025-03-05T12:48:00Z,147abc6a,8bab4dff,a6177608,0.0
2025-03-05T12:51:00Z,147abc6a,8bab4dff,a6177608,0.0
2025-03-05T12:54:00Z,147abc6a,8bab4dff,a6177608,0.0
2025-03-05T12:57:00Z,147abc6a,8bab4dff,a6177608,0.0
2025-03-05T13:00:00Z,147abc6a,8bab4dff,a6177608,0.0
2025-03-05T13:03:00Z,147abc6a,8bab4dff,a6177608,0.0
2025-03-05T13:06:00Z,147abc6a,8bab4dff,a6177608,0.0
2025-03-05T13:09:00Z,147abc6a,8bab4dff,a6177608,0.0
2025-03-05T13:12:00Z,147abc6a,8bab4dff,a6177608,0.0
2025-03-05T13:15:00Z,147abc6a,8bab4dff,a6177608,0.0
2025-03-05T13:18:00Z,147abc6a,8bab4dff,a6177608,0.0
2025-03-05T13:21:00Z,147abc6a,8bab4dff,a6177608,0.0
2025-03-05T13:24:00Z,147abc6a,8bab4dff,a6177608,0.0
2025-03-05T13:27:00Z,147abc6a,8bab4dff,a6177608,0.0
2025-03-05T13:30:00Z,147abc6a,8bab4dff,a6177608,0.0
2025-03-05T13:33:00Z,147abc6a,8bab4dff,a6177608,0.0
2025-03-05T13:36:00Z,147abc6a,8bab4dff,a6177608,0.0
2025-03-05T13:39:00Z,147abc6a,8bab4dff,a6177608,0.0
2025-03-05T13:42:00Z,147abc6a,8bab4dff,a6177608,0.0
2025-03-05T13:45:00Z,147abc6a,8bab4dff,a6177608,0.0
2025-03-05T13:48:00Z,147abc6a,8bab4dff,a6177608,0.0
2025-03-05T13:51:00Z,147abc6a,8bab4dff,a6177608,0.0
2025-03-05T13:54:00Z,147abc6a,8bab4dff,a6177608,0.0
2025-03-05T13:57:00Z,147abc6a,8bab4dff,a6177608,0.0
2025-03-05T14:00:00Z,147abc6a,8bab4dff,a6177608,0.0
2025-03-05T14:03:00Z,147abc6a,8bab4dff,a6177608,0.0
2025-03-05T14:06:00Z,147abc6a,8bab4dff,a6177608,0.0
2025-03-05T14:09:00Z,147abc6a,8bab4dff,a6177608,0.0
2025-03-05T14:12:00Z,147abc6a,8bab4dff,a6177608,0.0
2025-03-05T14:15:00Z,147abc6a,8bab4dff,a6177608,0.0
2025-03-05T14:18:00Z,147abc6a,8bab4dff,a6177608,0.0
2025-03-05T14:21:00Z,147abc6a,8bab4dff,a6177608,0.0
2025-03-05T14:24:00Z,147abc6a,8bab4dff,a6177608,0.0
2025-03-05T14:27:00Z,147abc6a,8bab4dff,a6177608,0.0
2025-03-05T14:30:00Z,147abc6a,8bab4dff,a6177608,0.0
2025-03-05T14:33:00Z,147abc6a,8bab4dff,a6177608,0.0
2025-03-05T14:36:00Z,147abc6a,8bab4dff,a6177608,0.0
2025-03-05T14:39:00Z,147abc6a,8bab4dff,a6177608,0.0
2025-03-05T14:42:00Z,147abc6a,8bab4dff,a6177608,0.0
2025-03-05T14:45:00Z,147abc6a,8bab4dff,a6177608,0.0
2025-03-05T14:48:00Z,147abc6a,8bab4dff,a6177608,0.0
2025-03-05T14:51:00Z,147abc6a,8bab4dff,a6177608,0.0
2025-03-05T14:54:00Z,147abc6a,8bab4dff,a6177608,0.0
2025-03-05T14:57:00Z,147abc6a,8bab4dff,a6177608,0.0
2025-03-05T15:00:00Z,147abc6a,8bab4dff,a6177608,0.0
2025-03-05T15:03:00Z,147abc6a,8bab4dff,a6177608,0.0
2025-03-05T15:06:00Z,147abc6a,8bab4dff,a6177608,0.0
2025-03-05T15:09:00Z,147abc6a,8bab4dff,a6177608,0.0
2025-03-05T15:12:00Z,147abc6a,8bab4dff,a6177608,0.0
2025-03-05T15:15:00Z,147abc6a,8bab4dff,a6177608,0.0
2025-03-05T15:18:00Z,147abc6a,8bab4dff,a6177608,0.0
2025-03-05T15:21:00Z,147abc6a,8bab4dff,a6177608,0.0
2025-03-05T15:24:00Z,147abc6a,8bab4dff,a6177608,0.0
2025-03-05T15:27:00Z,147abc6a,8bab4dff,a6177608,0.0
2025-03-05T15:30:00Z,147abc6a,8bab4dff,a6177608,0.0
2025-03-05T15:33:00Z,147abc6a,8bab4dff,a6177608,0.0
2025-03-05T15:36:00Z,147abc6a,8bab4dff,a6177608,0.0
2025-03-05T15:39:00Z,147abc6a,8bab4dff,a6177608,0.0
2025-03-05T15:42:00Z,147abc6a,8bab4dff,a6177608,0.0
2025-03-05T15:45:00Z,147abc6a,8bab4dff,a6177608,0.0
2025-03-05T15:48:00Z,147abc6a,8bab4dff,a6177608,0.0
2025-03-05T15:51:00Z,147abc6a,8bab4dff,a6177608,0.0
2025-03-05T15:54:00Z,147abc6a,8bab4dff,a6177608,0.0
2025-03-05T15:57:00Z,147abc6a,8bab4dff,a6177608,0.0
2025-03-05T16:00:00Z,147abc6a,8bab4dff,a6177608,0.0
2025-03-05T16:03:00Z,147abc6a,8bab4dff,a6177608,0.0
2025-03-05T16:06:00Z,147abc6a,8bab4dff,a6177608,0.0
2025-03-05T16:09:00Z,147abc6a,8bab4dff,a6177608,0.0
2025-03-05T16:12:00Z,147abc6a,8bab4dff,a6177608,0.0
2025-03-05T16:15:00Z,147abc6a,8bab4dff,a6177608,0.0
2025-03-05T16:18:00Z,147abc6a,8bab4dff,a6177608,0.0
2025-03-05T16:21:00Z,147abc6a,8bab4dff,a6177608,0.0
2025-03-05T16:24:00Z,147abc6a,8bab4dff,a6177608,0.0
2025-03-05T16:27:00Z,147abc6a,8bab4dff,a6177608,0.0
2025-03-05T16:30:00Z,147abc6a,8bab4dff,a6177608,0.0
2025-03-05T16:33:00Z,147abc6a,8bab4dff,a6177608,0.0
2025-03-05T16:36:00Z,147abc6a,8bab4dff,a6177608,0.0
2025-03-05T16:39:00Z,147abc6a,8bab4dff,a6177608,0.0
2025-03-05T16:42:00Z,147abc6a,8bab4dff,a6177608,0.0
2025-03-05T16:45:00Z,147abc6a,8bab4dff,a6177608,0.0
2025-03-05T16:48:00Z,147abc6a,8bab4dff,a6177608,0.0
2025-03-05T16:51:00Z,147abc6a,8bab4dff,a6177608,0.0
2025-03-05T16:54:00Z,147abc6a,8bab4dff,a6177608,0.0
2025-03-05T16:57:00Z,147abc6a,8bab4dff,a6177608,0.0
2025-03-05T17:00:00Z,147abc6a,8bab4dff,a6177608,0.0
2025-03-05T17:03:00Z,147abc6a,8bab4dff,a6177608,0.0
2025-03-05T17:06:00Z,147abc6a,8bab4dff,a6177608,0.0
2025-03-05T17:09:00Z,147abc6a,8bab4dff,a6177608,0.0
2025-03-05T17:12:00Z,147abc6a,8bab4dff,a6177608,0.0
2025-03-05T17:15:00Z,147abc6a,8bab4dff,a6177608,0.0
2025-03-05T17:18:00Z,147abc6a,8bab4dff,a6177608,0.0
2025-03-05T17:21:00Z,147abc6a,8bab4dff,a6177608,0.0
2025-03-05T17:24:00Z,147abc6a,8bab4dff,a6177608,0.0
2025-03-05T17:27:00Z,147abc6a,8bab4dff,a6177608,0.0
2025-03-05T17:30:00Z,147abc6a,8bab4dff,a6177608,0.0
2025-03-05T17:33:00Z,147abc6a,8bab4dff,a6177608,0.0
2025-03-05T17:36:00Z,147abc6a,8bab4dff,a6177608,0.0
2025-03-05T17:39:00Z,147abc6a,8bab4dff,a6177608,0.0
2025-03-05T17:42:00Z,147abc6a,8bab4dff,a6177608,0.0
2025-03-05T17:45:00Z,147abc6a,8bab4dff,a6177608,0.0
2025-03-05T17:48:00Z,147abc6a,8bab4dff,a6177608,0.0
2025-03-05T17:51:00Z,147abc6a,8bab4dff,a6177608,0.0
2025-03-05T17:54:00Z,147abc6a,8bab4dff,a6177608,0.0
2025-03-05T17:57:00Z,147abc6a,8bab4dff,a6177608,0.0
2025-03-05T18:00:00Z,147abc6a,8bab4dff,a6177608,0.0
2025-03-05T18:03:00Z,147abc6a,8bab4dff,a6177608,0.0
2025-03-05T18:06:00Z,147abc6a,8bab4dff,a6177608,0.0
2025-03-05T18:09:00Z,147abc6a,8bab4dff,a6177608,0.0
2025-03-05T18:12:00Z,147abc6a,8bab4dff,a6177608,0.0
2025-03-05T18:15:00Z,147abc6a,8bab4dff,a6177608,0.0
2025-03-05T18:18:00Z,147abc6a,8bab4dff,a6177608,0.0
2025-03-05T18:21:00Z,147abc6a,8bab4dff,a6177608,0.0
2025-03-05T18:24:00Z,147abc6a,8bab4dff,a6177608,0.0
2025-03-05T18:27:00Z,147abc6a,8bab4dff,a6177608,0.0
2025-03-05T18:30:00Z,147abc6a,8bab4dff,a6177608,0.0
2025-03-05T18:33:00Z,147abc6a,8bab4dff,a6177608,0.0
2025-03-05T18:36:00Z,147abc6a,8bab4dff,a6177608,0.0
2025-03-05T18:39:00Z,147abc6a,8bab4dff,a6177608,0.0
2025-03-05T18:42:00Z,147abc6a,8bab4dff,a6177608,0.0
2025-03-05T18:45:00Z,147abc6a,8bab4dff,a6177608,0.0
2025-03-05T18:48:00Z,147abc6a,8bab4dff,a6177608,0.0
2025-03-05T18:51:00Z,147abc6a,8bab4dff,a6177608,0.0
2025-03-05T18:54:00Z,147abc6a,8bab4dff,a6177608,0.0
2025-03-05T18:57:00Z,147abc6a,8bab4dff,a6177608,0.0
2025-03-05T19:00:00Z,147abc6a,8bab4dff,a6177608,0.0
2025-03-05T19:03:00Z,147abc6a,8bab4dff,a6177608,0.0
2025-03-05T19:06:00Z,147abc6a,8bab4dff,a6177608,0.0
2025-03-05T19:09:00Z,147abc6a,8bab4dff,a6177608,0.0
2025-03-05T19:12:00Z,147abc6a,8bab4dff,a6177608,0.0
2025-03-05T19:15:00Z,147abc6a,8bab4dff,a6177608,0.0
2025-03-05T19:18:00Z,147abc6a,8bab4dff,a6177608,0.0
2025-03-05T19:21:00Z,147abc6a,8bab4dff,a6177608,0.0
2025-03-05T19:24:00Z,147abc6a,8bab4dff,a6177608,0.0
2025-03-05T19:27:00Z,147abc6a,8bab4dff,a6177608,0.0
2025-03-05T19:30:00Z,147abc6a,8bab4dff,a6177608,0.0
2025-03-05T19:33:00Z,147abc6a,8bab4dff,a6177608,0.0
2025-03-05T19:36:00Z,147abc6a,8bab4dff,a6177608,0.0
2025-03-05T19:39:00Z,147abc6a,8bab4dff,a6177608,0.0
2025-03-05T19:42:00Z,147abc6a,8bab4dff,a6177608,0.0
2025-03-05T19:45:00Z,147abc6a,8bab4dff,a6177608,0.0
2025-03-05T19:48:00Z,147abc6a,8bab4dff,a6177608,0.0
2025-03-05T19:51:00Z,147abc6a,8bab4dff,a6177608,0.0
2025-03-05T19:54:00Z,147abc6a,8bab4dff,a6177608,0.0
2025-03-05T19:57:00Z,147abc6a,8bab4dff,a6177608,0.0
2025-03-05T20:00:00Z,147abc6a,8bab4dff,a6177608,0.0
2025-03-05T20:03:00Z,147abc6a,8bab4dff,a6177608,0.0
2025-03-05T20:06:00Z,147abc6a,8bab4dff,a6177608,0.0
2025-03-05T20:09:00Z,147abc6a,8bab4dff,a6177608,0.0
2025-03-05T20:12:00Z,147abc6a,8bab4dff,a6177608,0.0
2025-03-05T20:15:00Z,147abc6a,8bab4dff,a6177608,0.0
2025-03-05T20:18:00Z,147abc6a,8bab4dff,a6177608,0.0
2025-03-05T20:21:00Z,147abc6a,8bab4dff,a6177608,0.0
2025-03-05T20:24:00Z,147abc6a,8bab4dff,a6177608,0.0
2025-03-05T20:27:00Z,147abc6a,8bab4dff,a6177608,0.0
2025-03-05T20:30:00Z,147abc6a,8bab4dff,a6177608,0.0
2025-03-05T20:33:00Z,147abc6a,8bab4dff,a6177608,0.0
2025-03-05T20:36:00Z,147abc6a,8bab4dff,a6177608,0.0
2025-03-05T20:39:00Z,147abc6a,8bab4dff,a6177608,0.0
2025-03-05T20:42:00Z,147abc6a,8bab4dff,a6177608,0.0
2025-03-05T20:45:00Z,147abc6a,8bab4dff,a6177608,0.0
2025-03-05T20:48:00Z,147abc6a,8bab4dff,a6177608,0.0
2025-03-05T20:51:00Z,147abc6a,8bab4dff,a6177608,0.0
2025-03-05T20:54:00Z,147abc6a,8bab4dff,a6177608,0.0
2025-03-05T20:57:00Z,147abc6a,8bab4dff,a6177608,0.0
2025-03-05T21:00:00Z,147abc6a,8bab4dff,a6177608,0.0
2025-03-05T21:03:00Z,147abc6a,8bab4dff,a6177608,0.0
2025-03-05T21:06:00Z,147abc6a,8bab4dff,a6177608,0.0
2025-03-05T21:09:00Z,147abc6a,8bab4dff,a6177608,0.0
2025-03-05T21:12:00Z,147abc6a,8bab4dff,a6177608,0.0
2025-03-05T21:15:00Z,147abc6a,8bab4dff,a6177608,0.0
2025-03-05T21:18:00Z,147abc6a,8bab4dff,a6177608,0.0
2025-03-05T21:21:00Z,147abc6a,8bab4dff,a6177608,0.0
2025-03-05T21:24:00Z,147abc6a,8bab4dff,a6177608,0.0
2025-03-05T21:27:00Z,147abc6a,8bab4dff,a6177608,0.0
2025-03-05T21:30:00Z,147abc6a,8bab4dff,a6177608,0.0
2025-03-05T21:33:00Z,147abc6a,8bab4dff,a6177608,0.0
2025-03-05T21:36:00Z,147abc6a,8bab4dff,a6177608,0.0
2025-03-05T21:39:00Z,147abc6a,8bab4dff,a6177608,0.0
2025-03-05T21:42:00Z,147abc6a,8bab4dff,a6177608,0.0
2025-03-05T21:45:00Z,147abc6a,8bab4dff,a6177608,0.0
2025-03-05T21:48:00Z,147abc6a,8bab4dff,a6177608,0.0
2025-03-05T21:51:00Z,147abc6a,8bab4dff,a6177608,0.0
2025-03-05T21:54:00Z,147abc6a,8bab4dff,a6177608,0.0
2025-03-05T21:57:00Z,147abc6a,8bab4dff,a6177608,0.0
2025-03-05T22:00:00Z,147abc6a,8bab4dff,a6177608,0.0
2025-03-05T22:03:00Z,147abc6a,8bab4dff,a6177608,0.0
2025-03-05T22:06:00Z,147abc6a,8bab4dff,a6177608,0.0
2025-03-05T22:09:00Z,147abc6a,8bab4dff,a6177608,0.0
2025-03-05T22:12:00Z,147abc6a,8bab4dff,a6177608,0.0
2025-03-05T22:15:00Z,147abc6a,8bab4dff,a6177608,0.0
2025-03-05T22:18:00Z,147abc6a,8bab4dff,a6177608,0.0
2025-03-05T22:21:00Z,147abc6a,8bab4dff,a6177608,0.0
2025-03-05T22:24:00Z,147abc6a,8bab4dff,a6177608,0.0
2025-03-05T22:27:00Z,147abc6a,8bab4dff,a6177608,0.0
2025-03-05T22:30:00Z,147abc6a,8bab4dff,a6177608,0.0
2025-03-05T22:33:00Z,147abc6a,8bab4dff,a6177608,0.0
2025-03-05T22:36:00Z,147abc6a,8bab4dff,a6177608,0.0
2025-03-05T22:39:00Z,147abc6a,8bab4dff,a6177608,0.0
2025-03-05T22:42:00Z,147abc6a,8bab4dff,a6177608,0.0
2025-03-05T22:45:00Z,147abc6a,8bab4dff,a6177608,0.0
2025-03-05T22:48:00Z,147abc6a,8bab4dff,a6177608,0.0
2025-03-05T22:51:00Z,147abc6a,8bab4dff,a6177608,0.0
2025-03-05T22:54:00Z,147abc6a,8bab4dff,a6177608,0.0
2025-03-05T22:57:00Z,147abc6a,8bab4dff,a6177608,0.0
2025-03-05T23:00:00Z,147abc6a,8bab4dff,a6177608,0.0
2025-03-05T23:03:00Z,147abc6a,8bab4dff,a6177608,0.0
2025-03-05T23:06:00Z,147abc6a,8bab4dff,a6177608,0.0
2025-03-05T23:09:00Z,147abc6a,8bab4dff,a6177608,0.0
2025-03-05T23:12:00Z,147abc6a,8bab4dff,a6177608,0.0
2025-03-05T23:15:00Z,147abc6a,8bab4dff,a6177608,0.0
2025-03-05T23:18:00Z,147abc6a,8bab4dff,a6177608,0.0
2025-03-05T23:21:00Z,147abc6a,8bab4dff,a6177608,0.0
2025-03-05T23:24:00Z,147abc6a,8bab4dff,a6177608,0.0
2025-03-05T23:27:00Z,147abc6a,8bab4dff,a6177608,0.0
2025-03-05T23:30:00Z,147abc6a,8bab4dff,a6177608,0.0
2025-03-05T23:33:00Z,147abc6a,8bab4dff,a6177608,0.0
2025-03-05T23:36:00Z,147abc6a,8bab4dff,a6177608,0.0
2025-03-05T23:39:00Z,147abc6a,8bab4dff,a6177608,0.0
2025-03-05T23:42:00Z,147abc6a,8bab4dff,a6177608,0.0
2025-03-05T23:45:00Z,147abc6a,8bab4dff,a6177608,0.0
2025-03-05T23:48:00Z,147abc6a,8bab4dff,a6177608,0.0
2025-03-05T23:51:00Z,147abc6a,8bab4dff,a6177608,0.0
2025-03-05T23:54:00Z,147abc6a,8bab4dff,a6177608,0.0
2025-03-05T23:57:00Z,147abc6a,8bab4dff,a6177608,0.0
2025-03-06T00:00:00Z,147abc6a,8bab4dff,a6177608,0.0
2025-03-06T00:03:00Z,147abc6a,8bab4dff,a6177608,0.0
2025-03-06T00:06:00Z,147abc6a,8bab4dff,a6177608,0.0
2025-03-06T00:09:00Z,147abc6a,8bab4dff,a6177608,0.0
2025-03-06T00:12:00Z,147abc6a,8bab4dff,a6177608,0.0
2025-03-06T00:15:00Z,147abc6a,8bab4dff,a6177608,0.0
2025-03-06T00:18:00Z,147abc6a,8bab4dff,a6177608,0.0
2025-03-06T00:21:00Z,147abc6a,8bab4dff,a6177608,0.0
2025-03-06T00:24:00Z,147abc6a,8bab4dff,a6177608,0.0
2025-03-06T00:27:00Z,147abc6a,8bab4dff,a6177608,0.0
2025-03-06T00:30:00Z,147abc6a,8bab4dff,a6177608,0.0
2025-03-06T00:33:00Z,147abc6a,8bab4dff,a6177608,0.0
2025-03-06T00:36:00Z,147abc6a,8bab4dff,a6177608,0.0
2025-03-06T00:39:00Z,147abc6a,8bab4dff,a6177608,0.0
2025-03-06T00:42:00Z,147abc6a,8bab4dff,a6177608,0.0
2025-03-06T00:45:00Z,147abc6a,8bab4dff,a6177608,0.0
2025-03-06T00:48:00Z,147abc6a,8bab4dff,a6177608,0.0
2025-03-06T00:51:00Z,147abc6a,8bab4dff,a6177608,0.0
2025-03-06T00:54:00Z,147abc6a,8bab4dff,a6177608,0.0
2025-03-06T00:57:00Z,147abc6a,8bab4dff,a6177608,0.0
2025-03-06T01:00:00Z,147abc6a,8bab4dff,a6177608,0.0
2025-03-06T01:03:00Z,147abc6a,8bab4dff,a6177608,0.0
2025-03-06T01:06:00Z,147abc6a,8bab4dff,a6177608,0.0
2025-03-06T01:09:00Z,147abc6a,8bab4dff,a6177608,0.0
2025-03-06T01:12:00Z,147abc6a,8bab4dff,a6177608,0.0
2025-03-06T01:15:00Z,147abc6a,8bab4dff,a6177608,0.0
2025-03-06T01:18:00Z,147abc6a,8bab4dff,a6177608,0.0
2025-03-06T01:21:00Z,147abc6a,8bab4dff,a6177608,0.0
2025-03-06T01:24:00Z,147abc6a,8bab4dff,a6177608,0.0
2025-03-06T01:27:00Z,147abc6a,8bab4dff,a6177608,0.0
2025-03-06T01:30:00Z,147abc6a,8bab4dff,a6177608,0.0
2025-03-06T01:33:00Z,147abc6a,8bab4dff,a6177608,0.0
2025-03-06T01:36:00Z,147abc6a,8bab4dff,a6177608,0.0
2025-03-06T01:39:00Z,147abc6a,8bab4dff,a6177608,0.0
2025-03-06T01:42:00Z,147abc6a,8bab4dff,a6177608,0.0
2025-03-06T01:45:00Z,147abc6a,8bab4dff,a6177608,0.0
2025-03-06T01:48:00Z,147abc6a,8bab4dff,a6177608,0.0
2025-03-06T01:51:00Z,147abc6a,8bab4dff,a6177608,0.0
2025-03-06T01:54:00Z,147abc6a,8bab4dff,a6177608,0.0
2025-03-06T01:57:00Z,147abc6a,8bab4dff,a6177608,0.0
2025-03-06T02:00:00Z,147abc6a,8bab4dff,a6177608,0.0
2025-03-06T02:03:00Z,147abc6a,8bab4dff,a6177608,0.0
2025-03-06T02:06:00Z,147abc6a,8bab4dff,a6177608,0.0
2025-03-06T02:09:00Z,147abc6a,8bab4dff,a6177608,0.0
2025-03-06T02:12:00Z,147abc6a,8bab4dff,a6177608,0.0
2025-03-06T02:15:00Z,147abc6a,8bab4dff,a6177608,0.0
2025-03-06T02:18:00Z,147abc6a,8bab4dff,a6177608,0.0
2025-03-06T02:21:00Z,147abc6a,8bab4dff,a6177608,0.0
2025-03-06T02:24:00Z,147abc6a,8bab4dff,a6177608,0.0
2025-03-06T02:27:00Z,147abc6a,8bab4dff,a6177608,0.0
2025-03-06T02:30:00Z,147abc6a,8bab4dff,a6177608,0.0
2025-03-06T02:33:00Z,147abc6a,8bab4dff,a6177608,0.0
2025-03-06T02:36:00Z,147abc6a,8bab4dff,a6177608,0.0
2025-03-06T02:39:00Z,147abc6a,8bab4dff,a6177608,0.0
2025-03-06T02:42:00Z,147abc6a,8bab4dff,a6177608,0.0
2025-03-06T02:45:00Z,147abc6a,8bab4dff,a6177608,0.0
2025-03-06T02:48:00Z,147abc6a,8bab4dff,a6177608,0.0
2025-03-06T02:51:00Z,147abc6a,8bab4dff,a6177608,0.0
2025-03-06T02:54:00Z,147abc6a,8bab4dff,a6177608,0.0
2025-03-06T02:57:00Z,147abc6a,8bab4dff,a6177608,0.0
2025-03-06T03:00:00Z,147abc6a,8bab4dff,a6177608,0.0
2025-03-06T03:03:00Z,147abc6a,8bab4dff,a6177608,0.0
2025-03-06T03:06:00Z,147abc6a,8bab4dff,a6177608,0.0
2025-03-06T03:09:00Z,147abc6a,8bab4dff,a6177608,0.0
2025-03-06T03:12:00Z,147abc6a,8bab4dff,a6177608,0.0
2025-03-06T03:15:00Z,147abc6a,8bab4dff,a6177608,0.0
2025-03-06T03:18:00Z,147abc6a,8bab4dff,a6177608,0.0
2025-03-06T03:21:00Z,147abc6a,8bab4dff,a6177608,0.0
2025-03-06T03:24:00Z,147abc6a,8bab4dff,a6177608,0.0
2025-03-06T03:27:00Z,147abc6a,8bab4dff,a6177608,0.0
2025-03-06T03:30:00Z,147abc6a,8bab4dff,a6177608,0.0
2025-03-06T03:33:00Z,147abc6a,8bab4dff,a6177608,0.0
2025-03-06T03:36:00Z,147abc6a,8bab4dff,a6177608,0.0
2025-03-06T03:39:00Z,147abc6a,8bab4dff,a6177608,0.0
2025-03-06T03:42:00Z,147abc6a,8bab4dff,a6177608,0.0
2025-03-06T03:45:00Z,147abc6a,8bab4dff,a6177608,0.0
2025-03-06T03:48:00Z,147abc6a,8bab4dff,a6177608,0.0
2025-03-06T03:51:00Z,147abc6a,8bab4dff,a6177608,0.0
2025-03-06T03:54:00Z,147abc6a,8bab4dff,a6177608,0.0
2025-03-06T03:57:00Z,147abc6a,8bab4dff,a6177608,0.0
2025-03-06T04:00:00Z,147abc6a,8bab4dff,a6177608,0.0
2025-03-06T04:03:00Z,147abc6a,8bab4dff,a6177608,0.0
2025-03-06T04:06:00Z,147abc6a,8bab4dff,a6177608,0.0
2025-03-06T04:09:00Z,147abc6a,8bab4dff,a6177608,0.0
2025-03-06T04:12:00Z,147abc6a,8bab4dff,a6177608,0.0
2025-03-06T04:15:00Z,147abc6a,8bab4dff,a6177608,0.0
2025-03-06T04:18:00Z,147abc6a,8bab4dff,a6177608,0.0
2025-03-06T04:21:00Z,147abc6a,8bab4dff,a6177608,0.0
2025-03-06T04:24:00Z,147abc6a,8bab4dff,a6177608,0.0
2025-03-06T04:27:00Z,147abc6a,8bab4dff,a6177608,0.0
2025-03-06T04:30:00Z,147abc6a,8bab4dff,a6177608,0.0
2025-03-06T04:33:00Z,147abc6a,8bab4dff,a6177608,0.0
2025-03-06T04:36:00Z,147abc6a,8bab4dff,a6177608,0.0
2025-03-06T04:39:00Z,147abc6a,8bab4dff,a6177608,0.0
2025-03-06T04:42:00Z,147abc6a,8bab4dff,a6177608,0.0
2025-03-06T04:45:00Z,147abc6a,8bab4dff,a6177608,0.0
2025-03-06T04:48:00Z,147abc6a,8bab4dff,a6177608,0.0
2025-03-06T04:51:00Z,147abc6a,8bab4dff,a6177608,0.0
2025-03-06T04:54:00Z,147abc6a,8bab4dff,a6177608,0.0
2025-03-06T04:57:00Z,147abc6a,8bab4dff,a6177608,0.0
2025-03-06T05:00:00Z,147abc6a,8bab4dff,a6177608,0.0
2025-03-06T05:03:00Z,147abc6a,8bab4dff,a6177608,0.0
2025-03-06T05:06:00Z,147abc6a,8bab4dff,a6177608,0.0
2025-03-06T05:09:00Z,147abc6a,8bab4dff,a6177608,0.0
2025-03-06T05:12:00Z,147abc6a,8bab4dff,a6177608,0.0
2025-03-06T05:15:00Z,147abc6a,8bab4dff,a6177608,0.0
2025-03-06T05:18:00Z,147abc6a,8bab4dff,a6177608,0.0
2025-03-06T05:21:00Z,147abc6a,8bab4dff,a6177608,0.0
2025-03-06T05:24:00Z,147abc6a,8bab4dff,a6177608,0.0
2025-03-06T05:27:00Z,147abc6a,8bab4dff,a6177608,0.0
2025-03-06T05:30:00Z,147abc6a,8bab4dff,a6177608,0.0
2025-03-06T05:33:00Z,147abc6a,8bab4dff,a6177608,0.0
2025-03-06T05:36:00Z,147abc6a,8bab4dff,a6177608,0.0
2025-03-06T05:39:00Z,147abc6a,8bab4dff,a6177608,0.0
2025-03-06T05:42:00Z,147abc6a,8bab4dff,a6177608,0.0
2025-03-06T05:45:00Z,147abc6a,8bab4dff,a6177608,0.0
2025-03-06T05:48:00Z,147abc6a,8bab4dff,a6177608,0.05
2025-03-06T05:51:00Z,147abc6a,8bab4dff,a6177608,0.08
2025-03-06T05:54:00Z,147abc6a,8bab4dff,a6177608,0.0
2025-03-06T05:57:00Z,147abc6a,8bab4dff,a6177608,0.0
2025-03-06T06:00:00Z,147abc6a,8bab4dff,a6177608,0.0
2025-03-06T06:03:00Z,147abc6a,8bab4dff,a6177608,0.0
2025-03-06T06:06:00Z,147abc6a,8bab4dff,a6177608,0.0
2025-03-06T06:09:00Z,147abc6a,8bab4dff,a6177608,0.0
2025-03-06T06:12:00Z,147abc6a,8bab4dff,a6177608,0.0
2025-03-06T06:15:00Z,147abc6a,8bab4dff,a6177608,0.0
2025-03-06T06:18:00Z,147abc6a,8bab4dff,a6177608,0.0
2025-03-06T06:21:00Z,147abc6a,8bab4dff,a6177608,0.0
2025-03-06T06:24:00Z,147abc6a,8bab4dff,a6177608,0.0
2025-03-06T06:27:00Z,147abc6a,8bab4dff,a6177608,0.0
2025-03-06T06:30:00Z,147abc6a,8bab4dff,a6177608,0.0
2025-03-06T06:33:00Z,147abc6a,8bab4dff,a6177608,0.0
2025-03-06T06:36:00Z,147abc6a,8bab4dff,a6177608,0.0
2025-03-06T06:39:00Z,147abc6a,8bab4dff,a6177608,0.01
2025-03-06T06:42:00Z,147abc6a,8bab4dff,a6177608,0.0
2025-03-06T06:45:00Z,147abc6a,8bab4dff,a6177608,0.0
2025-03-06T06:48:00Z,147abc6a,8bab4dff,a6177608,0.0
2025-03-06T06:51:00Z,147abc6a,8bab4dff,a6177608,0.0
2025-03-06T06:54:00Z,147abc6a,8bab4dff,a6177608,0.0
2025-03-06T06:57:00Z,147abc6a,8bab4dff,a6177608,0.0
2025-03-06T07:00:00Z,147abc6a,8bab4dff,a6177608,0.0
2025-03-06T07:03:00Z,147abc6a,8bab4dff,a6177608,0.0
2025-03-06T07:06:00Z,147abc6a,8bab4dff,a6177608,0.0
2025-03-06T07:09:00Z,147abc6a,8bab4dff,a6177608,0.0
2025-03-06T07:12:00Z,147abc6a,8bab4dff,a6177608,0.0
2025-03-06T07:15:00Z,147abc6a,8bab4dff,a6177608,0.0
2025-03-06T07:18:00Z,147abc6a,8bab4dff,a6177608,0.0
2025-03-06T07:21:00Z,147abc6a,8bab4dff,a6177608,0.0
2025-03-06T07:24:00Z,147abc6a,8bab4dff,a6177608,0.0
2025-03-06T07:27:00Z,147abc6a,8bab4dff,a6177608,0.0
2025-03-06T07:30:00Z,147abc6a,8bab4dff,a6177608,0.0
2025-03-06T07:33:00Z,147abc6a,8bab4dff,a6177608,0.0
2025-03-06T07:36:00Z,147abc6a,8bab4dff,a6177608,0.0
2025-03-06T07:39:00Z,147abc6a,8bab4dff,a6177608,0.0
2025-03-06T07:42:00Z,147abc6a,8bab4dff,a6177608,0.0
2025-03-06T07:45:00Z,147abc6a,8bab4dff,a6177608,0.0
2025-03-06T07:48:00Z,147abc6a,8bab4dff,a6177608,0.0
2025-03-06T07:51:00Z,147abc6a,8bab4dff,a6177608,0.0
2025-03-06T07:54:00Z,147abc6a,8bab4dff,a6177608,0.0
2025-03-06T07:57:00Z,147abc6a,8bab4dff,a6177608,0.0
2025-03-06T08:00:00Z,147abc6a,8bab4dff,a6177608,0.0
2025-03-06T08:03:00Z,147abc6a,8bab4dff,a6177608,0.0
2025-03-06T08:06:00Z,147abc6a,8bab4dff,a6177608,0.0
2025-03-06T08:09:00Z,147abc6a,8bab4dff,a6177608,0.0
2025-03-06T08:12:00Z,147abc6a,8bab4dff,a6177608,0.0
2025-03-06T08:15:00Z,147abc6a,8bab4dff,a6177608,0.0
2025-03-06T08:18:00Z,147abc6a,8bab4dff,a6177608,0.0
2025-03-06T08:21:00Z,147abc6a,8bab4dff,a6177608,0.0
2025-03-06T08:24:00Z,147abc6a,8bab4dff,a6177608,0.0
2025-03-06T08:27:00Z,147abc6a,8bab4dff,a6177608,0.0
2025-03-06T08:30:00Z,147abc6a,8bab4dff,a6177608,0.0
2025-03-06T08:33:00Z,147abc6a,8bab4dff,a6177608,0.0
2025-03-06T08:36:00Z,147abc6a,8bab4dff,a6177608,0.0
2025-03-06T08:39:00Z,147abc6a,8bab4dff,a6177608,0.0
2025-03-06T08:42:00Z,147abc6a,8bab4dff,a6177608,0.0
2025-03-06T08:45:00Z,147abc6a,8bab4dff,a6177608,0.0
2025-03-06T08:48:00Z,147abc6a,8bab4dff,a6177608,0.0
2025-03-06T08:51:00Z,147abc6a,8bab4dff,a6177608,0.0
2025-03-06T08:54:00Z,147abc6a,8bab4dff,a6177608,0.0
2025-03-06T08:57:00Z,147abc6a,8bab4dff,a6177608,0.0
2025-03-06T09:00:00Z,147abc6a,8bab4dff,a6177608,0.0
2025-03-06T09:03:00Z,147abc6a,8bab4dff,a6177608,0.0
2025-03-06T09:06:00Z,147abc6a,8bab4dff,a6177608,0.0
2025-03-06T09:09:00Z,147abc6a,8bab4dff,a6177608,0.0
2025-03-06T09:12:00Z,147abc6a,8bab4dff,a6177608,0.0
2025-03-06T09:15:00Z,147abc6a,8bab4dff,a6177608,0.0
2025-03-06T09:18:00Z,147abc6a,8bab4dff,a6177608,0.0
2025-03-06T09:21:00Z,147abc6a,8bab4dff,a6177608,0.0
2025-03-06T09:24:00Z,147abc6a,8bab4dff,a6177608,0.0
2025-03-06T09:27:00Z,147abc6a,8bab4dff,a6177608,0.0
2025-03-06T09:30:00Z,147abc6a,8bab4dff,a6177608,0.0
2025-03-06T09:33:00Z,147abc6a,8bab4dff,a6177608,0.0
2025-03-06T09:36:00Z,147abc6a,8bab4dff,a6177608,0.0
2025-03-06T09:39:00Z,147abc6a,8bab4dff,a6177608,0.0
2025-03-06T09:42:00Z,147abc6a,8bab4dff,a6177608,0.0
2025-03-06T09:45:00Z,147abc6a,8bab4dff,a6177608,0.0
2025-03-06T09:48:00Z,147abc6a,8bab4dff,a6177608,0.0
2025-03-06T09:51:00Z,147abc6a,8bab4dff,a6177608,0.0
2025-03-06T09:54:00Z,147abc6a,8bab4dff,a6177608,0.0
2025-03-06T09:57:00Z,147abc6a,8bab4dff,a6177608,0.0
2025-03-06T10:00:00Z,147abc6a,8bab4dff,a6177608,0.0
2025-03-06T10:03:00Z,147abc6a,8bab4dff,a6177608,0.0
2025-03-06T10:06:00Z,147abc6a,8bab4dff,a6177608,0.0
2025-03-06T10:09:00Z,147abc6a,8bab4dff,a6177608,0.0
2025-03-06T10:12:00Z,147abc6a,8bab4dff,a6177608,0.0
2025-03-06T10:15:00Z,147abc6a,8bab4dff,a6177608,0.0
2025-03-06T10:18:00Z,147abc6a,8bab4dff,a6177608,0.0
2025-03-06T10:21:00Z,147abc6a,8bab4dff,a6177608,0.0
2025-03-06T10:24:00Z,147abc6a,8bab4dff,a6177608,0.0
2025-03-06T10:27:00Z,147abc6a,8bab4dff,a6177608,0.0
2025-03-06T10:30:00Z,147abc6a,8bab4dff,a6177608,0.0
2025-03-06T10:33:00Z,147abc6a,8bab4dff,a6177608,0.0
2025-03-06T10:36:00Z,147abc6a,8bab4dff,a6177608,0.0
2025-03-06T10:39:00Z,147abc6a,8bab4dff,a6177608,0.0
2025-03-06T10:42:00Z,147abc6a,8bab4dff,a6177608,0.0
2025-03-06T10:45:00Z,147abc6a,8bab4dff,a6177608,0.0
2025-03-06T10:48:00Z,147abc6a,8bab4dff,a6177608,0.0
2025-03-06T10:51:00Z,147abc6a,8bab4dff,a6177608,0.0
2025-03-06T10:54:00Z,147abc6a,8bab4dff,a6177608,0.0
2025-03-06T10:57:00Z,147abc6a,8bab4dff,a6177608,0.0
2025-03-06T11:00:00Z,147abc6a,8bab4dff,a6177608,0.0
2025-03-06T11:03:00Z,147abc6a,8bab4dff,a6177608,0.0
2025-03-06T11:06:00Z,147abc6a,8bab4dff,a6177608,0.0
2025-03-06T11:09:00Z,147abc6a,8bab4dff,a6177608,0.0
2025-03-06T11:12:00Z,147abc6a,8bab4dff,a6177608,0.0
2025-03-06T11:15:00Z,147abc6a,8bab4dff,a6177608,0.0
2025-03-06T11:18:00Z,147abc6a,8bab4dff,a6177608,0.0
2025-03-06T11:21:00Z,147abc6a,8bab4dff,a6177608,0.01
2025-03-06T11:24:00Z,147abc6a,8bab4dff,a6177608,0.0
2025-03-06T11:27:00Z,147abc6a,8bab4dff,a6177608,0.0
2025-03-06T11:30:00Z,147abc6a,8bab4dff,a6177608,0.0
2025-03-06T11:33:00Z,147abc6a,8bab4dff,a6177608,0.0
2025-03-06T11:36:00Z,147abc6a,8bab4dff,a6177608,0.01
2025-03-06T11:39:00Z,147abc6a,8bab4dff,a6177608,0.01
2025-03-06T11:42:00Z,147abc6a,8bab4dff,a6177608,0.0
2025-03-06T11:45:00Z,147abc6a,8bab4dff,a6177608,0.0
2025-03-06T11:48:00Z,147abc6a,8bab4dff,a6177608,0.0
2025-03-06T11:51:00Z,147abc6a,8bab4dff,a6177608,0.0
2025-03-06T11:54:00Z,147abc6a,8bab4dff,a6177608,0.0
2025-03-06T11:57:00Z,147abc6a,8bab4dff,a6177608,0.0
2025-03-06T12:00:00Z,147abc6a,8bab4dff,a6177608,0.0
2025-03-06T12:03:00Z,147abc6a,8bab4dff,a6177608,0.0
2025-03-06T12:06:00Z,147abc6a,8bab4dff,a6177608,0.0
2025-03-06T12:09:00Z,147abc6a,8bab4dff,a6177608,0.0
2025-03-06T12:12:00Z,147abc6a,8bab4dff,a6177608,0.0
2025-03-06T12:15:00Z,147abc6a,8bab4dff,a6177608,0.0
2025-03-06T12:18:00Z,147abc6a,8bab4dff,a6177608,0.0
2025-03-06T12:21:00Z,147abc6a,8bab4dff,a6177608,0.0
2025-03-06T12:24:00Z,147abc6a,8bab4dff,a6177608,0.0
2025-03-06T12:27:00Z,147abc6a,8bab4dff,a6177608,0.0
2025-03-06T12:30:00Z,147abc6a,8bab4dff,a6177608,0.0
2025-03-06T12:33:00Z,147abc6a,8bab4dff,a6177608,0.0
2025-03-06T12:36:00Z,147abc6a,8bab4dff,a6177608,0.0
2025-03-06T12:39:00Z,147abc6a,8bab4dff,a6177608,0.0
2025-03-06T12:42:00Z,147abc6a,8bab4dff,a6177608,0.0
2025-03-06T12:45:00Z,147abc6a,8bab4dff,a6177608,0.0
2025-03-06T12:48:00Z,147abc6a,8bab4dff,a6177608,0.0
2025-03-06T12:51:00Z,147abc6a,8bab4dff,a6177608,0.0
2025-03-06T12:54:00Z,147abc6a,8bab4dff,a6177608,0.0
2025-03-06T12:57:00Z,147abc6a,8bab4dff,a6177608,0.0
2025-03-06T13:00:00Z,147abc6a,8bab4dff,a6177608,0.0
2025-03-06T13:03:00Z,147abc6a,8bab4dff,a6177608,0.0
2025-03-06T13:06:00Z,147abc6a,8bab4dff,a6177608,0.0
2025-03-06T13:09:00Z,147abc6a,8bab4dff,a6177608,0.0
2025-03-06T13:12:00Z,147abc6a,8bab4dff,a6177608,0.0
2025-03-06T13:15:00Z,147abc6a,8bab4dff,a6177608,0.0
2025-03-06T13:18:00Z,147abc6a,8bab4dff,a6177608,0.0
2025-03-06T13:21:00Z,147abc6a,8bab4dff,a6177608,0.0
2025-03-06T13:24:00Z,147abc6a,8bab4dff,a6177608,0.0
2025-03-06T13:27:00Z,147abc6a,8bab4dff,a6177608,0.0
2025-03-06T13:30:00Z,147abc6a,8bab4dff,a6177608,0.0
2025-03-06T13:33:00Z,147abc6a,8bab4dff,a6177608,0.0
2025-03-06T13:36:00Z,147abc6a,8bab4dff,a6177608,0.0
2025-03-06T13:39:00Z,147abc6a,8bab4dff,a6177608,0.0
2025-03-06T13:42:00Z,147abc6a,8bab4dff,a6177608,0.0
2025-03-06T13:45:00Z,147abc6a,8bab4dff,a6177608,0.0
2025-03-06T13:48:00Z,147abc6a,8bab4dff,a6177608,0.0
2025-03-06T13:51:00Z,147abc6a,8bab4dff,a6177608,0.0
2025-03-06T13:54:00Z,147abc6a,8bab4dff,a6177608,0.0
2025-03-06T13:57:00Z,147abc6a,8bab4dff,a6177608,0.0
2025-03-06T14:00:00Z,147abc6a,8bab4dff,a6177608,0.0
2025-03-06T14:03:00Z,147abc6a,8bab4dff,a6177608,0.0
2025-03-06T14:06:00Z,147abc6a,8bab4dff,a6177608,0.0
2025-03-06T14:09:00Z,147abc6a,8bab4dff,a6177608,0.0
2025-03-06T14:12:00Z,147abc6a,8bab4dff,a6177608,0.0
2025-03-06T14:15:00Z,147abc6a,8bab4dff,a6177608,0.0
2025-03-06T14:18:00Z,147abc6a,8bab4dff,a6177608,0.0
2025-03-06T14:21:00Z,147abc6a,8bab4dff,a6177608,0.0
2025-03-06T14:24:00Z,147abc6a,8bab4dff,a6177608,0.0
2025-03-06T14:27:00Z,147abc6a,8bab4dff,a6177608,0.0
2025-03-06T14:30:00Z,147abc6a,8bab4dff,a6177608,0.0
2025-03-06T14:33:00Z,147abc6a,8bab4dff,a6177608,0.0
2025-03-06T14:36:00Z,147abc6a,8bab4dff,a6177608,0.0
2025-03-06T14:39:00Z,147abc6a,8bab4dff,a6177608,0.0
2025-03-06T14:42:00Z,147abc6a,8bab4dff,a6177608,0.0
2025-03-06T14:45:00Z,147abc6a,8bab4dff,a6177608,0.0
2025-03-06T14:48:00Z,147abc6a,8bab4dff,a6177608,0.0
2025-03-06T14:51:00Z,147abc6a,8bab4dff,a6177608,0.0
2025-03-06T14:54:00Z,147abc6a,8bab4dff,a6177608,0.0
2025-03-06T14:57:00Z,147abc6a,8bab4dff,a6177608,0.0
2025-03-06T15:00:00Z,147abc6a,8bab4dff,a6177608,0.0
2025-03-06T15:03:00Z,147abc6a,8bab4dff,a6177608,0.0
2025-03-06T15:06:00Z,147abc6a,8bab4dff,a6177608,0.0
2025-03-06T15:09:00Z,147abc6a,8bab4dff,a6177608,0.0
2025-03-06T15:12:00Z,147abc6a,8bab4dff,a6177608,0.0
2025-03-06T15:15:00Z,147abc6a,8bab4dff,a6177608,0.0
2025-03-06T15:18:00Z,147abc6a,8bab4dff,a6177608,0.0
2025-03-06T15:21:00Z,147abc6a,8bab4dff,a6177608,0.0
2025-03-06T15:24:00Z,147abc6a,8bab4dff,a6177608,0.0
2025-03-06T15:27:00Z,147abc6a,8bab4dff,a6177608,0.0
2025-03-06T15:30:00Z,147abc6a,8bab4dff,a6177608,0.0
2025-03-06T15:33:00Z,147abc6a,8bab4dff,a6177608,0.0
2025-03-06T15:36:00Z,147abc6a,8bab4dff,a6177608,0.0
2025-03-06T15:39:00Z,147abc6a,8bab4dff,a6177608,0.0
2025-03-06T15:42:00Z,147abc6a,8bab4dff,a6177608,0.0
2025-03-06T15:45:00Z,147abc6a,8bab4dff,a6177608,0.0
2025-03-06T15:48:00Z,147abc6a,8bab4dff,a6177608,0.0
2025-03-06T15:51:00Z,147abc6a,8bab4dff,a6177608,0.0
2025-03-06T15:54:00Z,147abc6a,8bab4dff,a6177608,0.0
2025-03-06T15:57:00Z,147abc6a,8bab4dff,a6177608,0.0
2025-03-06T16:00:00Z,147abc6a,8bab4dff,a6177608,0.0
2025-03-06T16:03:00Z,147abc6a,8bab4dff,a6177608,0.0
2025-03-06T16:06:00Z,147abc6a,8bab4dff,a6177608,0.0
2025-03-06T16:09:00Z,147abc6a,8bab4dff,a6177608,0.0
2025-03-06T16:12:00Z,147abc6a,8bab4dff,a6177608,0.0
2025-03-06T16:15:00Z,147abc6a,8bab4dff,a6177608,0.0
2025-03-06T16:18:00Z,147abc6a,8bab4dff,a6177608,0.0
2025-03-06T16:21:00Z,147abc6a,8bab4dff,a6177608,0.0
2025-03-06T16:24:00Z,147abc6a,8bab4dff,a6177608,0.0
2025-03-06T16:27:00Z,147abc6a,8bab4dff,a6177608,0.0
2025-03-06T16:30:00Z,147abc6a,8bab4dff,a6177608,0.0
2025-03-06T16:33:00Z,147abc6a,8bab4dff,a6177608,0.0
2025-03-06T16:36:00Z,147abc6a,8bab4dff,a6177608,0.0
2025-03-06T16:39:00Z,147abc6a,8bab4dff,a6177608,0.0
2025-03-06T16:42:00Z,147abc6a,8bab4dff,a6177608,0.0
2025-03-06T16:45:00Z,147abc6a,8bab4dff,a6177608,0.0
2025-03-06T16:48:00Z,147abc6a,8bab4dff,a6177608,0.0
2025-03-06T16:51:00Z,147abc6a,8bab4dff,a6177608,0.0
2025-03-06T16:54:00Z,147abc6a,8bab4dff,a6177608,0.0
2025-03-06T16:57:00Z,147abc6a,8bab4dff,a6177608,0.0
2025-03-06T17:00:00Z,147abc6a,8bab4dff,a6177608,0.0
2025-03-06T17:03:00Z,147abc6a,8bab4dff,a6177608,0.0
2025-03-06T17:06:00Z,147abc6a,8bab4dff,a6177608,0.0
2025-03-06T17:09:00Z,147abc6a,8bab4dff,a6177608,0.0
2025-03-06T17:12:00Z,147abc6a,8bab4dff,a6177608,0.0
2025-03-06T17:15:00Z,147abc6a,8bab4dff,a6177608,0.0
2025-03-06T17:18:00Z,147abc6a,8bab4dff,a6177608,0.0
2025-03-06T17:21:00Z,147abc6a,8bab4dff,a6177608,0.0
2025-03-06T17:24:00Z,147abc6a,8bab4dff,a6177608,0.0
2025-03-06T17:27:00Z,147abc6a,8bab4dff,a6177608,0.0
2025-03-06T17:30:00Z,147abc6a,8bab4dff,a6177608,0.0
2025-03-06T17:33:00Z,147abc6a,8bab4dff,a6177608,0.0
2025-03-06T17:36:00Z,147abc6a,8bab4dff,a6177608,0.0
2025-03-06T17:39:00Z,147abc6a,8bab4dff,a6177608,0.0
2025-03-06T17:42:00Z,147abc6a,8bab4dff,a6177608,0.0
2025-03-06T17:45:00Z,147abc6a,8bab4dff,a6177608,0.0
2025-03-06T17:48:00Z,147abc6a,8bab4dff,a6177608,0.0
2025-03-06T17:51:00Z,147abc6a,8bab4dff,a6177608,0.0
2025-03-06T17:54:00Z,147abc6a,8bab4dff,a6177608,0.0
2025-03-06T17:57:00Z,147abc6a,8bab4dff,a6177608,0.0
2025-03-06T18:00:00Z,147abc6a,8bab4dff,a6177608,0.0
2025-03-06T18:03:00Z,147abc6a,8bab4dff,a6177608,0.0
2025-03-06T18:06:00Z,147abc6a,8bab4dff,a6177608,0.0
2025-03-06T18:09:00Z,147abc6a,8bab4dff,a6177608,0.0
2025-03-06T18:12:00Z,147abc6a,8bab4dff,a6177608,0.0
2025-03-06T18:15:00Z,147abc6a,8bab4dff,a6177608,0.0
2025-03-06T18:18:00Z,147abc6a,8bab4dff,a6177608,0.0
2025-03-06T18:21:00Z,147abc6a,8bab4dff,a6177608,0.0
2025-03-06T18:24:00Z,147abc6a,8bab4dff,a6177608,0.0
2025-03-06T18:27:00Z,147abc6a,8bab4dff,a6177608,0.0
2025-03-06T18:30:00Z,147abc6a,8bab4dff,a6177608,0.0
2025-03-06T18:33:00Z,147abc6a,8bab4dff,a6177608,0.0
2025-03-06T18:36:00Z,147abc6a,8bab4dff,a6177608,0.0
2025-03-06T18:39:00Z,147abc6a,8bab4dff,a6177608,0.0
2025-03-06T18:42:00Z,147abc6a,8bab4dff,a6177608,0.0
2025-03-06T18:45:00Z,147abc6a,8bab4dff,a6177608,0.0
2025-03-06T18:48:00Z,147abc6a,8bab4dff,a6177608,0.0
2025-03-06T18:51:00Z,147abc6a,8bab4dff,a6177608,0.0
2025-03-06T18:54:00Z,147abc6a,8bab4dff,a6177608,0.0
2025-03-06T18:57:00Z,147abc6a,8bab4dff,a6177608,0.0
2025-03-06T19:00:00Z,147abc6a,8bab4dff,a6177608,0.0
2025-03-06T19:03:00Z,147abc6a,8bab4dff,a6177608,0.0
2025-03-06T19:06:00Z,147abc6a,8bab4dff,a6177608,0.0
2025-03-06T19:09:00Z,147abc6a,8bab4dff,a6177608,0.0
2025-03-06T19:12:00Z,147abc6a,8bab4dff,a6177608,0.0
2025-03-06T19:15:00Z,147abc6a,8bab4dff,a6177608,0.0
2025-03-06T19:18:00Z,147abc6a,8bab4dff,a6177608,0.0
2025-03-06T19:21:00Z,147abc6a,8bab4dff,a6177608,0.0
2025-03-06T19:24:00Z,147abc6a,8bab4dff,a6177608,0.0
2025-03-06T19:27:00Z,147abc6a,8bab4dff,a6177608,0.0
2025-03-06T19:30:00Z,147abc6a,8bab4dff,a6177608,0.0
2025-03-06T19:33:00Z,147abc6a,8bab4dff,a6177608,0.0
2025-03-06T19:36:00Z,147abc6a,8bab4dff,a6177608,0.0
2025-03-06T19:39:00Z,147abc6a,8bab4dff,a6177608,0.0
2025-03-06T19:42:00Z,147abc6a,8bab4dff,a6177608,0.0
2025-03-06T19:45:00Z,147abc6a,8bab4dff,a6177608,0.0
2025-03-06T19:48:00Z,147abc6a,8bab4dff,a6177608,0.0
2025-03-06T19:51:00Z,147abc6a,8bab4dff,a6177608,0.0
2025-03-06T19:54:00Z,147abc6a,8bab4dff,a6177608,0.0
2025-03-06T19:57:00Z,147abc6a,8bab4dff,a6177608,0.0
2025-03-06T20:00:00Z,147abc6a,8bab4dff,a6177608,0.0
2025-03-06T20:03:00Z,147abc6a,8bab4dff,a6177608,0.0
2025-03-06T20:06:00Z,147abc6a,8bab4dff,a6177608,0.0
2025-03-06T20:09:00Z,147abc6a,8bab4dff,a6177608,0.0
2025-03-06T20:12:00Z,147abc6a,8bab4dff,a6177608,0.0
2025-03-06T20:15:00Z,147abc6a,8bab4dff,a6177608,0.0
2025-03-06T20:18:00Z,147abc6a,8bab4dff,a6177608,0.0
2025-03-06T20:21:00Z,147abc6a,8bab4dff,a6177608,0.0
2025-03-06T20:24:00Z,147abc6a,8bab4dff,a6177608,0.0
2025-03-06T20:27:00Z,147abc6a,8bab4dff,a6177608,0.0
2025-03-06T20:30:00Z,147abc6a,8bab4dff,a6177608,0.0
2025-03-06T20:33:00Z,147abc6a,8bab4dff,a6177608,0.0
2025-03-06T20:36:00Z,147abc6a,8bab4dff,a6177608,0.0
2025-03-06T20:39:00Z,147abc6a,8bab4dff,a6177608,0.0
2025-03-06T20:42:00Z,147abc6a,8bab4dff,a6177608,0.0
2025-03-06T20:45:00Z,147abc6a,8bab4dff,a6177608,0.0
2025-03-06T20:48:00Z,147abc6a,8bab4dff,a6177608,0.0
2025-03-06T20:51:00Z,147abc6a,8bab4dff,a6177608,0.0
2025-03-06T20:54:00Z,147abc6a,8bab4dff,a6177608,0.0
2025-03-06T20:57:00Z,147abc6a,8bab4dff,a6177608,0.0
2025-03-06T21:00:00Z,147abc6a,8bab4dff,a6177608,0.0
2025-03-06T21:03:00Z,147abc6a,8bab4dff,a6177608,0.0
2025-03-06T21:06:00Z,147abc6a,8bab4dff,a6177608,0.0
2025-03-06T21:09:00Z,147abc6a,8bab4dff,a6177608,0.0
2025-03-06T21:12:00Z,147abc6a,8bab4dff,a6177608,0.0
2025-03-06T21:15:00Z,147abc6a,8bab4dff,a6177608,0.0
2025-03-06T21:18:00Z,147abc6a,8bab4dff,a6177608,0.0
2025-03-06T21:21:00Z,147abc6a,8bab4dff,a6177608,0.0
2025-03-06T21:24:00Z,147abc6a,8bab4dff,a6177608,0.0
2025-03-06T21:27:00Z,147abc6a,8bab4dff,a6177608,0.0
2025-03-06T21:30:00Z,147abc6a,8bab4dff,a6177608,0.0
2025-03-06T21:33:00Z,147abc6a,8bab4dff,a6177608,0.0
2025-03-06T21:36:00Z,147abc6a,8bab4dff,a6177608,0.0
2025-03-06T21:39:00Z,147abc6a,8bab4dff,a6177608,0.0
2025-03-06T21:42:00Z,147abc6a,8bab4dff,a6177608,0.0
2025-03-06T21:45:00Z,147abc6a,8bab4dff,a6177608,0.0
2025-03-06T21:48:00Z,147abc6a,8bab4dff,a6177608,0.0
2025-03-06T21:51:00Z,147abc6a,8bab4dff,a6177608,0.0
2025-03-06T21:54:00Z,147abc6a,8bab4dff,a6177608,0.0
2025-03-06T21:57:00Z,147abc6a,8bab4dff,a6177608,0.0
2025-03-06T22:00:00Z,147abc6a,8bab4dff,a6177608,0.0
2025-03-06T22:03:00Z,147abc6a,8bab4dff,a6177608,0.0
2025-03-06T22:06:00Z,147abc6a,8bab4dff,a6177608,0.0
2025-03-06T22:09:00Z,147abc6a,8bab4dff,a6177608,0.0
2025-03-06T22:12:00Z,147abc6a,8bab4dff,a6177608,0.0
2025-03-06T22:15:00Z,147abc6a,8bab4dff,a6177608,0.0
2025-03-06T22:18:00Z,147abc6a,8bab4dff,a6177608,0.0
2025-03-06T22:21:00Z,147abc6a,8bab4dff,a6177608,0.0
2025-03-06T22:24:00Z,147abc6a,8bab4dff,a6177608,0.0
2025-03-06T22:27:00Z,147abc6a,8bab4dff,a6177608,0.0
2025-03-06T22:30:00Z,147abc6a,8bab4dff,a6177608,0.0
2025-03-06T22:33:00Z,147abc6a,8bab4dff,a6177608,0.0
2025-03-06T22:36:00Z,147abc6a,8bab4dff,a6177608,0.0
2025-03-06T22:39:00Z,147abc6a,8bab4dff,a6177608,0.0
2025-03-06T22:42:00Z,147abc6a,8bab4dff,a6177608,0.0
2025-03-06T22:45:00Z,147abc6a,8bab4dff,a6177608,0.0
2025-03-06T22:48:00Z,147abc6a,8bab4dff,a6177608,0.0
2025-03-06T22:51:00Z,147abc6a,8bab4dff,a6177608,0.01
2025-03-06T22:54:00Z,147abc6a,8bab4dff,a6177608,0.0
2025-03-06T22:57:00Z,147abc6a,8bab4dff,a6177608,0.0
2025-03-06T23:00:00Z,147abc6a,8bab4dff,a6177608,0.0
2025-03-06T23:03:00Z,147abc6a,8bab4dff,a6177608,0.0
2025-03-06T23:06:00Z,147abc6a,8bab4dff,a6177608,0.0
2025-03-06T23:09:00Z,147abc6a,8bab4dff,a6177608,0.0
2025-03-06T23:12:00Z,147abc6a,8bab4dff,a6177608,0.0
2025-03-06T23:15:00Z,147abc6a,8bab4dff,a6177608,0.0
2025-03-06T23:18:00Z,147abc6a,8bab4dff,a6177608,0.0
2025-03-06T23:21:00Z,147abc6a,8bab4dff,a6177608,0.0
2025-03-06T23:24:00Z,147abc6a,8bab4dff,a6177608,0.0
2025-03-06T23:27:00Z,147abc6a,8bab4dff,a6177608,0.0
2025-03-06T23:30:00Z,147abc6a,8bab4dff,a6177608,0.0
2025-03-06T23:33:00Z,147abc6a,8bab4dff,a6177608,0.0
2025-03-06T23:36:00Z,147abc6a,8bab4dff,a6177608,0.0
2025-03-06T23:39:00Z,147abc6a,8bab4dff,a6177608,0.0
2025-03-06T23:42:00Z,147abc6a,8bab4dff,a6177608,0.0
2025-03-06T23:45:00Z,147abc6a,8bab4dff,a6177608,0.0
2025-03-06T23:48:00Z,147abc6a,8bab4dff,a6177608,0.0
2025-03-06T23:51:00Z,147abc6a,8bab4dff,a6177608,0.0
2025-03-06T23:54:00Z,147abc6a,8bab4dff,a6177608,0.0
2025-03-06T23:57:00Z,147abc6a,8bab4dff,a6177608,0.0
2025-03-07T00:00:00Z,147abc6a,8bab4dff,a6177608,0.0
2025-03-07T00:03:00Z,147abc6a,8bab4dff,a6177608,0.0
2025-03-07T00:06:00Z,147abc6a,8bab4dff,a6177608,0.0
2025-03-07T00:09:00Z,147abc6a,8bab4dff,a6177608,0.0
2025-03-07T00:12:00Z,147abc6a,8bab4dff,a6177608,0.0
2025-03-07T00:15:00Z,147abc6a,8bab4dff,a6177608,0.0
2025-03-07T00:18:00Z,147abc6a,8bab4dff,a6177608,0.0
2025-03-07T00:21:00Z,147abc6a,8bab4dff,a6177608,0.0
2025-03-07T00:24:00Z,147abc6a,8bab4dff,a6177608,0.0
2025-03-07T00:27:00Z,147abc6a,8bab4dff,a6177608,0.0
2025-03-07T00:30:00Z,147abc6a,8bab4dff,a6177608,0.0
2025-03-07T00:33:00Z,147abc6a,8bab4dff,a6177608,0.0
2025-03-07T00:36:00Z,147abc6a,8bab4dff,a6177608,0.0
2025-03-07T00:39:00Z,147abc6a,8bab4dff,a6177608,0.0
2025-03-07T00:42:00Z,147abc6a,8bab4dff,a6177608,0.0
2025-03-07T00:45:00Z,147abc6a,8bab4dff,a6177608,0.0
2025-03-07T00:48:00Z,147abc6a,8bab4dff,a6177608,0.0
2025-03-07T00:51:00Z,147abc6a,8bab4dff,a6177608,0.0
2025-03-07T00:54:00Z,147abc6a,8bab4dff,a6177608,0.0
2025-03-07T00:57:00Z,147abc6a,8bab4dff,a6177608,0.0
2025-03-07T01:00:00Z,147abc6a,8bab4dff,a6177608,0.0
2025-03-07T01:03:00Z,147abc6a,8bab4dff,a6177608,0.0
2025-03-07T01:06:00Z,147abc6a,8bab4dff,a6177608,0.0
2025-03-07T01:09:00Z,147abc6a,8bab4dff,a6177608,0.0
2025-03-07T01:12:00Z,147abc6a,8bab4dff,a6177608,0.0
2025-03-07T01:15:00Z,147abc6a,8bab4dff,a6177608,0.0
2025-03-07T01:18:00Z,147abc6a,8bab4dff,a6177608,0.0
2025-03-07T01:21:00Z,147abc6a,8bab4dff,a6177608,0.0
2025-03-07T01:24:00Z,147abc6a,8bab4dff,a6177608,0.0
2025-03-07T01:27:00Z,147abc6a,8bab4dff,a6177608,0.0
2025-03-07T01:30:00Z,147abc6a,8bab4dff,a6177608,0.0
2025-03-07T01:33:00Z,147abc6a,8bab4dff,a6177608,0.0
2025-03-07T01:36:00Z,147abc6a,8bab4dff,a6177608,0.0
2025-03-07T01:39:00Z,147abc6a,8bab4dff,a6177608,0.0
2025-03-07T01:42:00Z,147abc6a,8bab4dff,a6177608,0.0
2025-03-07T01:45:00Z,147abc6a,8bab4dff,a6177608,0.0
2025-03-07T01:48:00Z,147abc6a,8bab4dff,a6177608,0.0
2025-03-07T01:51:00Z,147abc6a,8bab4dff,a6177608,0.0
2025-03-07T01:54:00Z,147abc6a,8bab4dff,a6177608,0.0
2025-03-07T01:57:00Z,147abc6a,8bab4dff,a6177608,0.0
2025-03-07T02:00:00Z,147abc6a,8bab4dff,a6177608,0.0
2025-03-07T02:03:00Z,147abc6a,8bab4dff,a6177608,0.0
2025-03-07T02:06:00Z,147abc6a,8bab4dff,a6177608,0.0
2025-03-07T02:09:00Z,147abc6a,8bab4dff,a6177608,0.0
2025-03-07T02:12:00Z,147abc6a,8bab4dff,a6177608,0.0
2025-03-07T02:15:00Z,147abc6a,8bab4dff,a6177608,0.0
2025-03-07T02:18:00Z,147abc6a,8bab4dff,a6177608,0.0
2025-03-07T02:21:00Z,147abc6a,8bab4dff,a6177608,0.0
2025-03-07T02:24:00Z,147abc6a,8bab4dff,a6177608,0.0
2025-03-07T02:27:00Z,147abc6a,8bab4dff,a6177608,0.0
2025-03-07T02:30:00Z,147abc6a,8bab4dff,a6177608,0.0
2025-03-07T02:33:00Z,147abc6a,8bab4dff,a6177608,0.0
2025-03-07T02:36:00Z,147abc6a,8bab4dff,a6177608,0.0
2025-03-07T02:39:00Z,147abc6a,8bab4dff,a6177608,0.0
2025-03-07T02:42:00Z,147abc6a,8bab4dff,a6177608,0.0
2025-03-07T02:45:00Z,147abc6a,8bab4dff,a6177608,0.0
2025-03-07T02:48:00Z,147abc6a,8bab4dff,a6177608,0.0
2025-03-07T02:51:00Z,147abc6a,8bab4dff,a6177608,0.0
2025-03-07T02:54:00Z,147abc6a,8bab4dff,a6177608,0.0
2025-03-07T02:57:00Z,147abc6a,8bab4dff,a6177608,0.0
2025-03-07T03:00:00Z,147abc6a,8bab4dff,a6177608,0.0
2025-03-07T03:03:00Z,147abc6a,8bab4dff,a6177608,0.0
2025-03-07T03:06:00Z,147abc6a,8bab4dff,a6177608,0.0
2025-03-07T03:09:00Z,147abc6a,8bab4dff,a6177608,0.0
2025-03-07T03:12:00Z,147abc6a,8bab4dff,a6177608,0.0
2025-03-07T03:15:00Z,147abc6a,8bab4dff,a6177608,0.0
2025-03-07T03:18:00Z,147abc6a,8bab4dff,a6177608,0.0
2025-03-07T03:21:00Z,147abc6a,8bab4dff,a6177608,0.0
2025-03-07T03:24:00Z,147abc6a,8bab4dff,a6177608,0.0
2025-03-07T03:27:00Z,147abc6a,8bab4dff,a6177608,0.0
2025-03-07T03:30:00Z,147abc6a,8bab4dff,a6177608,0.0
2025-03-07T03:33:00Z,147abc6a,8bab4dff,a6177608,0.0
2025-03-07T03:36:00Z,147abc6a,8bab4dff,a6177608,0.0
2025-03-07T03:39:00Z,147abc6a,8bab4dff,a6177608,0.0
2025-03-07T03:42:00Z,147abc6a,8bab4dff,a6177608,0.0
2025-03-07T03:45:00Z,147abc6a,8bab4dff,a6177608,0.0
2025-03-07T03:48:00Z,147abc6a,8bab4dff,a6177608,0.0
2025-03-07T03:51:00Z,147abc6a,8bab4dff,a6177608,0.0
2025-03-07T03:54:00Z,147abc6a,8bab4dff,a6177608,0.0
2025-03-07T03:57:00Z,147abc6a,8bab4dff,a6177608,0.0
2025-03-07T04:00:00Z,147abc6a,8bab4dff,a6177608,0.0
2025-03-07T04:03:00Z,147abc6a,8bab4dff,a6177608,0.0
2025-03-07T04:06:00Z,147abc6a,8bab4dff,a6177608,0.0
2025-03-07T04:09:00Z,147abc6a,8bab4dff,a6177608,0.0
2025-03-07T04:12:00Z,147abc6a,8bab4dff,a6177608,0.0
2025-03-07T04:15:00Z,147abc6a,8bab4dff,a6177608,0.0
2025-03-07T04:18:00Z,147abc6a,8bab4dff,a6177608,0.0
2025-03-07T04:21:00Z,147abc6a,8bab4dff,a6177608,0.0
2025-03-07T04:24:00Z,147abc6a,8bab4dff,a6177608,0.0
2025-03-07T04:27:00Z,147abc6a,8bab4dff,a6177608,0.0
2025-03-07T04:30:00Z,147abc6a,8bab4dff,a6177608,0.0
2025-03-07T04:33:00Z,147abc6a,8bab4dff,a6177608,0.0
2025-03-07T04:36:00Z,147abc6a,8bab4dff,a6177608,0.0
2025-03-07T04:39:00Z,147abc6a,8bab4dff,a6177608,0.0
2025-03-07T04:42:00Z,147abc6a,8bab4dff,a6177608,0.0
2025-03-07T04:45:00Z,147abc6a,8bab4dff,a6177608,0.0
2025-03-07T04:48:00Z,147abc6a,8bab4dff,a6177608,0.0
2025-03-07T04:51:00Z,147abc6a,8bab4dff,a6177608,0.08
2025-03-07T04:54:00Z,147abc6a,8bab4dff,a6177608,0.0
2025-03-07T04:57:00Z,147abc6a,8bab4dff,a6177608,0.0
2025-03-07T05:00:00Z,147abc6a,8bab4dff,a6177608,0.0
2025-03-07T05:03:00Z,147abc6a,8bab4dff,a6177608,0.0
2025-03-07T05:06:00Z,147abc6a,8bab4dff,a6177608,0.0
2025-03-07T05:09:00Z,147abc6a,8bab4dff,a6177608,0.0
2025-03-07T05:12:00Z,147abc6a,8bab4dff,a6177608,0.0
2025-03-07T05:15:00Z,147abc6a,8bab4dff,a6177608,0.0
2025-03-07T05:18:00Z,147abc6a,8bab4dff,a6177608,0.0
2025-03-07T05:21:00Z,147abc6a,8bab4dff,a6177608,0.0
2025-03-07T05:24:00Z,147abc6a,8bab4dff,a6177608,0.0
2025-03-07T05:27:00Z,147abc6a,8bab4dff,a6177608,0.0
2025-03-07T05:30:00Z,147abc6a,8bab4dff,a6177608,0.0
2025-03-07T05:33:00Z,147abc6a,8bab4dff,a6177608,0.0
2025-03-07T05:36:00Z,147abc6a,8bab4dff,a6177608,0.0
2025-03-07T05:39:00Z,147abc6a,8bab4dff,a6177608,0.0
2025-03-07T05:42:00Z,147abc6a,8bab4dff,a6177608,0.0
2025-03-07T05:45:00Z,147abc6a,8bab4dff,a6177608,0.0
2025-03-07T05:48:00Z,147abc6a,8bab4dff,a6177608,0.0
2025-03-07T05:51:00Z,147abc6a,8bab4dff,a6177608,0.0
2025-03-07T05:54:00Z,147abc6a,8bab4dff,a6177608,0.0
2025-03-07T05:57:00Z,147abc6a,8bab4dff,a6177608,0.0
2025-03-07T06:00:00Z,147abc6a,8bab4dff,a6177608,0.0
2025-03-07T06:03:00Z,147abc6a,8bab4dff,a6177608,0.0
2025-03-07T06:06:00Z,147abc6a,8bab4dff,a6177608,0.0
2025-03-07T06:09:00Z,147abc6a,8bab4dff,a6177608,0.0
2025-03-07T06:12:00Z,147abc6a,8bab4dff,a6177608,0.0
2025-03-07T06:15:00Z,147abc6a,8bab4dff,a6177608,0.0
2025-03-07T06:18:00Z,147abc6a,8bab4dff,a6177608,0.0
2025-03-07T06:21:00Z,147abc6a,8bab4dff,a6177608,0.0
2025-03-07T06:24:00Z,147abc6a,8bab4dff,a6177608,0.0
2025-03-07T06:27:00Z,147abc6a,8bab4dff,a6177608,0.0
2025-03-07T06:30:00Z,147abc6a,8bab4dff,a6177608,0.0
2025-03-07T06:33:00Z,147abc6a,8bab4dff,a6177608,0.0
2025-03-07T06:36:00Z,147abc6a,8bab4dff,a6177608,0.0
2025-03-07T06:39:00Z,147abc6a,8bab4dff,a6177608,0.01
2025-03-07T06:42:00Z,147abc6a,8bab4dff,a6177608,0.0
2025-03-07T06:45:00Z,147abc6a,8bab4dff,a6177608,0.0
2025-03-07T06:48:00Z,147abc6a,8bab4dff,a6177608,0.0
2025-03-07T06:51:00Z,147abc6a,8bab4dff,a6177608,0.0
2025-03-07T06:54:00Z,147abc6a,8bab4dff,a6177608,0.0
2025-03-07T06:57:00Z,147abc6a,8bab4dff,a6177608,0.0
2025-03-07T07:00:00Z,147abc6a,8bab4dff,a6177608,0.0
2025-03-07T07:03:00Z,147abc6a,8bab4dff,a6177608,0.0
2025-03-07T07:06:00Z,147abc6a,8bab4dff,a6177608,0.0
2025-03-07T07:09:00Z,147abc6a,8bab4dff,a6177608,0.0
2025-03-07T07:12:00Z,147abc6a,8bab4dff,a6177608,0.0
2025-03-07T07:15:00Z,147abc6a,8bab4dff,a6177608,0.0
2025-03-07T07:18:00Z,147abc6a,8bab4dff,a6177608,0.0
2025-03-07T07:21:00Z,147abc6a,8bab4dff,a6177608,0.0
2025-03-07T07:24:00Z,147abc6a,8bab4dff,a6177608,0.0
2025-03-07T07:27:00Z,147abc6a,8bab4dff,a6177608,0.0
2025-03-07T07:30:00Z,147abc6a,8bab4dff,a6177608,0.0
2025-03-07T07:33:00Z,147abc6a,8bab4dff,a6177608,0.0
2025-03-07T07:36:00Z,147abc6a,8bab4dff,a6177608,0.0
2025-03-07T07:39:00Z,147abc6a,8bab4dff,a6177608,0.0
2025-03-07T07:42:00Z,147abc6a,8bab4dff,a6177608,0.0
2025-03-07T07:45:00Z,147abc6a,8bab4dff,a6177608,0.0
2025-03-07T07:48:00Z,147abc6a,8bab4dff,a6177608,0.0
2025-03-07T07:51:00Z,147abc6a,8bab4dff,a6177608,0.0
2025-03-07T07:54:00Z,147abc6a,8bab4dff,a6177608,0.0
2025-03-07T07:57:00Z,147abc6a,8bab4dff,a6177608,0.0
2025-03-07T08:00:00Z,147abc6a,8bab4dff,a6177608,0.0
2025-03-07T08:03:00Z,147abc6a,8bab4dff,a6177608,0.0
2025-03-07T08:06:00Z,147abc6a,8bab4dff,a6177608,0.0
2025-03-07T08:09:00Z,147abc6a,8bab4dff,a6177608,0.0
2025-03-07T08:12:00Z,147abc6a,8bab4dff,a6177608,0.0
2025-03-07T08:15:00Z,147abc6a,8bab4dff,a6177608,0.0
2025-03-07T08:18:00Z,147abc6a,8bab4dff,a6177608,0.0
2025-03-07T08:21:00Z,147abc6a,8bab4dff,a6177608,0.0
2025-03-07T08:24:00Z,147abc6a,8bab4dff,a6177608,0.01
2025-03-07T08:27:00Z,147abc6a,8bab4dff,a6177608,0.0
2025-03-07T08:30:00Z,147abc6a,8bab4dff,a6177608,0.0
2025-03-07T08:33:00Z,147abc6a,8bab4dff,a6177608,0.0
2025-03-07T08:36:00Z,147abc6a,8bab4dff,a6177608,0.0
2025-03-07T08:39:00Z,147abc6a,8bab4dff,a6177608,0.0
2025-03-07T08:42:00Z,147abc6a,8bab4dff,a6177608,0.0
2025-03-07T08:45:00Z,147abc6a,8bab4dff,a6177608,0.0
2025-03-07T08:48:00Z,147abc6a,8bab4dff,a6177608,0.0
2025-03-07T08:51:00Z,147abc6a,8bab4dff,a6177608,0.0
2025-03-07T08:54:00Z,147abc6a,8bab4dff,a6177608,0.0
2025-03-07T08:57:00Z,147abc6a,8bab4dff,a6177608,0.0
2025-03-07T09:00:00Z,147abc6a,8bab4dff,a6177608,0.0
2025-03-07T09:03:00Z,147abc6a,8bab4dff,a6177608,0.0
2025-03-07T09:06:00Z,147abc6a,8bab4dff,a6177608,0.0
2025-03-07T09:09:00Z,147abc6a,8bab4dff,a6177608,0.0
2025-03-07T09:12:00Z,147abc6a,8bab4dff,a6177608,0.0
2025-03-07T09:15:00Z,147abc6a,8bab4dff,a6177608,0.0
2025-03-07T09:18:00Z,147abc6a,8bab4dff,a6177608,0.0
2025-03-07T09:21:00Z,147abc6a,8bab4dff,a6177608,0.0
2025-03-07T09:24:00Z,147abc6a,8bab4dff,a6177608,0.0
2025-03-07T09:27:00Z,147abc6a,8bab4dff,a6177608,0.0
2025-03-07T09:30:00Z,147abc6a,8bab4dff,a6177608,0.0
2025-03-07T09:33:00Z,147abc6a,8bab4dff,a6177608,0.0
2025-03-07T09:36:00Z,147abc6a,8bab4dff,a6177608,0.0
2025-03-07T09:39:00Z,147abc6a,8bab4dff,a6177608,0.0
2025-03-07T09:42:00Z,147abc6a,8bab4dff,a6177608,0.0
2025-03-07T09:45:00Z,147abc6a,8bab4dff,a6177608,0.0
2025-03-07T09:48:00Z,147abc6a,8bab4dff,a6177608,0.0
2025-03-07T09:51:00Z,147abc6a,8bab4dff,a6177608,0.0
2025-03-07T09:54:00Z,147abc6a,8bab4dff,a6177608,0.0
2025-03-07T09:57:00Z,147abc6a,8bab4dff,a6177608,0.0
2025-03-07T10:00:00Z,147abc6a,8bab4dff,a6177608,0.0
2025-03-07T10:03:00Z,147abc6a,8bab4dff,a6177608,0.0
2025-03-07T10:06:00Z,147abc6a,8bab4dff,a6177608,0.0
2025-03-07T10:09:00Z,147abc6a,8bab4dff,a6177608,0.0
2025-03-07T10:12:00Z,147abc6a,8bab4dff,a6177608,0.0
2025-03-07T10:15:00Z,147abc6a,8bab4dff,a6177608,0.0
2025-03-07T10:18:00Z,147abc6a,8bab4dff,a6177608,0.01
2025-03-07T10:21:00Z,147abc6a,8bab4dff,a6177608,0.0
2025-03-07T10:24:00Z,147abc6a,8bab4dff,a6177608,0.0
2025-03-07T10:27:00Z,147abc6a,8bab4dff,a6177608,0.0
2025-03-07T10:30:00Z,147abc6a,8bab4dff,a6177608,0.0
2025-03-07T10:33:00Z,147abc6a,8bab4dff,a6177608,0.0
2025-03-07T10:36:00Z,147abc6a,8bab4dff,a6177608,0.0
2025-03-07T10:39:00Z,147abc6a,8bab4dff,a6177608,0.0
2025-03-07T10:42:00Z,147abc6a,8bab4dff,a6177608,0.0
2025-03-07T10:45:00Z,147abc6a,8bab4dff,a6177608,0.0
2025-03-07T10:48:00Z,147abc6a,8bab4dff,a6177608,0.0
2025-03-07T10:51:00Z,147abc6a,8bab4dff,a6177608,0.0
2025-03-07T10:54:00Z,147abc6a,8bab4dff,a6177608,0.0
2025-03-07T10:57:00Z,147abc6a,8bab4dff,a6177608,0.0
2025-03-07T11:00:00Z,147abc6a,8bab4dff,a6177608,0.0
2025-03-07T11:03:00Z,147abc6a,8bab4dff,a6177608,0.0
2025-03-07T11:06:00Z,147abc6a,8bab4dff,a6177608,0.0
2025-03-07T11:09:00Z,147abc6a,8bab4dff,a6177608,0.0
2025-03-07T11:12:00Z,147abc6a,8bab4dff,a6177608,0.0
2025-03-07T11:15:00Z,147abc6a,8bab4dff,a6177608,0.0
2025-03-07T11:18:00Z,147abc6a,8bab4dff,a6177608,0.0
2025-03-07T11:21:00Z,147abc6a,8bab4dff,a6177608,0.0
2025-03-07T11:24:00Z,147abc6a,8bab4dff,a6177608,0.0
2025-03-07T11:27:00Z,147abc6a,8bab4dff,a6177608,0.0
2025-03-07T11:30:00Z,147abc6a,8bab4dff,a6177608,0.0
2025-03-07T11:33:00Z,147abc6a,8bab4dff,a6177608,0.0
2025-03-07T11:36:00Z,147abc6a,8bab4dff,a6177608,0.0
2025-03-07T11:39:00Z,147abc6a,8bab4dff,a6177608,0.0
2025-03-07T11:42:00Z,147abc6a,8bab4dff,a6177608,0.0
2025-03-07T11:45:00Z,147abc6a,8bab4dff,a6177608,0.0
2025-03-07T11:48:00Z,147abc6a,8bab4dff,a6177608,0.0
2025-03-07T11:51:00Z,147abc6a,8bab4dff,a6177608,0.0
2025-03-07T11:54:00Z,147abc6a,8bab4dff,a6177608,0.0
2025-03-07T11:57:00Z,147abc6a,8bab4dff,a6177608,0.0
2025-03-07T12:00:00Z,147abc6a,8bab4dff,a6177608,0.0
2025-03-07T12:03:00Z,147abc6a,8bab4dff,a6177608,0.0
2025-03-07T12:06:00Z,147abc6a,8bab4dff,a6177608,0.0
2025-03-07T12:09:00Z,147abc6a,8bab4dff,a6177608,0.0
2025-03-07T12:12:00Z,147abc6a,8bab4dff,a6177608,0.0
2025-03-07T12:15:00Z,147abc6a,8bab4dff,a6177608,0.0
2025-03-07T12:18:00Z,147abc6a,8bab4dff,a6177608,0.0
2025-03-07T12:21:00Z,147abc6a,8bab4dff,a6177608,0.0
2025-03-07T12:24:00Z,147abc6a,8bab4dff,a6177608,0.0
2025-03-07T12:27:00Z,147abc6a,8bab4dff,a6177608,0.0
2025-03-07T12:30:00Z,147abc6a,8bab4dff,a6177608,0.0
2025-03-07T12:33:00Z,147abc6a,8bab4dff,a6177608,0.0
2025-03-07T12:36:00Z,147abc6a,8bab4dff,a6177608,0.0
2025-03-07T12:39:00Z,147abc6a,8bab4dff,a6177608,0.0
2025-03-07T12:42:00Z,147abc6a,8bab4dff,a6177608,0.0
2025-03-07T12:45:00Z,147abc6a,8bab4dff,a6177608,0.0
2025-03-07T12:48:00Z,147abc6a,8bab4dff,a6177608,0.0
2025-03-07T12:51:00Z,147abc6a,8bab4dff,a6177608,0.0
2025-03-07T12:54:00Z,147abc6a,8bab4dff,a6177608,0.0
2025-03-07T12:57:00Z,147abc6a,8bab4dff,a6177608,0.0
2025-03-07T13:00:00Z,147abc6a,8bab4dff,a6177608,0.0
2025-03-07T13:03:00Z,147abc6a,8bab4dff,a6177608,0.0
2025-03-07T13:06:00Z,147abc6a,8bab4dff,a6177608,0.0
2025-03-07T13:09:00Z,147abc6a,8bab4dff,a6177608,0.0
2025-03-07T13:12:00Z,147abc6a,8bab4dff,a6177608,0.0
2025-03-07T13:15:00Z,147abc6a,8bab4dff,a6177608,0.0
2025-03-07T13:18:00Z,147abc6a,8bab4dff,a6177608,0.0
2025-03-07T13:21:00Z,147abc6a,8bab4dff,a6177608,0.0
2025-03-07T13:24:00Z,147abc6a,8bab4dff,a6177608,0.0
2025-03-07T13:27:00Z,147abc6a,8bab4dff,a6177608,0.0
2025-03-07T13:30:00Z,147abc6a,8bab4dff,a6177608,0.0
2025-03-07T13:33:00Z,147abc6a,8bab4dff,a6177608,0.0
2025-03-07T13:36:00Z,147abc6a,8bab4dff,a6177608,0.0
2025-03-07T13:39:00Z,147abc6a,8bab4dff,a6177608,0.0
2025-03-07T13:42:00Z,147abc6a,8bab4dff,a6177608,0.0
2025-03-07T13:45:00Z,147abc6a,8bab4dff,a6177608,0.0
2025-03-07T13:48:00Z,147abc6a,8bab4dff,a6177608,0.0
2025-03-07T13:51:00Z,147abc6a,8bab4dff,a6177608,0.0
2025-03-07T13:54:00Z,147abc6a,8bab4dff,a6177608,0.0
2025-03-07T13:57:00Z,147abc6a,8bab4dff,a6177608,0.0
2025-03-07T14:00:00Z,147abc6a,8bab4dff,a6177608,0.0
2025-03-07T14:03:00Z,147abc6a,8bab4dff,a6177608,0.0
2025-03-07T14:06:00Z,147abc6a,8bab4dff,a6177608,0.0
2025-03-07T14:09:00Z,147abc6a,8bab4dff,a6177608,0.0
2025-03-07T14:12:00Z,147abc6a,8bab4dff,a6177608,0.0
2025-03-07T14:15:00Z,147abc6a,8bab4dff,a6177608,0.0
2025-03-07T14:18:00Z,147abc6a,8bab4dff,a6177608,0.0
2025-03-07T14:21:00Z,147abc6a,8bab4dff,a6177608,0.0
2025-03-07T14:24:00Z,147abc6a,8bab4dff,a6177608,0.0
2025-03-07T14:27:00Z,147abc6a,8bab4dff,a6177608,0.0
2025-03-07T14:30:00Z,147abc6a,8bab4dff,a6177608,0.0
2025-03-07T14:33:00Z,147abc6a,8bab4dff,a6177608,0.0
2025-03-07T14:36:00Z,147abc6a,8bab4dff,a6177608,0.0
2025-03-07T14:39:00Z,147abc6a,8bab4dff,a6177608,0.0
2025-03-07T14:42:00Z,147abc6a,8bab4dff,a6177608,0.0
2025-03-07T14:45:00Z,147abc6a,8bab4dff,a6177608,0.0
2025-03-07T14:48:00Z,147abc6a,8bab4dff,a6177608,0.0
2025-03-07T14:51:00Z,147abc6a,8bab4dff,a6177608,0.0
2025-03-07T14:54:00Z,147abc6a,8bab4dff,a6177608,0.0
2025-03-07T14:57:00Z,147abc6a,8bab4dff,a6177608,0.0
2025-03-07T15:00:00Z,147abc6a,8bab4dff,a6177608,0.0
2025-03-07T15:03:00Z,147abc6a,8bab4dff,a6177608,0.0
2025-03-07T15:06:00Z,147abc6a,8bab4dff,a6177608,0.0
2025-03-07T15:09:00Z,147abc6a,8bab4dff,a6177608,0.0
2025-03-07T15:12:00Z,147abc6a,8bab4dff,a6177608,0.0
2025-03-07T15:15:00Z,147abc6a,8bab4dff,a6177608,0.0
2025-03-07T15:18:00Z,147abc6a,8bab4dff,a6177608,0.0
2025-03-07T15:21:00Z,147abc6a,8bab4dff,a6177608,0.0
2025-03-07T15:24:00Z,147abc6a,8bab4dff,a6177608,0.0
2025-03-07T15:27:00Z,147abc6a,8bab4dff,a6177608,0.0
2025-03-07T15:30:00Z,147abc6a,8bab4dff,a6177608,0.0
2025-03-07T15:33:00Z,147abc6a,8bab4dff,a6177608,0.0
2025-03-07T15:36:00Z,147abc6a,8bab4dff,a6177608,0.0
2025-03-07T15:39:00Z,147abc6a,8bab4dff,a6177608,0.0
2025-03-07T15:42:00Z,147abc6a,8bab4dff,a6177608,0.0
2025-03-07T15:45:00Z,147abc6a,8bab4dff,a6177608,0.0
2025-03-07T15:48:00Z,147abc6a,8bab4dff,a6177608,0.0
2025-03-07T15:51:00Z,147abc6a,8bab4dff,a6177608,0.0
2025-03-07T15:54:00Z,147abc6a,8bab4dff,a6177608,0.0
2025-03-07T15:57:00Z,147abc6a,8bab4dff,a6177608,0.0
2025-03-07T16:00:00Z,147abc6a,8bab4dff,a6177608,0.0
2025-03-07T16:03:00Z,147abc6a,8bab4dff,a6177608,0.0
2025-03-07T16:06:00Z,147abc6a,8bab4dff,a6177608,0.0
2025-03-07T16:09:00Z,147abc6a,8bab4dff,a6177608,0.0
2025-03-07T16:12:00Z,147abc6a,8bab4dff,a6177608,0.0
2025-03-07T16:15:00Z,147abc6a,8bab4dff,a6177608,0.0
2025-03-07T16:18:00Z,147abc6a,8bab4dff,a6177608,0.0
2025-03-07T16:21:00Z,147abc6a,8bab4dff,a6177608,0.0
2025-03-07T16:24:00Z,147abc6a,8bab4dff,a6177608,0.0
2025-03-07T16:27:00Z,147abc6a,8bab4dff,a6177608,0.0
2025-03-07T16:30:00Z,147abc6a,8bab4dff,a6177608,0.0
2025-03-07T16:33:00Z,147abc6a,8bab4dff,a6177608,0.0
2025-03-07T16:36:00Z,147abc6a,8bab4dff,a6177608,0.0
2025-03-07T16:39:00Z,147abc6a,8bab4dff,a6177608,0.0
2025-03-07T16:42:00Z,147abc6a,8bab4dff,a6177608,0.0
2025-03-07T16:45:00Z,147abc6a,8bab4dff,a6177608,0.0
2025-03-07T16:48:00Z,147abc6a,8bab4dff,a6177608,0.0
2025-03-07T16:51:00Z,147abc6a,8bab4dff,a6177608,0.0
2025-03-07T16:54:00Z,147abc6a,8bab4dff,a6177608,0.0
2025-03-07T16:57:00Z,147abc6a,8bab4dff,a6177608,0.0
2025-03-07T17:00:00Z,147abc6a,8bab4dff,a6177608,0.0
2025-03-07T17:03:00Z,147abc6a,8bab4dff,a6177608,0.0
2025-03-07T17:06:00Z,147abc6a,8bab4dff,a6177608,0.0
2025-03-07T17:09:00Z,147abc6a,8bab4dff,a6177608,0.0
2025-03-07T17:12:00Z,147abc6a,8bab4dff,a6177608,0.0
2025-03-07T17:15:00Z,147abc6a,8bab4dff,a6177608,0.0
2025-03-07T17:18:00Z,147abc6a,8bab4dff,a6177608,0.0
2025-03-07T17:21:00Z,147abc6a,8bab4dff,a6177608,0.0
2025-03-07T17:24:00Z,147abc6a,8bab4dff,a6177608,0.0
2025-03-07T17:27:00Z,147abc6a,8bab4dff,a6177608,0.0
2025-03-07T17:30:00Z,147abc6a,8bab4dff,a6177608,0.0
2025-03-07T17:33:00Z,147abc6a,8bab4dff,a6177608,0.0
2025-03-07T17:36:00Z,147abc6a,8bab4dff,a6177608,0.0
2025-03-07T17:39:00Z,147abc6a,8bab4dff,a6177608,0.0
2025-03-07T17:42:00Z,147abc6a,8bab4dff,a6177608,0.0
2025-03-07T17:45:00Z,147abc6a,8bab4dff,a6177608,0.0
2025-03-07T17:48:00Z,147abc6a,8bab4dff,a6177608,0.0
2025-03-07T17:51:00Z,147abc6a,8bab4dff,a6177608,0.0
2025-03-07T17:54:00Z,147abc6a,8bab4dff,a6177608,0.0
2025-03-07T17:57:00Z,147abc6a,8bab4dff,a6177608,0.0
2025-03-07T18:00:00Z,147abc6a,8bab4dff,a6177608,0.0
2025-03-07T18:03:00Z,147abc6a,8bab4dff,a6177608,0.0
2025-03-07T18:06:00Z,147abc6a,8bab4dff,a6177608,0.0
2025-03-07T18:09:00Z,147abc6a,8bab4dff,a6177608,0.0
2025-03-07T18:12:00Z,147abc6a,8bab4dff,a6177608,0.0
2025-03-07T18:15:00Z,147abc6a,8bab4dff,a6177608,0.0
2025-03-07T18:18:00Z,147abc6a,8bab4dff,a6177608,0.0
2025-03-07T18:21:00Z,147abc6a,8bab4dff,a6177608,0.0
2025-03-07T18:24:00Z,147abc6a,8bab4dff,a6177608,0.0
2025-03-07T18:27:00Z,147abc6a,8bab4dff,a6177608,0.0
2025-03-07T18:30:00Z,147abc6a,8bab4dff,a6177608,0.0
2025-03-07T18:33:00Z,147abc6a,8bab4dff,a6177608,0.0
2025-03-07T18:36:00Z,147abc6a,8bab4dff,a6177608,0.0
2025-03-07T18:39:00Z,147abc6a,8bab4dff,a6177608,0.0
2025-03-07T18:42:00Z,147abc6a,8bab4dff,a6177608,0.0
2025-03-07T18:45:00Z,147abc6a,8bab4dff,a6177608,0.0
2025-03-07T18:48:00Z,147abc6a,8bab4dff,a6177608,0.0
2025-03-07T18:51:00Z,147abc6a,8bab4dff,a6177608,0.0
2025-03-07T18:54:00Z,147abc6a,8bab4dff,a6177608,0.0
2025-03-07T18:57:00Z,147abc6a,8bab4dff,a6177608,0.0
2025-03-07T19:00:00Z,147abc6a,8bab4dff,a6177608,0.0
2025-03-07T19:03:00Z,147abc6a,8bab4dff,a6177608,0.0
2025-03-07T19:06:00Z,147abc6a,8bab4dff,a6177608,0.0
2025-03-07T19:09:00Z,147abc6a,8bab4dff,a6177608,0.0
2025-03-07T19:12:00Z,147abc6a,8bab4dff,a6177608,0.0
2025-03-07T19:15:00Z,147abc6a,8bab4dff,a6177608,0.01
2025-03-07T19:18:00Z,147abc6a,8bab4dff,a6177608,0.01
2025-03-07T19:21:00Z,147abc6a,8bab4dff,a6177608,0.0
2025-03-07T19:24:00Z,147abc6a,8bab4dff,a6177608,0.0
2025-03-07T19:27:00Z,147abc6a,8bab4dff,a6177608,0.0
2025-03-07T19:30:00Z,147abc6a,8bab4dff,a6177608,0.0
2025-03-07T19:33:00Z,147abc6a,8bab4dff,a6177608,0.0
2025-03-07T19:36:00Z,147abc6a,8bab4dff,a6177608,0.0
2025-03-07T19:39:00Z,147abc6a,8bab4dff,a6177608,0.0
2025-03-07T19:42:00Z,147abc6a,8bab4dff,a6177608,0.0
2025-03-07T19:45:00Z,147abc6a,8bab4dff,a6177608,0.0
2025-03-07T19:48:00Z,147abc6a,8bab4dff,a6177608,0.0
2025-03-07T19:51:00Z,147abc6a,8bab4dff,a6177608,0.0
2025-03-07T19:54:00Z,147abc6a,8bab4dff,a6177608,0.0
2025-03-07T19:57:00Z,147abc6a,8bab4dff,a6177608,0.0
2025-03-07T20:00:00Z,147abc6a,8bab4dff,a6177608,0.0
2025-03-07T20:03:00Z,147abc6a,8bab4dff,a6177608,0.0
2025-03-07T20:06:00Z,147abc6a,8bab4dff,a6177608,0.0
2025-03-07T20:09:00Z,147abc6a,8bab4dff,a6177608,0.0
2025-03-07T20:12:00Z,147abc6a,8bab4dff,a6177608,0.0
2025-03-07T20:15:00Z,147abc6a,8bab4dff,a6177608,0.0
2025-03-07T20:18:00Z,147abc6a,8bab4dff,a6177608,0.0
2025-03-07T20:21:00Z,147abc6a,8bab4dff,a6177608,0.0
2025-03-07T20:24:00Z,147abc6a,8bab4dff,a6177608,0.0
2025-03-07T20:27:00Z,147abc6a,8bab4dff,a6177608,0.0
2025-03-07T20:30:00Z,147abc6a,8bab4dff,a6177608,0.0
2025-03-07T20:33:00Z,147abc6a,8bab4dff,a6177608,0.0
2025-03-07T20:36:00Z,147abc6a,8bab4dff,a6177608,0.0
2025-03-07T20:39:00Z,147abc6a,8bab4dff,a6177608,0.0
2025-03-07T20:42:00Z,147abc6a,8bab4dff,a6177608,0.0
2025-03-07T20:45:00Z,147abc6a,8bab4dff,a6177608,0.0
2025-03-07T20:48:00Z,147abc6a,8bab4dff,a6177608,0.0
2025-03-07T20:51:00Z,147abc6a,8bab4dff,a6177608,0.0
2025-03-07T20:54:00Z,147abc6a,8bab4dff,a6177608,0.0
2025-03-07T20:57:00Z,147abc6a,8bab4dff,a6177608,0.0
2025-03-07T21:00:00Z,147abc6a,8bab4dff,a6177608,0.0
2025-03-07T21:03:00Z,147abc6a,8bab4dff,a6177608,0.0
2025-03-07T21:06:00Z,147abc6a,8bab4dff,a6177608,0.0
2025-03-07T21:09:00Z,147abc6a,8bab4dff,a6177608,0.0
2025-03-07T21:12:00Z,147abc6a,8bab4dff,a6177608,0.0
2025-03-07T21:15:00Z,147abc6a,8bab4dff,a6177608,0.0
2025-03-07T21:18:00Z,147abc6a,8bab4dff,a6177608,0.0
2025-03-07T21:21:00Z,147abc6a,8bab4dff,a6177608,0.0
2025-03-07T21:24:00Z,147abc6a,8bab4dff,a6177608,0.0
2025-03-07T21:27:00Z,147abc6a,8bab4dff,a6177608,0.0
2025-03-07T21:30:00Z,147abc6a,8bab4dff,a6177608,0.0
2025-03-07T21:33:00Z,147abc6a,8bab4dff,a6177608,0.0
2025-03-07T21:36:00Z,147abc6a,8bab4dff,a6177608,0.0
2025-03-07T21:39:00Z,147abc6a,8bab4dff,a6177608,0.0
2025-03-07T21:42:00Z,147abc6a,8bab4dff,a6177608,0.0
2025-03-07T21:45:00Z,147abc6a,8bab4dff,a6177608,0.0
2025-03-07T21:48:00Z,147abc6a,8bab4dff,a6177608,0.0
2025-03-07T21:51:00Z,147abc6a,8bab4dff,a6177608,0.0
2025-03-07T21:54:00Z,147abc6a,8bab4dff,a6177608,0.0
2025-03-07T21:57:00Z,147abc6a,8bab4dff,a6177608,0.0
2025-03-07T22:00:00Z,147abc6a,8bab4dff,a6177608,0.0
2025-03-07T22:03:00Z,147abc6a,8bab4dff,a6177608,0.0
2025-03-07T22:06:00Z,147abc6a,8bab4dff,a6177608,0.0
2025-03-07T22:09:00Z,147abc6a,8bab4dff,a6177608,0.0
2025-03-07T22:12:00Z,147abc6a,8bab4dff,a6177608,0.0
2025-03-07T22:15:00Z,147abc6a,8bab4dff,a6177608,0.0
2025-03-07T22:18:00Z,147abc6a,8bab4dff,a6177608,0.0
2025-03-07T22:21:00Z,147abc6a,8bab4dff,a6177608,0.0
2025-03-07T22:24:00Z,147abc6a,8bab4dff,a6177608,0.0
2025-03-07T22:27:00Z,147abc6a,8bab4dff,a6177608,0.0
2025-03-07T22:30:00Z,147abc6a,8bab4dff,a6177608,0.0
2025-03-07T22:33:00Z,147abc6a,8bab4dff,a6177608,0.0
2025-03-07T22:36:00Z,147abc6a,8bab4dff,a6177608,0.0
2025-03-07T22:39:00Z,147abc6a,8bab4dff,a6177608,0.0
2025-03-07T22:42:00Z,147abc6a,8bab4dff,a6177608,0.0
2025-03-07T22:45:00Z,147abc6a,8bab4dff,a6177608,0.0
2025-03-07T22:48:00Z,147abc6a,8bab4dff,a6177608,0.0
2025-03-07T22:51:00Z,147abc6a,8bab4dff,a6177608,0.01
2025-03-07T22:54:00Z,147abc6a,8bab4dff,a6177608,0.0
2025-03-07T22:57:00Z,147abc6a,8bab4dff,a6177608,0.0
2025-03-07T23:00:00Z,147abc6a,8bab4dff,a6177608,0.0
2025-03-07T23:03:00Z,147abc6a,8bab4dff,a6177608,0.0
2025-03-07T23:06:00Z,147abc6a,8bab4dff,a6177608,0.0
2025-03-07T23:09:00Z,147abc6a,8bab4dff,a6177608,0.0
2025-03-07T23:12:00Z,147abc6a,8bab4dff,a6177608,0.0
2025-03-07T23:15:00Z,147abc6a,8bab4dff,a6177608,0.0
2025-03-07T23:18:00Z,147abc6a,8bab4dff,a6177608,0.0
2025-03-07T23:21:00Z,147abc6a,8bab4dff,a6177608,0.0
2025-03-07T23:24:00Z,147abc6a,8bab4dff,a6177608,0.0
2025-03-07T23:27:00Z,147abc6a,8bab4dff,a6177608,0.0
2025-03-07T23:30:00Z,147abc6a,8bab4dff,a6177608,0.0
2025-03-07T23:33:00Z,147abc6a,8bab4dff,a6177608,0.0
2025-03-07T23:36:00Z,147abc6a,8bab4dff,a6177608,0.0
2025-03-07T23:39:00Z,147abc6a,8bab4dff,a6177608,0.0
2025-03-07T23:42:00Z,147abc6a,8bab4dff,a6177608,0.0
2025-03-07T23:45:00Z,147abc6a,8bab4dff,a6177608,0.0
2025-03-07T23:48:00Z,147abc6a,8bab4dff,a6177608,0.0
2025-03-07T23:51:00Z,147abc6a,8bab4dff,a6177608,0.0
2025-03-07T23:54:00Z,147abc6a,8bab4dff,a6177608,0.0
2025-03-07T23:57:00Z,147abc6a,8bab4dff,a6177608,0.0
2025-03-08T00:00:00Z,147abc6a,8bab4dff,a6177608,0.0
2025-03-08T00:03:00Z,147abc6a,8bab4dff,a6177608,0.0
2025-03-08T00:06:00Z,147abc6a,8bab4dff,a6177608,0.0
2025-03-08T00:09:00Z,147abc6a,8bab4dff,a6177608,0.0
2025-03-08T00:12:00Z,147abc6a,8bab4dff,a6177608,0.0
2025-03-08T00:15:00Z,147abc6a,8bab4dff,a6177608,0.0
2025-03-08T00:18:00Z,147abc6a,8bab4dff,a6177608,0.01
2025-03-08T00:21:00Z,147abc6a,8bab4dff,a6177608,0.0
2025-03-08T00:24:00Z,147abc6a,8bab4dff,a6177608,0.0
2025-03-08T00:27:00Z,147abc6a,8bab4dff,a6177608,0.0
2025-03-08T00:30:00Z,147abc6a,8bab4dff,a6177608,0.0
2025-03-08T00:33:00Z,147abc6a,8bab4dff,a6177608,0.0
2025-03-08T00:36:00Z,147abc6a,8bab4dff,a6177608,0.0
2025-03-08T00:39:00Z,147abc6a,8bab4dff,a6177608,0.0
2025-03-08T00:42:00Z,147abc6a,8bab4dff,a6177608,0.0
2025-03-08T00:45:00Z,147abc6a,8bab4dff,a6177608,0.0
2025-03-08T00:48:00Z,147abc6a,8bab4dff,a6177608,0.0
2025-03-08T00:51:00Z,147abc6a,8bab4dff,a6177608,0.0
2025-03-08T00:54:00Z,147abc6a,8bab4dff,a6177608,0.0
2025-03-08T00:57:00Z,147abc6a,8bab4dff,a6177608,0.0
2025-03-08T01:00:00Z,147abc6a,8bab4dff,a6177608,0.0
2025-03-08T01:03:00Z,147abc6a,8bab4dff,a6177608,0.0
2025-03-08T01:06:00Z,147abc6a,8bab4dff,a6177608,0.0
2025-03-08T01:09:00Z,147abc6a,8bab4dff,a6177608,0.0
2025-03-08T01:12:00Z,147abc6a,8bab4dff,a6177608,0.0
2025-03-08T01:15:00Z,147abc6a,8bab4dff,a6177608,0.0
2025-03-08T01:18:00Z,147abc6a,8bab4dff,a6177608,0.0
2025-03-08T01:21:00Z,147abc6a,8bab4dff,a6177608,0.0
2025-03-08T01:24:00Z,147abc6a,8bab4dff,a6177608,0.0
2025-03-08T01:27:00Z,147abc6a,8bab4dff,a6177608,0.0
2025-03-08T01:30:00Z,147abc6a,8bab4dff,a6177608,0.0
2025-03-08T01:33:00Z,147abc6a,8bab4dff,a6177608,0.0
2025-03-08T01:36:00Z,147abc6a,8bab4dff,a6177608,0.0
2025-03-08T01:39:00Z,147abc6a,8bab4dff,a6177608,0.0
2025-03-08T01:42:00Z,147abc6a,8bab4dff,a6177608,0.0
2025-03-08T01:45:00Z,147abc6a,8bab4dff,a6177608,0.0
2025-03-08T01:48:00Z,147abc6a,8bab4dff,a6177608,0.0
2025-03-08T01:51:00Z,147abc6a,8bab4dff,a6177608,0.0
2025-03-08T01:54:00Z,147abc6a,8bab4dff,a6177608,0.0
2025-03-08T01:57:00Z,147abc6a,8bab4dff,a6177608,0.0
2025-03-08T02:00:00Z,147abc6a,8bab4dff,a6177608,0.0
2025-03-08T02:03:00Z,147abc6a,8bab4dff,a6177608,0.0
2025-03-08T02:06:00Z,147abc6a,8bab4dff,a6177608,0.0
2025-03-08T02:09:00Z,147abc6a,8bab4dff,a6177608,0.0
2025-03-08T02:12:00Z,147abc6a,8bab4dff,a6177608,0.0
2025-03-08T02:15:00Z,147abc6a,8bab4dff,a6177608,0.0
2025-03-08T02:18:00Z,147abc6a,8bab4dff,a6177608,0.0
2025-03-08T02:21:00Z,147abc6a,8bab4dff,a6177608,0.0
2025-03-08T02:24:00Z,147abc6a,8bab4dff,a6177608,0.0
2025-03-08T02:27:00Z,147abc6a,8bab4dff,a6177608,0.0
2025-03-08T02:30:00Z,147abc6a,8bab4dff,a6177608,0.0
2025-03-08T02:33:00Z,147abc6a,8bab4dff,a6177608,0.0
2025-03-08T02:36:00Z,147abc6a,8bab4dff,a6177608,0.0
2025-03-08T02:39:00Z,147abc6a,8bab4dff,a6177608,0.0
2025-03-08T02:42:00Z,147abc6a,8bab4dff,a6177608,0.0
2025-03-08T02:45:00Z,147abc6a,8bab4dff,a6177608,0.0
2025-03-08T02:48:00Z,147abc6a,8bab4dff,a6177608,0.0
2025-03-08T02:51:00Z,147abc6a,8bab4dff,a6177608,0.0
2025-03-08T02:54:00Z,147abc6a,8bab4dff,a6177608,0.0
2025-03-08T02:57:00Z,147abc6a,8bab4dff,a6177608,0.0
2025-03-08T03:00:00Z,147abc6a,8bab4dff,a6177608,0.0
2025-03-08T03:03:00Z,147abc6a,8bab4dff,a6177608,0.0
2025-03-08T03:06:00Z,147abc6a,8bab4dff,a6177608,0.0
2025-03-08T03:09:00Z,147abc6a,8bab4dff,a6177608,0.0
2025-03-08T03:12:00Z,147abc6a,8bab4dff,a6177608,0.0
2025-03-08T03:15:00Z,147abc6a,8bab4dff,a6177608,0.0
2025-03-08T03:18:00Z,147abc6a,8bab4dff,a6177608,0.0
2025-03-08T03:21:00Z,147abc6a,8bab4dff,a6177608,0.0
2025-03-08T03:24:00Z,147abc6a,8bab4dff,a6177608,0.0
2025-03-08T03:27:00Z,147abc6a,8bab4dff,a6177608,0.0
2025-03-08T03:30:00Z,147abc6a,8bab4dff,a6177608,0.0
2025-03-08T03:33:00Z,147abc6a,8bab4dff,a6177608,0.0
2025-03-08T03:36:00Z,147abc6a,8bab4dff,a6177608,0.0
2025-03-08T03:39:00Z,147abc6a,8bab4dff,a6177608,0.0
2025-03-08T03:42:00Z,147abc6a,8bab4dff,a6177608,0.0
2025-03-08T03:45:00Z,147abc6a,8bab4dff,a6177608,0.0
2025-03-08T03:48:00Z,147abc6a,8bab4dff,a6177608,0.0
2025-03-08T03:51:00Z,147abc6a,8bab4dff,a6177608,0.0
2025-03-08T03:54:00Z,147abc6a,8bab4dff,a6177608,0.0
2025-03-08T03:57:00Z,147abc6a,8bab4dff,a6177608,0.0
2025-03-08T04:00:00Z,147abc6a,8bab4dff,a6177608,0.0
2025-03-08T04:03:00Z,147abc6a,8bab4dff,a6177608,0.0
2025-03-08T04:06:00Z,147abc6a,8bab4dff,a6177608,0.0
2025-03-08T04:09:00Z,147abc6a,8bab4dff,a6177608,0.0
2025-03-08T04:12:00Z,147abc6a,8bab4dff,a6177608,0.0
2025-03-08T04:15:00Z,147abc6a,8bab4dff,a6177608,0.0
2025-03-08T04:18:00Z,147abc6a,8bab4dff,a6177608,0.0
2025-03-08T04:21:00Z,147abc6a,8bab4dff,a6177608,0.0
2025-03-08T04:24:00Z,147abc6a,8bab4dff,a6177608,0.0
2025-03-08T04:27:00Z,147abc6a,8bab4dff,a6177608,0.0
2025-03-08T04:30:00Z,147abc6a,8bab4dff,a6177608,0.0
2025-03-08T04:33:00Z,147abc6a,8bab4dff,a6177608,0.0
2025-03-08T04:36:00Z,147abc6a,8bab4dff,a6177608,0.0
2025-03-08T04:39:00Z,147abc6a,8bab4dff,a6177608,0.0
2025-03-08T04:42:00Z,147abc6a,8bab4dff,a6177608,0.0
2025-03-08T04:45:00Z,147abc6a,8bab4dff,a6177608,0.0
2025-03-08T04:48:00Z,147abc6a,8bab4dff,a6177608,0.0
2025-03-08T04:51:00Z,147abc6a,8bab4dff,a6177608,0.0
2025-03-08T04:54:00Z,147abc6a,8bab4dff,a6177608,0.0
2025-03-08T04:57:00Z,147abc6a,8bab4dff,a6177608,0.0
2025-03-08T05:00:00Z,147abc6a,8bab4dff,a6177608,0.0
2025-03-08T05:03:00Z,147abc6a,8bab4dff,a6177608,0.0
2025-03-08T05:06:00Z,147abc6a,8bab4dff,a6177608,0.0
2025-03-08T05:09:00Z,147abc6a,8bab4dff,a6177608,0.0
2025-03-08T05:12:00Z,147abc6a,8bab4dff,a6177608,0.0
2025-03-08T05:15:00Z,147abc6a,8bab4dff,a6177608,0.0
2025-03-08T05:18:00Z,147abc6a,8bab4dff,a6177608,0.0
2025-03-08T05:21:00Z,147abc6a,8bab4dff,a6177608,0.0
2025-03-08T05:24:00Z,147abc6a,8bab4dff,a6177608,0.0
2025-03-08T05:27:00Z,147abc6a,8bab4dff,a6177608,0.0
2025-03-08T05:30:00Z,147abc6a,8bab4dff,a6177608,0.0
2025-03-08T05:33:00Z,147abc6a,8bab4dff,a6177608,0.0
2025-03-08T05:36:00Z,147abc6a,8bab4dff,a6177608,0.0
2025-03-08T05:39:00Z,147abc6a,8bab4dff,a6177608,0.0
2025-03-08T05:42:00Z,147abc6a,8bab4dff,a6177608,0.0
2025-03-08T05:45:00Z,147abc6a,8bab4dff,a6177608,0.0
2025-03-08T05:48:00Z,147abc6a,8bab4dff,a6177608,0.0
2025-03-08T05:51:00Z,147abc6a,8bab4dff,a6177608,0.0
2025-03-08T05:54:00Z,147abc6a,8bab4dff,a6177608,0.0
2025-03-08T05:57:00Z,147abc6a,8bab4dff,a6177608,0.0
2025-03-08T06:00:00Z,147abc6a,8bab4dff,a6177608,0.0
2025-03-08T06:03:00Z,147abc6a,8bab4dff,a6177608,0.0
2025-03-08T06:06:00Z,147abc6a,8bab4dff,a6177608,0.0
2025-03-08T06:09:00Z,147abc6a,8bab4dff,a6177608,0.0
2025-03-08T06:12:00Z,147abc6a,8bab4dff,a6177608,0.0
2025-03-08T06:15:00Z,147abc6a,8bab4dff,a6177608,0.0
2025-03-08T06:18:00Z,147abc6a,8bab4dff,a6177608,0.0
2025-03-08T06:21:00Z,147abc6a,8bab4dff,a6177608,0.0
2025-03-08T06:24:00Z,147abc6a,8bab4dff,a6177608,0.0
2025-03-08T06:27:00Z,147abc6a,8bab4dff,a6177608,0.0
2025-03-08T06:30:00Z,147abc6a,8bab4dff,a6177608,0.0
2025-03-08T06:33:00Z,147abc6a,8bab4dff,a6177608,0.0
2025-03-08T06:36:00Z,147abc6a,8bab4dff,a6177608,0.0
2025-03-08T06:39:00Z,147abc6a,8bab4dff,a6177608,0.0
2025-03-08T06:42:00Z,147abc6a,8bab4dff,a6177608,0.0
2025-03-08T06:45:00Z,147abc6a,8bab4dff,a6177608,0.0
2025-03-08T06:48:00Z,147abc6a,8bab4dff,a6177608,0.0
2025-03-08T06:51:00Z,147abc6a,8bab4dff,a6177608,0.0
2025-03-08T06:54:00Z,147abc6a,8bab4dff,a6177608,0.0
2025-03-08T06:57:00Z,147abc6a,8bab4dff,a6177608,0.0
2025-03-08T07:00:00Z,147abc6a,8bab4dff,a6177608,0.0
2025-03-08T07:03:00Z,147abc6a,8bab4dff,a6177608,0.0
2025-03-08T07:06:00Z,147abc6a,8bab4dff,a6177608,0.0
2025-03-08T07:09:00Z,147abc6a,8bab4dff,a6177608,0.0
2025-03-08T07:12:00Z,147abc6a,8bab4dff,a6177608,0.0
2025-03-08T07:15:00Z,147abc6a,8bab4dff,a6177608,0.0
2025-03-08T07:18:00Z,147abc6a,8bab4dff,a6177608,0.0
2025-03-08T07:21:00Z,147abc6a,8bab4dff,a6177608,0.0
2025-03-08T07:24:00Z,147abc6a,8bab4dff,a6177608,0.0
2025-03-08T07:27:00Z,147abc6a,8bab4dff,a6177608,0.0
2025-03-08T07:30:00Z,147abc6a,8bab4dff,a6177608,0.0
2025-03-08T07:33:00Z,147abc6a,8bab4dff,a6177608,0.0
2025-03-08T07:36:00Z,147abc6a,8bab4dff,a6177608,0.0
2025-03-08T07:39:00Z,147abc6a,8bab4dff,a6177608,0.0
2025-03-08T07:42:00Z,147abc6a,8bab4dff,a6177608,0.0
2025-03-08T07:45:00Z,147abc6a,8bab4dff,a6177608,0.0
2025-03-08T07:48:00Z,147abc6a,8bab4dff,a6177608,0.0
2025-03-08T07:51:00Z,147abc6a,8bab4dff,a6177608,0.0
2025-03-08T07:54:00Z,147abc6a,8bab4dff,a6177608,0.0
2025-03-08T07:57:00Z,147abc6a,8bab4dff,a6177608,0.0
2025-03-08T08:00:00Z,147abc6a,8bab4dff,a6177608,0.0
2025-03-08T08:03:00Z,147abc6a,8bab4dff,a6177608,0.0
2025-03-08T08:06:00Z,147abc6a,8bab4dff,a6177608,0.0
2025-03-08T08:09:00Z,147abc6a,8bab4dff,a6177608,0.0
2025-03-08T08:12:00Z,147abc6a,8bab4dff,a6177608,0.0
2025-03-08T08:15:00Z,147abc6a,8bab4dff,a6177608,0.0
2025-03-08T08:18:00Z,147abc6a,8bab4dff,a6177608,0.0
2025-03-08T08:21:00Z,147abc6a,8bab4dff,a6177608,0.0
2025-03-08T08:24:00Z,147abc6a,8bab4dff,a6177608,0.0
2025-03-08T08:27:00Z,147abc6a,8bab4dff,a6177608,0.0
2025-03-08T08:30:00Z,147abc6a,8bab4dff,a6177608,0.0
2025-03-08T08:33:00Z,147abc6a,8bab4dff,a6177608,0.0
2025-03-08T08:36:00Z,147abc6a,8bab4dff,a6177608,0.0
2025-03-08T08:39:00Z,147abc6a,8bab4dff,a6177608,0.0
2025-03-08T08:42:00Z,147abc6a,8bab4dff,a6177608,0.0
2025-03-08T08:45:00Z,147abc6a,8bab4dff,a6177608,0.0
2025-03-08T08:48:00Z,147abc6a,8bab4dff,a6177608,0.0
2025-03-08T08:51:00Z,147abc6a,8bab4dff,a6177608,0.0
2025-03-08T08:54:00Z,147abc6a,8bab4dff,a6177608,0.0
2025-03-08T08:57:00Z,147abc6a,8bab4dff,a6177608,0.0
2025-03-08T09:00:00Z,147abc6a,8bab4dff,a6177608,0.0
2025-03-08T09:03:00Z,147abc6a,8bab4dff,a6177608,0.0
2025-03-08T09:06:00Z,147abc6a,8bab4dff,a6177608,0.0
2025-03-08T09:09:00Z,147abc6a,8bab4dff,a6177608,0.0
2025-03-08T09:12:00Z,147abc6a,8bab4dff,a6177608,0.0
2025-03-08T09:15:00Z,147abc6a,8bab4dff,a6177608,0.0
2025-03-08T09:18:00Z,147abc6a,8bab4dff,a6177608,0.0
2025-03-08T09:21:00Z,147abc6a,8bab4dff,a6177608,0.0
2025-03-08T09:24:00Z,147abc6a,8bab4dff,a6177608,0.0
2025-03-08T09:27:00Z,147abc6a,8bab4dff,a6177608,0.0
2025-03-08T09:30:00Z,147abc6a,8bab4dff,a6177608,0.0
2025-03-08T09:33:00Z,147abc6a,8bab4dff,a6177608,0.0
2025-03-08T09:36:00Z,147abc6a,8bab4dff,a6177608,0.0
2025-03-08T09:39:00Z,147abc6a,8bab4dff,a6177608,0.0
2025-03-08T09:42:00Z,147abc6a,8bab4dff,a6177608,0.0
2025-03-08T09:45:00Z,147abc6a,8bab4dff,a6177608,0.0
2025-03-08T09:48:00Z,147abc6a,8bab4dff,a6177608,0.0
2025-03-08T09:51:00Z,147abc6a,8bab4dff,a6177608,0.0
2025-03-08T09:54:00Z,147abc6a,8bab4dff,a6177608,0.0
2025-03-08T09:57:00Z,147abc6a,8bab4dff,a6177608,0.0
2025-03-08T10:00:00Z,147abc6a,8bab4dff,a6177608,0.0
2025-03-08T10:03:00Z,147abc6a,8bab4dff,a6177608,0.0
2025-03-08T10:06:00Z,147abc6a,8bab4dff,a6177608,0.0
2025-03-08T10:09:00Z,147abc6a,8bab4dff,a6177608,0.0
2025-03-08T10:12:00Z,147abc6a,8bab4dff,a6177608,0.0
2025-03-08T10:15:00Z,147abc6a,8bab4dff,a6177608,0.0
2025-03-08T10:18:00Z,147abc6a,8bab4dff,a6177608,0.0
2025-03-08T10:21:00Z,147abc6a,8bab4dff,a6177608,0.0
2025-03-08T10:24:00Z,147abc6a,8bab4dff,a6177608,0.0
2025-03-08T10:27:00Z,147abc6a,8bab4dff,a6177608,0.0
2025-03-08T10:30:00Z,147abc6a,8bab4dff,a6177608,0.0
2025-03-08T10:33:00Z,147abc6a,8bab4dff,a6177608,0.0
2025-03-08T10:36:00Z,147abc6a,8bab4dff,a6177608,0.0
2025-03-08T10:39:00Z,147abc6a,8bab4dff,a6177608,0.0
2025-03-08T10:42:00Z,147abc6a,8bab4dff,a6177608,0.0
2025-03-08T10:45:00Z,147abc6a,8bab4dff,a6177608,0.0
2025-03-08T10:48:00Z,147abc6a,8bab4dff,a6177608,0.0
2025-03-08T10:51:00Z,147abc6a,8bab4dff,a6177608,0.0
2025-03-08T10:54:00Z,147abc6a,8bab4dff,a6177608,0.0
2025-03-08T10:57:00Z,147abc6a,8bab4dff,a6177608,0.0
2025-03-08T11:00:00Z,147abc6a,8bab4dff,a6177608,0.0
2025-03-08T11:03:00Z,147abc6a,8bab4dff,a6177608,0.0
2025-03-08T11:06:00Z,147abc6a,8bab4dff,a6177608,0.0
2025-03-08T11:09:00Z,147abc6a,8bab4dff,a6177608,0.0
2025-03-08T11:12:00Z,147abc6a,8bab4dff,a6177608,0.0
2025-03-08T11:15:00Z,147abc6a,8bab4dff,a6177608,0.0
2025-03-08T11:18:00Z,147abc6a,8bab4dff,a6177608,0.0
2025-03-08T11:21:00Z,147abc6a,8bab4dff,a6177608,0.0
2025-03-08T11:24:00Z,147abc6a,8bab4dff,a6177608,0.0
2025-03-08T11:27:00Z,147abc6a,8bab4dff,a6177608,0.0
2025-03-08T11:30:00Z,147abc6a,8bab4dff,a6177608,0.0
2025-03-08T11:33:00Z,147abc6a,8bab4dff,a6177608,0.0
2025-03-08T11:36:00Z,147abc6a,8bab4dff,a6177608,0.0
2025-03-08T11:39:00Z,147abc6a,8bab4dff,a6177608,0.0
2025-03-08T11:42:00Z,147abc6a,8bab4dff,a6177608,0.0
2025-03-08T11:45:00Z,147abc6a,8bab4dff,a6177608,0.0
2025-03-08T11:48:00Z,147abc6a,8bab4dff,a6177608,0.0
2025-03-08T11:51:00Z,147abc6a,8bab4dff,a6177608,0.0
2025-03-08T11:54:00Z,147abc6a,8bab4dff,a6177608,0.0
2025-03-08T11:57:00Z,147abc6a,8bab4dff,a6177608,0.0
2025-03-08T12:00:00Z,147abc6a,8bab4dff,a6177608,0.0
2025-03-08T12:03:00Z,147abc6a,8bab4dff,a6177608,0.0
2025-03-08T12:06:00Z,147abc6a,8bab4dff,a6177608,0.0
2025-03-08T12:09:00Z,147abc6a,8bab4dff,a6177608,0.0
2025-03-08T12:12:00Z,147abc6a,8bab4dff,a6177608,0.0
2025-03-08T12:15:00Z,147abc6a,8bab4dff,a6177608,0.0
2025-03-08T12:18:00Z,147abc6a,8bab4dff,a6177608,0.0
2025-03-08T12:21:00Z,147abc6a,8bab4dff,a6177608,0.0
2025-03-08T12:24:00Z,147abc6a,8bab4dff,a6177608,0.0
2025-03-08T12:27:00Z,147abc6a,8bab4dff,a6177608,0.0
2025-03-08T12:30:00Z,147abc6a,8bab4dff,a6177608,0.0
2025-03-08T12:33:00Z,147abc6a,8bab4dff,a6177608,0.0
2025-03-08T12:36:00Z,147abc6a,8bab4dff,a6177608,0.0
2025-03-08T12:39:00Z,147abc6a,8bab4dff,a6177608,0.0
2025-03-08T12:42:00Z,147abc6a,8bab4dff,a6177608,0.0
2025-03-08T12:45:00Z,147abc6a,8bab4dff,a6177608,0.0
2025-03-08T12:48:00Z,147abc6a,8bab4dff,a6177608,0.0
2025-03-08T12:51:00Z,147abc6a,8bab4dff,a6177608,0.0
2025-03-08T12:54:00Z,147abc6a,8bab4dff,a6177608,0.0
2025-03-08T12:57:00Z,147abc6a,8bab4dff,a6177608,0.0
2025-03-08T13:00:00Z,147abc6a,8bab4dff,a6177608,0.0
2025-03-08T13:03:00Z,147abc6a,8bab4dff,a6177608,0.0
2025-03-08T13:06:00Z,147abc6a,8bab4dff,a6177608,0.0
2025-03-08T13:09:00Z,147abc6a,8bab4dff,a6177608,0.0
2025-03-08T13:12:00Z,147abc6a,8bab4dff,a6177608,0.0
2025-03-08T13:15:00Z,147abc6a,8bab4dff,a6177608,0.0
2025-03-08T13:18:00Z,147abc6a,8bab4dff,a6177608,0.0
2025-03-08T13:21:00Z,147abc6a,8bab4dff,a6177608,0.0
2025-03-08T13:24:00Z,147abc6a,8bab4dff,a6177608,0.0
2025-03-08T13:27:00Z,147abc6a,8bab4dff,a6177608,0.0
2025-03-08T13:30:00Z,147abc6a,8bab4dff,a6177608,0.0
2025-03-08T13:33:00Z,147abc6a,8bab4dff,a6177608,0.0
2025-03-08T13:36:00Z,147abc6a,8bab4dff,a6177608,0.0
2025-03-08T13:39:00Z,147abc6a,8bab4dff,a6177608,0.0
2025-03-08T13:42:00Z,147abc6a,8bab4dff,a6177608,0.0
2025-03-08T13:45:00Z,147abc6a,8bab4dff,a6177608,0.0
2025-03-08T13:48:00Z,147abc6a,8bab4dff,a6177608,0.0
2025-03-08T13:51:00Z,147abc6a,8bab4dff,a6177608,0.0
2025-03-08T13:54:00Z,147abc6a,8bab4dff,a6177608,0.0
2025-03-08T13:57:00Z,147abc6a,8bab4dff,a6177608,0.0
2025-03-08T14:00:00Z,147abc6a,8bab4dff,a6177608,0.0
2025-03-08T14:03:00Z,147abc6a,8bab4dff,a6177608,0.0
2025-03-08T14:06:00Z,147abc6a,8bab4dff,a6177608,0.0
2025-03-08T14:09:00Z,147abc6a,8bab4dff,a6177608,0.0
2025-03-08T14:12:00Z,147abc6a,8bab4dff,a6177608,0.0
2025-03-08T14:15:00Z,147abc6a,8bab4dff,a6177608,0.0
2025-03-08T14:18:00Z,147abc6a,8bab4dff,a6177608,0.0
2025-03-08T14:21:00Z,147abc6a,8bab4dff,a6177608,0.0
2025-03-08T14:24:00Z,147abc6a,8bab4dff,a6177608,0.0
2025-03-08T14:27:00Z,147abc6a,8bab4dff,a6177608,0.0
2025-03-08T14:30:00Z,147abc6a,8bab4dff,a6177608,0.0
2025-03-08T14:33:00Z,147abc6a,8bab4dff,a6177608,0.0
2025-03-08T14:36:00Z,147abc6a,8bab4dff,a6177608,0.0
2025-03-08T14:39:00Z,147abc6a,8bab4dff,a6177608,0.0
2025-03-08T14:42:00Z,147abc6a,8bab4dff,a6177608,0.0
2025-03-08T14:45:00Z,147abc6a,8bab4dff,a6177608,0.0
2025-03-08T14:48:00Z,147abc6a,8bab4dff,a6177608,0.0
2025-03-08T14:51:00Z,147abc6a,8bab4dff,a6177608,0.0
2025-03-08T14:54:00Z,147abc6a,8bab4dff,a6177608,0.0
2025-03-08T14:57:00Z,147abc6a,8bab4dff,a6177608,0.0
2025-03-08T15:00:00Z,147abc6a,8bab4dff,a6177608,0.0
2025-03-08T15:03:00Z,147abc6a,8bab4dff,a6177608,0.0
2025-03-08T15:06:00Z,147abc6a,8bab4dff,a6177608,0.0
2025-03-08T15:09:00Z,147abc6a,8bab4dff,a6177608,0.0
2025-03-08T15:12:00Z,147abc6a,8bab4dff,a6177608,0.0
2025-03-08T15:15:00Z,147abc6a,8bab4dff,a6177608,0.0
2025-03-08T15:18:00Z,147abc6a,8bab4dff,a6177608,0.0
2025-03-08T15:21:00Z,147abc6a,8bab4dff,a6177608,0.0
2025-03-08T15:24:00Z,147abc6a,8bab4dff,a6177608,0.0
2025-03-08T15:27:00Z,147abc6a,8bab4dff,a6177608,0.0
2025-03-08T15:30:00Z,147abc6a,8bab4dff,a6177608,0.0
2025-03-08T15:33:00Z,147abc6a,8bab4dff,a6177608,0.0
2025-03-08T15:36:00Z,147abc6a,8bab4dff,a6177608,0.0
2025-03-08T15:39:00Z,147abc6a,8bab4dff,a6177608,0.0
2025-03-08T15:42:00Z,147abc6a,8bab4dff,a6177608,0.0
2025-03-08T15:45:00Z,147abc6a,8bab4dff,a6177608,0.0
2025-03-08T15:48:00Z,147abc6a,8bab4dff,a6177608,0.0
2025-03-08T15:51:00Z,147abc6a,8bab4dff,a6177608,0.0
2025-03-08T15:54:00Z,147abc6a,8bab4dff,a6177608,0.0
2025-03-08T15:57:00Z,147abc6a,8bab4dff,a6177608,0.0
2025-03-08T16:00:00Z,147abc6a,8bab4dff,a6177608,0.0
2025-03-08T16:03:00Z,147abc6a,8bab4dff,a6177608,0.0
2025-03-08T16:06:00Z,147abc6a,8bab4dff,a6177608,0.0
2025-03-08T16:09:00Z,147abc6a,8bab4dff,a6177608,0.0
2025-03-08T16:12:00Z,147abc6a,8bab4dff,a6177608,0.0
2025-03-08T16:15:00Z,147abc6a,8bab4dff,a6177608,0.0
2025-03-08T16:18:00Z,147abc6a,8bab4dff,a6177608,0.0
2025-03-08T16:21:00Z,147abc6a,8bab4dff,a6177608,0.0
2025-03-08T16:24:00Z,147abc6a,8bab4dff,a6177608,0.0
2025-03-08T16:27:00Z,147abc6a,8bab4dff,a6177608,0.0
2025-03-08T16:30:00Z,147abc6a,8bab4dff,a6177608,0.0
2025-03-08T16:33:00Z,147abc6a,8bab4dff,a6177608,0.0
2025-03-08T16:36:00Z,147abc6a,8bab4dff,a6177608,0.0
2025-03-08T16:39:00Z,147abc6a,8bab4dff,a6177608,0.0
2025-03-08T16:42:00Z,147abc6a,8bab4dff,a6177608,0.0
2025-03-08T16:45:00Z,147abc6a,8bab4dff,a6177608,0.0
2025-03-08T16:48:00Z,147abc6a,8bab4dff,a6177608,0.0
2025-03-08T16:51:00Z,147abc6a,8bab4dff,a6177608,0.0
2025-03-08T16:54:00Z,147abc6a,8bab4dff,a6177608,0.0
2025-03-08T16:57:00Z,147abc6a,8bab4dff,a6177608,0.0
2025-03-08T17:00:00Z,147abc6a,8bab4dff,a6177608,0.0
2025-03-08T17:03:00Z,147abc6a,8bab4dff,a6177608,0.0
2025-03-08T17:06:00Z,147abc6a,8bab4dff,a6177608,0.0
2025-03-08T17:09:00Z,147abc6a,8bab4dff,a6177608,0.0
2025-03-08T17:12:00Z,147abc6a,8bab4dff,a6177608,0.0
2025-03-08T17:15:00Z,147abc6a,8bab4dff,a6177608,0.0
2025-03-08T17:18:00Z,147abc6a,8bab4dff,a6177608,0.0
2025-03-08T17:21:00Z,147abc6a,8bab4dff,a6177608,0.0
2025-03-08T17:24:00Z,147abc6a,8bab4dff,a6177608,0.0
2025-03-08T17:27:00Z,147abc6a,8bab4dff,a6177608,0.0
2025-03-08T17:30:00Z,147abc6a,8bab4dff,a6177608,0.0
2025-03-08T17:33:00Z,147abc6a,8bab4dff,a6177608,0.0
2025-03-08T17:36:00Z,147abc6a,8bab4dff,a6177608,0.0
2025-03-08T17:39:00Z,147abc6a,8bab4dff,a6177608,0.0
2025-03-08T17:42:00Z,147abc6a,8bab4dff,a6177608,0.0
2025-03-08T17:45:00Z,147abc6a,8bab4dff,a6177608,0.0
2025-03-08T17:48:00Z,147abc6a,8bab4dff,a6177608,0.0
2025-03-08T17:51:00Z,147abc6a,8bab4dff,a6177608,0.0
2025-03-08T17:54:00Z,147abc6a,8bab4dff,a6177608,0.0
2025-03-08T17:57:00Z,147abc6a,8bab4dff,a6177608,0.0
2025-03-08T18:00:00Z,147abc6a,8bab4dff,a6177608,0.0
2025-03-08T18:03:00Z,147abc6a,8bab4dff,a6177608,0.0
2025-03-08T18:06:00Z,147abc6a,8bab4dff,a6177608,0.0
2025-03-08T18:09:00Z,147abc6a,8bab4dff,a6177608,0.0
2025-03-08T18:12:00Z,147abc6a,8bab4dff,a6177608,0.0
2025-03-08T18:15:00Z,147abc6a,8bab4dff,a6177608,0.0
2025-03-08T18:18:00Z,147abc6a,8bab4dff,a6177608,0.0
2025-03-08T18:21:00Z,147abc6a,8bab4dff,a6177608,0.0
2025-03-08T18:24:00Z,147abc6a,8bab4dff,a6177608,0.0
2025-03-08T18:27:00Z,147abc6a,8bab4dff,a6177608,0.0
2025-03-08T18:30:00Z,147abc6a,8bab4dff,a6177608,0.0
2025-03-08T18:33:00Z,147abc6a,8bab4dff,a6177608,0.0
2025-03-08T18:36:00Z,147abc6a,8bab4dff,a6177608,0.0
2025-03-08T18:39:00Z,147abc6a,8bab4dff,a6177608,0.0
2025-03-08T18:42:00Z,147abc6a,8bab4dff,a6177608,0.0
2025-03-08T18:45:00Z,147abc6a,8bab4dff,a6177608,0.0
2025-03-08T18:48:00Z,147abc6a,8bab4dff,a6177608,0.0
2025-03-08T18:51:00Z,147abc6a,8bab4dff,a6177608,0.0
2025-03-08T18:54:00Z,147abc6a,8bab4dff,a6177608,0.0
2025-03-08T18:57:00Z,147abc6a,8bab4dff,a6177608,0.0
2025-03-08T19:00:00Z,147abc6a,8bab4dff,a6177608,0.0
2025-03-08T19:03:00Z,147abc6a,8bab4dff,a6177608,0.0
2025-03-08T19:06:00Z,147abc6a,8bab4dff,a6177608,0.0
2025-03-08T19:09:00Z,147abc6a,8bab4dff,a6177608,0.0
2025-03-08T19:12:00Z,147abc6a,8bab4dff,a6177608,0.0
2025-03-08T19:15:00Z,147abc6a,8bab4dff,a6177608,0.0
2025-03-08T19:18:00Z,147abc6a,8bab4dff,a6177608,0.0
2025-03-08T19:21:00Z,147abc6a,8bab4dff,a6177608,0.0
2025-03-08T19:24:00Z,147abc6a,8bab4dff,a6177608,0.0
2025-03-08T19:27:00Z,147abc6a,8bab4dff,a6177608,0.0
2025-03-08T19:30:00Z,147abc6a,8bab4dff,a6177608,0.0
2025-03-08T19:33:00Z,147abc6a,8bab4dff,a6177608,0.0
2025-03-08T19:36:00Z,147abc6a,8bab4dff,a6177608,0.0
2025-03-08T19:39:00Z,147abc6a,8bab4dff,a6177608,0.0
2025-03-08T19:42:00Z,147abc6a,8bab4dff,a6177608,0.0
2025-03-08T19:45:00Z,147abc6a,8bab4dff,a6177608,0.0
2025-03-08T19:48:00Z,147abc6a,8bab4dff,a6177608,0.0
2025-03-08T19:51:00Z,147abc6a,8bab4dff,a6177608,0.0
2025-03-08T19:54:00Z,147abc6a,8bab4dff,a6177608,0.0
2025-03-08T19:57:00Z,147abc6a,8bab4dff,a6177608,0.0
2025-03-08T20:00:00Z,147abc6a,8bab4dff,a6177608,0.0
2025-03-08T20:03:00Z,147abc6a,8bab4dff,a6177608,0.0
2025-03-08T20:06:00Z,147abc6a,8bab4dff,a6177608,0.0
2025-03-08T20:09:00Z,147abc6a,8bab4dff,a6177608,0.0
2025-03-08T20:12:00Z,147abc6a,8bab4dff,a6177608,0.0
2025-03-08T20:15:00Z,147abc6a,8bab4dff,a6177608,0.0
2025-03-08T20:18:00Z,147abc6a,8bab4dff,a6177608,0.0
2025-03-08T20:21:00Z,147abc6a,8bab4dff,a6177608,0.0
2025-03-08T20:24:00Z,147abc6a,8bab4dff,a6177608,0.0
2025-03-08T20:27:00Z,147abc6a,8bab4dff,a6177608,0.0
2025-03-08T20:30:00Z,147abc6a,8bab4dff,a6177608,0.0
2025-03-08T20:33:00Z,147abc6a,8bab4dff,a6177608,0.0
2025-03-08T20:36:00Z,147abc6a,8bab4dff,a6177608,0.0
2025-03-08T20:39:00Z,147abc6a,8bab4dff,a6177608,0.0
2025-03-08T20:42:00Z,147abc6a,8bab4dff,a6177608,0.0
2025-03-08T20:45:00Z,147abc6a,8bab4dff,a6177608,0.0
2025-03-08T20:48:00Z,147abc6a,8bab4dff,a6177608,0.0
2025-03-08T20:51:00Z,147abc6a,8bab4dff,a6177608,0.0
2025-03-08T20:54:00Z,147abc6a,8bab4dff,a6177608,0.0
2025-03-08T20:57:00Z,147abc6a,8bab4dff,a6177608,0.0
2025-03-08T21:00:00Z,147abc6a,8bab4dff,a6177608,0.0
2025-03-08T21:03:00Z,147abc6a,8bab4dff,a6177608,0.0
2025-03-08T21:06:00Z,147abc6a,8bab4dff,a6177608,0.0
2025-03-08T21:09:00Z,147abc6a,8bab4dff,a6177608,0.0
2025-03-08T21:12:00Z,147abc6a,8bab4dff,a6177608,0.0
2025-03-08T21:15:00Z,147abc6a,8bab4dff,a6177608,0.0
2025-03-08T21:18:00Z,147abc6a,8bab4dff,a6177608,0.0
2025-03-08T21:21:00Z,147abc6a,8bab4dff,a6177608,0.0
2025-03-08T21:24:00Z,147abc6a,8bab4dff,a6177608,0.0
2025-03-08T21:27:00Z,147abc6a,8bab4dff,a6177608,0.0
2025-03-08T21:30:00Z,147abc6a,8bab4dff,a6177608,0.0
2025-03-08T21:33:00Z,147abc6a,8bab4dff,a6177608,0.0
2025-03-08T21:36:00Z,147abc6a,8bab4dff,a6177608,0.0
2025-03-08T21:39:00Z,147abc6a,8bab4dff,a6177608,0.0
2025-03-08T21:42:00Z,147abc6a,8bab4dff,a6177608,0.0
2025-03-08T21:45:00Z,147abc6a,8bab4dff,a6177608,0.0
2025-03-08T21:48:00Z,147abc6a,8bab4dff,a6177608,0.0
2025-03-08T21:51:00Z,147abc6a,8bab4dff,a6177608,0.0
2025-03-08T21:54:00Z,147abc6a,8bab4dff,a6177608,0.0
2025-03-08T21:57:00Z,147abc6a,8bab4dff,a6177608,0.0
2025-03-08T22:00:00Z,147abc6a,8bab4dff,a6177608,0.0
2025-03-08T22:03:00Z,147abc6a,8bab4dff,a6177608,0.0
2025-03-08T22:06:00Z,147abc6a,8bab4dff,a6177608,0.0
2025-03-08T22:09:00Z,147abc6a,8bab4dff,a6177608,0.0
2025-03-08T22:12:00Z,147abc6a,8bab4dff,a6177608,0.0
2025-03-08T22:15:00Z,147abc6a,8bab4dff,a6177608,0.0
2025-03-08T22:18:00Z,147abc6a,8bab4dff,a6177608,0.0
2025-03-08T22:21:00Z,147abc6a,8bab4dff,a6177608,0.0
2025-03-08T22:24:00Z,147abc6a,8bab4dff,a6177608,0.0
2025-03-08T22:27:00Z,147abc6a,8bab4dff,a6177608,0.0
2025-03-08T22:30:00Z,147abc6a,8bab4dff,a6177608,0.0
2025-03-08T22:33:00Z,147abc6a,8bab4dff,a6177608,0.0
2025-03-08T22:36:00Z,147abc6a,8bab4dff,a6177608,0.0
2025-03-08T22:39:00Z,147abc6a,8bab4dff,a6177608,0.0
2025-03-08T22:42:00Z,147abc6a,8bab4dff,a6177608,0.0
2025-03-08T22:45:00Z,147abc6a,8bab4dff,a6177608,0.0
2025-03-08T22:48:00Z,147abc6a,8bab4dff,a6177608,0.01
2025-03-08T22:51:00Z,147abc6a,8bab4dff,a6177608,0.01
2025-03-08T22:54:00Z,147abc6a,8bab4dff,a6177608,0.0
2025-03-08T22:57:00Z,147abc6a,8bab4dff,a6177608,0.0
2025-03-08T23:00:00Z,147abc6a,8bab4dff,a6177608,0.0
2025-03-08T23:03:00Z,147abc6a,8bab4dff,a6177608,0.0
2025-03-08T23:06:00Z,147abc6a,8bab4dff,a6177608,0.0
2025-03-08T23:09:00Z,147abc6a,8bab4dff,a6177608,0.0
2025-03-08T23:12:00Z,147abc6a,8bab4dff,a6177608,0.0
2025-03-08T23:15:00Z,147abc6a,8bab4dff,a6177608,0.0
2025-03-08T23:18:00Z,147abc6a,8bab4dff,a6177608,0.0
2025-03-08T23:21:00Z,147abc6a,8bab4dff,a6177608,0.0
2025-03-08T23:24:00Z,147abc6a,8bab4dff,a6177608,0.0
2025-03-08T23:27:00Z,147abc6a,8bab4dff,a6177608,0.0
2025-03-08T23:30:00Z,147abc6a,8bab4dff,a6177608,0.0
2025-03-08T23:33:00Z,147abc6a,8bab4dff,a6177608,0.0
2025-03-08T23:36:00Z,147abc6a,8bab4dff,a6177608,0.0
2025-03-08T23:39:00Z,147abc6a,8bab4dff,a6177608,0.0
2025-03-08T23:42:00Z,147abc6a,8bab4dff,a6177608,0.0
2025-03-08T23:45:00Z,147abc6a,8bab4dff,a6177608,0.0
2025-03-08T23:48:00Z,147abc6a,8bab4dff,a6177608,0.0
2025-03-08T23:51:00Z,147abc6a,8bab4dff,a6177608,0.0
2025-03-08T23:54:00Z,147abc6a,8bab4dff,a6177608,0.0
2025-03-08T23:57:00Z,147abc6a,8bab4dff,a6177608,0.0
2025-03-09T00:00:00Z,147abc6a,8bab4dff,a6177608,0.0
2025-03-09T00:03:00Z,147abc6a,8bab4dff,a6177608,0.0
2025-03-09T00:06:00Z,147abc6a,8bab4dff,a6177608,0.0
2025-03-09T00:09:00Z,147abc6a,8bab4dff,a6177608,0.0
2025-03-09T00:12:00Z,147abc6a,8bab4dff,a6177608,0.0
2025-03-09T00:15:00Z,147abc6a,8bab4dff,a6177608,0.0
2025-03-09T00:18:00Z,147abc6a,8bab4dff,a6177608,0.0
2025-03-09T00:21:00Z,147abc6a,8bab4dff,a6177608,0.0
2025-03-09T00:24:00Z,147abc6a,8bab4dff,a6177608,0.0
2025-03-09T00:27:00Z,147abc6a,8bab4dff,a6177608,0.0
2025-03-09T00:30:00Z,147abc6a,8bab4dff,a6177608,0.0
2025-03-09T00:33:00Z,147abc6a,8bab4dff,a6177608,0.0
2025-03-09T00:36:00Z,147abc6a,8bab4dff,a6177608,0.0
2025-03-09T00:39:00Z,147abc6a,8bab4dff,a6177608,0.0
2025-03-09T00:42:00Z,147abc6a,8bab4dff,a6177608,0.0
2025-03-09T00:45:00Z,147abc6a,8bab4dff,a6177608,0.0
2025-03-09T00:48:00Z,147abc6a,8bab4dff,a6177608,0.0
2025-03-09T00:51:00Z,147abc6a,8bab4dff,a6177608,0.0
2025-03-09T00:54:00Z,147abc6a,8bab4dff,a6177608,0.0
2025-03-09T00:57:00Z,147abc6a,8bab4dff,a6177608,0.0
2025-03-09T01:00:00Z,147abc6a,8bab4dff,a6177608,0.0
2025-03-09T01:03:00Z,147abc6a,8bab4dff,a6177608,0.0
2025-03-09T01:06:00Z,147abc6a,8bab4dff,a6177608,0.0
2025-03-09T01:09:00Z,147abc6a,8bab4dff,a6177608,0.0
2025-03-09T01:12:00Z,147abc6a,8bab4dff,a6177608,0.0
2025-03-09T01:15:00Z,147abc6a,8bab4dff,a6177608,0.0
2025-03-09T01:18:00Z,147abc6a,8bab4dff,a6177608,0.0
2025-03-09T01:21:00Z,147abc6a,8bab4dff,a6177608,0.0
2025-03-09T01:24:00Z,147abc6a,8bab4dff,a6177608,0.0
2025-03-09T01:27:00Z,147abc6a,8bab4dff,a6177608,0.0
2025-03-09T01:30:00Z,147abc6a,8bab4dff,a6177608,0.0
2025-03-09T01:33:00Z,147abc6a,8bab4dff,a6177608,0.0
2025-03-09T01:36:00Z,147abc6a,8bab4dff,a6177608,0.0
2025-03-09T01:39:00Z,147abc6a,8bab4dff,a6177608,0.0
2025-03-09T01:42:00Z,147abc6a,8bab4dff,a6177608,0.0
2025-03-09T01:45:00Z,147abc6a,8bab4dff,a6177608,0.0
2025-03-09T01:48:00Z,147abc6a,8bab4dff,a6177608,0.0
2025-03-09T01:51:00Z,147abc6a,8bab4dff,a6177608,0.0
2025-03-09T01:54:00Z,147abc6a,8bab4dff,a6177608,0.0
2025-03-09T01:57:00Z,147abc6a,8bab4dff,a6177608,0.0
2025-03-09T02:00:00Z,147abc6a,8bab4dff,a6177608,0.0
2025-03-09T02:03:00Z,147abc6a,8bab4dff,a6177608,0.0
2025-03-09T02:06:00Z,147abc6a,8bab4dff,a6177608,0.0
2025-03-09T02:09:00Z,147abc6a,8bab4dff,a6177608,0.0
2025-03-09T02:12:00Z,147abc6a,8bab4dff,a6177608,0.0
2025-03-09T02:15:00Z,147abc6a,8bab4dff,a6177608,0.0
2025-03-09T02:18:00Z,147abc6a,8bab4dff,a6177608,0.0
2025-03-09T02:21:00Z,147abc6a,8bab4dff,a6177608,0.0
2025-03-09T02:24:00Z,147abc6a,8bab4dff,a6177608,0.0
2025-03-09T02:27:00Z,147abc6a,8bab4dff,a6177608,0.0
2025-03-09T02:30:00Z,147abc6a,8bab4dff,a6177608,0.0
2025-03-09T02:33:00Z,147abc6a,8bab4dff,a6177608,0.0
2025-03-09T02:36:00Z,147abc6a,8bab4dff,a6177608,0.0
2025-03-09T02:39:00Z,147abc6a,8bab4dff,a6177608,0.0
2025-03-09T02:42:00Z,147abc6a,8bab4dff,a6177608,0.0
2025-03-09T02:45:00Z,147abc6a,8bab4dff,a6177608,0.0
2025-03-09T02:48:00Z,147abc6a,8bab4dff,a6177608,0.0
2025-03-09T02:51:00Z,147abc6a,8bab4dff,a6177608,0.0
2025-03-09T02:54:00Z,147abc6a,8bab4dff,a6177608,0.0
2025-03-09T02:57:00Z,147abc6a,8bab4dff,a6177608,0.0
2025-03-09T03:00:00Z,147abc6a,8bab4dff,a6177608,0.0
2025-03-09T03:03:00Z,147abc6a,8bab4dff,a6177608,0.0
2025-03-09T03:06:00Z,147abc6a,8bab4dff,a6177608,0.0
2025-03-09T03:09:00Z,147abc6a,8bab4dff,a6177608,0.0
2025-03-09T03:12:00Z,147abc6a,8bab4dff,a6177608,0.0
2025-03-09T03:15:00Z,147abc6a,8bab4dff,a6177608,0.0
2025-03-09T03:18:00Z,147abc6a,8bab4dff,a6177608,0.0
2025-03-09T03:21:00Z,147abc6a,8bab4dff,a6177608,0.0
2025-03-09T03:24:00Z,147abc6a,8bab4dff,a6177608,0.0
2025-03-09T03:27:00Z,147abc6a,8bab4dff,a6177608,0.0
2025-03-09T03:30:00Z,147abc6a,8bab4dff,a6177608,0.0
2025-03-09T03:33:00Z,147abc6a,8bab4dff,a6177608,0.0
2025-03-09T03:36:00Z,147abc6a,8bab4dff,a6177608,0.0
2025-03-09T03:39:00Z,147abc6a,8bab4dff,a6177608,0.0
2025-03-09T03:42:00Z,147abc6a,8bab4dff,a6177608,0.0
2025-03-09T03:45:00Z,147abc6a,8bab4dff,a6177608,0.0
2025-03-09T03:48:00Z,147abc6a,8bab4dff,a6177608,0.0
2025-03-09T03:51:00Z,147abc6a,8bab4dff,a6177608,0.0
2025-03-09T03:54:00Z,147abc6a,8bab4dff,a6177608,0.0
2025-03-09T03:57:00Z,147abc6a,8bab4dff,a6177608,0.0
2025-03-09T04:00:00Z,147abc6a,8bab4dff,a6177608,0.0
2025-03-09T04:03:00Z,147abc6a,8bab4dff,a6177608,0.0
2025-03-09T04:06:00Z,147abc6a,8bab4dff,a6177608,0.0
2025-03-09T04:09:00Z,147abc6a,8bab4dff,a6177608,0.0
2025-03-09T04:12:00Z,147abc6a,8bab4dff,a6177608,0.0
2025-03-09T04:15:00Z,147abc6a,8bab4dff,a6177608,0.0
2025-03-09T04:18:00Z,147abc6a,8bab4dff,a6177608,0.0
2025-03-09T04:21:00Z,147abc6a,8bab4dff,a6177608,0.0
2025-03-09T04:24:00Z,147abc6a,8bab4dff,a6177608,0.0
2025-03-09T04:27:00Z,147abc6a,8bab4dff,a6177608,0.0
2025-03-09T04:30:00Z,147abc6a,8bab4dff,a6177608,0.0
2025-03-09T04:33:00Z,147abc6a,8bab4dff,a6177608,0.0
2025-03-09T04:36:00Z,147abc6a,8bab4dff,a6177608,0.0
2025-03-09T04:39:00Z,147abc6a,8bab4dff,a6177608,0.0
2025-03-09T04:42:00Z,147abc6a,8bab4dff,a6177608,0.0
2025-03-09T04:45:00Z,147abc6a,8bab4dff,a6177608,0.0
2025-03-09T04:48:00Z,147abc6a,8bab4dff,a6177608,0.0
2025-03-09T04:51:00Z,147abc6a,8bab4dff,a6177608,0.0
2025-03-09T04:54:00Z,147abc6a,8bab4dff,a6177608,0.0
2025-03-09T04:57:00Z,147abc6a,8bab4dff,a6177608,0.0
2025-03-09T05:00:00Z,147abc6a,8bab4dff,a6177608,0.0
2025-03-09T05:03:00Z,147abc6a,8bab4dff,a6177608,0.0
2025-03-09T05:06:00Z,147abc6a,8bab4dff,a6177608,0.0
2025-03-09T05:09:00Z,147abc6a,8bab4dff,a6177608,0.0
2025-03-09T05:12:00Z,147abc6a,8bab4dff,a6177608,0.0
2025-03-09T05:15:00Z,147abc6a,8bab4dff,a6177608,0.0
2025-03-09T05:18:00Z,147abc6a,8bab4dff,a6177608,0.0
2025-03-09T05:21:00Z,147abc6a,8bab4dff,a6177608,0.0
2025-03-09T05:24:00Z,147abc6a,8bab4dff,a6177608,0.0
2025-03-09T05:27:00Z,147abc6a,8bab4dff,a6177608,0.0
2025-03-09T05:30:00Z,147abc6a,8bab4dff,a6177608,0.0
2025-03-09T05:33:00Z,147abc6a,8bab4dff,a6177608,0.0
2025-03-09T05:36:00Z,147abc6a,8bab4dff,a6177608,0.0
2025-03-09T05:39:00Z,147abc6a,8bab4dff,a6177608,0.0
2025-03-09T05:42:00Z,147abc6a,8bab4dff,a6177608,0.0
2025-03-09T05:45:00Z,147abc6a,8bab4dff,a6177608,0.0
2025-03-09T05:48:00Z,147abc6a,8bab4dff,a6177608,0.0
2025-03-09T05:51:00Z,147abc6a,8bab4dff,a6177608,0.0
2025-03-09T05:54:00Z,147abc6a,8bab4dff,a6177608,0.0
2025-03-09T05:57:00Z,147abc6a,8bab4dff,a6177608,0.0
2025-03-09T06:00:00Z,147abc6a,8bab4dff,a6177608,0.02
2025-03-09T06:03:00Z,147abc6a,8bab4dff,a6177608,0.02
2025-03-09T06:06:00Z,147abc6a,8bab4dff,a6177608,0.0
2025-03-09T06:09:00Z,147abc6a,8bab4dff,a6177608,0.0
2025-03-09T06:12:00Z,147abc6a,8bab4dff,a6177608,0.0
2025-03-09T06:15:00Z,147abc6a,8bab4dff,a6177608,0.0
2025-03-09T06:18:00Z,147abc6a,8bab4dff,a6177608,0.0
2025-03-09T06:21:00Z,147abc6a,8bab4dff,a6177608,0.0
2025-03-09T06:24:00Z,147abc6a,8bab4dff,a6177608,0.0
2025-03-09T06:27:00Z,147abc6a,8bab4dff,a6177608,0.0
2025-03-09T06:30:00Z,147abc6a,8bab4dff,a6177608,0.0
2025-03-09T06:33:00Z,147abc6a,8bab4dff,a6177608,0.0
2025-03-09T06:36:00Z,147abc6a,8bab4dff,a6177608,0.0
2025-03-09T06:39:00Z,147abc6a,8bab4dff,a6177608,0.0
2025-03-09T06:42:00Z,147abc6a,8bab4dff,a6177608,0.0
2025-03-09T06:45:00Z,147abc6a,8bab4dff,a6177608,0.0
2025-03-09T06:48:00Z,147abc6a,8bab4dff,a6177608,0.0
2025-03-09T06:51:00Z,147abc6a,8bab4dff,a6177608,0.0
2025-03-09T06:54:00Z,147abc6a,8bab4dff,a6177608,0.0
2025-03-09T06:57:00Z,147abc6a,8bab4dff,a6177608,0.0
2025-03-09T07:00:00Z,147abc6a,8bab4dff,a6177608,0.0
2025-03-09T07:03:00Z,147abc6a,8bab4dff,a6177608,0.0
2025-03-09T07:06:00Z,147abc6a,8bab4dff,a6177608,0.0
2025-03-09T07:09:00Z,147abc6a,8bab4dff,a6177608,0.0
2025-03-09T07:12:00Z,147abc6a,8bab4dff,a6177608,0.0
2025-03-09T07:15:00Z,147abc6a,8bab4dff,a6177608,0.0
2025-03-09T07:18:00Z,147abc6a,8bab4dff,a6177608,0.0
2025-03-09T07:21:00Z,147abc6a,8bab4dff,a6177608,0.0
2025-03-09T07:24:00Z,147abc6a,8bab4dff,a6177608,0.0
2025-03-09T07:27:00Z,147abc6a,8bab4dff,a6177608,0.0
2025-03-09T07:30:00Z,147abc6a,8bab4dff,a6177608,0.0
2025-03-09T07:33:00Z,147abc6a,8bab4dff,a6177608,0.0
2025-03-09T07:36:00Z,147abc6a,8bab4dff,a6177608,0.07
2025-03-09T07:39:00Z,147abc6a,8bab4dff,a6177608,0.0
2025-03-09T07:42:00Z,147abc6a,8bab4dff,a6177608,0.0
2025-03-09T07:45:00Z,147abc6a,8bab4dff,a6177608,0.0
2025-03-09T07:48:00Z,147abc6a,8bab4dff,a6177608,0.0
2025-03-09T07:51:00Z,147abc6a,8bab4dff,a6177608,0.0
2025-03-09T07:54:00Z,147abc6a,8bab4dff,a6177608,0.0
2025-03-09T07:57:00Z,147abc6a,8bab4dff,a6177608,0.0
2025-03-09T08:00:00Z,147abc6a,8bab4dff,a6177608,0.0
2025-03-09T08:03:00Z,147abc6a,8bab4dff,a6177608,0.01
2025-03-09T08:06:00Z,147abc6a,8bab4dff,a6177608,0.0
2025-03-09T08:09:00Z,147abc6a,8bab4dff,a6177608,0.0
2025-03-09T08:12:00Z,147abc6a,8bab4dff,a6177608,0.0
2025-03-09T08:15:00Z,147abc6a,8bab4dff,a6177608,0.0
2025-03-09T08:18:00Z,147abc6a,8bab4dff,a6177608,0.0
2025-03-09T08:21:00Z,147abc6a,8bab4dff,a6177608,0.0
2025-03-09T08:24:00Z,147abc6a,8bab4dff,a6177608,0.0
2025-03-09T08:27:00Z,147abc6a,8bab4dff,a6177608,0.0
2025-03-09T08:30:00Z,147abc6a,8bab4dff,a6177608,0.0
2025-03-09T08:33:00Z,147abc6a,8bab4dff,a6177608,0.0
2025-03-09T08:36:00Z,147abc6a,8bab4dff,a6177608,0.0
2025-03-09T08:39:00Z,147abc6a,8bab4dff,a6177608,0.0
2025-03-09T08:42:00Z,147abc6a,8bab4dff,a6177608,0.0
2025-03-09T08:45:00Z,147abc6a,8bab4dff,a6177608,0.0
2025-03-09T08:48:00Z,147abc6a,8bab4dff,a6177608,0.0
2025-03-09T08:51:00Z,147abc6a,8bab4dff,a6177608,0.0
2025-03-09T08:54:00Z,147abc6a,8bab4dff,a6177608,0.0
2025-03-09T08:57:00Z,147abc6a,8bab4dff,a6177608,0.0
2025-03-09T09:00:00Z,147abc6a,8bab4dff,a6177608,0.0
2025-03-09T09:03:00Z,147abc6a,8bab4dff,a6177608,0.0
2025-03-09T09:06:00Z,147abc6a,8bab4dff,a6177608,0.0
2025-03-09T09:09:00Z,147abc6a,8bab4dff,a6177608,0.0
2025-03-09T09:12:00Z,147abc6a,8bab4dff,a6177608,0.0
2025-03-09T09:15:00Z,147abc6a,8bab4dff,a6177608,0.0
2025-03-09T09:18:00Z,147abc6a,8bab4dff,a6177608,0.0
2025-03-09T09:21:00Z,147abc6a,8bab4dff,a6177608,0.0
2025-03-09T09:24:00Z,147abc6a,8bab4dff,a6177608,0.0
2025-03-09T09:27:00Z,147abc6a,8bab4dff,a6177608,0.0
2025-03-09T09:30:00Z,147abc6a,8bab4dff,a6177608,0.0
2025-03-09T09:33:00Z,147abc6a,8bab4dff,a6177608,0.0
2025-03-09T09:36:00Z,147abc6a,8bab4dff,a6177608,0.01
2025-03-09T09:39:00Z,147abc6a,8bab4dff,a6177608,0.0
2025-03-09T09:42:00Z,147abc6a,8bab4dff,a6177608,0.0
2025-03-09T09:45:00Z,147abc6a,8bab4dff,a6177608,0.0
2025-03-09T09:48:00Z,147abc6a,8bab4dff,a6177608,0.0
2025-03-09T09:51:00Z,147abc6a,8bab4dff,a6177608,0.0
2025-03-09T09:54:00Z,147abc6a,8bab4dff,a6177608,0.0
2025-03-09T09:57:00Z,147abc6a,8bab4dff,a6177608,0.0
2025-03-09T10:00:00Z,147abc6a,8bab4dff,a6177608,0.0
2025-03-09T10:03:00Z,147abc6a,8bab4dff,a6177608,0.0
2025-03-09T10:06:00Z,147abc6a,8bab4dff,a6177608,0.0
2025-03-09T10:09:00Z,147abc6a,8bab4dff,a6177608,0.0
2025-03-09T10:12:00Z,147abc6a,8bab4dff,a6177608,0.0
2025-03-09T10:15:00Z,147abc6a,8bab4dff,a6177608,0.0
2025-03-09T10:18:00Z,147abc6a,8bab4dff,a6177608,0.0
2025-03-09T10:21:00Z,147abc6a,8bab4dff,a6177608,0.0
2025-03-09T10:24:00Z,147abc6a,8bab4dff,a6177608,0.0
2025-03-09T10:27:00Z,147abc6a,8bab4dff,a6177608,0.0
2025-03-09T10:30:00Z,147abc6a,8bab4dff,a6177608,0.0
2025-03-09T10:33:00Z,147abc6a,8bab4dff,a6177608,0.0
2025-03-09T10:36:00Z,147abc6a,8bab4dff,a6177608,0.0
2025-03-09T10:39:00Z,147abc6a,8bab4dff,a6177608,0.0
2025-03-09T10:42:00Z,147abc6a,8bab4dff,a6177608,0.0
2025-03-09T10:45:00Z,147abc6a,8bab4dff,a6177608,0.0
2025-03-09T10:48:00Z,147abc6a,8bab4dff,a6177608,0.0
2025-03-09T10:51:00Z,147abc6a,8bab4dff,a6177608,0.0
2025-03-09T10:54:00Z,147abc6a,8bab4dff,a6177608,0.0
2025-03-09T10:57:00Z,147abc6a,8bab4dff,a6177608,0.0
2025-03-09T11:00:00Z,147abc6a,8bab4dff,a6177608,0.0
2025-03-09T11:03:00Z,147abc6a,8bab4dff,a6177608,0.0
2025-03-09T11:06:00Z,147abc6a,8bab4dff,a6177608,0.0
2025-03-09T11:09:00Z,147abc6a,8bab4dff,a6177608,0.0
2025-03-09T11:12:00Z,147abc6a,8bab4dff,a6177608,0.0
2025-03-09T11:15:00Z,147abc6a,8bab4dff,a6177608,0.0
2025-03-09T11:18:00Z,147abc6a,8bab4dff,a6177608,0.0
2025-03-09T11:21:00Z,147abc6a,8bab4dff,a6177608,0.0
2025-03-09T11:24:00Z,147abc6a,8bab4dff,a6177608,0.0
2025-03-09T11:27:00Z,147abc6a,8bab4dff,a6177608,0.0
2025-03-09T11:30:00Z,147abc6a,8bab4dff,a6177608,0.0
2025-03-09T11:33:00Z,147abc6a,8bab4dff,a6177608,0.0
2025-03-09T11:36:00Z,147abc6a,8bab4dff,a6177608,0.0
2025-03-09T11:39:00Z,147abc6a,8bab4dff,a6177608,0.0
2025-03-09T11:42:00Z,147abc6a,8bab4dff,a6177608,0.0
2025-03-09T11:45:00Z,147abc6a,8bab4dff,a6177608,0.0
2025-03-09T11:48:00Z,147abc6a,8bab4dff,a6177608,0.0
2025-03-09T11:51:00Z,147abc6a,8bab4dff,a6177608,0.0
2025-03-09T11:54:00Z,147abc6a,8bab4dff,a6177608,0.0
2025-03-09T11:57:00Z,147abc6a,8bab4dff,a6177608,0.0
2025-03-09T12:00:00Z,147abc6a,8bab4dff,a6177608,0.0
2025-03-09T12:03:00Z,147abc6a,8bab4dff,a6177608,0.0
2025-03-09T12:06:00Z,147abc6a,8bab4dff,a6177608,0.0
2025-03-09T12:09:00Z,147abc6a,8bab4dff,a6177608,0.0
2025-03-09T12:12:00Z,147abc6a,8bab4dff,a6177608,0.0
2025-03-09T12:15:00Z,147abc6a,8bab4dff,a6177608,0.0
2025-03-09T12:18:00Z,147abc6a,8bab4dff,a6177608,0.0
2025-03-09T12:21:00Z,147abc6a,8bab4dff,a6177608,0.0
2025-03-09T12:24:00Z,147abc6a,8bab4dff,a6177608,0.0
2025-03-09T12:27:00Z,147abc6a,8bab4dff,a6177608,0.0
2025-03-09T12:30:00Z,147abc6a,8bab4dff,a6177608,0.0
2025-03-09T12:33:00Z,147abc6a,8bab4dff,a6177608,0.0
2025-03-09T12:36:00Z,147abc6a,8bab4dff,a6177608,0.0
2025-03-09T12:39:00Z,147abc6a,8bab4dff,a6177608,0.0
2025-03-09T12:42:00Z,147abc6a,8bab4dff,a6177608,0.0
2025-03-09T12:45:00Z,147abc6a,8bab4dff,a6177608,0.0
2025-03-09T12:48:00Z,147abc6a,8bab4dff,a6177608,0.0
2025-03-09T12:51:00Z,147abc6a,8bab4dff,a6177608,0.0
2025-03-09T12:54:00Z,147abc6a,8bab4dff,a6177608,0.0
2025-03-09T12:57:00Z,147abc6a,8bab4dff,a6177608,0.0
2025-03-09T13:00:00Z,147abc6a,8bab4dff,a6177608,0.0
2025-03-09T13:03:00Z,147abc6a,8bab4dff,a6177608,0.0
2025-03-09T13:06:00Z,147abc6a,8bab4dff,a6177608,0.0
2025-03-09T13:09:00Z,147abc6a,8bab4dff,a6177608,0.0
2025-03-09T13:12:00Z,147abc6a,8bab4dff,a6177608,0.0
2025-03-09T13:15:00Z,147abc6a,8bab4dff,a6177608,0.0
2025-03-09T13:18:00Z,147abc6a,8bab4dff,a6177608,0.0
2025-03-09T13:21:00Z,147abc6a,8bab4dff,a6177608,0.0
2025-03-09T13:24:00Z,147abc6a,8bab4dff,a6177608,0.0
2025-03-09T13:27:00Z,147abc6a,8bab4dff,a6177608,0.0
2025-03-09T13:30:00Z,147abc6a,8bab4dff,a6177608,0.0
2025-03-09T13:33:00Z,147abc6a,8bab4dff,a6177608,0.0
2025-03-09T13:36:00Z,147abc6a,8bab4dff,a6177608,0.0
2025-03-09T13:39:00Z,147abc6a,8bab4dff,a6177608,0.0
2025-03-09T13:42:00Z,147abc6a,8bab4dff,a6177608,0.0
2025-03-09T13:45:00Z,147abc6a,8bab4dff,a6177608,0.0
2025-03-09T13:48:00Z,147abc6a,8bab4dff,a6177608,0.0
2025-03-09T13:51:00Z,147abc6a,8bab4dff,a6177608,0.0
2025-03-09T13:54:00Z,147abc6a,8bab4dff,a6177608,0.0
2025-03-09T13:57:00Z,147abc6a,8bab4dff,a6177608,0.0
2025-03-09T14:00:00Z,147abc6a,8bab4dff,a6177608,0.0
2025-03-09T14:03:00Z,147abc6a,8bab4dff,a6177608,0.0
2025-03-09T14:06:00Z,147abc6a,8bab4dff,a6177608,0.0
2025-03-09T14:09:00Z,147abc6a,8bab4dff,a6177608,0.0
2025-03-09T14:12:00Z,147abc6a,8bab4dff,a6177608,0.0
2025-03-09T14:15:00Z,147abc6a,8bab4dff,a6177608,0.0
2025-03-09T14:18:00Z,147abc6a,8bab4dff,a6177608,0.0
2025-03-09T14:21:00Z,147abc6a,8bab4dff,a6177608,0.0
2025-03-09T14:24:00Z,147abc6a,8bab4dff,a6177608,0.0
2025-03-09T14:27:00Z,147abc6a,8bab4dff,a6177608,0.0
2025-03-09T14:30:00Z,147abc6a,8bab4dff,a6177608,0.0
2025-03-09T14:33:00Z,147abc6a,8bab4dff,a6177608,0.0
2025-03-09T14:36:00Z,147abc6a,8bab4dff,a6177608,0.0
2025-03-09T14:39:00Z,147abc6a,8bab4dff,a6177608,0.0
2025-03-09T14:42:00Z,147abc6a,8bab4dff,a6177608,0.0
2025-03-09T14:45:00Z,147abc6a,8bab4dff,a6177608,0.0
2025-03-09T14:48:00Z,147abc6a,8bab4dff,a6177608,0.0
2025-03-09T14:51:00Z,147abc6a,8bab4dff,a6177608,0.0
2025-03-09T14:54:00Z,147abc6a,8bab4dff,a6177608,0.0
2025-03-09T14:57:00Z,147abc6a,8bab4dff,a6177608,0.0
2025-03-09T15:00:00Z,147abc6a,8bab4dff,a6177608,0.0
2025-03-09T15:03:00Z,147abc6a,8bab4dff,a6177608,0.0
2025-03-09T15:06:00Z,147abc6a,8bab4dff,a6177608,0.0
2025-03-09T15:09:00Z,147abc6a,8bab4dff,a6177608,0.0
2025-03-09T15:12:00Z,147abc6a,8bab4dff,a6177608,0.0
2025-03-09T15:15:00Z,147abc6a,8bab4dff,a6177608,0.0
2025-03-09T15:18:00Z,147abc6a,8bab4dff,a6177608,0.0
2025-03-09T15:21:00Z,147abc6a,8bab4dff,a6177608,0.0
2025-03-09T15:24:00Z,147abc6a,8bab4dff,a6177608,0.0
2025-03-09T15:27:00Z,147abc6a,8bab4dff,a6177608,0.0
2025-03-09T15:30:00Z,147abc6a,8bab4dff,a6177608,0.0
2025-03-09T15:33:00Z,147abc6a,8bab4dff,a6177608,0.0
2025-03-09T15:36:00Z,147abc6a,8bab4dff,a6177608,0.0
2025-03-09T15:39:00Z,147abc6a,8bab4dff,a6177608,0.0
2025-03-09T15:42:00Z,147abc6a,8bab4dff,a6177608,0.0
2025-03-09T15:45:00Z,147abc6a,8bab4dff,a6177608,0.0
2025-03-09T15:48:00Z,147abc6a,8bab4dff,a6177608,0.0
2025-03-09T15:51:00Z,147abc6a,8bab4dff,a6177608,0.0
2025-03-09T15:54:00Z,147abc6a,8bab4dff,a6177608,0.0
2025-03-09T15:57:00Z,147abc6a,8bab4dff,a6177608,0.0
2025-03-09T16:00:00Z,147abc6a,8bab4dff,a6177608,0.0
2025-03-09T16:03:00Z,147abc6a,8bab4dff,a6177608,0.0
2025-03-09T16:06:00Z,147abc6a,8bab4dff,a6177608,0.0
2025-03-09T16:09:00Z,147abc6a,8bab4dff,a6177608,0.0
2025-03-09T16:12:00Z,147abc6a,8bab4dff,a6177608,0.0
2025-03-09T16:15:00Z,147abc6a,8bab4dff,a6177608,0.0
2025-03-09T16:18:00Z,147abc6a,8bab4dff,a6177608,0.0
2025-03-09T16:21:00Z,147abc6a,8bab4dff,a6177608,0.0
2025-03-09T16:24:00Z,147abc6a,8bab4dff,a6177608,0.0
2025-03-09T16:27:00Z,147abc6a,8bab4dff,a6177608,0.0
2025-03-09T16:30:00Z,147abc6a,8bab4dff,a6177608,0.0
2025-03-09T16:33:00Z,147abc6a,8bab4dff,a6177608,0.0
2025-03-09T16:36:00Z,147abc6a,8bab4dff,a6177608,0.0
2025-03-09T16:39:00Z,147abc6a,8bab4dff,a6177608,0.0
2025-03-09T16:42:00Z,147abc6a,8bab4dff,a6177608,0.0
2025-03-09T16:45:00Z,147abc6a,8bab4dff,a6177608,0.0
2025-03-09T16:48:00Z,147abc6a,8bab4dff,a6177608,0.0
2025-03-09T16:51:00Z,147abc6a,8bab4dff,a6177608,0.0
2025-03-09T16:54:00Z,147abc6a,8bab4dff,a6177608,0.0
2025-03-09T16:57:00Z,147abc6a,8bab4dff,a6177608,0.0
2025-03-09T17:00:00Z,147abc6a,8bab4dff,a6177608,0.0
2025-03-09T17:03:00Z,147abc6a,8bab4dff,a6177608,0.0
2025-03-09T17:06:00Z,147abc6a,8bab4dff,a6177608,0.0
2025-03-09T17:09:00Z,147abc6a,8bab4dff,a6177608,0.0
2025-03-09T17:12:00Z,147abc6a,8bab4dff,a6177608,0.0
2025-03-09T17:15:00Z,147abc6a,8bab4dff,a6177608,0.0
2025-03-09T17:18:00Z,147abc6a,8bab4dff,a6177608,0.0
2025-03-09T17:21:00Z,147abc6a,8bab4dff,a6177608,0.0
2025-03-09T17:24:00Z,147abc6a,8bab4dff,a6177608,0.0
2025-03-09T17:27:00Z,147abc6a,8bab4dff,a6177608,0.0
2025-03-09T17:30:00Z,147abc6a,8bab4dff,a6177608,0.0
2025-03-09T17:33:00Z,147abc6a,8bab4dff,a6177608,0.0
2025-03-09T17:36:00Z,147abc6a,8bab4dff,a6177608,0.0
2025-03-09T17:39:00Z,147abc6a,8bab4dff,a6177608,0.0
2025-03-09T17:42:00Z,147abc6a,8bab4dff,a6177608,0.0
2025-03-09T17:45:00Z,147abc6a,8bab4dff,a6177608,0.0
2025-03-09T17:48:00Z,147abc6a,8bab4dff,a6177608,0.0
2025-03-09T17:51:00Z,147abc6a,8bab4dff,a6177608,0.0
2025-03-09T17:54:00Z,147abc6a,8bab4dff,a6177608,0.0
2025-03-09T17:57:00Z,147abc6a,8bab4dff,a6177608,0.0
2025-03-09T18:00:00Z,147abc6a,8bab4dff,a6177608,0.0
2025-03-09T18:03:00Z,147abc6a,8bab4dff,a6177608,0.0
2025-03-09T18:06:00Z,147abc6a,8bab4dff,a6177608,0.0
2025-03-09T18:09:00Z,147abc6a,8bab4dff,a6177608,0.0
2025-03-09T18:12:00Z,147abc6a,8bab4dff,a6177608,0.0
2025-03-09T18:15:00Z,147abc6a,8bab4dff,a6177608,0.0
2025-03-09T18:18:00Z,147abc6a,8bab4dff,a6177608,0.0
2025-03-09T18:21:00Z,147abc6a,8bab4dff,a6177608,0.0
2025-03-09T18:24:00Z,147abc6a,8bab4dff,a6177608,0.01
2025-03-09T18:27:00Z,147abc6a,8bab4dff,a6177608,0.01
2025-03-09T18:30:00Z,147abc6a,8bab4dff,a6177608,0.0
2025-03-09T18:33:00Z,147abc6a,8bab4dff,a6177608,0.0
2025-03-09T18:36:00Z,147abc6a,8bab4dff,a6177608,0.0
2025-03-09T18:39:00Z,147abc6a,8bab4dff,a6177608,0.0
2025-03-09T18:42:00Z,147abc6a,8bab4dff,a6177608,0.0
2025-03-09T18:45:00Z,147abc6a,8bab4dff,a6177608,0.0
2025-03-09T18:48:00Z,147abc6a,8bab4dff,a6177608,0.0
2025-03-09T18:51:00Z,147abc6a,8bab4dff,a6177608,0.0
2025-03-09T18:54:00Z,147abc6a,8bab4dff,a6177608,0.0
2025-03-09T18:57:00Z,147abc6a,8bab4dff,a6177608,0.0
2025-03-09T19:00:00Z,147abc6a,8bab4dff,a6177608,0.0
2025-03-09T19:03:00Z,147abc6a,8bab4dff,a6177608,0.0
2025-03-09T19:06:00Z,147abc6a,8bab4dff,a6177608,0.0
2025-03-09T19:09:00Z,147abc6a,8bab4dff,a6177608,0.0
2025-03-09T19:12:00Z,147abc6a,8bab4dff,a6177608,0.0
2025-03-09T19:15:00Z,147abc6a,8bab4dff,a6177608,0.0
2025-03-09T19:18:00Z,147abc6a,8bab4dff,a6177608,0.0
2025-03-09T19:21:00Z,147abc6a,8bab4dff,a6177608,0.0
2025-03-09T19:24:00Z,147abc6a,8bab4dff,a6177608,0.0
2025-03-09T19:27:00Z,147abc6a,8bab4dff,a6177608,0.0
2025-03-09T19:30:00Z,147abc6a,8bab4dff,a6177608,0.0
2025-03-09T19:33:00Z,147abc6a,8bab4dff,a6177608,0.0
2025-03-09T19:36:00Z,147abc6a,8bab4dff,a6177608,0.0
2025-03-09T19:39:00Z,147abc6a,8bab4dff,a6177608,0.0
2025-03-09T19:42:00Z,147abc6a,8bab4dff,a6177608,0.0
2025-03-09T19:45:00Z,147abc6a,8bab4dff,a6177608,0.0
2025-03-09T19:48:00Z,147abc6a,8bab4dff,a6177608,0.0
2025-03-09T19:51:00Z,147abc6a,8bab4dff,a6177608,0.0
2025-03-09T19:54:00Z,147abc6a,8bab4dff,a6177608,0.0
2025-03-09T19:57:00Z,147abc6a,8bab4dff,a6177608,0.0
2025-03-09T20:00:00Z,147abc6a,8bab4dff,a6177608,0.0
2025-03-09T20:03:00Z,147abc6a,8bab4dff,a6177608,0.0
2025-03-09T20:06:00Z,147abc6a,8bab4dff,a6177608,0.0
2025-03-09T20:09:00Z,147abc6a,8bab4dff,a6177608,0.0
2025-03-09T20:12:00Z,147abc6a,8bab4dff,a6177608,0.0
2025-03-09T20:15:00Z,147abc6a,8bab4dff,a6177608,0.0
2025-03-09T20:18:00Z,147abc6a,8bab4dff,a6177608,0.0
2025-03-09T20:21:00Z,147abc6a,8bab4dff,a6177608,0.0
2025-03-09T20:24:00Z,147abc6a,8bab4dff,a6177608,0.0
2025-03-09T20:27:00Z,147abc6a,8bab4dff,a6177608,0.0
2025-03-09T20:30:00Z,147abc6a,8bab4dff,a6177608,0.0
2025-03-09T20:33:00Z,147abc6a,8bab4dff,a6177608,0.0
2025-03-09T20:36:00Z,147abc6a,8bab4dff,a6177608,0.0
2025-03-09T20:39:00Z,147abc6a,8bab4dff,a6177608,0.0
2025-03-09T20:42:00Z,147abc6a,8bab4dff,a6177608,0.0
2025-03-09T20:45:00Z,147abc6a,8bab4dff,a6177608,0.0
2025-03-09T20:48:00Z,147abc6a,8bab4dff,a6177608,0.0
2025-03-09T20:51:00Z,147abc6a,8bab4dff,a6177608,0.0
2025-03-09T20:54:00Z,147abc6a,8bab4dff,a6177608,0.0
2025-03-09T20:57:00Z,147abc6a,8bab4dff,a6177608,0.0
2025-03-09T21:00:00Z,147abc6a,8bab4dff,a6177608,0.0
2025-03-09T21:03:00Z,147abc6a,8bab4dff,a6177608,0.0
2025-03-09T21:06:00Z,147abc6a,8bab4dff,a6177608,0.0
2025-03-09T21:09:00Z,147abc6a,8bab4dff,a6177608,0.0
2025-03-09T21:12:00Z,147abc6a,8bab4dff,a6177608,0.0
2025-03-09T21:15:00Z,147abc6a,8bab4dff,a6177608,0.0
2025-03-09T21:18:00Z,147abc6a,8bab4dff,a6177608,0.0
2025-03-09T21:21:00Z,147abc6a,8bab4dff,a6177608,0.0
2025-03-09T21:24:00Z,147abc6a,8bab4dff,a6177608,0.0
2025-03-09T21:27:00Z,147abc6a,8bab4dff,a6177608,0.0
2025-03-09T21:30:00Z,147abc6a,8bab4dff,a6177608,0.0
2025-03-09T21:33:00Z,147abc6a,8bab4dff,a6177608,0.0
2025-03-09T21:36:00Z,147abc6a,8bab4dff,a6177608,0.0
2025-03-09T21:39:00Z,147abc6a,8bab4dff,a6177608,0.0
2025-03-09T21:42:00Z,147abc6a,8bab4dff,a6177608,0.0
2025-03-09T21:45:00Z,147abc6a,8bab4dff,a6177608,0.0
2025-03-09T21:48:00Z,147abc6a,8bab4dff,a6177608,0.0
2025-03-09T21:51:00Z,147abc6a,8bab4dff,a6177608,0.0
2025-03-09T21:54:00Z,147abc6a,8bab4dff,a6177608,0.0
2025-03-09T21:57:00Z,147abc6a,8bab4dff,a6177608,0.0
2025-03-09T22:00:00Z,147abc6a,8bab4dff,a6177608,0.0
2025-03-09T22:03:00Z,147abc6a,8bab4dff,a6177608,0.0
2025-03-09T22:06:00Z,147abc6a,8bab4dff,a6177608,0.0
2025-03-09T22:09:00Z,147abc6a,8bab4dff,a6177608,0.0
2025-03-09T22:12:00Z,147abc6a,8bab4dff,a6177608,0.0
2025-03-09T22:15:00Z,147abc6a,8bab4dff,a6177608,0.0
2025-03-09T22:18:00Z,147abc6a,8bab4dff,a6177608,0.0
2025-03-09T22:21:00Z,147abc6a,8bab4dff,a6177608,0.0
2025-03-09T22:24:00Z,147abc6a,8bab4dff,a6177608,0.0
2025-03-09T22:27:00Z,147abc6a,8bab4dff,a6177608,0.0
2025-03-09T22:30:00Z,147abc6a,8bab4dff,a6177608,0.0
2025-03-09T22:33:00Z,147abc6a,8bab4dff,a6177608,0.0
2025-03-09T22:36:00Z,147abc6a,8bab4dff,a6177608,0.0
2025-03-09T22:39:00Z,147abc6a,8bab4dff,a6177608,0.0
2025-03-09T22:42:00Z,147abc6a,8bab4dff,a6177608,0.0
2025-03-09T22:45:00Z,147abc6a,8bab4dff,a6177608,0.0
2025-03-09T22:48:00Z,147abc6a,8bab4dff,a6177608,0.0
2025-03-09T22:51:00Z,147abc6a,8bab4dff,a6177608,0.02
2025-03-09T22:54:00Z,147abc6a,8bab4dff,a6177608,0.0
2025-03-09T22:57:00Z,147abc6a,8bab4dff,a6177608,0.0
2025-03-09T23:00:00Z,147abc6a,8bab4dff,a6177608,0.0
2025-03-09T23:03:00Z,147abc6a,8bab4dff,a6177608,0.0
2025-03-09T23:06:00Z,147abc6a,8bab4dff,a6177608,0.0
2025-03-09T23:09:00Z,147abc6a,8bab4dff,a6177608,0.0
2025-03-09T23:12:00Z,147abc6a,8bab4dff,a6177608,0.0
2025-03-09T23:15:00Z,147abc6a,8bab4dff,a6177608,0.0
2025-03-09T23:18:00Z,147abc6a,8bab4dff,a6177608,0.0
2025-03-09T23:21:00Z,147abc6a,8bab4dff,a6177608,0.0
2025-03-09T23:24:00Z,147abc6a,8bab4dff,a6177608,0.0
2025-03-09T23:27:00Z,147abc6a,8bab4dff,a6177608,0.0
2025-03-09T23:30:00Z,147abc6a,8bab4dff,a6177608,0.0
2025-03-09T23:33:00Z,147abc6a,8bab4dff,a6177608,0.0
2025-03-09T23:36:00Z,147abc6a,8bab4dff,a6177608,0.0
2025-03-09T23:39:00Z,147abc6a,8bab4dff,a6177608,0.0
2025-03-09T23:42:00Z,147abc6a,8bab4dff,a6177608,0.0
2025-03-09T23:45:00Z,147abc6a,8bab4dff,a6177608,0.0
2025-03-09T23:48:00Z,147abc6a,8bab4dff,a6177608,0.0
2025-03-09T23:51:00Z,147abc6a,8bab4dff,a6177608,0.0
2025-03-09T23:54:00Z,147abc6a,8bab4dff,a6177608,0.0
2025-03-09T23:57:00Z,147abc6a,8bab4dff,a6177608,0.0
2025-03-10T00:00:00Z,147abc6a,8bab4dff,a6177608,0.0
2025-03-10T00:03:00Z,147abc6a,8bab4dff,a6177608,0.0
2025-03-10T00:06:00Z,147abc6a,8bab4dff,a6177608,0.0
2025-03-10T00:09:00Z,147abc6a,8bab4dff,a6177608,0.0
2025-03-10T00:12:00Z,147abc6a,8bab4dff,a6177608,0.0
2025-03-10T00:15:00Z,147abc6a,8bab4dff,a6177608,0.0
2025-03-10T00:18:00Z,147abc6a,8bab4dff,a6177608,0.0
2025-03-10T00:21:00Z,147abc6a,8bab4dff,a6177608,0.0
2025-03-10T00:24:00Z,147abc6a,8bab4dff,a6177608,0.0
2025-03-10T00:27:00Z,147abc6a,8bab4dff,a6177608,0.0
2025-03-10T00:30:00Z,147abc6a,8bab4dff,a6177608,0.0
2025-03-10T00:33:00Z,147abc6a,8bab4dff,a6177608,0.0
2025-03-10T00:36:00Z,147abc6a,8bab4dff,a6177608,0.0
2025-03-10T00:39:00Z,147abc6a,8bab4dff,a6177608,0.0
2025-03-10T00:42:00Z,147abc6a,8bab4dff,a6177608,0.0
2025-03-10T00:45:00Z,147abc6a,8bab4dff,a6177608,0.0
2025-03-10T00:48:00Z,147abc6a,8bab4dff,a6177608,0.0
2025-03-10T00:51:00Z,147abc6a,8bab4dff,a6177608,0.0
2025-03-10T00:54:00Z,147abc6a,8bab4dff,a6177608,0.0
2025-03-10T00:57:00Z,147abc6a,8bab4dff,a6177608,0.0
2025-03-10T01:00:00Z,147abc6a,8bab4dff,a6177608,0.0
2025-03-10T01:03:00Z,147abc6a,8bab4dff,a6177608,0.0
2025-03-10T01:06:00Z,147abc6a,8bab4dff,a6177608,0.0
2025-03-10T01:09:00Z,147abc6a,8bab4dff,a6177608,0.0
2025-03-10T01:12:00Z,147abc6a,8bab4dff,a6177608,0.0
2025-03-10T01:15:00Z,147abc6a,8bab4dff,a6177608,0.0
2025-03-10T01:18:00Z,147abc6a,8bab4dff,a6177608,0.0
2025-03-10T01:21:00Z,147abc6a,8bab4dff,a6177608,0.0
2025-03-10T01:24:00Z,147abc6a,8bab4dff,a6177608,0.0
2025-03-10T01:27:00Z,147abc6a,8bab4dff,a6177608,0.0
2025-03-10T01:30:00Z,147abc6a,8bab4dff,a6177608,0.01
2025-03-10T01:33:00Z,147abc6a,8bab4dff,a6177608,0.01
2025-03-10T01:36:00Z,147abc6a,8bab4dff,a6177608,0.0
2025-03-10T01:39:00Z,147abc6a,8bab4dff,a6177608,0.0
2025-03-10T01:42:00Z,147abc6a,8bab4dff,a6177608,0.0
2025-03-10T01:45:00Z,147abc6a,8bab4dff,a6177608,0.0
2025-03-10T01:48:00Z,147abc6a,8bab4dff,a6177608,0.0
2025-03-10T01:51:00Z,147abc6a,8bab4dff,a6177608,0.0
2025-03-10T01:54:00Z,147abc6a,8bab4dff,a6177608,0.0
2025-03-10T01:57:00Z,147abc6a,8bab4dff,a6177608,0.0
2025-03-10T02:00:00Z,147abc6a,8bab4dff,a6177608,0.0
2025-03-10T02:03:00Z,147abc6a,8bab4dff,a6177608,0.0
2025-03-10T02:06:00Z,147abc6a,8bab4dff,a6177608,0.0
2025-03-10T02:09:00Z,147abc6a,8bab4dff,a6177608,0.0
2025-03-10T02:12:00Z,147abc6a,8bab4dff,a6177608,0.0
2025-03-10T02:15:00Z,147abc6a,8bab4dff,a6177608,0.0
2025-03-10T02:18:00Z,147abc6a,8bab4dff,a6177608,0.0
2025-03-10T02:21:00Z,147abc6a,8bab4dff,a6177608,0.0
2025-03-10T02:24:00Z,147abc6a,8bab4dff,a6177608,0.0
2025-03-10T02:27:00Z,147abc6a,8bab4dff,a6177608,0.0
2025-03-10T02:30:00Z,147abc6a,8bab4dff,a6177608,0.0
2025-03-10T02:33:00Z,147abc6a,8bab4dff,a6177608,0.0
2025-03-10T02:36:00Z,147abc6a,8bab4dff,a6177608,0.0
2025-03-10T02:39:00Z,147abc6a,8bab4dff,a6177608,0.0
2025-03-10T02:42:00Z,147abc6a,8bab4dff,a6177608,0.0
2025-03-10T02:45:00Z,147abc6a,8bab4dff,a6177608,0.0
2025-03-10T02:48:00Z,147abc6a,8bab4dff,a6177608,0.0
2025-03-10T02:51:00Z,147abc6a,8bab4dff,a6177608,0.0
2025-03-10T02:54:00Z,147abc6a,8bab4dff,a6177608,0.0
2025-03-10T02:57:00Z,147abc6a,8bab4dff,a6177608,0.0
2025-03-10T03:00:00Z,147abc6a,8bab4dff,a6177608,0.0
2025-03-10T03:03:00Z,147abc6a,8bab4dff,a6177608,0.0
2025-03-10T03:06:00Z,147abc6a,8bab4dff,a6177608,0.0
2025-03-10T03:09:00Z,147abc6a,8bab4dff,a6177608,0.0
2025-03-10T03:12:00Z,147abc6a,8bab4dff,a6177608,0.14
2025-03-10T03:15:00Z,147abc6a,8bab4dff,a6177608,0.0
2025-03-10T03:18:00Z,147abc6a,8bab4dff,a6177608,0.0
2025-03-10T03:21:00Z,147abc6a,8bab4dff,a6177608,0.0
2025-03-10T03:24:00Z,147abc6a,8bab4dff,a6177608,0.0
2025-03-10T03:27:00Z,147abc6a,8bab4dff,a6177608,0.0
2025-03-10T03:30:00Z,147abc6a,8bab4dff,a6177608,0.0
2025-03-10T03:33:00Z,147abc6a,8bab4dff,a6177608,0.0
2025-03-10T03:36:00Z,147abc6a,8bab4dff,a6177608,0.0
2025-03-10T03:39:00Z,147abc6a,8bab4dff,a6177608,0.0
2025-03-10T03:42:00Z,147abc6a,8bab4dff,a6177608,0.0
2025-03-10T03:45:00Z,147abc6a,8bab4dff,a6177608,0.0
2025-03-10T03:48:00Z,147abc6a,8bab4dff,a6177608,0.0
2025-03-10T03:51:00Z,147abc6a,8bab4dff,a6177608,0.0
2025-03-10T03:54:00Z,147abc6a,8bab4dff,a6177608,0.0
2025-03-10T03:57:00Z,147abc6a,8bab4dff,a6177608,0.0
2025-03-10T04:00:00Z,147abc6a,8bab4dff,a6177608,0.0
2025-03-10T04:03:00Z,147abc6a,8bab4dff,a6177608,0.0
2025-03-10T04:06:00Z,147abc6a,8bab4dff,a6177608,0.0
2025-03-10T04:09:00Z,147abc6a,8bab4dff,a6177608,0.0
2025-03-10T04:12:00Z,147abc6a,8bab4dff,a6177608,0.0
2025-03-10T04:15:00Z,147abc6a,8bab4dff,a6177608,0.0
2025-03-10T04:18:00Z,147abc6a,8bab4dff,a6177608,0.0
2025-03-10T04:21:00Z,147abc6a,8bab4dff,a6177608,0.0
2025-03-10T04:24:00Z,147abc6a,8bab4dff,a6177608,0.0
2025-03-10T04:27:00Z,147abc6a,8bab4dff,a6177608,0.0
2025-03-10T04:30:00Z,147abc6a,8bab4dff,a6177608,0.0
2025-03-10T04:33:00Z,147abc6a,8bab4dff,a6177608,0.0
2025-03-10T04:36:00Z,147abc6a,8bab4dff,a6177608,0.0
2025-03-10T04:39:00Z,147abc6a,8bab4dff,a6177608,0.0
2025-03-10T04:42:00Z,147abc6a,8bab4dff,a6177608,0.0
2025-03-10T04:45:00Z,147abc6a,8bab4dff,a6177608,0.0
2025-03-10T04:48:00Z,147abc6a,8bab4dff,a6177608,0.0
2025-03-10T04:51:00Z,147abc6a,8bab4dff,a6177608,0.0
2025-03-10T04:54:00Z,147abc6a,8bab4dff,a6177608,0.0
2025-03-10T04:57:00Z,147abc6a,8bab4dff,a6177608,0.0
2025-03-10T05:00:00Z,147abc6a,8bab4dff,a6177608,0.0
2025-03-10T05:03:00Z,147abc6a,8bab4dff,a6177608,0.0
2025-03-10T05:06:00Z,147abc6a,8bab4dff,a6177608,0.0
2025-03-10T05:09:00Z,147abc6a,8bab4dff,a6177608,0.0
2025-03-10T05:12:00Z,147abc6a,8bab4dff,a6177608,0.0
2025-03-10T05:15:00Z,147abc6a,8bab4dff,a6177608,0.0
2025-03-10T05:18:00Z,147abc6a,8bab4dff,a6177608,0.0
2025-03-10T05:21:00Z,147abc6a,8bab4dff,a6177608,0.0
2025-03-10T05:24:00Z,147abc6a,8bab4dff,a6177608,0.0
2025-03-10T05:27:00Z,147abc6a,8bab4dff,a6177608,0.0
2025-03-10T05:30:00Z,147abc6a,8bab4dff,a6177608,0.0
2025-03-10T05:33:00Z,147abc6a,8bab4dff,a6177608,0.0
2025-03-10T05:36:00Z,147abc6a,8bab4dff,a6177608,0.0
2025-03-10T05:39:00Z,147abc6a,8bab4dff,a6177608,0.0
2025-03-10T05:42:00Z,147abc6a,8bab4dff,a6177608,0.0
2025-03-10T05:45:00Z,147abc6a,8bab4dff,a6177608,0.0
2025-03-10T05:48:00Z,147abc6a,8bab4dff,a6177608,0.01
2025-03-10T05:51:00Z,147abc6a,8bab4dff,a6177608,0.0
2025-03-10T05:54:00Z,147abc6a,8bab4dff,a6177608,0.0
2025-03-10T05:57:00Z,147abc6a,8bab4dff,a6177608,0.0
2025-03-10T06:00:00Z,147abc6a,8bab4dff,a6177608,0.0
2025-03-10T06:03:00Z,147abc6a,8bab4dff,a6177608,0.0
2025-03-10T06:06:00Z,147abc6a,8bab4dff,a6177608,0.0
2025-03-10T06:09:00Z,147abc6a,8bab4dff,a6177608,0.0
2025-03-10T06:12:00Z,147abc6a,8bab4dff,a6177608,0.0
2025-03-10T06:15:00Z,147abc6a,8bab4dff,a6177608,0.0
2025-03-10T06:18:00Z,147abc6a,8bab4dff,a6177608,0.0
2025-03-10T06:21:00Z,147abc6a,8bab4dff,a6177608,0.0
2025-03-10T06:24:00Z,147abc6a,8bab4dff,a6177608,0.0
2025-03-10T06:27:00Z,147abc6a,8bab4dff,a6177608,0.0
2025-03-10T06:30:00Z,147abc6a,8bab4dff,a6177608,0.0
2025-03-10T06:33:00Z,147abc6a,8bab4dff,a6177608,0.0
2025-03-10T06:36:00Z,147abc6a,8bab4dff,a6177608,0.0
2025-03-10T06:39:00Z,147abc6a,8bab4dff,a6177608,0.0
2025-03-10T06:42:00Z,147abc6a,8bab4dff,a6177608,0.0
2025-03-10T06:45:00Z,147abc6a,8bab4dff,a6177608,0.01
2025-03-10T06:48:00Z,147abc6a,8bab4dff,a6177608,0.0
2025-03-10T06:51:00Z,147abc6a,8bab4dff,a6177608,0.0
2025-03-10T06:54:00Z,147abc6a,8bab4dff,a6177608,0.0
2025-03-10T06:57:00Z,147abc6a,8bab4dff,a6177608,0.0
2025-03-10T07:00:00Z,147abc6a,8bab4dff,a6177608,0.0
2025-03-10T07:03:00Z,147abc6a,8bab4dff,a6177608,0.0
2025-03-10T07:06:00Z,147abc6a,8bab4dff,a6177608,0.0
2025-03-10T07:09:00Z,147abc6a,8bab4dff,a6177608,0.0
2025-03-10T07:12:00Z,147abc6a,8bab4dff,a6177608,0.0
2025-03-10T07:15:00Z,147abc6a,8bab4dff,a6177608,0.0
2025-03-10T07:18:00Z,147abc6a,8bab4dff,a6177608,0.0
2025-03-10T07:21:00Z,147abc6a,8bab4dff,a6177608,0.0
2025-03-10T07:24:00Z,147abc6a,8bab4dff,a6177608,0.0
2025-03-10T07:27:00Z,147abc6a,8bab4dff,a6177608,0.0
2025-03-10T07:30:00Z,147abc6a,8bab4dff,a6177608,0.0
2025-03-10T07:33:00Z,147abc6a,8bab4dff,a6177608,0.0
2025-03-10T07:36:00Z,147abc6a,8bab4dff,a6177608,0.0
2025-03-10T07:39:00Z,147abc6a,8bab4dff,a6177608,0.0
2025-03-10T07:42:00Z,147abc6a,8bab4dff,a6177608,0.0
2025-03-10T07:45:00Z,147abc6a,8bab4dff,a6177608,0.0
2025-03-10T07:48:00Z,147abc6a,8bab4dff,a6177608,0.0
2025-03-10T07:51:00Z,147abc6a,8bab4dff,a6177608,0.0
2025-03-10T07:54:00Z,147abc6a,8bab4dff,a6177608,0.0
2025-03-10T07:57:00Z,147abc6a,8bab4dff,a6177608,0.0
2025-03-10T08:00:00Z,147abc6a,8bab4dff,a6177608,0.0
2025-03-10T08:03:00Z,147abc6a,8bab4dff,a6177608,0.0
2025-03-10T08:06:00Z,147abc6a,8bab4dff,a6177608,0.0
2025-03-10T08:09:00Z,147abc6a,8bab4dff,a6177608,0.0
2025-03-10T08:12:00Z,147abc6a,8bab4dff,a6177608,0.0
2025-03-10T08:15:00Z,147abc6a,8bab4dff,a6177608,0.0
2025-03-10T08:18:00Z,147abc6a,8bab4dff,a6177608,0.0
2025-03-10T08:21:00Z,147abc6a,8bab4dff,a6177608,0.0
2025-03-10T08:24:00Z,147abc6a,8bab4dff,a6177608,0.0
2025-03-10T08:27:00Z,147abc6a,8bab4dff,a6177608,0.0
2025-03-10T08:30:00Z,147abc6a,8bab4dff,a6177608,0.0
2025-03-10T08:33:00Z,147abc6a,8bab4dff,a6177608,0.0
2025-03-10T08:36:00Z,147abc6a,8bab4dff,a6177608,0.0
2025-03-10T08:39:00Z,147abc6a,8bab4dff,a6177608,0.0
2025-03-10T08:42:00Z,147abc6a,8bab4dff,a6177608,0.0
2025-03-10T08:45:00Z,147abc6a,8bab4dff,a6177608,0.0
2025-03-10T08:48:00Z,147abc6a,8bab4dff,a6177608,0.0
2025-03-10T08:51:00Z,147abc6a,8bab4dff,a6177608,0.0
2025-03-10T08:54:00Z,147abc6a,8bab4dff,a6177608,0.0
2025-03-10T08:57:00Z,147abc6a,8bab4dff,a6177608,0.0
2025-03-10T09:00:00Z,147abc6a,8bab4dff,a6177608,0.0
2025-03-10T09:03:00Z,147abc6a,8bab4dff,a6177608,0.0
2025-03-10T09:06:00Z,147abc6a,8bab4dff,a6177608,0.0
2025-03-10T09:09:00Z,147abc6a,8bab4dff,a6177608,0.0
2025-03-10T09:12:00Z,147abc6a,8bab4dff,a6177608,0.0
2025-03-10T09:15:00Z,147abc6a,8bab4dff,a6177608,0.0
2025-03-10T09:18:00Z,147abc6a,8bab4dff,a6177608,0.0
2025-03-10T09:21:00Z,147abc6a,8bab4dff,a6177608,0.0
2025-03-10T09:24:00Z,147abc6a,8bab4dff,a6177608,0.11
2025-03-10T09:27:00Z,147abc6a,8bab4dff,a6177608,0.0
2025-03-10T09:30:00Z,147abc6a,8bab4dff,a6177608,0.0
2025-03-10T09:33:00Z,147abc6a,8bab4dff,a6177608,0.0
2025-03-10T09:36:00Z,147abc6a,8bab4dff,a6177608,0.0
2025-03-10T09:39:00Z,147abc6a,8bab4dff,a6177608,0.0
2025-03-10T09:42:00Z,147abc6a,8bab4dff,a6177608,0.0
2025-03-10T09:45:00Z,147abc6a,8bab4dff,a6177608,0.0
2025-03-10T09:48:00Z,147abc6a,8bab4dff,a6177608,0.0
2025-03-10T09:51:00Z,147abc6a,8bab4dff,a6177608,0.0
2025-03-10T09:54:00Z,147abc6a,8bab4dff,a6177608,0.0
2025-03-10T09:57:00Z,147abc6a,8bab4dff,a6177608,0.0
2025-03-10T10:00:00Z,147abc6a,8bab4dff,a6177608,0.0
2025-03-10T10:03:00Z,147abc6a,8bab4dff,a6177608,0.0
2025-03-10T10:06:00Z,147abc6a,8bab4dff,a6177608,0.0
2025-03-10T10:09:00Z,147abc6a,8bab4dff,a6177608,0.0
2025-03-10T10:12:00Z,147abc6a,8bab4dff,a6177608,0.0
2025-03-10T10:15:00Z,147abc6a,8bab4dff,a6177608,0.0
2025-03-10T10:18:00Z,147abc6a,8bab4dff,a6177608,0.0
2025-03-10T10:21:00Z,147abc6a,8bab4dff,a6177608,0.0
2025-03-10T10:24:00Z,147abc6a,8bab4dff,a6177608,0.0
2025-03-10T10:27:00Z,147abc6a,8bab4dff,a6177608,0.0
2025-03-10T10:30:00Z,147abc6a,8bab4dff,a6177608,0.0
2025-03-10T10:33:00Z,147abc6a,8bab4dff,a6177608,0.0
2025-03-10T10:36:00Z,147abc6a,8bab4dff,a6177608,0.0
2025-03-10T10:39:00Z,147abc6a,8bab4dff,a6177608,0.0
2025-03-10T10:42:00Z,147abc6a,8bab4dff,a6177608,0.0
2025-03-10T10:45:00Z,147abc6a,8bab4dff,a6177608,0.0
2025-03-10T10:48:00Z,147abc6a,8bab4dff,a6177608,0.0
2025-03-10T10:51:00Z,147abc6a,8bab4dff,a6177608,0.0
2025-03-10T10:54:00Z,147abc6a,8bab4dff,a6177608,0.0
2025-03-10T10:57:00Z,147abc6a,8bab4dff,a6177608,0.0
2025-03-10T11:00:00Z,147abc6a,8bab4dff,a6177608,0.0
2025-03-10T11:03:00Z,147abc6a,8bab4dff,a6177608,0.0
2025-03-10T11:06:00Z,147abc6a,8bab4dff,a6177608,0.0
2025-03-10T11:09:00Z,147abc6a,8bab4dff,a6177608,0.0
2025-03-10T11:12:00Z,147abc6a,8bab4dff,a6177608,0.0
2025-03-10T11:15:00Z,147abc6a,8bab4dff,a6177608,0.0
2025-03-10T11:18:00Z,147abc6a,8bab4dff,a6177608,0.0
2025-03-10T11:21:00Z,147abc6a,8bab4dff,a6177608,0.0
2025-03-10T11:24:00Z,147abc6a,8bab4dff,a6177608,0.0
2025-03-10T11:27:00Z,147abc6a,8bab4dff,a6177608,0.0
2025-03-10T11:30:00Z,147abc6a,8bab4dff,a6177608,0.0
2025-03-10T11:33:00Z,147abc6a,8bab4dff,a6177608,0.0
2025-03-10T11:36:00Z,147abc6a,8bab4dff,a6177608,0.0
2025-03-10T11:39:00Z,147abc6a,8bab4dff,a6177608,0.0
2025-03-10T11:42:00Z,147abc6a,8bab4dff,a6177608,0.0
2025-03-10T11:45:00Z,147abc6a,8bab4dff,a6177608,0.0
2025-03-10T11:48:00Z,147abc6a,8bab4dff,a6177608,0.0
2025-03-10T11:51:00Z,147abc6a,8bab4dff,a6177608,0.0
2025-03-10T11:54:00Z,147abc6a,8bab4dff,a6177608,0.0
2025-03-10T11:57:00Z,147abc6a,8bab4dff,a6177608,0.0
2025-03-10T12:00:00Z,147abc6a,8bab4dff,a6177608,0.0
2025-03-10T12:03:00Z,147abc6a,8bab4dff,a6177608,0.0
2025-03-10T12:06:00Z,147abc6a,8bab4dff,a6177608,0.0
2025-03-10T12:09:00Z,147abc6a,8bab4dff,a6177608,0.0
2025-03-10T12:12:00Z,147abc6a,8bab4dff,a6177608,0.0
2025-03-10T12:15:00Z,147abc6a,8bab4dff,a6177608,0.0
2025-03-10T12:18:00Z,147abc6a,8bab4dff,a6177608,0.0
2025-03-10T12:21:00Z,147abc6a,8bab4dff,a6177608,0.0
2025-03-10T12:24:00Z,147abc6a,8bab4dff,a6177608,0.0
2025-03-10T12:27:00Z,147abc6a,8bab4dff,a6177608,0.0
2025-03-10T12:30:00Z,147abc6a,8bab4dff,a6177608,0.0
2025-03-10T12:33:00Z,147abc6a,8bab4dff,a6177608,0.0
2025-03-10T12:36:00Z,147abc6a,8bab4dff,a6177608,0.0
2025-03-10T12:39:00Z,147abc6a,8bab4dff,a6177608,0.0
2025-03-10T12:42:00Z,147abc6a,8bab4dff,a6177608,0.0
2025-03-10T12:45:00Z,147abc6a,8bab4dff,a6177608,0.0
2025-03-10T12:48:00Z,147abc6a,8bab4dff,a6177608,0.0
2025-03-10T12:51:00Z,147abc6a,8bab4dff,a6177608,0.0
2025-03-10T12:54:00Z,147abc6a,8bab4dff,a6177608,0.0
2025-03-10T12:57:00Z,147abc6a,8bab4dff,a6177608,0.0
2025-03-10T13:00:00Z,147abc6a,8bab4dff,a6177608,0.0
2025-03-10T13:03:00Z,147abc6a,8bab4dff,a6177608,0.0
2025-03-10T13:06:00Z,147abc6a,8bab4dff,a6177608,0.0
2025-03-10T13:09:00Z,147abc6a,8bab4dff,a6177608,0.0
2025-03-10T13:12:00Z,147abc6a,8bab4dff,a6177608,0.0
2025-03-10T13:15:00Z,147abc6a,8bab4dff,a6177608,0.0
2025-03-10T13:18:00Z,147abc6a,8bab4dff,a6177608,0.0
2025-03-10T13:21:00Z,147abc6a,8bab4dff,a6177608,0.0
2025-03-10T13:24:00Z,147abc6a,8bab4dff,a6177608,0.0
2025-03-10T13:27:00Z,147abc6a,8bab4dff,a6177608,0.0
2025-03-10T13:30:00Z,147abc6a,8bab4dff,a6177608,0.0
2025-03-10T13:33:00Z,147abc6a,8bab4dff,a6177608,0.0
2025-03-10T13:36:00Z,147abc6a,8bab4dff,a6177608,0.0
2025-03-10T13:39:00Z,147abc6a,8bab4dff,a6177608,0.0
2025-03-10T13:42:00Z,147abc6a,8bab4dff,a6177608,0.0
2025-03-10T13:45:00Z,147abc6a,8bab4dff,a6177608,0.0
2025-03-10T13:48:00Z,147abc6a,8bab4dff,a6177608,0.0
2025-03-10T13:51:00Z,147abc6a,8bab4dff,a6177608,0.0
2025-03-10T13:54:00Z,147abc6a,8bab4dff,a6177608,0.0
2025-03-10T13:57:00Z,147abc6a,8bab4dff,a6177608,0.0
2025-03-10T14:00:00Z,147abc6a,8bab4dff,a6177608,0.0
2025-03-10T14:03:00Z,147abc6a,8bab4dff,a6177608,0.0
2025-03-10T14:06:00Z,147abc6a,8bab4dff,a6177608,0.0
2025-03-10T14:09:00Z,147abc6a,8bab4dff,a6177608,0.0
2025-03-10T14:12:00Z,147abc6a,8bab4dff,a6177608,0.0
2025-03-10T14:15:00Z,147abc6a,8bab4dff,a6177608,0.0
2025-03-10T14:18:00Z,147abc6a,8bab4dff,a6177608,0.0
2025-03-10T14:21:00Z,147abc6a,8bab4dff,a6177608,0.0
2025-03-10T14:24:00Z,147abc6a,8bab4dff,a6177608,0.0
2025-03-10T14:27:00Z,147abc6a,8bab4dff,a6177608,0.0
2025-03-10T14:30:00Z,147abc6a,8bab4dff,a6177608,0.0
2025-03-10T14:33:00Z,147abc6a,8bab4dff,a6177608,0.0
2025-03-10T14:36:00Z,147abc6a,8bab4dff,a6177608,0.0
2025-03-10T14:39:00Z,147abc6a,8bab4dff,a6177608,0.0
2025-03-10T14:42:00Z,147abc6a,8bab4dff,a6177608,0.0
2025-03-10T14:45:00Z,147abc6a,8bab4dff,a6177608,0.0
2025-03-10T14:48:00Z,147abc6a,8bab4dff,a6177608,0.0
2025-03-10T14:51:00Z,147abc6a,8bab4dff,a6177608,0.0
2025-03-10T14:54:00Z,147abc6a,8bab4dff,a6177608,0.0
2025-03-10T14:57:00Z,147abc6a,8bab4dff,a6177608,0.0
2025-03-10T15:00:00Z,147abc6a,8bab4dff,a6177608,0.0
2025-03-10T15:03:00Z,147abc6a,8bab4dff,a6177608,0.0
2025-03-10T15:06:00Z,147abc6a,8bab4dff,a6177608,0.0
2025-03-10T15:09:00Z,147abc6a,8bab4dff,a6177608,0.0
2025-03-10T15:12:00Z,147abc6a,8bab4dff,a6177608,0.0
2025-03-10T15:15:00Z,147abc6a,8bab4dff,a6177608,0.0
2025-03-10T15:18:00Z,147abc6a,8bab4dff,a6177608,0.0
2025-03-10T15:21:00Z,147abc6a,8bab4dff,a6177608,0.0
2025-03-10T15:24:00Z,147abc6a,8bab4dff,a6177608,0.0
2025-03-10T15:27:00Z,147abc6a,8bab4dff,a6177608,0.0
2025-03-10T15:30:00Z,147abc6a,8bab4dff,a6177608,0.0
2025-03-10T15:33:00Z,147abc6a,8bab4dff,a6177608,0.0
2025-03-10T15:36:00Z,147abc6a,8bab4dff,a6177608,0.0
2025-03-10T15:39:00Z,147abc6a,8bab4dff,a6177608,0.0
2025-03-10T15:42:00Z,147abc6a,8bab4dff,a6177608,0.0
2025-03-10T15:45:00Z,147abc6a,8bab4dff,a6177608,0.0
2025-03-10T15:48:00Z,147abc6a,8bab4dff,a6177608,0.0
2025-03-10T15:51:00Z,147abc6a,8bab4dff,a6177608,0.0
2025-03-10T15:54:00Z,147abc6a,8bab4dff,a6177608,0.0
2025-03-10T15:57:00Z,147abc6a,8bab4dff,a6177608,0.0
2025-03-10T16:00:00Z,147abc6a,8bab4dff,a6177608,0.0
2025-03-10T16:03:00Z,147abc6a,8bab4dff,a6177608,0.0
2025-03-10T16:06:00Z,147abc6a,8bab4dff,a6177608,0.0
2025-03-10T16:09:00Z,147abc6a,8bab4dff,a6177608,0.0
2025-03-10T16:12:00Z,147abc6a,8bab4dff,a6177608,0.0
2025-03-10T16:15:00Z,147abc6a,8bab4dff,a6177608,0.0
2025-03-10T16:18:00Z,147abc6a,8bab4dff,a6177608,0.0
2025-03-10T16:21:00Z,147abc6a,8bab4dff,a6177608,0.0
2025-03-10T16:24:00Z,147abc6a,8bab4dff,a6177608,0.0
2025-03-10T16:27:00Z,147abc6a,8bab4dff,a6177608,0.0
2025-03-10T16:30:00Z,147abc6a,8bab4dff,a6177608,0.0
2025-03-10T16:33:00Z,147abc6a,8bab4dff,a6177608,0.0
2025-03-10T16:36:00Z,147abc6a,8bab4dff,a6177608,0.0
2025-03-10T16:39:00Z,147abc6a,8bab4dff,a6177608,0.0
2025-03-10T16:42:00Z,147abc6a,8bab4dff,a6177608,0.0
2025-03-10T16:45:00Z,147abc6a,8bab4dff,a6177608,0.0
2025-03-10T16:48:00Z,147abc6a,8bab4dff,a6177608,0.0
2025-03-10T16:51:00Z,147abc6a,8bab4dff,a6177608,0.0
2025-03-10T16:54:00Z,147abc6a,8bab4dff,a6177608,0.0
2025-03-10T16:57:00Z,147abc6a,8bab4dff,a6177608,0.0
2025-03-10T17:00:00Z,147abc6a,8bab4dff,a6177608,0.0
2025-03-10T17:03:00Z,147abc6a,8bab4dff,a6177608,0.0
2025-03-10T17:06:00Z,147abc6a,8bab4dff,a6177608,0.0
2025-03-10T17:09:00Z,147abc6a,8bab4dff,a6177608,0.0
2025-03-10T17:12:00Z,147abc6a,8bab4dff,a6177608,0.0
2025-03-10T17:15:00Z,147abc6a,8bab4dff,a6177608,0.0
2025-03-10T17:18:00Z,147abc6a,8bab4dff,a6177608,0.0
2025-03-10T17:21:00Z,147abc6a,8bab4dff,a6177608,0.0
2025-03-10T17:24:00Z,147abc6a,8bab4dff,a6177608,0.0
2025-03-10T17:27:00Z,147abc6a,8bab4dff,a6177608,0.0
2025-03-10T17:30:00Z,147abc6a,8bab4dff,a6177608,0.0
2025-03-10T17:33:00Z,147abc6a,8bab4dff,a6177608,0.0
2025-03-10T17:36:00Z,147abc6a,8bab4dff,a6177608,0.0
2025-03-10T17:39:00Z,147abc6a,8bab4dff,a6177608,0.0
2025-03-10T17:42:00Z,147abc6a,8bab4dff,a6177608,0.0
2025-03-10T17:45:00Z,147abc6a,8bab4dff,a6177608,0.0
2025-03-10T17:48:00Z,147abc6a,8bab4dff,a6177608,0.0
2025-03-10T17:51:00Z,147abc6a,8bab4dff,a6177608,0.0
2025-03-10T17:54:00Z,147abc6a,8bab4dff,a6177608,0.0
2025-03-10T17:57:00Z,147abc6a,8bab4dff,a6177608,0.0
2025-03-10T18:00:00Z,147abc6a,8bab4dff,a6177608,0.0
2025-03-10T18:03:00Z,147abc6a,8bab4dff,a6177608,0.0
2025-03-10T18:06:00Z,147abc6a,8bab4dff,a6177608,0.0
2025-03-10T18:09:00Z,147abc6a,8bab4dff,a6177608,0.04
2025-03-10T18:12:00Z,147abc6a,8bab4dff,a6177608,0.04
2025-03-10T18:15:00Z,147abc6a,8bab4dff,a6177608,0.0
2025-03-10T18:18:00Z,147abc6a,8bab4dff,a6177608,0.0
2025-03-10T18:21:00Z,147abc6a,8bab4dff,a6177608,0.0
2025-03-10T18:24:00Z,147abc6a,8bab4dff,a6177608,0.0
2025-03-10T18:27:00Z,147abc6a,8bab4dff,a6177608,0.0
2025-03-10T18:30:00Z,147abc6a,8bab4dff,a6177608,0.0
2025-03-10T18:33:00Z,147abc6a,8bab4dff,a6177608,0.0
2025-03-10T18:36:00Z,147abc6a,8bab4dff,a6177608,0.0
2025-03-10T18:39:00Z,147abc6a,8bab4dff,a6177608,0.0
2025-03-10T18:42:00Z,147abc6a,8bab4dff,a6177608,0.0
2025-03-10T18:45:00Z,147abc6a,8bab4dff,a6177608,0.0
2025-03-10T18:48:00Z,147abc6a,8bab4dff,a6177608,0.0
2025-03-10T18:51:00Z,147abc6a,8bab4dff,a6177608,0.0
2025-03-10T18:54:00Z,147abc6a,8bab4dff,a6177608,0.0
2025-03-10T18:57:00Z,147abc6a,8bab4dff,a6177608,0.0
2025-03-10T19:00:00Z,147abc6a,8bab4dff,a6177608,0.0
2025-03-10T19:03:00Z,147abc6a,8bab4dff,a6177608,0.0
2025-03-10T19:06:00Z,147abc6a,8bab4dff,a6177608,0.0
2025-03-10T19:09:00Z,147abc6a,8bab4dff,a6177608,0.0
2025-03-10T19:12:00Z,147abc6a,8bab4dff,a6177608,0.0
2025-03-10T19:15:00Z,147abc6a,8bab4dff,a6177608,0.0
2025-03-10T19:18:00Z,147abc6a,8bab4dff,a6177608,0.0
2025-03-10T19:21:00Z,147abc6a,8bab4dff,a6177608,0.0
2025-03-10T19:24:00Z,147abc6a,8bab4dff,a6177608,0.0
2025-03-10T19:27:00Z,147abc6a,8bab4dff,a6177608,0.0
2025-03-10T19:30:00Z,147abc6a,8bab4dff,a6177608,0.0
2025-03-10T19:33:00Z,147abc6a,8bab4dff,a6177608,0.0
2025-03-10T19:36:00Z,147abc6a,8bab4dff,a6177608,0.0
2025-03-10T19:39:00Z,147abc6a,8bab4dff,a6177608,0.0
2025-03-10T19:42:00Z,147abc6a,8bab4dff,a6177608,0.0
2025-03-10T19:45:00Z,147abc6a,8bab4dff,a6177608,0.0
2025-03-10T19:48:00Z,147abc6a,8bab4dff,a6177608,0.0
2025-03-10T19:51:00Z,147abc6a,8bab4dff,a6177608,0.0
2025-03-10T19:54:00Z,147abc6a,8bab4dff,a6177608,0.0
2025-03-10T19:57:00Z,147abc6a,8bab4dff,a6177608,0.0
2025-03-10T20:00:00Z,147abc6a,8bab4dff,a6177608,0.0
2025-03-10T20:03:00Z,147abc6a,8bab4dff,a6177608,0.0
2025-03-10T20:06:00Z,147abc6a,8bab4dff,a6177608,0.0
2025-03-10T20:09:00Z,147abc6a,8bab4dff,a6177608,0.0
2025-03-10T20:12:00Z,147abc6a,8bab4dff,a6177608,0.0
2025-03-10T20:15:00Z,147abc6a,8bab4dff,a6177608,0.0
2025-03-10T20:18:00Z,147abc6a,8bab4dff,a6177608,0.0
2025-03-10T20:21:00Z,147abc6a,8bab4dff,a6177608,0.0
2025-03-10T20:24:00Z,147abc6a,8bab4dff,a6177608,0.0
2025-03-10T20:27:00Z,147abc6a,8bab4dff,a6177608,0.0
2025-03-10T20:30:00Z,147abc6a,8bab4dff,a6177608,0.0
2025-03-10T20:33:00Z,147abc6a,8bab4dff,a6177608,0.0
2025-03-10T20:36:00Z,147abc6a,8bab4dff,a6177608,0.0
2025-03-10T20:39:00Z,147abc6a,8bab4dff,a6177608,0.0
2025-03-10T20:42:00Z,147abc6a,8bab4dff,a6177608,0.0
2025-03-10T20:45:00Z,147abc6a,8bab4dff,a6177608,0.0
2025-03-10T20:48:00Z,147abc6a,8bab4dff,a6177608,0.0
2025-03-10T20:51:00Z,147abc6a,8bab4dff,a6177608,0.0
2025-03-10T20:54:00Z,147abc6a,8bab4dff,a6177608,0.0
2025-03-10T20:57:00Z,147abc6a,8bab4dff,a6177608,0.0
2025-03-10T21:00:00Z,147abc6a,8bab4dff,a6177608,0.0
2025-03-10T21:03:00Z,147abc6a,8bab4dff,a6177608,0.0
2025-03-10T21:06:00Z,147abc6a,8bab4dff,a6177608,0.0
2025-03-10T21:09:00Z,147abc6a,8bab4dff,a6177608,0.0
2025-03-10T21:12:00Z,147abc6a,8bab4dff,a6177608,0.0
2025-03-10T21:15:00Z,147abc6a,8bab4dff,a6177608,0.0
2025-03-10T21:18:00Z,147abc6a,8bab4dff,a6177608,0.0
2025-03-10T21:21:00Z,147abc6a,8bab4dff,a6177608,0.0
2025-03-10T21:24:00Z,147abc6a,8bab4dff,a6177608,0.0
2025-03-10T21:27:00Z,147abc6a,8bab4dff,a6177608,0.0
2025-03-10T21:30:00Z,147abc6a,8bab4dff,a6177608,0.0
2025-03-10T21:33:00Z,147abc6a,8bab4dff,a6177608,0.0
2025-03-10T21:36:00Z,147abc6a,8bab4dff,a6177608,0.0
2025-03-10T21:39:00Z,147abc6a,8bab4dff,a6177608,0.0
2025-03-10T21:42:00Z,147abc6a,8bab4dff,a6177608,0.0
2025-03-10T21:45:00Z,147abc6a,8bab4dff,a6177608,0.0
2025-03-10T21:48:00Z,147abc6a,8bab4dff,a6177608,0.0
2025-03-10T21:51:00Z,147abc6a,8bab4dff,a6177608,0.0
2025-03-10T21:54:00Z,147abc6a,8bab4dff,a6177608,0.0
2025-03-10T21:57:00Z,147abc6a,8bab4dff,a6177608,0.0
2025-03-10T22:00:00Z,147abc6a,8bab4dff,a6177608,0.0
2025-03-10T22:03:00Z,147abc6a,8bab4dff,a6177608,0.0
2025-03-10T22:06:00Z,147abc6a,8bab4dff,a6177608,0.0
2025-03-10T22:09:00Z,147abc6a,8bab4dff,a6177608,0.0
2025-03-10T22:12:00Z,147abc6a,8bab4dff,a6177608,0.0
2025-03-10T22:15:00Z,147abc6a,8bab4dff,a6177608,0.0
2025-03-10T22:18:00Z,147abc6a,8bab4dff,a6177608,0.0
2025-03-10T22:21:00Z,147abc6a,8bab4dff,a6177608,0.0
2025-03-10T22:24:00Z,147abc6a,8bab4dff,a6177608,0.0
2025-03-10T22:27:00Z,147abc6a,8bab4dff,a6177608,0.0
2025-03-10T22:30:00Z,147abc6a,8bab4dff,a6177608,0.0
2025-03-10T22:33:00Z,147abc6a,8bab4dff,a6177608,0.0
2025-03-10T22:36:00Z,147abc6a,8bab4dff,a6177608,0.0
2025-03-10T22:39:00Z,147abc6a,8bab4dff,a6177608,0.0
2025-03-10T22:42:00Z,147abc6a,8bab4dff,a6177608,0.0
2025-03-10T22:45:00Z,147abc6a,8bab4dff,a6177608,0.0
2025-03-10T22:48:00Z,147abc6a,8bab4dff,a6177608,0.0
2025-03-10T22:51:00Z,147abc6a,8bab4dff,a6177608,0.01
2025-03-10T22:54:00Z,147abc6a,8bab4dff,a6177608,0.0
2025-03-10T22:57:00Z,147abc6a,8bab4dff,a6177608,0.0
2025-03-10T23:00:00Z,147abc6a,8bab4dff,a6177608,0.0
2025-03-10T23:03:00Z,147abc6a,8bab4dff,a6177608,0.0
2025-03-10T23:06:00Z,147abc6a,8bab4dff,a6177608,0.0
2025-03-10T23:09:00Z,147abc6a,8bab4dff,a6177608,0.0
2025-03-10T23:12:00Z,147abc6a,8bab4dff,a6177608,0.0
2025-03-10T23:15:00Z,147abc6a,8bab4dff,a6177608,0.0
2025-03-10T23:18:00Z,147abc6a,8bab4dff,a6177608,0.0
2025-03-10T23:21:00Z,147abc6a,8bab4dff,a6177608,0.0
2025-03-10T23:24:00Z,147abc6a,8bab4dff,a6177608,0.0
2025-03-10T23:27:00Z,147abc6a,8bab4dff,a6177608,0.0
2025-03-10T23:30:00Z,147abc6a,8bab4dff,a6177608,0.0
2025-03-10T23:33:00Z,147abc6a,8bab4dff,a6177608,0.0
2025-03-10T23:36:00Z,147abc6a,8bab4dff,a6177608,0.0
2025-03-10T23:39:00Z,147abc6a,8bab4dff,a6177608,0.0
2025-03-10T23:42:00Z,147abc6a,8bab4dff,a6177608,0.0
2025-03-10T23:45:00Z,147abc6a,8bab4dff,a6177608,0.0
2025-03-10T23:48:00Z,147abc6a,8bab4dff,a6177608,0.0
2025-03-10T23:51:00Z,147abc6a,8bab4dff,a6177608,0.0
2025-03-10T23:54:00Z,147abc6a,8bab4dff,a6177608,0.0
2025-03-10T23:57:00Z,147abc6a,8bab4dff,a6177608,0.0
2025-03-11T00:00:00Z,147abc6a,8bab4dff,a6177608,0.0
2025-03-11T00:03:00Z,147abc6a,8bab4dff,a6177608,0.0
2025-03-11T00:06:00Z,147abc6a,8bab4dff,a6177608,0.0
2025-03-11T00:09:00Z,147abc6a,8bab4dff,a6177608,0.0
2025-03-11T00:12:00Z,147abc6a,8bab4dff,a6177608,0.0
2025-03-11T00:15:00Z,147abc6a,8bab4dff,a6177608,0.0
2025-03-11T00:18:00Z,147abc6a,8bab4dff,a6177608,0.0
2025-03-11T00:21:00Z,147abc6a,8bab4dff,a6177608,0.0
2025-03-11T00:24:00Z,147abc6a,8bab4dff,a6177608,0.0
2025-03-11T00:27:00Z,147abc6a,8bab4dff,a6177608,0.0
2025-03-11T00:30:00Z,147abc6a,8bab4dff,a6177608,0.0
2025-03-11T00:33:00Z,147abc6a,8bab4dff,a6177608,0.0
2025-03-11T00:36:00Z,147abc6a,8bab4dff,a6177608,0.0
2025-03-11T00:39:00Z,147abc6a,8bab4dff,a6177608,0.0
2025-03-11T00:42:00Z,147abc6a,8bab4dff,a6177608,0.0
2025-03-11T00:45:00Z,147abc6a,8bab4dff,a6177608,0.0
2025-03-11T00:48:00Z,147abc6a,8bab4dff,a6177608,0.0
2025-03-11T00:51:00Z,147abc6a,8bab4dff,a6177608,0.0
2025-03-11T00:54:00Z,147abc6a,8bab4dff,a6177608,0.0
2025-03-11T00:57:00Z,147abc6a,8bab4dff,a6177608,0.0
2025-03-11T01:00:00Z,147abc6a,8bab4dff,a6177608,0.0
2025-03-11T01:03:00Z,147abc6a,8bab4dff,a6177608,0.0
2025-03-11T01:06:00Z,147abc6a,8bab4dff,a6177608,0.0
2025-03-11T01:09:00Z,147abc6a,8bab4dff,a6177608,0.0
2025-03-11T01:12:00Z,147abc6a,8bab4dff,a6177608,0.0
2025-03-11T01:15:00Z,147abc6a,8bab4dff,a6177608,0.0
2025-03-11T01:18:00Z,147abc6a,8bab4dff,a6177608,0.0
2025-03-11T01:21:00Z,147abc6a,8bab4dff,a6177608,0.0
2025-03-11T01:24:00Z,147abc6a,8bab4dff,a6177608,0.0
2025-03-11T01:27:00Z,147abc6a,8bab4dff,a6177608,0.0
2025-03-11T01:30:00Z,147abc6a,8bab4dff,a6177608,0.0
2025-03-11T01:33:00Z,147abc6a,8bab4dff,a6177608,0.0
2025-03-11T01:36:00Z,147abc6a,8bab4dff,a6177608,0.0
2025-03-11T01:39:00Z,147abc6a,8bab4dff,a6177608,0.0
2025-03-11T01:42:00Z,147abc6a,8bab4dff,a6177608,0.0
2025-03-11T01:45:00Z,147abc6a,8bab4dff,a6177608,0.0
2025-03-11T01:48:00Z,147abc6a,8bab4dff,a6177608,0.0
2025-03-11T01:51:00Z,147abc6a,8bab4dff,a6177608,0.0
2025-03-11T01:54:00Z,147abc6a,8bab4dff,a6177608,0.0
2025-03-11T01:57:00Z,147abc6a,8bab4dff,a6177608,0.0
2025-03-11T02:00:00Z,147abc6a,8bab4dff,a6177608,0.0
2025-03-11T02:03:00Z,147abc6a,8bab4dff,a6177608,0.0
2025-03-11T02:06:00Z,147abc6a,8bab4dff,a6177608,0.0
2025-03-11T02:09:00Z,147abc6a,8bab4dff,a6177608,0.0
2025-03-11T02:12:00Z,147abc6a,8bab4dff,a6177608,0.0
2025-03-11T02:15:00Z,147abc6a,8bab4dff,a6177608,0.0
2025-03-11T02:18:00Z,147abc6a,8bab4dff,a6177608,0.0
2025-03-11T02:21:00Z,147abc6a,8bab4dff,a6177608,0.0
2025-03-11T02:24:00Z,147abc6a,8bab4dff,a6177608,0.0
2025-03-11T02:27:00Z,147abc6a,8bab4dff,a6177608,0.0
2025-03-11T02:30:00Z,147abc6a,8bab4dff,a6177608,0.0
2025-03-11T02:33:00Z,147abc6a,8bab4dff,a6177608,0.0
2025-03-11T02:36:00Z,147abc6a,8bab4dff,a6177608,0.0
2025-03-11T02:39:00Z,147abc6a,8bab4dff,a6177608,0.0
2025-03-11T02:42:00Z,147abc6a,8bab4dff,a6177608,0.0
2025-03-11T02:45:00Z,147abc6a,8bab4dff,a6177608,0.0
2025-03-11T02:48:00Z,147abc6a,8bab4dff,a6177608,0.0
2025-03-11T02:51:00Z,147abc6a,8bab4dff,a6177608,0.0
2025-03-11T02:54:00Z,147abc6a,8bab4dff,a6177608,0.0
2025-03-11T02:57:00Z,147abc6a,8bab4dff,a6177608,0.0
2025-03-11T03:00:00Z,147abc6a,8bab4dff,a6177608,0.0
2025-03-11T03:03:00Z,147abc6a,8bab4dff,a6177608,0.0
2025-03-11T03:06:00Z,147abc6a,8bab4dff,a6177608,0.0
2025-03-11T03:09:00Z,147abc6a,8bab4dff,a6177608,0.0
2025-03-11T03:12:00Z,147abc6a,8bab4dff,a6177608,0.0
2025-03-11T03:15:00Z,147abc6a,8bab4dff,a6177608,0.0
2025-03-11T03:18:00Z,147abc6a,8bab4dff,a6177608,0.0
2025-03-11T03:21:00Z,147abc6a,8bab4dff,a6177608,0.0
2025-03-11T03:24:00Z,147abc6a,8bab4dff,a6177608,0.0
2025-03-11T03:27:00Z,147abc6a,8bab4dff,a6177608,0.0
2025-03-11T03:30:00Z,147abc6a,8bab4dff,a6177608,0.0
2025-03-11T03:33:00Z,147abc6a,8bab4dff,a6177608,0.0
2025-03-11T03:36:00Z,147abc6a,8bab4dff,a6177608,0.0
2025-03-11T03:39:00Z,147abc6a,8bab4dff,a6177608,0.0
2025-03-11T03:42:00Z,147abc6a,8bab4dff,a6177608,0.0
2025-03-11T03:45:00Z,147abc6a,8bab4dff,a6177608,0.0
2025-03-11T03:48:00Z,147abc6a,8bab4dff,a6177608,0.0
2025-03-11T03:51:00Z,147abc6a,8bab4dff,a6177608,0.0
2025-03-11T03:54:00Z,147abc6a,8bab4dff,a6177608,0.0
2025-03-11T03:57:00Z,147abc6a,8bab4dff,a6177608,0.0
2025-03-11T04:00:00Z,147abc6a,8bab4dff,a6177608,0.0
2025-03-11T04:03:00Z,147abc6a,8bab4dff,a6177608,0.0
2025-03-11T04:06:00Z,147abc6a,8bab4dff,a6177608,0.0
2025-03-11T04:09:00Z,147abc6a,8bab4dff,a6177608,0.0
2025-03-11T04:12:00Z,147abc6a,8bab4dff,a6177608,0.0
2025-03-11T04:15:00Z,147abc6a,8bab4dff,a6177608,0.0
2025-03-11T04:18:00Z,147abc6a,8bab4dff,a6177608,0.0
2025-03-11T04:21:00Z,147abc6a,8bab4dff,a6177608,0.0
2025-03-11T04:24:00Z,147abc6a,8bab4dff,a6177608,0.0
2025-03-11T04:27:00Z,147abc6a,8bab4dff,a6177608,0.0
2025-03-11T04:30:00Z,147abc6a,8bab4dff,a6177608,0.0
2025-03-11T04:33:00Z,147abc6a,8bab4dff,a6177608,0.0
2025-03-11T04:36:00Z,147abc6a,8bab4dff,a6177608,0.0
2025-03-11T04:39:00Z,147abc6a,8bab4dff,a6177608,0.0
2025-03-11T04:42:00Z,147abc6a,8bab4dff,a6177608,0.0
2025-03-11T04:45:00Z,147abc6a,8bab4dff,a6177608,0.0
2025-03-11T04:48:00Z,147abc6a,8bab4dff,a6177608,0.0
2025-03-11T04:51:00Z,147abc6a,8bab4dff,a6177608,0.0
2025-03-11T04:54:00Z,147abc6a,8bab4dff,a6177608,0.0
2025-03-11T04:57:00Z,147abc6a,8bab4dff,a6177608,0.0
2025-03-11T05:00:00Z,147abc6a,8bab4dff,a6177608,0.0
2025-03-11T05:03:00Z,147abc6a,8bab4dff,a6177608,0.0
2025-03-11T05:06:00Z,147abc6a,8bab4dff,a6177608,0.0
2025-03-11T05:09:00Z,147abc6a,8bab4dff,a6177608,0.0
2025-03-11T05:12:00Z,147abc6a,8bab4dff,a6177608,0.0
2025-03-11T05:15:00Z,147abc6a,8bab4dff,a6177608,0.0
2025-03-11T05:18:00Z,147abc6a,8bab4dff,a6177608,0.0
2025-03-11T05:21:00Z,147abc6a,8bab4dff,a6177608,0.0
2025-03-11T05:24:00Z,147abc6a,8bab4dff,a6177608,0.0
2025-03-11T05:27:00Z,147abc6a,8bab4dff,a6177608,0.0
2025-03-11T05:30:00Z,147abc6a,8bab4dff,a6177608,0.0
2025-03-11T05:33:00Z,147abc6a,8bab4dff,a6177608,0.0
2025-03-11T05:36:00Z,147abc6a,8bab4dff,a6177608,0.0
2025-03-11T05:39:00Z,147abc6a,8bab4dff,a6177608,0.0
2025-03-11T05:42:00Z,147abc6a,8bab4dff,a6177608,0.0
2025-03-11T05:45:00Z,147abc6a,8bab4dff,a6177608,0.0
2025-03-11T05:48:00Z,147abc6a,8bab4dff,a6177608,0.0
2025-03-11T05:51:00Z,147abc6a,8bab4dff,a6177608,0.0
2025-03-11T05:54:00Z,147abc6a,8bab4dff,a6177608,0.0
2025-03-11T05:57:00Z,147abc6a,8bab4dff,a6177608,0.0
2025-03-11T06:00:00Z,147abc6a,8bab4dff,a6177608,0.0
2025-03-11T06:03:00Z,147abc6a,8bab4dff,a6177608,0.0
2025-03-11T06:06:00Z,147abc6a,8bab4dff,a6177608,0.0
2025-03-11T06:09:00Z,147abc6a,8bab4dff,a6177608,0.0
2025-03-11T06:12:00Z,147abc6a,8bab4dff,a6177608,0.0
2025-03-11T06:15:00Z,147abc6a,8bab4dff,a6177608,0.0
2025-03-11T06:18:00Z,147abc6a,8bab4dff,a6177608,0.0
2025-03-11T06:21:00Z,147abc6a,8bab4dff,a6177608,0.0
2025-03-11T06:24:00Z,147abc6a,8bab4dff,a6177608,0.0
2025-03-11T06:27:00Z,147abc6a,8bab4dff,a6177608,0.0
2025-03-11T06:30:00Z,147abc6a,8bab4dff,a6177608,0.0
2025-03-11T06:33:00Z,147abc6a,8bab4dff,a6177608,0.0
2025-03-11T06:36:00Z,147abc6a,8bab4dff,a6177608,0.0
2025-03-11T06:39:00Z,147abc6a,8bab4dff,a6177608,0.0
2025-03-11T06:42:00Z,147abc6a,8bab4dff,a6177608,0.0
2025-03-11T06:45:00Z,147abc6a,8bab4dff,a6177608,0.01
2025-03-11T06:48:00Z,147abc6a,8bab4dff,a6177608,0.0
2025-03-11T06:51:00Z,147abc6a,8bab4dff,a6177608,0.0
2025-03-11T06:54:00Z,147abc6a,8bab4dff,a6177608,0.0
2025-03-11T06:57:00Z,147abc6a,8bab4dff,a6177608,0.0
2025-03-11T07:00:00Z,147abc6a,8bab4dff,a6177608,0.0
2025-03-11T07:03:00Z,147abc6a,8bab4dff,a6177608,0.0
2025-03-11T07:06:00Z,147abc6a,8bab4dff,a6177608,0.0
2025-03-11T07:09:00Z,147abc6a,8bab4dff,a6177608,0.0
2025-03-11T07:12:00Z,147abc6a,8bab4dff,a6177608,0.0
2025-03-11T07:15:00Z,147abc6a,8bab4dff,a6177608,0.0
2025-03-11T07:18:00Z,147abc6a,8bab4dff,a6177608,0.0
2025-03-11T07:21:00Z,147abc6a,8bab4dff,a6177608,0.0
2025-03-11T07:24:00Z,147abc6a,8bab4dff,a6177608,0.0
2025-03-11T07:27:00Z,147abc6a,8bab4dff,a6177608,0.0
2025-03-11T07:30:00Z,147abc6a,8bab4dff,a6177608,0.0
2025-03-11T07:33:00Z,147abc6a,8bab4dff,a6177608,0.0
2025-03-11T07:36:00Z,147abc6a,8bab4dff,a6177608,0.0
2025-03-11T07:39:00Z,147abc6a,8bab4dff,a6177608,0.0
2025-03-11T07:42:00Z,147abc6a,8bab4dff,a6177608,0.0
2025-03-11T07:45:00Z,147abc6a,8bab4dff,a6177608,0.0
2025-03-11T07:48:00Z,147abc6a,8bab4dff,a6177608,0.0
2025-03-11T07:51:00Z,147abc6a,8bab4dff,a6177608,0.0
2025-03-11T07:54:00Z,147abc6a,8bab4dff,a6177608,0.0
2025-03-11T07:57:00Z,147abc6a,8bab4dff,a6177608,0.0
2025-03-11T08:00:00Z,147abc6a,8bab4dff,a6177608,0.0
2025-03-11T08:03:00Z,147abc6a,8bab4dff,a6177608,0.0
2025-03-11T08:06:00Z,147abc6a,8bab4dff,a6177608,0.0
2025-03-11T08:09:00Z,147abc6a,8bab4dff,a6177608,0.0
2025-03-11T08:12:00Z,147abc6a,8bab4dff,a6177608,0.0
2025-03-11T08:15:00Z,147abc6a,8bab4dff,a6177608,0.0
2025-03-11T08:18:00Z,147abc6a,8bab4dff,a6177608,0.0
2025-03-11T08:21:00Z,147abc6a,8bab4dff,a6177608,0.0
2025-03-11T08:24:00Z,147abc6a,8bab4dff,a6177608,0.0
2025-03-11T08:27:00Z,147abc6a,8bab4dff,a6177608,0.0
2025-03-11T08:30:00Z,147abc6a,8bab4dff,a6177608,0.0
2025-03-11T08:33:00Z,147abc6a,8bab4dff,a6177608,0.0
2025-03-11T08:36:00Z,147abc6a,8bab4dff,a6177608,0.0
2025-03-11T08:39:00Z,147abc6a,8bab4dff,a6177608,0.0
2025-03-11T08:42:00Z,147abc6a,8bab4dff,a6177608,0.0
2025-03-11T08:45:00Z,147abc6a,8bab4dff,a6177608,0.0
2025-03-11T08:48:00Z,147abc6a,8bab4dff,a6177608,0.0
2025-03-11T08:51:00Z,147abc6a,8bab4dff,a6177608,0.0
2025-03-11T08:54:00Z,147abc6a,8bab4dff,a6177608,0.01
2025-03-11T08:57:00Z,147abc6a,8bab4dff,a6177608,0.0
2025-03-11T09:00:00Z,147abc6a,8bab4dff,a6177608,0.0
2025-03-11T09:03:00Z,147abc6a,8bab4dff,a6177608,0.0
2025-03-11T09:06:00Z,147abc6a,8bab4dff,a6177608,0.0
2025-03-11T09:09:00Z,147abc6a,8bab4dff,a6177608,0.0
2025-03-11T09:12:00Z,147abc6a,8bab4dff,a6177608,0.0
2025-03-11T09:15:00Z,147abc6a,8bab4dff,a6177608,0.0
2025-03-11T09:18:00Z,147abc6a,8bab4dff,a6177608,0.0
2025-03-11T09:21:00Z,147abc6a,8bab4dff,a6177608,0.0
2025-03-11T09:24:00Z,147abc6a,8bab4dff,a6177608,0.0
2025-03-11T09:27:00Z,147abc6a,8bab4dff,a6177608,0.0
2025-03-11T09:30:00Z,147abc6a,8bab4dff,a6177608,0.0
2025-03-11T09:33:00Z,147abc6a,8bab4dff,a6177608,0.0
2025-03-11T09:36:00Z,147abc6a,8bab4dff,a6177608,0.0
2025-03-11T09:39:00Z,147abc6a,8bab4dff,a6177608,0.0
2025-03-11T09:42:00Z,147abc6a,8bab4dff,a6177608,0.0
2025-03-11T09:45:00Z,147abc6a,8bab4dff,a6177608,0.0
2025-03-11T09:48:00Z,147abc6a,8bab4dff,a6177608,0.0
2025-03-11T09:51:00Z,147abc6a,8bab4dff,a6177608,0.0
2025-03-11T09:54:00Z,147abc6a,8bab4dff,a6177608,0.0
2025-03-11T09:57:00Z,147abc6a,8bab4dff,a6177608,0.0
2025-03-11T10:00:00Z,147abc6a,8bab4dff,a6177608,0.0
2025-03-11T10:03:00Z,147abc6a,8bab4dff,a6177608,0.0
2025-03-11T10:06:00Z,147abc6a,8bab4dff,a6177608,0.0
2025-03-11T10:09:00Z,147abc6a,8bab4dff,a6177608,0.0
2025-03-11T10:12:00Z,147abc6a,8bab4dff,a6177608,0.0
2025-03-11T10:15:00Z,147abc6a,8bab4dff,a6177608,0.0
2025-03-11T10:18:00Z,147abc6a,8bab4dff,a6177608,0.0
2025-03-11T10:21:00Z,147abc6a,8bab4dff,a6177608,0.0
2025-03-11T10:24:00Z,147abc6a,8bab4dff,a6177608,0.0
2025-03-11T10:27:00Z,147abc6a,8bab4dff,a6177608,0.0
2025-03-11T10:30:00Z,147abc6a,8bab4dff,a6177608,0.0
2025-03-11T10:33:00Z,147abc6a,8bab4dff,a6177608,0.0
2025-03-11T10:36:00Z,147abc6a,8bab4dff,a6177608,0.0
2025-03-11T10:39:00Z,147abc6a,8bab4dff,a6177608,0.0
2025-03-11T10:42:00Z,147abc6a,8bab4dff,a6177608,0.0
2025-03-11T10:45:00Z,147abc6a,8bab4dff,a6177608,0.0
2025-03-11T10:48:00Z,147abc6a,8bab4dff,a6177608,0.0
2025-03-11T10:51:00Z,147abc6a,8bab4dff,a6177608,0.0
2025-03-11T10:54:00Z,147abc6a,8bab4dff,a6177608,0.0
2025-03-11T10:57:00Z,147abc6a,8bab4dff,a6177608,0.0
2025-03-11T11:00:00Z,147abc6a,8bab4dff,a6177608,0.0
2025-03-11T11:03:00Z,147abc6a,8bab4dff,a6177608,0.0
2025-03-11T11:06:00Z,147abc6a,8bab4dff,a6177608,0.0
2025-03-11T11:09:00Z,147abc6a,8bab4dff,a6177608,0.0
2025-03-11T11:12:00Z,147abc6a,8bab4dff,a6177608,0.0
2025-03-11T11:15:00Z,147abc6a,8bab4dff,a6177608,0.0
2025-03-11T11:18:00Z,147abc6a,8bab4dff,a6177608,0.0
2025-03-11T11:21:00Z,147abc6a,8bab4dff,a6177608,0.0
2025-03-11T11:24:00Z,147abc6a,8bab4dff,a6177608,0.0
2025-03-11T11:27:00Z,147abc6a,8bab4dff,a6177608,0.0
2025-03-11T11:30:00Z,147abc6a,8bab4dff,a6177608,0.0
2025-03-11T11:33:00Z,147abc6a,8bab4dff,a6177608,0.0
2025-03-11T11:36:00Z,147abc6a,8bab4dff,a6177608,0.0
2025-03-11T11:39:00Z,147abc6a,8bab4dff,a6177608,0.0
2025-03-11T11:42:00Z,147abc6a,8bab4dff,a6177608,0.13
2025-03-11T11:45:00Z,147abc6a,8bab4dff,a6177608,0.26
2025-03-11T11:48:00Z,147abc6a,8bab4dff,a6177608,0.0
2025-03-11T11:51:00Z,147abc6a,8bab4dff,a6177608,0.0
2025-03-11T11:54:00Z,147abc6a,8bab4dff,a6177608,0.0
2025-03-11T11:57:00Z,147abc6a,8bab4dff,a6177608,0.0
2025-03-11T12:00:00Z,147abc6a,8bab4dff,a6177608,0.0
2025-03-11T12:03:00Z,147abc6a,8bab4dff,a6177608,0.0
2025-03-11T12:06:00Z,147abc6a,8bab4dff,a6177608,0.0
2025-03-11T12:09:00Z,147abc6a,8bab4dff,a6177608,0.0
2025-03-11T12:12:00Z,147abc6a,8bab4dff,a6177608,0.0
2025-03-11T12:15:00Z,147abc6a,8bab4dff,a6177608,0.0
2025-03-11T12:18:00Z,147abc6a,8bab4dff,a6177608,0.0
2025-03-11T12:21:00Z,147abc6a,8bab4dff,a6177608,0.0
2025-03-11T12:24:00Z,147abc6a,8bab4dff,a6177608,0.0
2025-03-11T12:27:00Z,147abc6a,8bab4dff,a6177608,0.0
2025-03-11T12:30:00Z,147abc6a,8bab4dff,a6177608,0.0
2025-03-11T12:33:00Z,147abc6a,8bab4dff,a6177608,0.0
2025-03-11T12:36:00Z,147abc6a,8bab4dff,a6177608,0.0
2025-03-11T12:39:00Z,147abc6a,8bab4dff,a6177608,0.0
2025-03-11T12:42:00Z,147abc6a,8bab4dff,a6177608,0.0
2025-03-11T12:45:00Z,147abc6a,8bab4dff,a6177608,0.0
2025-03-11T12:48:00Z,147abc6a,8bab4dff,a6177608,0.0
2025-03-11T12:51:00Z,147abc6a,8bab4dff,a6177608,0.0
2025-03-11T12:54:00Z,147abc6a,8bab4dff,a6177608,0.0
2025-03-11T12:57:00Z,147abc6a,8bab4dff,a6177608,0.0
2025-03-11T13:00:00Z,147abc6a,8bab4dff,a6177608,0.0
2025-03-11T13:03:00Z,147abc6a,8bab4dff,a6177608,0.0
2025-03-11T13:06:00Z,147abc6a,8bab4dff,a6177608,0.0
2025-03-11T13:09:00Z,147abc6a,8bab4dff,a6177608,0.0
2025-03-11T13:12:00Z,147abc6a,8bab4dff,a6177608,0.0
2025-03-11T13:15:00Z,147abc6a,8bab4dff,a6177608,0.0
2025-03-11T13:18:00Z,147abc6a,8bab4dff,a6177608,0.0
2025-03-11T13:21:00Z,147abc6a,8bab4dff,a6177608,0.0
2025-03-11T13:24:00Z,147abc6a,8bab4dff,a6177608,0.0
2025-03-11T13:27:00Z,147abc6a,8bab4dff,a6177608,0.0
2025-03-11T13:30:00Z,147abc6a,8bab4dff,a6177608,0.0
2025-03-11T13:33:00Z,147abc6a,8bab4dff,a6177608,0.0
2025-03-11T13:36:00Z,147abc6a,8bab4dff,a6177608,0.0
2025-03-11T13:39:00Z,147abc6a,8bab4dff,a6177608,0.0
2025-03-11T13:42:00Z,147abc6a,8bab4dff,a6177608,0.0
2025-03-11T13:45:00Z,147abc6a,8bab4dff,a6177608,0.0
2025-03-11T13:48:00Z,147abc6a,8bab4dff,a6177608,0.0
2025-03-11T13:51:00Z,147abc6a,8bab4dff,a6177608,0.0
2025-03-11T13:54:00Z,147abc6a,8bab4dff,a6177608,0.0
2025-03-11T13:57:00Z,147abc6a,8bab4dff,a6177608,0.0
2025-03-11T14:00:00Z,147abc6a,8bab4dff,a6177608,0.0
2025-03-11T14:03:00Z,147abc6a,8bab4dff,a6177608,0.0
2025-03-11T14:06:00Z,147abc6a,8bab4dff,a6177608,0.0
2025-03-11T14:09:00Z,147abc6a,8bab4dff,a6177608,0.0
2025-03-11T14:12:00Z,147abc6a,8bab4dff,a6177608,0.0
2025-03-11T14:15:00Z,147abc6a,8bab4dff,a6177608,0.0
2025-03-11T14:18:00Z,147abc6a,8bab4dff,a6177608,0.0
2025-03-11T14:21:00Z,147abc6a,8bab4dff,a6177608,0.0
2025-03-11T14:24:00Z,147abc6a,8bab4dff,a6177608,0.0
2025-03-11T14:27:00Z,147abc6a,8bab4dff,a6177608,0.0
2025-03-11T14:30:00Z,147abc6a,8bab4dff,a6177608,0.0
2025-03-11T14:33:00Z,147abc6a,8bab4dff,a6177608,0.0
2025-03-11T14:36:00Z,147abc6a,8bab4dff,a6177608,0.0
2025-03-11T14:39:00Z,147abc6a,8bab4dff,a6177608,0.0
2025-03-11T14:42:00Z,147abc6a,8bab4dff,a6177608,0.0
2025-03-11T14:45:00Z,147abc6a,8bab4dff,a6177608,0.0
2025-03-11T14:48:00Z,147abc6a,8bab4dff,a6177608,0.0
2025-03-11T14:51:00Z,147abc6a,8bab4dff,a6177608,0.0
2025-03-11T14:54:00Z,147abc6a,8bab4dff,a6177608,0.0
2025-03-11T14:57:00Z,147abc6a,8bab4dff,a6177608,0.0
2025-03-11T15:00:00Z,147abc6a,8bab4dff,a6177608,0.0
2025-03-11T15:03:00Z,147abc6a,8bab4dff,a6177608,0.0
2025-03-11T15:06:00Z,147abc6a,8bab4dff,a6177608,0.0
2025-03-11T15:09:00Z,147abc6a,8bab4dff,a6177608,0.0
2025-03-11T15:12:00Z,147abc6a,8bab4dff,a6177608,0.0
2025-03-11T15:15:00Z,147abc6a,8bab4dff,a6177608,0.0
2025-03-11T15:18:00Z,147abc6a,8bab4dff,a6177608,0.0
2025-03-11T15:21:00Z,147abc6a,8bab4dff,a6177608,0.0
2025-03-11T15:24:00Z,147abc6a,8bab4dff,a6177608,0.0
2025-03-11T15:27:00Z,147abc6a,8bab4dff,a6177608,0.0
2025-03-11T15:30:00Z,147abc6a,8bab4dff,a6177608,0.0
2025-03-11T15:33:00Z,147abc6a,8bab4dff,a6177608,0.0
2025-03-11T15:36:00Z,147abc6a,8bab4dff,a6177608,0.0
2025-03-11T15:39:00Z,147abc6a,8bab4dff,a6177608,0.0
2025-03-11T15:42:00Z,147abc6a,8bab4dff,a6177608,0.0
2025-03-11T15:45:00Z,147abc6a,8bab4dff,a6177608,0.0
2025-03-11T15:48:00Z,147abc6a,8bab4dff,a6177608,0.0
2025-03-11T15:51:00Z,147abc6a,8bab4dff,a6177608,0.0
2025-03-11T15:54:00Z,147abc6a,8bab4dff,a6177608,0.0
2025-03-11T15:57:00Z,147abc6a,8bab4dff,a6177608,0.0
2025-03-11T16:00:00Z,147abc6a,8bab4dff,a6177608,0.0
2025-03-11T16:03:00Z,147abc6a,8bab4dff,a6177608,0.0
2025-03-11T16:06:00Z,147abc6a,8bab4dff,a6177608,0.0
2025-03-11T16:09:00Z,147abc6a,8bab4dff,a6177608,0.0
2025-03-11T16:12:00Z,147abc6a,8bab4dff,a6177608,0.0
2025-03-11T16:15:00Z,147abc6a,8bab4dff,a6177608,0.0
2025-03-11T16:18:00Z,147abc6a,8bab4dff,a6177608,0.0
2025-03-11T16:21:00Z,147abc6a,8bab4dff,a6177608,0.0
2025-03-11T16:24:00Z,147abc6a,8bab4dff,a6177608,0.0
2025-03-11T16:27:00Z,147abc6a,8bab4dff,a6177608,0.0
2025-03-11T16:30:00Z,147abc6a,8bab4dff,a6177608,0.0
2025-03-11T16:33:00Z,147abc6a,8bab4dff,a6177608,0.0
2025-03-11T16:36:00Z,147abc6a,8bab4dff,a6177608,0.0
2025-03-11T16:39:00Z,147abc6a,8bab4dff,a6177608,0.0
2025-03-11T16:42:00Z,147abc6a,8bab4dff,a6177608,0.0
2025-03-11T16:45:00Z,147abc6a,8bab4dff,a6177608,0.0
2025-03-11T16:48:00Z,147abc6a,8bab4dff,a6177608,0.0
2025-03-11T16:51:00Z,147abc6a,8bab4dff,a6177608,0.0
2025-03-11T16:54:00Z,147abc6a,8bab4dff,a6177608,0.0
2025-03-11T16:57:00Z,147abc6a,8bab4dff,a6177608,0.0
2025-03-11T17:00:00Z,147abc6a,8bab4dff,a6177608,0.0
2025-03-11T17:03:00Z,147abc6a,8bab4dff,a6177608,0.02
2025-03-11T17:06:00Z,147abc6a,8bab4dff,a6177608,0.0
2025-03-11T17:09:00Z,147abc6a,8bab4dff,a6177608,0.0
2025-03-11T17:12:00Z,147abc6a,8bab4dff,a6177608,0.0
2025-03-11T17:15:00Z,147abc6a,8bab4dff,a6177608,0.0
2025-03-11T17:18:00Z,147abc6a,8bab4dff,a6177608,0.0
2025-03-11T17:21:00Z,147abc6a,8bab4dff,a6177608,0.0
2025-03-11T17:24:00Z,147abc6a,8bab4dff,a6177608,0.0
2025-03-11T17:27:00Z,147abc6a,8bab4dff,a6177608,0.0
2025-03-11T17:30:00Z,147abc6a,8bab4dff,a6177608,0.0
2025-03-11T17:33:00Z,147abc6a,8bab4dff,a6177608,0.0
2025-03-11T17:36:00Z,147abc6a,8bab4dff,a6177608,0.0
2025-03-11T17:39:00Z,147abc6a,8bab4dff,a6177608,0.0
2025-03-11T17:42:00Z,147abc6a,8bab4dff,a6177608,0.0
2025-03-11T17:45:00Z,147abc6a,8bab4dff,a6177608,0.0
2025-03-11T17:48:00Z,147abc6a,8bab4dff,a6177608,0.0
2025-03-11T17:51:00Z,147abc6a,8bab4dff,a6177608,0.0
2025-03-11T17:54:00Z,147abc6a,8bab4dff,a6177608,0.0
2025-03-11T17:57:00Z,147abc6a,8bab4dff,a6177608,0.0
2025-03-11T18:00:00Z,147abc6a,8bab4dff,a6177608,0.0
2025-03-11T18:03:00Z,147abc6a,8bab4dff,a6177608,0.0
2025-03-11T18:06:00Z,147abc6a,8bab4dff,a6177608,0.0
2025-03-11T18:09:00Z,147abc6a,8bab4dff,a6177608,0.0
2025-03-11T18:12:00Z,147abc6a,8bab4dff,a6177608,0.0
2025-03-11T18:15:00Z,147abc6a,8bab4dff,a6177608,0.01
2025-03-11T18:18:00Z,147abc6a,8bab4dff,a6177608,0.0
2025-03-11T18:21:00Z,147abc6a,8bab4dff,a6177608,0.0
2025-03-11T18:24:00Z,147abc6a,8bab4dff,a6177608,0.0
2025-03-11T18:27:00Z,147abc6a,8bab4dff,a6177608,0.0
2025-03-11T18:30:00Z,147abc6a,8bab4dff,a6177608,0.0
2025-03-11T18:33:00Z,147abc6a,8bab4dff,a6177608,0.0
2025-03-11T18:36:00Z,147abc6a,8bab4dff,a6177608,0.0
2025-03-11T18:39:00Z,147abc6a,8bab4dff,a6177608,0.0
2025-03-11T18:42:00Z,147abc6a,8bab4dff,a6177608,0.0
2025-03-11T18:45:00Z,147abc6a,8bab4dff,a6177608,0.0
2025-03-11T18:48:00Z,147abc6a,8bab4dff,a6177608,0.0
2025-03-11T18:51:00Z,147abc6a,8bab4dff,a6177608,0.0
2025-03-11T18:54:00Z,147abc6a,8bab4dff,a6177608,0.0
2025-03-11T18:57:00Z,147abc6a,8bab4dff,a6177608,0.0
2025-03-11T19:00:00Z,147abc6a,8bab4dff,a6177608,0.0
2025-03-11T19:03:00Z,147abc6a,8bab4dff,a6177608,0.0
2025-03-11T19:06:00Z,147abc6a,8bab4dff,a6177608,0.0
2025-03-11T19:09:00Z,147abc6a,8bab4dff,a6177608,0.0
2025-03-11T19:12:00Z,147abc6a,8bab4dff,a6177608,0.0
2025-03-11T19:15:00Z,147abc6a,8bab4dff,a6177608,0.0
2025-03-11T19:18:00Z,147abc6a,8bab4dff,a6177608,0.0
2025-03-11T19:21:00Z,147abc6a,8bab4dff,a6177608,0.0
2025-03-11T19:24:00Z,147abc6a,8bab4dff,a6177608,0.0
2025-03-11T19:27:00Z,147abc6a,8bab4dff,a6177608,0.0
2025-03-11T19:30:00Z,147abc6a,8bab4dff,a6177608,0.0
2025-03-11T19:33:00Z,147abc6a,8bab4dff,a6177608,0.0
2025-03-11T19:36:00Z,147abc6a,8bab4dff,a6177608,0.0
2025-03-11T19:39:00Z,147abc6a,8bab4dff,a6177608,0.0
2025-03-11T19:42:00Z,147abc6a,8bab4dff,a6177608,0.0
2025-03-11T19:45:00Z,147abc6a,8bab4dff,a6177608,0.0
2025-03-11T19:48:00Z,147abc6a,8bab4dff,a6177608,0.0
2025-03-11T19:51:00Z,147abc6a,8bab4dff,a6177608,0.0
2025-03-11T19:54:00Z,147abc6a,8bab4dff,a6177608,0.0
2025-03-11T19:57:00Z,147abc6a,8bab4dff,a6177608,0.0
2025-03-11T20:00:00Z,147abc6a,8bab4dff,a6177608,0.0
2025-03-11T20:03:00Z,147abc6a,8bab4dff,a6177608,0.0
2025-03-11T20:06:00Z,147abc6a,8bab4dff,a6177608,0.0
2025-03-11T20:09:00Z,147abc6a,8bab4dff,a6177608,0.0
2025-03-11T20:12:00Z,147abc6a,8bab4dff,a6177608,0.0
2025-03-11T20:15:00Z,147abc6a,8bab4dff,a6177608,0.0
2025-03-11T20:18:00Z,147abc6a,8bab4dff,a6177608,0.0
2025-03-11T20:21:00Z,147abc6a,8bab4dff,a6177608,0.0
2025-03-11T20:24:00Z,147abc6a,8bab4dff,a6177608,0.0
2025-03-11T20:27:00Z,147abc6a,8bab4dff,a6177608,0.0
2025-03-11T20:30:00Z,147abc6a,8bab4dff,a6177608,0.0
2025-03-11T20:33:00Z,147abc6a,8bab4dff,a6177608,0.0
2025-03-11T20:36:00Z,147abc6a,8bab4dff,a6177608,0.0
2025-03-11T20:39:00Z,147abc6a,8bab4dff,a6177608,0.0
2025-03-11T20:42:00Z,147abc6a,8bab4dff,a6177608,0.0
2025-03-11T20:45:00Z,147abc6a,8bab4dff,a6177608,0.0
2025-03-11T20:48:00Z,147abc6a,8bab4dff,a6177608,0.0
2025-03-11T20:51:00Z,147abc6a,8bab4dff,a6177608,0.0
2025-03-11T20:54:00Z,147abc6a,8bab4dff,a6177608,0.0
2025-03-11T20:57:00Z,147abc6a,8bab4dff,a6177608,0.0
2025-03-11T21:00:00Z,147abc6a,8bab4dff,a6177608,0.0
2025-03-11T21:03:00Z,147abc6a,8bab4dff,a6177608,0.0
2025-03-11T21:06:00Z,147abc6a,8bab4dff,a6177608,0.0
2025-03-11T21:09:00Z,147abc6a,8bab4dff,a6177608,0.0
2025-03-11T21:12:00Z,147abc6a,8bab4dff,a6177608,0.0
2025-03-11T21:15:00Z,147abc6a,8bab4dff,a6177608,0.0
2025-03-11T21:18:00Z,147abc6a,8bab4dff,a6177608,0.0
2025-03-11T21:21:00Z,147abc6a,8bab4dff,a6177608,0.0
2025-03-11T21:24:00Z,147abc6a,8bab4dff,a6177608,0.0
2025-03-11T21:27:00Z,147abc6a,8bab4dff,a6177608,0.0
2025-03-11T21:30:00Z,147abc6a,8bab4dff,a6177608,0.0
2025-03-11T21:33:00Z,147abc6a,8bab4dff,a6177608,0.0
2025-03-11T21:36:00Z,147abc6a,8bab4dff,a6177608,0.0
2025-03-11T21:39:00Z,147abc6a,8bab4dff,a6177608,0.0
2025-03-11T21:42:00Z,147abc6a,8bab4dff,a6177608,0.0
2025-03-11T21:45:00Z,147abc6a,8bab4dff,a6177608,0.0
2025-03-11T21:48:00Z,147abc6a,8bab4dff,a6177608,0.0
2025-03-11T21:51:00Z,147abc6a,8bab4dff,a6177608,0.0
2025-03-11T21:54:00Z,147abc6a,8bab4dff,a6177608,0.0
2025-03-11T21:57:00Z,147abc6a,8bab4dff,a6177608,0.0
2025-03-11T22:00:00Z,147abc6a,8bab4dff,a6177608,0.0
2025-03-11T22:03:00Z,147abc6a,8bab4dff,a6177608,0.0
2025-03-11T22:06:00Z,147abc6a,8bab4dff,a6177608,0.0
2025-03-11T22:09:00Z,147abc6a,8bab4dff,a6177608,0.0
2025-03-11T22:12:00Z,147abc6a,8bab4dff,a6177608,0.0
2025-03-11T22:15:00Z,147abc6a,8bab4dff,a6177608,0.0
2025-03-11T22:18:00Z,147abc6a,8bab4dff,a6177608,0.0
2025-03-11T22:21:00Z,147abc6a,8bab4dff,a6177608,0.0
2025-03-11T22:24:00Z,147abc6a,8bab4dff,a6177608,0.0
2025-03-11T22:27:00Z,147abc6a,8bab4dff,a6177608,0.0
2025-03-11T22:30:00Z,147abc6a,8bab4dff,a6177608,0.0
2025-03-11T22:33:00Z,147abc6a,8bab4dff,a6177608,0.0
2025-03-11T22:36:00Z,147abc6a,8bab4dff,a6177608,0.0
2025-03-11T22:39:00Z,147abc6a,8bab4dff,a6177608,0.0
2025-03-11T22:42:00Z,147abc6a,8bab4dff,a6177608,0.0
2025-03-11T22:45:00Z,147abc6a,8bab4dff,a6177608,0.0
2025-03-11T22:48:00Z,147abc6a,8bab4dff,a6177608,0.0
2025-03-11T22:51:00Z,147abc6a,8bab4dff,a6177608,0.01
2025-03-11T22:54:00Z,147abc6a,8bab4dff,a6177608,0.0
2025-03-11T22:57:00Z,147abc6a,8bab4dff,a6177608,0.0
2025-03-11T23:00:00Z,147abc6a,8bab4dff,a6177608,0.0
2025-03-11T23:03:00Z,147abc6a,8bab4dff,a6177608,0.0
2025-03-11T23:06:00Z,147abc6a,8bab4dff,a6177608,0.0
2025-03-11T23:09:00Z,147abc6a,8bab4dff,a6177608,0.0
2025-03-11T23:12:00Z,147abc6a,8bab4dff,a6177608,0.0
2025-03-11T23:15:00Z,147abc6a,8bab4dff,a6177608,0.0
2025-03-11T23:18:00Z,147abc6a,8bab4dff,a6177608,0.0
2025-03-11T23:21:00Z,147abc6a,8bab4dff,a6177608,0.0
2025-03-11T23:24:00Z,147abc6a,8bab4dff,a6177608,0.0
2025-03-11T23:27:00Z,147abc6a,8bab4dff,a6177608,0.0
2025-03-11T23:30:00Z,147abc6a,8bab4dff,a6177608,0.0
2025-03-11T23:33:00Z,147abc6a,8bab4dff,a6177608,0.0
2025-03-11T23:36:00Z,147abc6a,8bab4dff,a6177608,0.0
2025-03-11T23:39:00Z,147abc6a,8bab4dff,a6177608,0.0
2025-03-11T23:42:00Z,147abc6a,8bab4dff,a6177608,0.0
2025-03-11T23:45:00Z,147abc6a,8bab4dff,a6177608,0.0
2025-03-11T23:48:00Z,147abc6a,8bab4dff,a6177608,0.0
2025-03-11T23:51:00Z,147abc6a,8bab4dff,a6177608,0.0
2025-03-11T23:54:00Z,147abc6a,8bab4dff,a6177608,0.0
2025-03-11T23:57:00Z,147abc6a,8bab4dff,a6177608,0.0
2025-03-12T00:00:00Z,147abc6a,8bab4dff,a6177608,0.0
2025-03-12T00:03:00Z,147abc6a,8bab4dff,a6177608,0.0
2025-03-12T00:06:00Z,147abc6a,8bab4dff,a6177608,0.0
2025-03-12T00:09:00Z,147abc6a,8bab4dff,a6177608,0.0
2025-03-12T00:12:00Z,147abc6a,8bab4dff,a6177608,0.0
2025-03-12T00:15:00Z,147abc6a,8bab4dff,a6177608,0.0
2025-03-12T00:18:00Z,147abc6a,8bab4dff,a6177608,0.0
2025-03-12T00:21:00Z,147abc6a,8bab4dff,a6177608,0.0
2025-03-12T00:24:00Z,147abc6a,8bab4dff,a6177608,0.0
2025-03-12T00:27:00Z,147abc6a,8bab4dff,a6177608,0.0
2025-03-12T00:30:00Z,147abc6a,8bab4dff,a6177608,0.0
2025-03-12T00:33:00Z,147abc6a,8bab4dff,a6177608,0.0
2025-03-12T00:36:00Z,147abc6a,8bab4dff,a6177608,0.0
2025-03-12T00:39:00Z,147abc6a,8bab4dff,a6177608,0.0
2025-03-12T00:42:00Z,147abc6a,8bab4dff,a6177608,0.0
2025-03-12T00:45:00Z,147abc6a,8bab4dff,a6177608,0.0
2025-03-12T00:48:00Z,147abc6a,8bab4dff,a6177608,0.0
2025-03-12T00:51:00Z,147abc6a,8bab4dff,a6177608,0.0
2025-03-12T00:54:00Z,147abc6a,8bab4dff,a6177608,0.0
2025-03-12T00:57:00Z,147abc6a,8bab4dff,a6177608,0.0
2025-03-12T01:00:00Z,147abc6a,8bab4dff,a6177608,0.0
2025-03-12T01:03:00Z,147abc6a,8bab4dff,a6177608,0.0
2025-03-12T01:06:00Z,147abc6a,8bab4dff,a6177608,0.0
2025-03-12T01:09:00Z,147abc6a,8bab4dff,a6177608,0.0
2025-03-12T01:12:00Z,147abc6a,8bab4dff,a6177608,0.0
2025-03-12T01:15:00Z,147abc6a,8bab4dff,a6177608,0.0
2025-03-12T01:18:00Z,147abc6a,8bab4dff,a6177608,0.0
2025-03-12T01:21:00Z,147abc6a,8bab4dff,a6177608,0.0
2025-03-12T01:24:00Z,147abc6a,8bab4dff,a6177608,0.0
2025-03-12T01:27:00Z,147abc6a,8bab4dff,a6177608,0.0
2025-03-12T01:30:00Z,147abc6a,8bab4dff,a6177608,0.0
2025-03-12T01:33:00Z,147abc6a,8bab4dff,a6177608,0.0
2025-03-12T01:36:00Z,147abc6a,8bab4dff,a6177608,0.0
2025-03-12T01:39:00Z,147abc6a,8bab4dff,a6177608,0.0
2025-03-12T01:42:00Z,147abc6a,8bab4dff,a6177608,0.0
2025-03-12T01:45:00Z,147abc6a,8bab4dff,a6177608,0.0
2025-03-12T01:48:00Z,147abc6a,8bab4dff,a6177608,0.0
2025-03-12T01:51:00Z,147abc6a,8bab4dff,a6177608,0.0
2025-03-12T01:54:00Z,147abc6a,8bab4dff,a6177608,0.0
2025-03-12T01:57:00Z,147abc6a,8bab4dff,a6177608,0.0
2025-03-12T02:00:00Z,147abc6a,8bab4dff,a6177608,0.0
2025-03-12T02:03:00Z,147abc6a,8bab4dff,a6177608,0.0
2025-03-12T02:06:00Z,147abc6a,8bab4dff,a6177608,0.0
2025-03-12T02:09:00Z,147abc6a,8bab4dff,a6177608,0.0
2025-03-12T02:12:00Z,147abc6a,8bab4dff,a6177608,0.0
2025-03-12T02:15:00Z,147abc6a,8bab4dff,a6177608,0.0
2025-03-12T02:18:00Z,147abc6a,8bab4dff,a6177608,0.0
2025-03-12T02:21:00Z,147abc6a,8bab4dff,a6177608,0.0
2025-03-12T02:24:00Z,147abc6a,8bab4dff,a6177608,0.0
2025-03-12T02:27:00Z,147abc6a,8bab4dff,a6177608,0.0
2025-03-12T02:30:00Z,147abc6a,8bab4dff,a6177608,0.0
2025-03-12T02:33:00Z,147abc6a,8bab4dff,a6177608,0.0
2025-03-12T02:36:00Z,147abc6a,8bab4dff,a6177608,0.0
2025-03-12T02:39:00Z,147abc6a,8bab4dff,a6177608,0.0
2025-03-12T02:42:00Z,147abc6a,8bab4dff,a6177608,0.0
2025-03-12T02:45:00Z,147abc6a,8bab4dff,a6177608,0.0
2025-03-12T02:48:00Z,147abc6a,8bab4dff,a6177608,0.0
2025-03-12T02:51:00Z,147abc6a,8bab4dff,a6177608,0.0
2025-03-12T02:54:00Z,147abc6a,8bab4dff,a6177608,0.0
2025-03-12T02:57:00Z,147abc6a,8bab4dff,a6177608,0.0
2025-03-12T03:00:00Z,147abc6a,8bab4dff,a6177608,0.0
2025-03-12T03:03:00Z,147abc6a,8bab4dff,a6177608,0.0
2025-03-12T03:06:00Z,147abc6a,8bab4dff,a6177608,0.0
2025-03-12T03:09:00Z,147abc6a,8bab4dff,a6177608,0.0
2025-03-12T03:12:00Z,147abc6a,8bab4dff,a6177608,0.0
2025-03-12T03:15:00Z,147abc6a,8bab4dff,a6177608,0.0
2025-03-12T03:18:00Z,147abc6a,8bab4dff,a6177608,0.0
2025-03-12T03:21:00Z,147abc6a,8bab4dff,a6177608,0.0
2025-03-12T03:24:00Z,147abc6a,8bab4dff,a6177608,0.0
2025-03-12T03:27:00Z,147abc6a,8bab4dff,a6177608,0.0
2025-03-12T03:30:00Z,147abc6a,8bab4dff,a6177608,0.0
2025-03-12T03:33:00Z,147abc6a,8bab4dff,a6177608,0.0
2025-03-12T03:36:00Z,147abc6a,8bab4dff,a6177608,0.0
2025-03-12T03:39:00Z,147abc6a,8bab4dff,a6177608,0.0
2025-03-12T03:42:00Z,147abc6a,8bab4dff,a6177608,0.0
2025-03-12T03:45:00Z,147abc6a,8bab4dff,a6177608,0.0
2025-03-12T03:48:00Z,147abc6a,8bab4dff,a6177608,0.0
2025-03-12T03:51:00Z,147abc6a,8bab4dff,a6177608,0.0
2025-03-12T03:54:00Z,147abc6a,8bab4dff,a6177608,0.0
2025-03-12T03:57:00Z,147abc6a,8bab4dff,a6177608,0.0
2025-03-12T04:00:00Z,147abc6a,8bab4dff,a6177608,0.0
2025-03-12T04:03:00Z,147abc6a,8bab4dff,a6177608,0.0
2025-03-12T04:06:00Z,147abc6a,8bab4dff,a6177608,0.0
2025-03-12T04:09:00Z,147abc6a,8bab4dff,a6177608,0.0
2025-03-12T04:12:00Z,147abc6a,8bab4dff,a6177608,0.0
2025-03-12T04:15:00Z,147abc6a,8bab4dff,a6177608,0.0
2025-03-12T04:18:00Z,147abc6a,8bab4dff,a6177608,0.0
2025-03-12T04:21:00Z,147abc6a,8bab4dff,a6177608,0.0
2025-03-12T04:24:00Z,147abc6a,8bab4dff,a6177608,0.0
2025-03-12T04:27:00Z,147abc6a,8bab4dff,a6177608,0.08
2025-03-12T04:30:00Z,147abc6a,8bab4dff,a6177608,0.0
2025-03-12T04:33:00Z,147abc6a,8bab4dff,a6177608,0.0
2025-03-12T04:36:00Z,147abc6a,8bab4dff,a6177608,0.0
2025-03-12T04:39:00Z,147abc6a,8bab4dff,a6177608,0.0
2025-03-12T04:42:00Z,147abc6a,8bab4dff,a6177608,0.0
2025-03-12T04:45:00Z,147abc6a,8bab4dff,a6177608,0.0
2025-03-12T04:48:00Z,147abc6a,8bab4dff,a6177608,0.0
2025-03-12T04:51:00Z,147abc6a,8bab4dff,a6177608,0.0
2025-03-12T04:54:00Z,147abc6a,8bab4dff,a6177608,0.0
2025-03-12T04:57:00Z,147abc6a,8bab4dff,a6177608,0.0
2025-03-12T05:00:00Z,147abc6a,8bab4dff,a6177608,0.0
2025-03-12T05:03:00Z,147abc6a,8bab4dff,a6177608,0.0
2025-03-12T05:06:00Z,147abc6a,8bab4dff,a6177608,0.0
2025-03-12T05:09:00Z,147abc6a,8bab4dff,a6177608,0.0
2025-03-12T05:12:00Z,147abc6a,8bab4dff,a6177608,0.0
2025-03-12T05:15:00Z,147abc6a,8bab4dff,a6177608,0.0
2025-03-12T05:18:00Z,147abc6a,8bab4dff,a6177608,0.0
2025-03-12T05:21:00Z,147abc6a,8bab4dff,a6177608,0.0
2025-03-12T05:24:00Z,147abc6a,8bab4dff,a6177608,0.0
2025-03-12T05:27:00Z,147abc6a,8bab4dff,a6177608,0.0
2025-03-12T05:30:00Z,147abc6a,8bab4dff,a6177608,0.0
2025-03-12T05:33:00Z,147abc6a,8bab4dff,a6177608,0.0
2025-03-12T05:36:00Z,147abc6a,8bab4dff,a6177608,0.0
2025-03-12T05:39:00Z,147abc6a,8bab4dff,a6177608,0.0
2025-03-12T05:42:00Z,147abc6a,8bab4dff,a6177608,0.0
2025-03-12T05:45:00Z,147abc6a,8bab4dff,a6177608,0.0
2025-03-12T05:48:00Z,147abc6a,8bab4dff,a6177608,0.0
2025-03-12T05:51:00Z,147abc6a,8bab4dff,a6177608,0.0
2025-03-12T05:54:00Z,147abc6a,8bab4dff,a6177608,0.0
2025-03-12T05:57:00Z,147abc6a,8bab4dff,a6177608,0.0
2025-03-12T06:00:00Z,147abc6a,8bab4dff,a6177608,0.0
2025-03-12T06:03:00Z,147abc6a,8bab4dff,a6177608,0.0
2025-03-12T06:06:00Z,147abc6a,8bab4dff,a6177608,0.0
2025-03-12T06:09:00Z,147abc6a,8bab4dff,a6177608,0.0
2025-03-12T06:12:00Z,147abc6a,8bab4dff,a6177608,0.0
2025-03-12T06:15:00Z,147abc6a,8bab4dff,a6177608,0.0
2025-03-12T06:18:00Z,147abc6a,8bab4dff,a6177608,0.0
2025-03-12T06:21:00Z,147abc6a,8bab4dff,a6177608,0.0
2025-03-12T06:24:00Z,147abc6a,8bab4dff,a6177608,0.0
2025-03-12T06:27:00Z,147abc6a,8bab4dff,a6177608,0.0
2025-03-12T06:30:00Z,147abc6a,8bab4dff,a6177608,0.0
2025-03-12T06:33:00Z,147abc6a,8bab4dff,a6177608,0.0
2025-03-12T06:36:00Z,147abc6a,8bab4dff,a6177608,0.0
2025-03-12T06:39:00Z,147abc6a,8bab4dff,a6177608,0.0
2025-03-12T06:42:00Z,147abc6a,8bab4dff,a6177608,0.0
2025-03-12T06:45:00Z,147abc6a,8bab4dff,a6177608,0.0
2025-03-12T06:48:00Z,147abc6a,8bab4dff,a6177608,0.0
2025-03-12T06:51:00Z,147abc6a,8bab4dff,a6177608,0.0
2025-03-12T06:54:00Z,147abc6a,8bab4dff,a6177608,0.0
2025-03-12T06:57:00Z,147abc6a,8bab4dff,a6177608,0.0
2025-03-12T07:00:00Z,147abc6a,8bab4dff,a6177608,0.0
2025-03-12T07:03:00Z,147abc6a,8bab4dff,a6177608,0.0
2025-03-12T07:06:00Z,147abc6a,8bab4dff,a6177608,0.0
2025-03-12T07:09:00Z,147abc6a,8bab4dff,a6177608,0.0
2025-03-12T07:12:00Z,147abc6a,8bab4dff,a6177608,0.0
2025-03-12T07:15:00Z,147abc6a,8bab4dff,a6177608,0.0
2025-03-12T07:18:00Z,147abc6a,8bab4dff,a6177608,0.0
2025-03-12T07:21:00Z,147abc6a,8bab4dff,a6177608,0.0
2025-03-12T07:24:00Z,147abc6a,8bab4dff,a6177608,0.0
2025-03-12T07:27:00Z,147abc6a,8bab4dff,a6177608,0.0
2025-03-12T07:30:00Z,147abc6a,8bab4dff,a6177608,0.0
2025-03-12T07:33:00Z,147abc6a,8bab4dff,a6177608,0.0
2025-03-12T07:36:00Z,147abc6a,8bab4dff,a6177608,0.0
2025-03-12T07:39:00Z,147abc6a,8bab4dff,a6177608,0.0
2025-03-12T07:42:00Z,147abc6a,8bab4dff,a6177608,0.0
2025-03-12T07:45:00Z,147abc6a,8bab4dff,a6177608,0.0
2025-03-12T07:48:00Z,147abc6a,8bab4dff,a6177608,0.0
2025-03-12T07:51:00Z,147abc6a,8bab4dff,a6177608,0.0
2025-03-12T07:54:00Z,147abc6a,8bab4dff,a6177608,0.0
2025-03-12T07:57:00Z,147abc6a,8bab4dff,a6177608,0.0
2025-03-12T08:00:00Z,147abc6a,8bab4dff,a6177608,0.0
2025-03-12T08:03:00Z,147abc6a,8bab4dff,a6177608,0.0
2025-03-12T08:06:00Z,147abc6a,8bab4dff,a6177608,0.0
2025-03-12T08:09:00Z,147abc6a,8bab4dff,a6177608,0.0
2025-03-12T08:12:00Z,147abc6a,8bab4dff,a6177608,0.0
2025-03-12T08:15:00Z,147abc6a,8bab4dff,a6177608,0.0
2025-03-12T08:18:00Z,147abc6a,8bab4dff,a6177608,0.0
2025-03-12T08:21:00Z,147abc6a,8bab4dff,a6177608,0.0
2025-03-12T08:24:00Z,147abc6a,8bab4dff,a6177608,0.0
2025-03-12T08:27:00Z,147abc6a,8bab4dff,a6177608,0.0
2025-03-12T08:30:00Z,147abc6a,8bab4dff,a6177608,0.0
2025-03-12T08:33:00Z,147abc6a,8bab4dff,a6177608,0.0
2025-03-12T08:36:00Z,147abc6a,8bab4dff,a6177608,0.0
2025-03-12T08:39:00Z,147abc6a,8bab4dff,a6177608,0.0
2025-03-12T08:42:00Z,147abc6a,8bab4dff,a6177608,0.0
2025-03-12T08:45:00Z,147abc6a,8bab4dff,a6177608,0.0
2025-03-12T08:48:00Z,147abc6a,8bab4dff,a6177608,0.0
2025-03-12T08:51:00Z,147abc6a,8bab4dff,a6177608,0.0
2025-03-12T08:54:00Z,147abc6a,8bab4dff,a6177608,0.0
2025-03-12T08:57:00Z,147abc6a,8bab4dff,a6177608,0.0
2025-03-12T09:00:00Z,147abc6a,8bab4dff,a6177608,0.0
2025-03-12T09:03:00Z,147abc6a,8bab4dff,a6177608,0.0
2025-03-12T09:06:00Z,147abc6a,8bab4dff,a6177608,0.0
2025-03-12T09:09:00Z,147abc6a,8bab4dff,a6177608,0.0
2025-03-12T09:12:00Z,147abc6a,8bab4dff,a6177608,0.0
2025-03-12T09:15:00Z,147abc6a,8bab4dff,a6177608,0.0
2025-03-12T09:18:00Z,147abc6a,8bab4dff,a6177608,0.0
2025-03-12T09:21:00Z,147abc6a,8bab4dff,a6177608,0.0
2025-03-12T09:24:00Z,147abc6a,8bab4dff,a6177608,0.0
2025-03-12T09:27:00Z,147abc6a,8bab4dff,a6177608,0.0
2025-03-12T09:30:00Z,147abc6a,8bab4dff,a6177608,0.01
2025-03-12T09:33:00Z,147abc6a,8bab4dff,a6177608,0.0
2025-03-12T09:36:00Z,147abc6a,8bab4dff,a6177608,0.0
2025-03-12T09:39:00Z,147abc6a,8bab4dff,a6177608,0.0
2025-03-12T09:42:00Z,147abc6a,8bab4dff,a6177608,0.0
2025-03-12T09:45:00Z,147abc6a,8bab4dff,a6177608,0.07
2025-03-12T09:48:00Z,147abc6a,8bab4dff,a6177608,0.0
2025-03-12T09:51:00Z,147abc6a,8bab4dff,a6177608,0.0
2025-03-12T09:54:00Z,147abc6a,8bab4dff,a6177608,0.0
2025-03-12T09:57:00Z,147abc6a,8bab4dff,a6177608,0.0
2025-03-12T10:00:00Z,147abc6a,8bab4dff,a6177608,0.0
2025-03-12T10:03:00Z,147abc6a,8bab4dff,a6177608,0.0
2025-03-12T10:06:00Z,147abc6a,8bab4dff,a6177608,0.0
2025-03-12T10:09:00Z,147abc6a,8bab4dff,a6177608,0.0
2025-03-12T10:12:00Z,147abc6a,8bab4dff,a6177608,0.0
2025-03-12T10:15:00Z,147abc6a,8bab4dff,a6177608,0.0
2025-03-12T10:18:00Z,147abc6a,8bab4dff,a6177608,0.0
2025-03-12T10:21:00Z,147abc6a,8bab4dff,a6177608,0.0
2025-03-12T10:24:00Z,147abc6a,8bab4dff,a6177608,0.0
2025-03-12T10:27:00Z,147abc6a,8bab4dff,a6177608,0.0
2025-03-12T10:30:00Z,147abc6a,8bab4dff,a6177608,0.0
2025-03-12T10:33:00Z,147abc6a,8bab4dff,a6177608,0.0
2025-03-12T10:36:00Z,147abc6a,8bab4dff,a6177608,0.0
2025-03-12T10:39:00Z,147abc6a,8bab4dff,a6177608,0.0
2025-03-12T10:42:00Z,147abc6a,8bab4dff,a6177608,0.0
2025-03-12T10:45:00Z,147abc6a,8bab4dff,a6177608,0.0
2025-03-12T10:48:00Z,147abc6a,8bab4dff,a6177608,0.0
2025-03-12T10:51:00Z,147abc6a,8bab4dff,a6177608,0.0
2025-03-12T10:54:00Z,147abc6a,8bab4dff,a6177608,0.0
2025-03-12T10:57:00Z,147abc6a,8bab4dff,a6177608,0.0
2025-03-12T11:00:00Z,147abc6a,8bab4dff,a6177608,0.0
2025-03-12T11:03:00Z,147abc6a,8bab4dff,a6177608,0.0
2025-03-12T11:06:00Z,147abc6a,8bab4dff,a6177608,0.0
2025-03-12T11:09:00Z,147abc6a,8bab4dff,a6177608,0.0
2025-03-12T11:12:00Z,147abc6a,8bab4dff,a6177608,0.0
2025-03-12T11:15:00Z,147abc6a,8bab4dff,a6177608,0.0
2025-03-12T11:18:00Z,147abc6a,8bab4dff,a6177608,0.0
2025-03-12T11:21:00Z,147abc6a,8bab4dff,a6177608,0.0
2025-03-12T11:24:00Z,147abc6a,8bab4dff,a6177608,0.0
2025-03-12T11:27:00Z,147abc6a,8bab4dff,a6177608,0.0
2025-03-12T11:30:00Z,147abc6a,8bab4dff,a6177608,0.0
2025-03-12T11:33:00Z,147abc6a,8bab4dff,a6177608,0.0
2025-03-12T11:36:00Z,147abc6a,8bab4dff,a6177608,0.0
2025-03-12T11:39:00Z,147abc6a,8bab4dff,a6177608,0.0
2025-03-12T11:42:00Z,147abc6a,8bab4dff,a6177608,0.0
2025-03-12T11:45:00Z,147abc6a,8bab4dff,a6177608,0.0
2025-03-12T11:48:00Z,147abc6a,8bab4dff,a6177608,0.0
2025-03-12T11:51:00Z,147abc6a,8bab4dff,a6177608,0.0
2025-03-12T11:54:00Z,147abc6a,8bab4dff,a6177608,0.0
2025-03-12T11:57:00Z,147abc6a,8bab4dff,a6177608,0.0
2025-03-12T12:00:00Z,147abc6a,8bab4dff,a6177608,0.0
2025-03-12T12:03:00Z,147abc6a,8bab4dff,a6177608,0.0
2025-03-12T12:06:00Z,147abc6a,8bab4dff,a6177608,0.0
2025-03-12T12:09:00Z,147abc6a,8bab4dff,a6177608,0.0
2025-03-12T12:12:00Z,147abc6a,8bab4dff,a6177608,0.0
2025-03-12T12:15:00Z,147abc6a,8bab4dff,a6177608,0.0
2025-03-12T12:18:00Z,147abc6a,8bab4dff,a6177608,0.0
2025-03-12T12:21:00Z,147abc6a,8bab4dff,a6177608,0.0
2025-03-12T12:24:00Z,147abc6a,8bab4dff,a6177608,0.0
2025-03-12T12:27:00Z,147abc6a,8bab4dff,a6177608,0.0
2025-03-12T12:30:00Z,147abc6a,8bab4dff,a6177608,0.0
2025-03-12T12:33:00Z,147abc6a,8bab4dff,a6177608,0.0
2025-03-12T12:36:00Z,147abc6a,8bab4dff,a6177608,0.0
2025-03-12T12:39:00Z,147abc6a,8bab4dff,a6177608,0.0
2025-03-12T12:42:00Z,147abc6a,8bab4dff,a6177608,0.0
2025-03-12T12:45:00Z,147abc6a,8bab4dff,a6177608,0.0
2025-03-12T12:48:00Z,147abc6a,8bab4dff,a6177608,0.0
2025-03-12T12:51:00Z,147abc6a,8bab4dff,a6177608,0.0
2025-03-12T12:54:00Z,147abc6a,8bab4dff,a6177608,0.0
2025-03-12T12:57:00Z,147abc6a,8bab4dff,a6177608,0.0
2025-03-12T13:00:00Z,147abc6a,8bab4dff,a6177608,0.0
2025-03-12T13:03:00Z,147abc6a,8bab4dff,a6177608,0.0
2025-03-12T13:06:00Z,147abc6a,8bab4dff,a6177608,0.0
2025-03-12T13:09:00Z,147abc6a,8bab4dff,a6177608,0.0
2025-03-12T13:12:00Z,147abc6a,8bab4dff,a6177608,0.0
2025-03-12T13:15:00Z,147abc6a,8bab4dff,a6177608,0.0
2025-03-12T13:18:00Z,147abc6a,8bab4dff,a6177608,0.0
2025-03-12T13:21:00Z,147abc6a,8bab4dff,a6177608,0.0
2025-03-12T13:24:00Z,147abc6a,8bab4dff,a6177608,0.0
2025-03-12T13:27:00Z,147abc6a,8bab4dff,a6177608,0.0
2025-03-12T13:30:00Z,147abc6a,8bab4dff,a6177608,0.0
2025-03-12T13:33:00Z,147abc6a,8bab4dff,a6177608,0.0
2025-03-12T13:36:00Z,147abc6a,8bab4dff,a6177608,0.0
2025-03-12T13:39:00Z,147abc6a,8bab4dff,a6177608,0.0
2025-03-12T13:42:00Z,147abc6a,8bab4dff,a6177608,0.0
2025-03-12T13:45:00Z,147abc6a,8bab4dff,a6177608,0.0
2025-03-12T13:48:00Z,147abc6a,8bab4dff,a6177608,0.0
2025-03-12T13:51:00Z,147abc6a,8bab4dff,a6177608,0.0
2025-03-12T13:54:00Z,147abc6a,8bab4dff,a6177608,0.0
2025-03-12T13:57:00Z,147abc6a,8bab4dff,a6177608,0.0
2025-03-12T14:00:00Z,147abc6a,8bab4dff,a6177608,0.0
2025-03-12T14:03:00Z,147abc6a,8bab4dff,a6177608,0.0
2025-03-12T14:06:00Z,147abc6a,8bab4dff,a6177608,0.0
2025-03-12T14:09:00Z,147abc6a,8bab4dff,a6177608,0.0
2025-03-12T14:12:00Z,147abc6a,8bab4dff,a6177608,0.0
2025-03-12T14:15:00Z,147abc6a,8bab4dff,a6177608,0.0
2025-03-12T14:18:00Z,147abc6a,8bab4dff,a6177608,0.0
2025-03-12T14:21:00Z,147abc6a,8bab4dff,a6177608,0.0
2025-03-12T14:24:00Z,147abc6a,8bab4dff,a6177608,0.0
2025-03-12T14:27:00Z,147abc6a,8bab4dff,a6177608,0.0
2025-03-12T14:30:00Z,147abc6a,8bab4dff,a6177608,0.0
2025-03-12T14:33:00Z,147abc6a,8bab4dff,a6177608,0.0
2025-03-12T14:36:00Z,147abc6a,8bab4dff,a6177608,0.0
2025-03-12T14:39:00Z,147abc6a,8bab4dff,a6177608,0.0
2025-03-12T14:42:00Z,147abc6a,8bab4dff,a6177608,0.0
2025-03-12T14:45:00Z,147abc6a,8bab4dff,a6177608,0.0
2025-03-12T14:48:00Z,147abc6a,8bab4dff,a6177608,0.0
2025-03-12T14:51:00Z,147abc6a,8bab4dff,a6177608,0.0
2025-03-12T14:54:00Z,147abc6a,8bab4dff,a6177608,0.0
2025-03-12T14:57:00Z,147abc6a,8bab4dff,a6177608,0.0
2025-03-12T15:00:00Z,147abc6a,8bab4dff,a6177608,0.0
2025-03-12T15:03:00Z,147abc6a,8bab4dff,a6177608,0.0
2025-03-12T15:06:00Z,147abc6a,8bab4dff,a6177608,0.0
2025-03-12T15:09:00Z,147abc6a,8bab4dff,a6177608,0.0
2025-03-12T15:12:00Z,147abc6a,8bab4dff,a6177608,0.0
2025-03-12T15:15:00Z,147abc6a,8bab4dff,a6177608,0.0
2025-03-12T15:18:00Z,147abc6a,8bab4dff,a6177608,0.0
2025-03-12T15:21:00Z,147abc6a,8bab4dff,a6177608,0.0
2025-03-12T15:24:00Z,147abc6a,8bab4dff,a6177608,0.0
2025-03-12T15:27:00Z,147abc6a,8bab4dff,a6177608,0.0
2025-03-12T15:30:00Z,147abc6a,8bab4dff,a6177608,0.0
2025-03-12T15:33:00Z,147abc6a,8bab4dff,a6177608,0.0
2025-03-12T15:36:00Z,147abc6a,8bab4dff,a6177608,0.0
2025-03-12T15:39:00Z,147abc6a,8bab4dff,a6177608,0.0
2025-03-12T15:42:00Z,147abc6a,8bab4dff,a6177608,0.0
2025-03-12T15:45:00Z,147abc6a,8bab4dff,a6177608,0.0
2025-03-12T15:48:00Z,147abc6a,8bab4dff,a6177608,0.0
2025-03-12T15:51:00Z,147abc6a,8bab4dff,a6177608,0.0
2025-03-12T15:54:00Z,147abc6a,8bab4dff,a6177608,0.0
2025-03-12T15:57:00Z,147abc6a,8bab4dff,a6177608,0.0
2025-03-12T16:00:00Z,147abc6a,8bab4dff,a6177608,0.0
2025-03-12T16:03:00Z,147abc6a,8bab4dff,a6177608,0.0
2025-03-12T16:06:00Z,147abc6a,8bab4dff,a6177608,0.0
2025-03-12T16:09:00Z,147abc6a,8bab4dff,a6177608,0.0
2025-03-12T16:12:00Z,147abc6a,8bab4dff,a6177608,0.0
2025-03-12T16:15:00Z,147abc6a,8bab4dff,a6177608,0.0
2025-03-12T16:18:00Z,147abc6a,8bab4dff,a6177608,0.0
2025-03-12T16:21:00Z,147abc6a,8bab4dff,a6177608,0.0
2025-03-12T16:24:00Z,147abc6a,8bab4dff,a6177608,0.0
2025-03-12T16:27:00Z,147abc6a,8bab4dff,a6177608,0.0
2025-03-12T16:30:00Z,147abc6a,8bab4dff,a6177608,0.0
2025-03-12T16:33:00Z,147abc6a,8bab4dff,a6177608,0.0
2025-03-12T16:36:00Z,147abc6a,8bab4dff,a6177608,0.0
2025-03-12T16:39:00Z,147abc6a,8bab4dff,a6177608,0.0
2025-03-12T16:42:00Z,147abc6a,8bab4dff,a6177608,0.0
2025-03-12T16:45:00Z,147abc6a,8bab4dff,a6177608,0.0
2025-03-12T16:48:00Z,147abc6a,8bab4dff,a6177608,0.0
2025-03-12T16:51:00Z,147abc6a,8bab4dff,a6177608,0.0
2025-03-12T16:54:00Z,147abc6a,8bab4dff,a6177608,0.0
2025-03-12T16:57:00Z,147abc6a,8bab4dff,a6177608,0.0
2025-03-12T17:00:00Z,147abc6a,8bab4dff,a6177608,0.01
2025-03-12T17:03:00Z,147abc6a,8bab4dff,a6177608,0.0
2025-03-12T17:06:00Z,147abc6a,8bab4dff,a6177608,0.0
2025-03-12T17:09:00Z,147abc6a,8bab4dff,a6177608,0.0
2025-03-12T17:12:00Z,147abc6a,8bab4dff,a6177608,0.0
2025-03-12T17:15:00Z,147abc6a,8bab4dff,a6177608,0.0
2025-03-12T17:18:00Z,147abc6a,8bab4dff,a6177608,0.0
2025-03-12T17:21:00Z,147abc6a,8bab4dff,a6177608,0.0
2025-03-12T17:24:00Z,147abc6a,8bab4dff,a6177608,0.0
2025-03-12T17:27:00Z,147abc6a,8bab4dff,a6177608,0.0
2025-03-12T17:30:00Z,147abc6a,8bab4dff,a6177608,0.0
2025-03-12T17:33:00Z,147abc6a,8bab4dff,a6177608,0.0
2025-03-12T17:36:00Z,147abc6a,8bab4dff,a6177608,0.0
2025-03-12T17:39:00Z,147abc6a,8bab4dff,a6177608,0.0
2025-03-12T17:42:00Z,147abc6a,8bab4dff,a6177608,0.0
2025-03-12T17:45:00Z,147abc6a,8bab4dff,a6177608,0.0
2025-03-12T17:48:00Z,147abc6a,8bab4dff,a6177608,0.0
2025-03-12T17:51:00Z,147abc6a,8bab4dff,a6177608,0.0
2025-03-12T17:54:00Z,147abc6a,8bab4dff,a6177608,0.0
2025-03-12T17:57:00Z,147abc6a,8bab4dff,a6177608,0.0
2025-03-12T18:00:00Z,147abc6a,8bab4dff,a6177608,0.0
2025-03-12T18:03:00Z,147abc6a,8bab4dff,a6177608,0.0
2025-03-12T18:06:00Z,147abc6a,8bab4dff,a6177608,0.0
2025-03-12T18:09:00Z,147abc6a,8bab4dff,a6177608,0.0
2025-03-12T18:12:00Z,147abc6a,8bab4dff,a6177608,0.0
2025-03-12T18:15:00Z,147abc6a,8bab4dff,a6177608,0.0
2025-03-12T18:18:00Z,147abc6a,8bab4dff,a6177608,0.0
2025-03-12T18:21:00Z,147abc6a,8bab4dff,a6177608,0.0
2025-03-12T18:24:00Z,147abc6a,8bab4dff,a6177608,0.0
2025-03-12T18:27:00Z,147abc6a,8bab4dff,a6177608,0.0
2025-03-12T18:30:00Z,147abc6a,8bab4dff,a6177608,0.0
2025-03-12T18:33:00Z,147abc6a,8bab4dff,a6177608,0.0
2025-03-12T18:36:00Z,147abc6a,8bab4dff,a6177608,0.0
2025-03-12T18:39:00Z,147abc6a,8bab4dff,a6177608,0.0
2025-03-12T18:42:00Z,147abc6a,8bab4dff,a6177608,0.0
2025-03-12T18:45:00Z,147abc6a,8bab4dff,a6177608,0.0
2025-03-12T18:48:00Z,147abc6a,8bab4dff,a6177608,0.0
2025-03-12T18:51:00Z,147abc6a,8bab4dff,a6177608,0.0
2025-03-12T18:54:00Z,147abc6a,8bab4dff,a6177608,0.0
2025-03-12T18:57:00Z,147abc6a,8bab4dff,a6177608,0.0
2025-03-12T19:00:00Z,147abc6a,8bab4dff,a6177608,0.0
2025-03-12T19:03:00Z,147abc6a,8bab4dff,a6177608,0.0
2025-03-12T19:06:00Z,147abc6a,8bab4dff,a6177608,0.0
2025-03-12T19:09:00Z,147abc6a,8bab4dff,a6177608,0.0
2025-03-12T19:12:00Z,147abc6a,8bab4dff,a6177608,0.0
2025-03-12T19:15:00Z,147abc6a,8bab4dff,a6177608,0.0
2025-03-12T19:18:00Z,147abc6a,8bab4dff,a6177608,0.0
2025-03-12T19:21:00Z,147abc6a,8bab4dff,a6177608,0.0
2025-03-12T19:24:00Z,147abc6a,8bab4dff,a6177608,0.0
2025-03-12T19:27:00Z,147abc6a,8bab4dff,a6177608,0.0
2025-03-12T19:30:00Z,147abc6a,8bab4dff,a6177608,0.0
2025-03-12T19:33:00Z,147abc6a,8bab4dff,a6177608,0.0
2025-03-12T19:36:00Z,147abc6a,8bab4dff,a6177608,0.0
2025-03-12T19:39:00Z,147abc6a,8bab4dff,a6177608,0.0
2025-03-12T19:42:00Z,147abc6a,8bab4dff,a6177608,0.0
2025-03-12T19:45:00Z,147abc6a,8bab4dff,a6177608,0.01
2025-03-12T19:48:00Z,147abc6a,8bab4dff,a6177608,0.0
2025-03-12T19:51:00Z,147abc6a,8bab4dff,a6177608,0.0
2025-03-12T19:54:00Z,147abc6a,8bab4dff,a6177608,0.0
2025-03-12T19:57:00Z,147abc6a,8bab4dff,a6177608,0.0
2025-03-12T20:00:00Z,147abc6a,8bab4dff,a6177608,0.0
2025-03-12T20:03:00Z,147abc6a,8bab4dff,a6177608,0.0
2025-03-12T20:06:00Z,147abc6a,8bab4dff,a6177608,0.0
2025-03-12T20:09:00Z,147abc6a,8bab4dff,a6177608,0.0
2025-03-12T20:12:00Z,147abc6a,8bab4dff,a6177608,0.0
2025-03-12T20:15:00Z,147abc6a,8bab4dff,a6177608,0.0
2025-03-12T20:18:00Z,147abc6a,8bab4dff,a6177608,0.0
2025-03-12T20:21:00Z,147abc6a,8bab4dff,a6177608,0.0
2025-03-12T20:24:00Z,147abc6a,8bab4dff,a6177608,0.0
2025-03-12T20:27:00Z,147abc6a,8bab4dff,a6177608,0.0
2025-03-12T20:30:00Z,147abc6a,8bab4dff,a6177608,0.0
2025-03-12T20:33:00Z,147abc6a,8bab4dff,a6177608,0.0
2025-03-12T20:36:00Z,147abc6a,8bab4dff,a6177608,0.0
2025-03-12T20:39:00Z,147abc6a,8bab4dff,a6177608,0.0
2025-03-12T20:42:00Z,147abc6a,8bab4dff,a6177608,0.0
2025-03-12T20:45:00Z,147abc6a,8bab4dff,a6177608,0.0
2025-03-12T20:48:00Z,147abc6a,8bab4dff,a6177608,0.0
2025-03-12T20:51:00Z,147abc6a,8bab4dff,a6177608,0.0
2025-03-12T20:54:00Z,147abc6a,8bab4dff,a6177608,0.0
2025-03-12T20:57:00Z,147abc6a,8bab4dff,a6177608,0.0
2025-03-12T21:00:00Z,147abc6a,8bab4dff,a6177608,0.0
2025-03-12T21:03:00Z,147abc6a,8bab4dff,a6177608,0.0
2025-03-12T21:06:00Z,147abc6a,8bab4dff,a6177608,0.0
2025-03-12T21:09:00Z,147abc6a,8bab4dff,a6177608,0.0
2025-03-12T21:12:00Z,147abc6a,8bab4dff,a6177608,0.0
2025-03-12T21:15:00Z,147abc6a,8bab4dff,a6177608,0.0
2025-03-12T21:18:00Z,147abc6a,8bab4dff,a6177608,0.0
2025-03-12T21:21:00Z,147abc6a,8bab4dff,a6177608,0.0
2025-03-12T21:24:00Z,147abc6a,8bab4dff,a6177608,0.0
2025-03-12T21:27:00Z,147abc6a,8bab4dff,a6177608,0.0
2025-03-12T21:30:00Z,147abc6a,8bab4dff,a6177608,0.0
2025-03-12T21:33:00Z,147abc6a,8bab4dff,a6177608,0.0
2025-03-12T21:36:00Z,147abc6a,8bab4dff,a6177608,0.0
2025-03-12T21:39:00Z,147abc6a,8bab4dff,a6177608,0.0
2025-03-12T21:42:00Z,147abc6a,8bab4dff,a6177608,0.0
2025-03-12T21:45:00Z,147abc6a,8bab4dff,a6177608,0.0
2025-03-12T21:48:00Z,147abc6a,8bab4dff,a6177608,0.0
2025-03-12T21:51:00Z,147abc6a,8bab4dff,a6177608,0.0
2025-03-12T21:54:00Z,147abc6a,8bab4dff,a6177608,0.0
2025-03-12T21:57:00Z,147abc6a,8bab4dff,a6177608,0.0
2025-03-12T22:00:00Z,147abc6a,8bab4dff,a6177608,0.0
2025-03-12T22:03:00Z,147abc6a,8bab4dff,a6177608,0.0
2025-03-12T22:06:00Z,147abc6a,8bab4dff,a6177608,0.0
2025-03-12T22:09:00Z,147abc6a,8bab4dff,a6177608,0.0
2025-03-12T22:12:00Z,147abc6a,8bab4dff,a6177608,0.0
2025-03-12T22:15:00Z,147abc6a,8bab4dff,a6177608,0.0
2025-03-12T22:18:00Z,147abc6a,8bab4dff,a6177608,0.0
2025-03-12T22:21:00Z,147abc6a,8bab4dff,a6177608,0.0
2025-03-12T22:24:00Z,147abc6a,8bab4dff,a6177608,0.0
2025-03-12T22:27:00Z,147abc6a,8bab4dff,a6177608,0.0
2025-03-12T22:30:00Z,147abc6a,8bab4dff,a6177608,0.0
2025-03-12T22:33:00Z,147abc6a,8bab4dff,a6177608,0.0
2025-03-12T22:36:00Z,147abc6a,8bab4dff,a6177608,0.0
2025-03-12T22:39:00Z,147abc6a,8bab4dff,a6177608,0.0
2025-03-12T22:42:00Z,147abc6a,8bab4dff,a6177608,0.0
2025-03-12T22:45:00Z,147abc6a,8bab4dff,a6177608,0.0
2025-03-12T22:48:00Z,147abc6a,8bab4dff,a6177608,0.0
2025-03-12T22:51:00Z,147abc6a,8bab4dff,a6177608,0.0
2025-03-12T22:54:00Z,147abc6a,8bab4dff,a6177608,0.0
2025-03-12T22:57:00Z,147abc6a,8bab4dff,a6177608,0.0
2025-03-12T23:00:00Z,147abc6a,8bab4dff,a6177608,0.0
2025-03-12T23:03:00Z,147abc6a,8bab4dff,a6177608,0.0
2025-03-12T23:06:00Z,147abc6a,8bab4dff,a6177608,0.0
2025-03-12T23:09:00Z,147abc6a,8bab4dff,a6177608,0.0
2025-03-12T23:12:00Z,147abc6a,8bab4dff,a6177608,0.0
2025-03-12T23:15:00Z,147abc6a,8bab4dff,a6177608,0.0
2025-03-12T23:18:00Z,147abc6a,8bab4dff,a6177608,0.0
2025-03-12T23:21:00Z,147abc6a,8bab4dff,a6177608,0.0
2025-03-12T23:24:00Z,147abc6a,8bab4dff,a6177608,0.0
2025-03-12T23:27:00Z,147abc6a,8bab4dff,a6177608,0.0
2025-03-12T23:30:00Z,147abc6a,8bab4dff,a6177608,0.0
2025-03-12T23:33:00Z,147abc6a,8bab4dff,a6177608,0.0
2025-03-12T23:36:00Z,147abc6a,8bab4dff,a6177608,0.0
2025-03-12T23:39:00Z,147abc6a,8bab4dff,a6177608,0.0
2025-03-12T23:42:00Z,147abc6a,8bab4dff,a6177608,0.0
2025-03-12T23:45:00Z,147abc6a,8bab4dff,a6177608,0.0
2025-03-12T23:48:00Z,147abc6a,8bab4dff,a6177608,0.0
2025-03-12T23:51:00Z,147abc6a,8bab4dff,a6177608,0.0
2025-03-12T23:54:00Z,147abc6a,8bab4dff,a6177608,0.0
2025-03-12T23:57:00Z,147abc6a,8bab4dff,a6177608,0.0
2025-03-13T00:00:00Z,147abc6a,8bab4dff,a6177608,0.01
2025-03-13T00:03:00Z,147abc6a,8bab4dff,a6177608,0.0
2025-03-13T00:06:00Z,147abc6a,8bab4dff,a6177608,0.0
2025-03-13T00:09:00Z,147abc6a,8bab4dff,a6177608,0.0
2025-03-13T00:12:00Z,147abc6a,8bab4dff,a6177608,0.0
2025-03-13T00:15:00Z,147abc6a,8bab4dff,a6177608,0.0
2025-03-13T00:18:00Z,147abc6a,8bab4dff,a6177608,0.0
2025-03-13T00:21:00Z,147abc6a,8bab4dff,a6177608,0.0
2025-03-13T00:24:00Z,147abc6a,8bab4dff,a6177608,0.0
2025-03-13T00:27:00Z,147abc6a,8bab4dff,a6177608,0.0
2025-03-13T00:30:00Z,147abc6a,8bab4dff,a6177608,0.0
2025-03-13T00:33:00Z,147abc6a,8bab4dff,a6177608,0.0
2025-03-13T00:36:00Z,147abc6a,8bab4dff,a6177608,0.0
2025-03-13T00:39:00Z,147abc6a,8bab4dff,a6177608,0.0
2025-03-13T00:42:00Z,147abc6a,8bab4dff,a6177608,0.0
2025-03-13T00:45:00Z,147abc6a,8bab4dff,a6177608,0.0
2025-03-13T00:48:00Z,147abc6a,8bab4dff,a6177608,0.0
2025-03-13T00:51:00Z,147abc6a,8bab4dff,a6177608,0.0
2025-03-13T00:54:00Z,147abc6a,8bab4dff,a6177608,0.0
2025-03-13T00:57:00Z,147abc6a,8bab4dff,a6177608,0.0
2025-03-13T01:00:00Z,147abc6a,8bab4dff,a6177608,0.0
2025-03-13T01:03:00Z,147abc6a,8bab4dff,a6177608,0.0
2025-03-13T01:06:00Z,147abc6a,8bab4dff,a6177608,0.0
2025-03-13T01:09:00Z,147abc6a,8bab4dff,a6177608,0.0
2025-03-13T01:12:00Z,147abc6a,8bab4dff,a6177608,0.0
2025-03-13T01:15:00Z,147abc6a,8bab4dff,a6177608,0.0
2025-03-13T01:18:00Z,147abc6a,8bab4dff,a6177608,0.0
2025-03-13T01:21:00Z,147abc6a,8bab4dff,a6177608,0.0
2025-03-13T01:24:00Z,147abc6a,8bab4dff,a6177608,0.0
2025-03-13T01:27:00Z,147abc6a,8bab4dff,a6177608,0.0
2025-03-13T01:30:00Z,147abc6a,8bab4dff,a6177608,0.0
2025-03-13T01:33:00Z,147abc6a,8bab4dff,a6177608,0.0
2025-03-13T01:36:00Z,147abc6a,8bab4dff,a6177608,0.0
2025-03-13T01:39:00Z,147abc6a,8bab4dff,a6177608,0.0
2025-03-13T01:42:00Z,147abc6a,8bab4dff,a6177608,0.0
2025-03-13T01:45:00Z,147abc6a,8bab4dff,a6177608,0.0
2025-03-13T01:48:00Z,147abc6a,8bab4dff,a6177608,0.0
2025-03-13T01:51:00Z,147abc6a,8bab4dff,a6177608,0.0
2025-03-13T01:54:00Z,147abc6a,8bab4dff,a6177608,0.0
2025-03-13T01:57:00Z,147abc6a,8bab4dff,a6177608,0.0
2025-03-13T02:00:00Z,147abc6a,8bab4dff,a6177608,0.0
2025-03-13T02:03:00Z,147abc6a,8bab4dff,a6177608,0.0
2025-03-13T02:06:00Z,147abc6a,8bab4dff,a6177608,0.0
2025-03-13T02:09:00Z,147abc6a,8bab4dff,a6177608,0.0
2025-03-13T02:12:00Z,147abc6a,8bab4dff,a6177608,0.0
2025-03-13T02:15:00Z,147abc6a,8bab4dff,a6177608,0.0
2025-03-13T02:18:00Z,147abc6a,8bab4dff,a6177608,0.0
2025-03-13T02:21:00Z,147abc6a,8bab4dff,a6177608,0.0
2025-03-13T02:24:00Z,147abc6a,8bab4dff,a6177608,0.0
2025-03-13T02:27:00Z,147abc6a,8bab4dff,a6177608,0.0
2025-03-13T02:30:00Z,147abc6a,8bab4dff,a6177608,0.0
2025-03-13T02:33:00Z,147abc6a,8bab4dff,a6177608,0.0
2025-03-13T02:36:00Z,147abc6a,8bab4dff,a6177608,0.0
2025-03-13T02:39:00Z,147abc6a,8bab4dff,a6177608,0.0
2025-03-13T02:42:00Z,147abc6a,8bab4dff,a6177608,0.0
2025-03-13T02:45:00Z,147abc6a,8bab4dff,a6177608,0.0
2025-03-13T02:48:00Z,147abc6a,8bab4dff,a6177608,0.0
2025-03-13T02:51:00Z,147abc6a,8bab4dff,a6177608,0.0
2025-03-13T02:54:00Z,147abc6a,8bab4dff,a6177608,0.0
2025-03-13T02:57:00Z,147abc6a,8bab4dff,a6177608,0.0
2025-03-13T03:00:00Z,147abc6a,8bab4dff,a6177608,0.0
2025-03-13T03:03:00Z,147abc6a,8bab4dff,a6177608,0.0
2025-03-13T03:06:00Z,147abc6a,8bab4dff,a6177608,0.0
2025-03-13T03:09:00Z,147abc6a,8bab4dff,a6177608,0.0
2025-03-13T03:12:00Z,147abc6a,8bab4dff,a6177608,0.0
2025-03-13T03:15:00Z,147abc6a,8bab4dff,a6177608,0.0
2025-03-13T03:18:00Z,147abc6a,8bab4dff,a6177608,0.0
2025-03-13T03:21:00Z,147abc6a,8bab4dff,a6177608,0.0
2025-03-13T03:24:00Z,147abc6a,8bab4dff,a6177608,0.0
2025-03-13T03:27:00Z,147abc6a,8bab4dff,a6177608,0.0
2025-03-13T03:30:00Z,147abc6a,8bab4dff,a6177608,0.0
2025-03-13T03:33:00Z,147abc6a,8bab4dff,a6177608,0.0
2025-03-13T03:36:00Z,147abc6a,8bab4dff,a6177608,0.0
2025-03-13T03:39:00Z,147abc6a,8bab4dff,a6177608,0.0
2025-03-13T03:42:00Z,147abc6a,8bab4dff,a6177608,0.0
2025-03-13T03:45:00Z,147abc6a,8bab4dff,a6177608,0.0
2025-03-13T03:48:00Z,147abc6a,8bab4dff,a6177608,0.0
2025-03-13T03:51:00Z,147abc6a,8bab4dff,a6177608,0.0
2025-03-13T03:54:00Z,147abc6a,8bab4dff,a6177608,0.0
2025-03-13T03:57:00Z,147abc6a,8bab4dff,a6177608,0.0
2025-03-13T04:00:00Z,147abc6a,8bab4dff,a6177608,0.0
2025-03-13T04:03:00Z,147abc6a,8bab4dff,a6177608,0.0
2025-03-13T04:06:00Z,147abc6a,8bab4dff,a6177608,0.0
2025-03-13T04:09:00Z,147abc6a,8bab4dff,a6177608,0.0
2025-03-13T04:12:00Z,147abc6a,8bab4dff,a6177608,0.0
2025-03-13T04:15:00Z,147abc6a,8bab4dff,a6177608,0.0
2025-03-13T04:18:00Z,147abc6a,8bab4dff,a6177608,0.0
2025-03-13T04:21:00Z,147abc6a,8bab4dff,a6177608,0.0
2025-03-13T04:24:00Z,147abc6a,8bab4dff,a6177608,0.0
2025-03-13T04:27:00Z,147abc6a,8bab4dff,a6177608,0.0
2025-03-13T04:30:00Z,147abc6a,8bab4dff,a6177608,0.0
2025-03-13T04:33:00Z,147abc6a,8bab4dff,a6177608,0.0
2025-03-13T04:36:00Z,147abc6a,8bab4dff,a6177608,0.0
2025-03-13T04:39:00Z,147abc6a,8bab4dff,a6177608,0.0
2025-03-13T04:42:00Z,147abc6a,8bab4dff,a6177608,0.0
2025-03-13T04:45:00Z,147abc6a,8bab4dff,a6177608,0.0
2025-03-13T04:48:00Z,147abc6a,8bab4dff,a6177608,0.0
2025-03-13T04:51:00Z,147abc6a,8bab4dff,a6177608,0.0
2025-03-13T04:54:00Z,147abc6a,8bab4dff,a6177608,0.0
2025-03-13T04:57:00Z,147abc6a,8bab4dff,a6177608,0.0
2025-03-13T05:00:00Z,147abc6a,8bab4dff,a6177608,0.0
2025-03-13T05:03:00Z,147abc6a,8bab4dff,a6177608,0.0
2025-03-13T05:06:00Z,147abc6a,8bab4dff,a6177608,0.0
2025-03-13T05:09:00Z,147abc6a,8bab4dff,a6177608,0.0
2025-03-13T05:12:00Z,147abc6a,8bab4dff,a6177608,0.0
2025-03-13T05:15:00Z,147abc6a,8bab4dff,a6177608,0.0
2025-03-13T05:18:00Z,147abc6a,8bab4dff,a6177608,0.0
2025-03-13T05:21:00Z,147abc6a,8bab4dff,a6177608,0.0
2025-03-13T05:24:00Z,147abc6a,8bab4dff,a6177608,0.0
2025-03-13T05:27:00Z,147abc6a,8bab4dff,a6177608,0.0
2025-03-13T05:30:00Z,147abc6a,8bab4dff,a6177608,0.0
2025-03-13T05:33:00Z,147abc6a,8bab4dff,a6177608,0.0
2025-03-13T05:36:00Z,147abc6a,8bab4dff,a6177608,0.0
2025-03-13T05:39:00Z,147abc6a,8bab4dff,a6177608,0.0
2025-03-13T05:42:00Z,147abc6a,8bab4dff,a6177608,0.0
2025-03-13T05:45:00Z,147abc6a,8bab4dff,a6177608,0.0
2025-03-13T05:48:00Z,147abc6a,8bab4dff,a6177608,0.0
2025-03-13T05:51:00Z,147abc6a,8bab4dff,a6177608,0.0
2025-03-13T05:54:00Z,147abc6a,8bab4dff,a6177608,0.0
2025-03-13T05:57:00Z,147abc6a,8bab4dff,a6177608,0.0
2025-03-13T06:00:00Z,147abc6a,8bab4dff,a6177608,0.0
2025-03-13T06:03:00Z,147abc6a,8bab4dff,a6177608,0.0
2025-03-13T06:06:00Z,147abc6a,8bab4dff,a6177608,0.0
2025-03-13T06:09:00Z,147abc6a,8bab4dff,a6177608,0.0
2025-03-13T06:12:00Z,147abc6a,8bab4dff,a6177608,0.0
2025-03-13T06:15:00Z,147abc6a,8bab4dff,a6177608,0.0
2025-03-13T06:18:00Z,147abc6a,8bab4dff,a6177608,0.0
2025-03-13T06:21:00Z,147abc6a,8bab4dff,a6177608,0.0
2025-03-13T06:24:00Z,147abc6a,8bab4dff,a6177608,0.02
2025-03-13T06:27:00Z,147abc6a,8bab4dff,a6177608,0.0
2025-03-13T06:30:00Z,147abc6a,8bab4dff,a6177608,0.0
2025-03-13T06:33:00Z,147abc6a,8bab4dff,a6177608,0.0
2025-03-13T06:36:00Z,147abc6a,8bab4dff,a6177608,0.0
2025-03-13T06:39:00Z,147abc6a,8bab4dff,a6177608,0.0
2025-03-13T06:42:00Z,147abc6a,8bab4dff,a6177608,0.0
2025-03-13T06:45:00Z,147abc6a,8bab4dff,a6177608,0.0
2025-03-13T06:48:00Z,147abc6a,8bab4dff,a6177608,0.0
2025-03-13T06:51:00Z,147abc6a,8bab4dff,a6177608,0.0
2025-03-13T06:54:00Z,147abc6a,8bab4dff,a6177608,0.0
2025-03-13T06:57:00Z,147abc6a,8bab4dff,a6177608,0.0
2025-03-13T07:00:00Z,147abc6a,8bab4dff,a6177608,0.0
2025-03-13T07:03:00Z,147abc6a,8bab4dff,a6177608,0.0
2025-03-13T07:06:00Z,147abc6a,8bab4dff,a6177608,0.0
2025-03-13T07:09:00Z,147abc6a,8bab4dff,a6177608,0.0
2025-03-13T07:12:00Z,147abc6a,8bab4dff,a6177608,0.0
2025-03-13T07:15:00Z,147abc6a,8bab4dff,a6177608,0.0
2025-03-13T07:18:00Z,147abc6a,8bab4dff,a6177608,0.0
2025-03-13T07:21:00Z,147abc6a,8bab4dff,a6177608,0.0
2025-03-13T07:24:00Z,147abc6a,8bab4dff,a6177608,0.0
2025-03-13T07:27:00Z,147abc6a,8bab4dff,a6177608,0.0
2025-03-13T07:30:00Z,147abc6a,8bab4dff,a6177608,0.0
2025-03-13T07:33:00Z,147abc6a,8bab4dff,a6177608,0.0
2025-03-13T07:36:00Z,147abc6a,8bab4dff,a6177608,0.0
2025-03-13T07:39:00Z,147abc6a,8bab4dff,a6177608,0.0
2025-03-13T07:42:00Z,147abc6a,8bab4dff,a6177608,0.0
2025-03-13T07:45:00Z,147abc6a,8bab4dff,a6177608,0.0
2025-03-13T07:48:00Z,147abc6a,8bab4dff,a6177608,0.0
2025-03-13T07:51:00Z,147abc6a,8bab4dff,a6177608,0.0
2025-03-13T07:54:00Z,147abc6a,8bab4dff,a6177608,0.0
2025-03-13T07:57:00Z,147abc6a,8bab4dff,a6177608,0.0
2025-03-13T08:00:00Z,147abc6a,8bab4dff,a6177608,0.0
2025-03-13T08:03:00Z,147abc6a,8bab4dff,a6177608,0.0
2025-03-13T08:06:00Z,147abc6a,8bab4dff,a6177608,0.0
2025-03-13T08:09:00Z,147abc6a,8bab4dff,a6177608,0.0
2025-03-13T08:12:00Z,147abc6a,8bab4dff,a6177608,0.0
2025-03-13T08:15:00Z,147abc6a,8bab4dff,a6177608,0.0
2025-03-13T08:18:00Z,147abc6a,8bab4dff,a6177608,0.0
2025-03-13T08:21:00Z,147abc6a,8bab4dff,a6177608,0.0
2025-03-13T08:24:00Z,147abc6a,8bab4dff,a6177608,0.0
2025-03-13T08:27:00Z,147abc6a,8bab4dff,a6177608,0.0
2025-03-13T08:30:00Z,147abc6a,8bab4dff,a6177608,0.0
2025-03-13T08:33:00Z,147abc6a,8bab4dff,a6177608,0.0
2025-03-13T08:36:00Z,147abc6a,8bab4dff,a6177608,0.0
2025-03-13T08:39:00Z,147abc6a,8bab4dff,a6177608,0.0
2025-03-13T08:42:00Z,147abc6a,8bab4dff,a6177608,0.08
2025-03-13T08:45:00Z,147abc6a,8bab4dff,a6177608,0.0
2025-03-13T08:48:00Z,147abc6a,8bab4dff,a6177608,0.0
2025-03-13T08:51:00Z,147abc6a,8bab4dff,a6177608,0.0
2025-03-13T08:54:00Z,147abc6a,8bab4dff,a6177608,0.0
2025-03-13T08:57:00Z,147abc6a,8bab4dff,a6177608,0.0
2025-03-13T09:00:00Z,147abc6a,8bab4dff,a6177608,0.0
2025-03-13T09:03:00Z,147abc6a,8bab4dff,a6177608,0.0
2025-03-13T09:06:00Z,147abc6a,8bab4dff,a6177608,0.0
2025-03-13T09:09:00Z,147abc6a,8bab4dff,a6177608,0.0
2025-03-13T09:12:00Z,147abc6a,8bab4dff,a6177608,0.0
2025-03-13T09:15:00Z,147abc6a,8bab4dff,a6177608,0.0
2025-03-13T09:18:00Z,147abc6a,8bab4dff,a6177608,0.0
2025-03-13T09:21:00Z,147abc6a,8bab4dff,a6177608,0.0
2025-03-13T09:24:00Z,147abc6a,8bab4dff,a6177608,0.0
2025-03-13T09:27:00Z,147abc6a,8bab4dff,a6177608,0.0
2025-03-13T09:30:00Z,147abc6a,8bab4dff,a6177608,0.0
2025-03-13T09:33:00Z,147abc6a,8bab4dff,a6177608,0.0
2025-03-13T09:36:00Z,147abc6a,8bab4dff,a6177608,0.0
2025-03-13T09:39:00Z,147abc6a,8bab4dff,a6177608,0.0
2025-03-13T09:42:00Z,147abc6a,8bab4dff,a6177608,0.0
2025-03-13T09:45:00Z,147abc6a,8bab4dff,a6177608,0.0
2025-03-13T09:48:00Z,147abc6a,8bab4dff,a6177608,0.0
2025-03-13T09:51:00Z,147abc6a,8bab4dff,a6177608,0.0
2025-03-13T09:54:00Z,147abc6a,8bab4dff,a6177608,0.0
2025-03-13T09:57:00Z,147abc6a,8bab4dff,a6177608,0.0
2025-03-13T10:00:00Z,147abc6a,8bab4dff,a6177608,0.0
2025-03-13T10:03:00Z,147abc6a,8bab4dff,a6177608,0.0
2025-03-13T10:06:00Z,147abc6a,8bab4dff,a6177608,0.0
2025-03-13T10:09:00Z,147abc6a,8bab4dff,a6177608,0.0
2025-03-13T10:12:00Z,147abc6a,8bab4dff,a6177608,0.0
2025-03-13T10:15:00Z,147abc6a,8bab4dff,a6177608,0.0
2025-03-13T10:18:00Z,147abc6a,8bab4dff,a6177608,0.0
2025-03-13T10:21:00Z,147abc6a,8bab4dff,a6177608,0.0
2025-03-13T10:24:00Z,147abc6a,8bab4dff,a6177608,0.0
2025-03-13T10:27:00Z,147abc6a,8bab4dff,a6177608,0.0
2025-03-13T10:30:00Z,147abc6a,8bab4dff,a6177608,0.0
2025-03-13T10:33:00Z,147abc6a,8bab4dff,a6177608,0.0
2025-03-13T10:36:00Z,147abc6a,8bab4dff,a6177608,0.0
2025-03-13T10:39:00Z,147abc6a,8bab4dff,a6177608,0.0
2025-03-13T10:42:00Z,147abc6a,8bab4dff,a6177608,0.0
2025-03-13T10:45:00Z,147abc6a,8bab4dff,a6177608,0.0
2025-03-13T10:48:00Z,147abc6a,8bab4dff,a6177608,0.0
2025-03-13T10:51:00Z,147abc6a,8bab4dff,a6177608,0.0
2025-03-13T10:54:00Z,147abc6a,8bab4dff,a6177608,0.0
2025-03-13T10:57:00Z,147abc6a,8bab4dff,a6177608,0.0
2025-03-13T11:00:00Z,147abc6a,8bab4dff,a6177608,0.0
2025-03-13T11:03:00Z,147abc6a,8bab4dff,a6177608,0.0
2025-03-13T11:06:00Z,147abc6a,8bab4dff,a6177608,0.0
2025-03-13T11:09:00Z,147abc6a,8bab4dff,a6177608,0.0
2025-03-13T11:12:00Z,147abc6a,8bab4dff,a6177608,0.0
2025-03-13T11:15:00Z,147abc6a,8bab4dff,a6177608,0.0
2025-03-13T11:18:00Z,147abc6a,8bab4dff,a6177608,0.0
2025-03-13T11:21:00Z,147abc6a,8bab4dff,a6177608,0.0
2025-03-13T11:24:00Z,147abc6a,8bab4dff,a6177608,0.0
2025-03-13T11:27:00Z,147abc6a,8bab4dff,a6177608,0.0
2025-03-13T11:30:00Z,147abc6a,8bab4dff,a6177608,0.0
2025-03-13T11:33:00Z,147abc6a,8bab4dff,a6177608,0.0
2025-03-13T11:36:00Z,147abc6a,8bab4dff,a6177608,0.0
2025-03-13T11:39:00Z,147abc6a,8bab4dff,a6177608,0.0
2025-03-13T11:42:00Z,147abc6a,8bab4dff,a6177608,0.0
2025-03-13T11:45:00Z,147abc6a,8bab4dff,a6177608,0.0
2025-03-13T11:48:00Z,147abc6a,8bab4dff,a6177608,0.0
2025-03-13T11:51:00Z,147abc6a,8bab4dff,a6177608,0.0
2025-03-13T11:54:00Z,147abc6a,8bab4dff,a6177608,0.0
2025-03-13T11:57:00Z,147abc6a,8bab4dff,a6177608,0.0
2025-03-13T12:00:00Z,147abc6a,8bab4dff,a6177608,0.0
2025-03-13T12:03:00Z,147abc6a,8bab4dff,a6177608,0.0
2025-03-13T12:06:00Z,147abc6a,8bab4dff,a6177608,0.0
2025-03-13T12:09:00Z,147abc6a,8bab4dff,a6177608,0.0
2025-03-13T12:12:00Z,147abc6a,8bab4dff,a6177608,0.0
2025-03-13T12:15:00Z,147abc6a,8bab4dff,a6177608,0.0
2025-03-13T12:18:00Z,147abc6a,8bab4dff,a6177608,0.0
2025-03-13T12:21:00Z,147abc6a,8bab4dff,a6177608,0.0
2025-03-13T12:24:00Z,147abc6a,8bab4dff,a6177608,0.0
2025-03-13T12:27:00Z,147abc6a,8bab4dff,a6177608,0.0
2025-03-13T12:30:00Z,147abc6a,8bab4dff,a6177608,0.0
2025-03-13T12:33:00Z,147abc6a,8bab4dff,a6177608,0.0
2025-03-13T12:36:00Z,147abc6a,8bab4dff,a6177608,0.0
2025-03-13T12:39:00Z,147abc6a,8bab4dff,a6177608,0.0
2025-03-13T12:42:00Z,147abc6a,8bab4dff,a6177608,0.0
2025-03-13T12:45:00Z,147abc6a,8bab4dff,a6177608,0.0
2025-03-13T12:48:00Z,147abc6a,8bab4dff,a6177608,0.0
2025-03-13T12:51:00Z,147abc6a,8bab4dff,a6177608,0.0
2025-03-13T12:54:00Z,147abc6a,8bab4dff,a6177608,0.0
2025-03-13T12:57:00Z,147abc6a,8bab4dff,a6177608,0.0
2025-03-13T13:00:00Z,147abc6a,8bab4dff,a6177608,0.0
2025-03-13T13:03:00Z,147abc6a,8bab4dff,a6177608,0.0
2025-03-13T13:06:00Z,147abc6a,8bab4dff,a6177608,0.0
2025-03-13T13:09:00Z,147abc6a,8bab4dff,a6177608,0.0
2025-03-13T13:12:00Z,147abc6a,8bab4dff,a6177608,0.0
2025-03-13T13:15:00Z,147abc6a,8bab4dff,a6177608,0.0
2025-03-13T13:18:00Z,147abc6a,8bab4dff,a6177608,0.0
2025-03-13T13:21:00Z,147abc6a,8bab4dff,a6177608,0.0
2025-03-13T13:24:00Z,147abc6a,8bab4dff,a6177608,0.0
2025-03-13T13:27:00Z,147abc6a,8bab4dff,a6177608,0.0
2025-03-13T13:30:00Z,147abc6a,8bab4dff,a6177608,0.0
2025-03-13T13:33:00Z,147abc6a,8bab4dff,a6177608,0.13
2025-03-13T13:36:00Z,147abc6a,8bab4dff,a6177608,0.0
2025-03-13T13:39:00Z,147abc6a,8bab4dff,a6177608,0.0
2025-03-13T13:42:00Z,147abc6a,8bab4dff,a6177608,0.0
2025-03-13T13:45:00Z,147abc6a,8bab4dff,a6177608,0.0
2025-03-13T13:48:00Z,147abc6a,8bab4dff,a6177608,0.0
2025-03-13T13:51:00Z,147abc6a,8bab4dff,a6177608,0.0
2025-03-13T13:54:00Z,147abc6a,8bab4dff,a6177608,0.0
2025-03-13T13:57:00Z,147abc6a,8bab4dff,a6177608,0.0
2025-03-13T14:00:00Z,147abc6a,8bab4dff,a6177608,0.0
2025-03-13T14:03:00Z,147abc6a,8bab4dff,a6177608,0.0
2025-03-13T14:06:00Z,147abc6a,8bab4dff,a6177608,0.0
2025-03-13T14:09:00Z,147abc6a,8bab4dff,a6177608,0.0
2025-03-13T14:12:00Z,147abc6a,8bab4dff,a6177608,0.0
2025-03-13T14:15:00Z,147abc6a,8bab4dff,a6177608,0.0
2025-03-13T14:18:00Z,147abc6a,8bab4dff,a6177608,0.0
2025-03-13T14:21:00Z,147abc6a,8bab4dff,a6177608,0.0
2025-03-13T14:24:00Z,147abc6a,8bab4dff,a6177608,0.0
2025-03-13T14:27:00Z,147abc6a,8bab4dff,a6177608,0.0
2025-03-13T14:30:00Z,147abc6a,8bab4dff,a6177608,0.0
2025-03-13T14:33:00Z,147abc6a,8bab4dff,a6177608,0.0
2025-03-13T14:36:00Z,147abc6a,8bab4dff,a6177608,0.0
2025-03-13T14:39:00Z,147abc6a,8bab4dff,a6177608,0.0
2025-03-13T14:42:00Z,147abc6a,8bab4dff,a6177608,0.0
2025-03-13T14:45:00Z,147abc6a,8bab4dff,a6177608,0.0
2025-03-13T14:48:00Z,147abc6a,8bab4dff,a6177608,0.0
2025-03-13T14:51:00Z,147abc6a,8bab4dff,a6177608,0.0
2025-03-13T14:54:00Z,147abc6a,8bab4dff,a6177608,0.0
2025-03-13T14:57:00Z,147abc6a,8bab4dff,a6177608,0.0
2025-03-13T15:00:00Z,147abc6a,8bab4dff,a6177608,0.0
2025-03-13T15:03:00Z,147abc6a,8bab4dff,a6177608,0.0
2025-03-13T15:06:00Z,147abc6a,8bab4dff,a6177608,0.0
2025-03-13T15:09:00Z,147abc6a,8bab4dff,a6177608,0.0
2025-03-13T15:12:00Z,147abc6a,8bab4dff,a6177608,0.0
2025-03-13T15:15:00Z,147abc6a,8bab4dff,a6177608,0.0
2025-03-13T15:18:00Z,147abc6a,8bab4dff,a6177608,0.0
2025-03-13T15:21:00Z,147abc6a,8bab4dff,a6177608,0.0
2025-03-13T15:24:00Z,147abc6a,8bab4dff,a6177608,0.0
2025-03-13T15:27:00Z,147abc6a,8bab4dff,a6177608,0.0
2025-03-13T15:30:00Z,147abc6a,8bab4dff,a6177608,0.0
2025-03-13T15:33:00Z,147abc6a,8bab4dff,a6177608,0.0
2025-03-13T15:36:00Z,147abc6a,8bab4dff,a6177608,0.0
2025-03-13T15:39:00Z,147abc6a,8bab4dff,a6177608,0.0
2025-03-13T15:42:00Z,147abc6a,8bab4dff,a6177608,0.0
2025-03-13T15:45:00Z,147abc6a,8bab4dff,a6177608,0.0
2025-03-13T15:48:00Z,147abc6a,8bab4dff,a6177608,0.0
2025-03-13T15:51:00Z,147abc6a,8bab4dff,a6177608,0.0
2025-03-13T15:54:00Z,147abc6a,8bab4dff,a6177608,0.0
2025-03-13T15:57:00Z,147abc6a,8bab4dff,a6177608,0.0
2025-03-13T16:00:00Z,147abc6a,8bab4dff,a6177608,0.0
2025-03-13T16:03:00Z,147abc6a,8bab4dff,a6177608,0.0
2025-03-13T16:06:00Z,147abc6a,8bab4dff,a6177608,0.0
2025-03-13T16:09:00Z,147abc6a,8bab4dff,a6177608,0.0
2025-03-13T16:12:00Z,147abc6a,8bab4dff,a6177608,0.0
2025-03-13T16:15:00Z,147abc6a,8bab4dff,a6177608,0.0
2025-03-13T16:18:00Z,147abc6a,8bab4dff,a6177608,0.0
2025-03-13T16:21:00Z,147abc6a,8bab4dff,a6177608,0.0
2025-03-13T16:24:00Z,147abc6a,8bab4dff,a6177608,0.0
2025-03-13T16:27:00Z,147abc6a,8bab4dff,a6177608,0.0
2025-03-13T16:30:00Z,147abc6a,8bab4dff,a6177608,0.0
2025-03-13T16:33:00Z,147abc6a,8bab4dff,a6177608,0.0
2025-03-13T16:36:00Z,147abc6a,8bab4dff,a6177608,0.0
2025-03-13T16:39:00Z,147abc6a,8bab4dff,a6177608,0.0
2025-03-13T16:42:00Z,147abc6a,8bab4dff,a6177608,0.0
2025-03-13T16:45:00Z,147abc6a,8bab4dff,a6177608,0.0
2025-03-13T16:48:00Z,147abc6a,8bab4dff,a6177608,0.0
2025-03-13T16:51:00Z,147abc6a,8bab4dff,a6177608,0.0
2025-03-13T16:54:00Z,147abc6a,8bab4dff,a6177608,0.0
2025-03-13T16:57:00Z,147abc6a,8bab4dff,a6177608,0.0
2025-03-13T17:00:00Z,147abc6a,8bab4dff,a6177608,0.0
2025-03-13T17:03:00Z,147abc6a,8bab4dff,a6177608,0.0
2025-03-13T17:06:00Z,147abc6a,8bab4dff,a6177608,0.0
2025-03-13T17:09:00Z,147abc6a,8bab4dff,a6177608,0.0
2025-03-13T17:12:00Z,147abc6a,8bab4dff,a6177608,0.0
2025-03-13T17:15:00Z,147abc6a,8bab4dff,a6177608,0.0
2025-03-13T17:18:00Z,147abc6a,8bab4dff,a6177608,0.0
2025-03-13T17:21:00Z,147abc6a,8bab4dff,a6177608,0.0
2025-03-13T17:24:00Z,147abc6a,8bab4dff,a6177608,0.0
2025-03-13T17:27:00Z,147abc6a,8bab4dff,a6177608,0.0
2025-03-13T17:30:00Z,147abc6a,8bab4dff,a6177608,0.0
2025-03-13T17:33:00Z,147abc6a,8bab4dff,a6177608,0.0
2025-03-13T17:36:00Z,147abc6a,8bab4dff,a6177608,0.0
2025-03-13T17:39:00Z,147abc6a,8bab4dff,a6177608,0.0
2025-03-13T17:42:00Z,147abc6a,8bab4dff,a6177608,0.0
2025-03-13T17:45:00Z,147abc6a,8bab4dff,a6177608,0.0
2025-03-13T17:48:00Z,147abc6a,8bab4dff,a6177608,0.0
2025-03-13T17:51:00Z,147abc6a,8bab4dff,a6177608,0.0
2025-03-13T17:54:00Z,147abc6a,8bab4dff,a6177608,0.0
2025-03-13T17:57:00Z,147abc6a,8bab4dff,a6177608,0.0
2025-03-13T18:00:00Z,147abc6a,8bab4dff,a6177608,0.0
2025-03-13T18:03:00Z,147abc6a,8bab4dff,a6177608,0.0
2025-03-13T18:06:00Z,147abc6a,8bab4dff,a6177608,0.0
2025-03-13T18:09:00Z,147abc6a,8bab4dff,a6177608,0.0
2025-03-13T18:12:00Z,147abc6a,8bab4dff,a6177608,0.0
2025-03-13T18:15:00Z,147abc6a,8bab4dff,a6177608,0.0
2025-03-13T18:18:00Z,147abc6a,8bab4dff,a6177608,0.0
2025-03-13T18:21:00Z,147abc6a,8bab4dff,a6177608,0.0
2025-03-13T18:24:00Z,147abc6a,8bab4dff,a6177608,0.0
2025-03-13T18:27:00Z,147abc6a,8bab4dff,a6177608,0.0
2025-03-13T18:30:00Z,147abc6a,8bab4dff,a6177608,0.0
2025-03-13T18:33:00Z,147abc6a,8bab4dff,a6177608,0.0
2025-03-13T18:36:00Z,147abc6a,8bab4dff,a6177608,0.0
2025-03-13T18:39:00Z,147abc6a,8bab4dff,a6177608,0.0
2025-03-13T18:42:00Z,147abc6a,8bab4dff,a6177608,0.0
2025-03-13T18:45:00Z,147abc6a,8bab4dff,a6177608,0.0
2025-03-13T18:48:00Z,147abc6a,8bab4dff,a6177608,0.0
2025-03-13T18:51:00Z,147abc6a,8bab4dff,a6177608,0.0
2025-03-13T18:54:00Z,147abc6a,8bab4dff,a6177608,0.0
2025-03-13T18:57:00Z,147abc6a,8bab4dff,a6177608,0.0
2025-03-13T19:00:00Z,147abc6a,8bab4dff,a6177608,0.0
2025-03-13T19:03:00Z,147abc6a,8bab4dff,a6177608,0.0
2025-03-13T19:06:00Z,147abc6a,8bab4dff,a6177608,0.0
2025-03-13T19:09:00Z,147abc6a,8bab4dff,a6177608,0.0
2025-03-13T19:12:00Z,147abc6a,8bab4dff,a6177608,0.0
2025-03-13T19:15:00Z,147abc6a,8bab4dff,a6177608,0.0
2025-03-13T19:18:00Z,147abc6a,8bab4dff,a6177608,0.0
2025-03-13T19:21:00Z,147abc6a,8bab4dff,a6177608,0.0
2025-03-13T19:24:00Z,147abc6a,8bab4dff,a6177608,0.0
2025-03-13T19:27:00Z,147abc6a,8bab4dff,a6177608,0.0
2025-03-13T19:30:00Z,147abc6a,8bab4dff,a6177608,0.0
2025-03-13T19:33:00Z,147abc6a,8bab4dff,a6177608,0.0
2025-03-13T19:36:00Z,147abc6a,8bab4dff,a6177608,0.0
2025-03-13T19:39:00Z,147abc6a,8bab4dff,a6177608,0.0
2025-03-13T19:42:00Z,147abc6a,8bab4dff,a6177608,0.0
2025-03-13T19:45:00Z,147abc6a,8bab4dff,a6177608,0.0
2025-03-13T19:48:00Z,147abc6a,8bab4dff,a6177608,0.01
2025-03-13T19:51:00Z,147abc6a,8bab4dff,a6177608,0.0
2025-03-13T19:54:00Z,147abc6a,8bab4dff,a6177608,0.0
2025-03-13T19:57:00Z,147abc6a,8bab4dff,a6177608,0.0
2025-03-13T20:00:00Z,147abc6a,8bab4dff,a6177608,0.0
2025-03-13T20:03:00Z,147abc6a,8bab4dff,a6177608,0.0
2025-03-13T20:06:00Z,147abc6a,8bab4dff,a6177608,0.0
2025-03-13T20:09:00Z,147abc6a,8bab4dff,a6177608,0.0
2025-03-13T20:12:00Z,147abc6a,8bab4dff,a6177608,0.0
2025-03-13T20:15:00Z,147abc6a,8bab4dff,a6177608,0.0
2025-03-13T20:18:00Z,147abc6a,8bab4dff,a6177608,0.0
2025-03-13T20:21:00Z,147abc6a,8bab4dff,a6177608,0.0
2025-03-13T20:24:00Z,147abc6a,8bab4dff,a6177608,0.0
2025-03-13T20:27:00Z,147abc6a,8bab4dff,a6177608,0.0
2025-03-13T20:30:00Z,147abc6a,8bab4dff,a6177608,0.0
2025-03-13T20:33:00Z,147abc6a,8bab4dff,a6177608,0.0
2025-03-13T20:36:00Z,147abc6a,8bab4dff,a6177608,0.0
2025-03-13T20:39:00Z,147abc6a,8bab4dff,a6177608,0.0
2025-03-13T20:42:00Z,147abc6a,8bab4dff,a6177608,0.0
2025-03-13T20:45:00Z,147abc6a,8bab4dff,a6177608,0.0
2025-03-13T20:48:00Z,147abc6a,8bab4dff,a6177608,0.0
2025-03-13T20:51:00Z,147abc6a,8bab4dff,a6177608,0.0
2025-03-13T20:54:00Z,147abc6a,8bab4dff,a6177608,0.0
2025-03-13T20:57:00Z,147abc6a,8bab4dff,a6177608,0.0
2025-03-13T21:00:00Z,147abc6a,8bab4dff,a6177608,0.0
2025-03-13T21:03:00Z,147abc6a,8bab4dff,a6177608,0.0
2025-03-13T21:06:00Z,147abc6a,8bab4dff,a6177608,0.0
2025-03-13T21:09:00Z,147abc6a,8bab4dff,a6177608,0.0
2025-03-13T21:12:00Z,147abc6a,8bab4dff,a6177608,0.0
2025-03-13T21:15:00Z,147abc6a,8bab4dff,a6177608,0.0
2025-03-13T21:18:00Z,147abc6a,8bab4dff,a6177608,0.0
2025-03-13T21:21:00Z,147abc6a,8bab4dff,a6177608,0.0
2025-03-13T21:24:00Z,147abc6a,8bab4dff,a6177608,0.0
2025-03-13T21:27:00Z,147abc6a,8bab4dff,a6177608,0.0
2025-03-13T21:30:00Z,147abc6a,8bab4dff,a6177608,0.0
2025-03-13T21:33:00Z,147abc6a,8bab4dff,a6177608,0.0
2025-03-13T21:36:00Z,147abc6a,8bab4dff,a6177608,0.0
2025-03-13T21:39:00Z,147abc6a,8bab4dff,a6177608,0.0
2025-03-13T21:42:00Z,147abc6a,8bab4dff,a6177608,0.0
2025-03-13T21:45:00Z,147abc6a,8bab4dff,a6177608,0.0
2025-03-13T21:48:00Z,147abc6a,8bab4dff,a6177608,0.0
2025-03-13T21:51:00Z,147abc6a,8bab4dff,a6177608,0.0
2025-03-13T21:54:00Z,147abc6a,8bab4dff,a6177608,0.0
2025-03-13T21:57:00Z,147abc6a,8bab4dff,a6177608,0.0
2025-03-13T22:00:00Z,147abc6a,8bab4dff,a6177608,0.0
2025-03-13T22:03:00Z,147abc6a,8bab4dff,a6177608,0.0
2025-03-13T22:06:00Z,147abc6a,8bab4dff,a6177608,0.0
2025-03-13T22:09:00Z,147abc6a,8bab4dff,a6177608,0.0
2025-03-13T22:12:00Z,147abc6a,8bab4dff,a6177608,0.0
2025-03-13T22:15:00Z,147abc6a,8bab4dff,a6177608,0.0
2025-03-13T22:18:00Z,147abc6a,8bab4dff,a6177608,0.0
2025-03-13T22:21:00Z,147abc6a,8bab4dff,a6177608,0.0
2025-03-13T22:24:00Z,147abc6a,8bab4dff,a6177608,0.0
2025-03-13T22:27:00Z,147abc6a,8bab4dff,a6177608,0.0
2025-03-13T22:30:00Z,147abc6a,8bab4dff,a6177608,0.0
2025-03-13T22:33:00Z,147abc6a,8bab4dff,a6177608,0.0
2025-03-13T22:36:00Z,147abc6a,8bab4dff,a6177608,0.0
2025-03-13T22:39:00Z,147abc6a,8bab4dff,a6177608,0.0
2025-03-13T22:42:00Z,147abc6a,8bab4dff,a6177608,0.0
2025-03-13T22:45:00Z,147abc6a,8bab4dff,a6177608,0.0
2025-03-13T22:48:00Z,147abc6a,8bab4dff,a6177608,0.0
2025-03-13T22:51:00Z,147abc6a,8bab4dff,a6177608,0.01
2025-03-13T22:54:00Z,147abc6a,8bab4dff,a6177608,0.0
2025-03-13T22:57:00Z,147abc6a,8bab4dff,a6177608,0.0
2025-03-13T23:00:00Z,147abc6a,8bab4dff,a6177608,0.0
2025-03-13T23:03:00Z,147abc6a,8bab4dff,a6177608,0.0
2025-03-13T23:06:00Z,147abc6a,8bab4dff,a6177608,0.0
2025-03-13T23:09:00Z,147abc6a,8bab4dff,a6177608,0.0
2025-03-13T23:12:00Z,147abc6a,8bab4dff,a6177608,0.0
2025-03-13T23:15:00Z,147abc6a,8bab4dff,a6177608,0.0
2025-03-13T23:18:00Z,147abc6a,8bab4dff,a6177608,0.0
2025-03-13T23:21:00Z,147abc6a,8bab4dff,a6177608,0.0
2025-03-13T23:24:00Z,147abc6a,8bab4dff,a6177608,0.0
2025-03-13T23:27:00Z,147abc6a,8bab4dff,a6177608,0.0
2025-03-13T23:30:00Z,147abc6a,8bab4dff,a6177608,0.0
2025-03-13T23:33:00Z,147abc6a,8bab4dff,a6177608,0.0
2025-03-13T23:36:00Z,147abc6a,8bab4dff,a6177608,0.0
2025-03-13T23:39:00Z,147abc6a,8bab4dff,a6177608,0.0
2025-03-13T23:42:00Z,147abc6a,8bab4dff,a6177608,0.0
2025-03-13T23:45:00Z,147abc6a,8bab4dff,a6177608,0.0
2025-03-13T23:48:00Z,147abc6a,8bab4dff,a6177608,0.0
2025-03-13T23:51:00Z,147abc6a,8bab4dff,a6177608,0.0
2025-03-13T23:54:00Z,147abc6a,8bab4dff,a6177608,0.0
2025-03-13T23:57:00Z,147abc6a,8bab4dff,a6177608,0.0
2025-03-14T00:00:00Z,147abc6a,8bab4dff,a6177608,0.0
2025-03-14T00:03:00Z,147abc6a,8bab4dff,a6177608,0.0
2025-03-14T00:06:00Z,147abc6a,8bab4dff,a6177608,0.0
2025-03-14T00:09:00Z,147abc6a,8bab4dff,a6177608,0.0
2025-03-14T00:12:00Z,147abc6a,8bab4dff,a6177608,0.0
2025-03-14T00:15:00Z,147abc6a,8bab4dff,a6177608,0.0
2025-03-14T00:18:00Z,147abc6a,8bab4dff,a6177608,0.0
2025-03-14T00:21:00Z,147abc6a,8bab4dff,a6177608,0.0
2025-03-14T00:24:00Z,147abc6a,8bab4dff,a6177608,0.0
2025-03-14T00:27:00Z,147abc6a,8bab4dff,a6177608,0.0
2025-03-14T00:30:00Z,147abc6a,8bab4dff,a6177608,0.0
2025-03-14T00:33:00Z,147abc6a,8bab4dff,a6177608,0.01
2025-03-14T00:36:00Z,147abc6a,8bab4dff,a6177608,0.0
2025-03-14T00:39:00Z,147abc6a,8bab4dff,a6177608,0.0
2025-03-14T00:42:00Z,147abc6a,8bab4dff,a6177608,0.0
2025-03-14T00:45:00Z,147abc6a,8bab4dff,a6177608,0.0
2025-03-14T00:48:00Z,147abc6a,8bab4dff,a6177608,0.0
2025-03-14T00:51:00Z,147abc6a,8bab4dff,a6177608,0.0
2025-03-14T00:54:00Z,147abc6a,8bab4dff,a6177608,0.0
2025-03-14T00:57:00Z,147abc6a,8bab4dff,a6177608,0.0
2025-03-14T01:00:00Z,147abc6a,8bab4dff,a6177608,0.0
2025-03-14T01:03:00Z,147abc6a,8bab4dff,a6177608,0.0
2025-03-14T01:06:00Z,147abc6a,8bab4dff,a6177608,0.0
2025-03-14T01:09:00Z,147abc6a,8bab4dff,a6177608,0.0
2025-03-14T01:12:00Z,147abc6a,8bab4dff,a6177608,0.0
2025-03-14T01:15:00Z,147abc6a,8bab4dff,a6177608,0.0
2025-03-14T01:18:00Z,147abc6a,8bab4dff,a6177608,0.0
2025-03-14T01:21:00Z,147abc6a,8bab4dff,a6177608,0.0
2025-03-14T01:24:00Z,147abc6a,8bab4dff,a6177608,0.0
2025-03-14T01:27:00Z,147abc6a,8bab4dff,a6177608,0.0
2025-03-14T01:30:00Z,147abc6a,8bab4dff,a6177608,0.0
2025-03-14T01:33:00Z,147abc6a,8bab4dff,a6177608,0.0
2025-03-14T01:36:00Z,147abc6a,8bab4dff,a6177608,0.0
2025-03-14T01:39:00Z,147abc6a,8bab4dff,a6177608,0.0
2025-03-14T01:42:00Z,147abc6a,8bab4dff,a6177608,0.0
2025-03-14T01:45:00Z,147abc6a,8bab4dff,a6177608,0.0
2025-03-14T01:48:00Z,147abc6a,8bab4dff,a6177608,0.0
2025-03-14T01:51:00Z,147abc6a,8bab4dff,a6177608,0.0
2025-03-14T01:54:00Z,147abc6a,8bab4dff,a6177608,0.0
2025-03-14T01:57:00Z,147abc6a,8bab4dff,a6177608,0.0
2025-03-14T02:00:00Z,147abc6a,8bab4dff,a6177608,0.0
2025-03-14T02:03:00Z,147abc6a,8bab4dff,a6177608,0.0
2025-03-14T02:06:00Z,147abc6a,8bab4dff,a6177608,0.0
2025-03-14T02:09:00Z,147abc6a,8bab4dff,a6177608,0.0
2025-03-14T02:12:00Z,147abc6a,8bab4dff,a6177608,0.0
2025-03-14T02:15:00Z,147abc6a,8bab4dff,a6177608,0.0
2025-03-14T02:18:00Z,147abc6a,8bab4dff,a6177608,0.0
2025-03-14T02:21:00Z,147abc6a,8bab4dff,a6177608,0.0
2025-03-14T02:24:00Z,147abc6a,8bab4dff,a6177608,0.0
2025-03-14T02:27:00Z,147abc6a,8bab4dff,a6177608,0.0
2025-03-14T02:30:00Z,147abc6a,8bab4dff,a6177608,0.0
2025-03-14T02:33:00Z,147abc6a,8bab4dff,a6177608,0.0
2025-03-14T02:36:00Z,147abc6a,8bab4dff,a6177608,0.0
2025-03-14T02:39:00Z,147abc6a,8bab4dff,a6177608,0.0
2025-03-14T02:42:00Z,147abc6a,8bab4dff,a6177608,0.0
2025-03-14T02:45:00Z,147abc6a,8bab4dff,a6177608,0.0
2025-03-14T02:48:00Z,147abc6a,8bab4dff,a6177608,0.0
2025-03-14T02:51:00Z,147abc6a,8bab4dff,a6177608,0.0
2025-03-14T02:54:00Z,147abc6a,8bab4dff,a6177608,0.0
2025-03-14T02:57:00Z,147abc6a,8bab4dff,a6177608,0.0
2025-03-14T03:00:00Z,147abc6a,8bab4dff,a6177608,0.0
2025-03-14T03:03:00Z,147abc6a,8bab4dff,a6177608,0.0
2025-03-14T03:06:00Z,147abc6a,8bab4dff,a6177608,0.0
2025-03-14T03:09:00Z,147abc6a,8bab4dff,a6177608,0.0
2025-03-14T03:12:00Z,147abc6a,8bab4dff,a6177608,0.0
2025-03-14T03:15:00Z,147abc6a,8bab4dff,a6177608,0.0
2025-03-14T03:18:00Z,147abc6a,8bab4dff,a6177608,0.0
2025-03-14T03:21:00Z,147abc6a,8bab4dff,a6177608,0.0
2025-03-14T03:24:00Z,147abc6a,8bab4dff,a6177608,0.0
2025-03-14T03:27:00Z,147abc6a,8bab4dff,a6177608,0.0
2025-03-14T03:30:00Z,147abc6a,8bab4dff,a6177608,0.0
2025-03-14T03:33:00Z,147abc6a,8bab4dff,a6177608,0.0
2025-03-14T03:36:00Z,147abc6a,8bab4dff,a6177608,0.0
2025-03-14T03:39:00Z,147abc6a,8bab4dff,a6177608,0.0
2025-03-14T03:42:00Z,147abc6a,8bab4dff,a6177608,0.0
2025-03-14T03:45:00Z,147abc6a,8bab4dff,a6177608,0.0
2025-03-14T03:48:00Z,147abc6a,8bab4dff,a6177608,0.0
2025-03-14T03:51:00Z,147abc6a,8bab4dff,a6177608,0.0
2025-03-14T03:54:00Z,147abc6a,8bab4dff,a6177608,0.0
2025-03-14T03:57:00Z,147abc6a,8bab4dff,a6177608,0.0
2025-03-14T04:00:00Z,147abc6a,8bab4dff,a6177608,0.0
2025-03-14T04:03:00Z,147abc6a,8bab4dff,a6177608,0.0
2025-03-14T04:06:00Z,147abc6a,8bab4dff,a6177608,0.0
2025-03-14T04:09:00Z,147abc6a,8bab4dff,a6177608,0.0
2025-03-14T04:12:00Z,147abc6a,8bab4dff,a6177608,0.0
2025-03-14T04:15:00Z,147abc6a,8bab4dff,a6177608,0.0
2025-03-14T04:18:00Z,147abc6a,8bab4dff,a6177608,0.0
2025-03-14T04:21:00Z,147abc6a,8bab4dff,a6177608,0.0
2025-03-14T04:24:00Z,147abc6a,8bab4dff,a6177608,0.0
2025-03-14T04:27:00Z,147abc6a,8bab4dff,a6177608,0.0
2025-03-14T04:30:00Z,147abc6a,8bab4dff,a6177608,0.0
2025-03-14T04:33:00Z,147abc6a,8bab4dff,a6177608,0.0
2025-03-14T04:36:00Z,147abc6a,8bab4dff,a6177608,0.0
2025-03-14T04:39:00Z,147abc6a,8bab4dff,a6177608,0.0
2025-03-14T04:42:00Z,147abc6a,8bab4dff,a6177608,0.0
2025-03-14T04:45:00Z,147abc6a,8bab4dff,a6177608,0.0
2025-03-14T04:48:00Z,147abc6a,8bab4dff,a6177608,0.0
2025-03-14T04:51:00Z,147abc6a,8bab4dff,a6177608,0.0
2025-03-14T04:54:00Z,147abc6a,8bab4dff,a6177608,0.0
2025-03-14T04:57:00Z,147abc6a,8bab4dff,a6177608,0.0
2025-03-14T05:00:00Z,147abc6a,8bab4dff,a6177608,0.0
2025-03-14T05:03:00Z,147abc6a,8bab4dff,a6177608,0.0
2025-03-14T05:06:00Z,147abc6a,8bab4dff,a6177608,0.0
2025-03-14T05:09:00Z,147abc6a,8bab4dff,a6177608,0.0
2025-03-14T05:12:00Z,147abc6a,8bab4dff,a6177608,0.0
2025-03-14T05:15:00Z,147abc6a,8bab4dff,a6177608,0.0
2025-03-14T05:18:00Z,147abc6a,8bab4dff,a6177608,0.0
2025-03-14T05:21:00Z,147abc6a,8bab4dff,a6177608,0.0
2025-03-14T05:24:00Z,147abc6a,8bab4dff,a6177608,0.0
2025-03-14T05:27:00Z,147abc6a,8bab4dff,a6177608,0.0
2025-03-14T05:30:00Z,147abc6a,8bab4dff,a6177608,0.0
2025-03-14T05:33:00Z,147abc6a,8bab4dff,a6177608,0.0
2025-03-14T05:36:00Z,147abc6a,8bab4dff,a6177608,0.0
2025-03-14T05:39:00Z,147abc6a,8bab4dff,a6177608,0.0
2025-03-14T05:42:00Z,147abc6a,8bab4dff,a6177608,0.0
2025-03-14T05:45:00Z,147abc6a,8bab4dff,a6177608,0.0
2025-03-14T05:48:00Z,147abc6a,8bab4dff,a6177608,0.0
2025-03-14T05:51:00Z,147abc6a,8bab4dff,a6177608,0.0
2025-03-14T05:54:00Z,147abc6a,8bab4dff,a6177608,0.0
2025-03-14T05:57:00Z,147abc6a,8bab4dff,a6177608,0.0
2025-03-14T06:00:00Z,147abc6a,8bab4dff,a6177608,0.0
2025-03-14T06:03:00Z,147abc6a,8bab4dff,a6177608,0.0
2025-03-14T06:06:00Z,147abc6a,8bab4dff,a6177608,0.02
2025-03-14T06:09:00Z,147abc6a,8bab4dff,a6177608,0.0
2025-03-14T06:12:00Z,147abc6a,8bab4dff,a6177608,0.0
2025-03-14T06:15:00Z,147abc6a,8bab4dff,a6177608,0.0
2025-03-14T06:18:00Z,147abc6a,8bab4dff,a6177608,0.0
2025-03-14T06:21:00Z,147abc6a,8bab4dff,a6177608,0.0
2025-03-14T06:24:00Z,147abc6a,8bab4dff,a6177608,0.0
2025-03-14T06:27:00Z,147abc6a,8bab4dff,a6177608,0.0
2025-03-14T06:30:00Z,147abc6a,8bab4dff,a6177608,0.0
2025-03-14T06:33:00Z,147abc6a,8bab4dff,a6177608,0.0
2025-03-14T06:36:00Z,147abc6a,8bab4dff,a6177608,0.0
2025-03-14T06:39:00Z,147abc6a,8bab4dff,a6177608,0.0
2025-03-14T06:42:00Z,147abc6a,8bab4dff,a6177608,0.0
2025-03-14T06:45:00Z,147abc6a,8bab4dff,a6177608,0.0
2025-03-14T06:48:00Z,147abc6a,8bab4dff,a6177608,0.0
2025-03-14T06:51:00Z,147abc6a,8bab4dff,a6177608,0.0
2025-03-14T06:54:00Z,147abc6a,8bab4dff,a6177608,0.0
2025-03-14T06:57:00Z,147abc6a,8bab4dff,a6177608,0.0
2025-03-14T07:00:00Z,147abc6a,8bab4dff,a6177608,0.0
2025-03-14T07:03:00Z,147abc6a,8bab4dff,a6177608,0.0
2025-03-14T07:06:00Z,147abc6a,8bab4dff,a6177608,0.0
2025-03-14T07:09:00Z,147abc6a,8bab4dff,a6177608,0.0
2025-03-14T07:12:00Z,147abc6a,8bab4dff,a6177608,0.0
2025-03-14T07:15:00Z,147abc6a,8bab4dff,a6177608,0.0
2025-03-14T07:18:00Z,147abc6a,8bab4dff,a6177608,0.0
2025-03-14T07:21:00Z,147abc6a,8bab4dff,a6177608,0.0
2025-03-14T07:24:00Z,147abc6a,8bab4dff,a6177608,0.0
2025-03-14T07:27:00Z,147abc6a,8bab4dff,a6177608,0.0
2025-03-14T07:30:00Z,147abc6a,8bab4dff,a6177608,0.0
2025-03-14T07:33:00Z,147abc6a,8bab4dff,a6177608,0.0
2025-03-14T07:36:00Z,147abc6a,8bab4dff,a6177608,0.0
2025-03-14T07:39:00Z,147abc6a,8bab4dff,a6177608,0.0
2025-03-14T07:42:00Z,147abc6a,8bab4dff,a6177608,0.0
2025-03-14T07:45:00Z,147abc6a,8bab4dff,a6177608,0.0
2025-03-14T07:48:00Z,147abc6a,8bab4dff,a6177608,0.0
2025-03-14T07:51:00Z,147abc6a,8bab4dff,a6177608,0.0
2025-03-14T07:54:00Z,147abc6a,8bab4dff,a6177608,0.0
2025-03-14T07:57:00Z,147abc6a,8bab4dff,a6177608,0.04
2025-03-14T08:00:00Z,147abc6a,8bab4dff,a6177608,0.0
2025-03-14T08:03:00Z,147abc6a,8bab4dff,a6177608,0.0
2025-03-14T08:06:00Z,147abc6a,8bab4dff,a6177608,0.0
2025-03-14T08:09:00Z,147abc6a,8bab4dff,a6177608,0.0
2025-03-14T08:12:00Z,147abc6a,8bab4dff,a6177608,0.0
2025-03-14T08:15:00Z,147abc6a,8bab4dff,a6177608,0.0
2025-03-14T08:18:00Z,147abc6a,8bab4dff,a6177608,0.0
2025-03-14T08:21:00Z,147abc6a,8bab4dff,a6177608,0.0
2025-03-14T08:24:00Z,147abc6a,8bab4dff,a6177608,0.0
2025-03-14T08:27:00Z,147abc6a,8bab4dff,a6177608,0.0
2025-03-14T08:30:00Z,147abc6a,8bab4dff,a6177608,0.0
2025-03-14T08:33:00Z,147abc6a,8bab4dff,a6177608,0.0
2025-03-14T08:36:00Z,147abc6a,8bab4dff,a6177608,0.0
2025-03-14T08:39:00Z,147abc6a,8bab4dff,a6177608,0.0
2025-03-14T08:42:00Z,147abc6a,8bab4dff,a6177608,0.0
2025-03-14T08:45:00Z,147abc6a,8bab4dff,a6177608,0.0
2025-03-14T08:48:00Z,147abc6a,8bab4dff,a6177608,0.0
2025-03-14T08:51:00Z,147abc6a,8bab4dff,a6177608,0.0
2025-03-14T08:54:00Z,147abc6a,8bab4dff,a6177608,0.0
2025-03-14T08:57:00Z,147abc6a,8bab4dff,a6177608,0.0
2025-03-14T09:00:00Z,147abc6a,8bab4dff,a6177608,0.0
2025-03-14T09:03:00Z,147abc6a,8bab4dff,a6177608,0.0
2025-03-14T09:06:00Z,147abc6a,8bab4dff,a6177608,0.0
2025-03-14T09:09:00Z,147abc6a,8bab4dff,a6177608,0.0
2025-03-14T09:12:00Z,147abc6a,8bab4dff,a6177608,0.0
2025-03-14T09:15:00Z,147abc6a,8bab4dff,a6177608,0.0
2025-03-14T09:18:00Z,147abc6a,8bab4dff,a6177608,0.0
2025-03-14T09:21:00Z,147abc6a,8bab4dff,a6177608,0.0
2025-03-14T09:24:00Z,147abc6a,8bab4dff,a6177608,0.0
2025-03-14T09:27:00Z,147abc6a,8bab4dff,a6177608,0.0
2025-03-14T09:30:00Z,147abc6a,8bab4dff,a6177608,0.0
2025-03-14T09:33:00Z,147abc6a,8bab4dff,a6177608,0.0
2025-03-14T09:36:00Z,147abc6a,8bab4dff,a6177608,0.0
2025-03-14T09:39:00Z,147abc6a,8bab4dff,a6177608,0.0
2025-03-14T09:42:00Z,147abc6a,8bab4dff,a6177608,0.0
2025-03-14T09:45:00Z,147abc6a,8bab4dff,a6177608,0.0
2025-03-14T09:48:00Z,147abc6a,8bab4dff,a6177608,0.0
2025-03-14T09:51:00Z,147abc6a,8bab4dff,a6177608,0.0
2025-03-14T09:54:00Z,147abc6a,8bab4dff,a6177608,0.0
2025-03-14T09:57:00Z,147abc6a,8bab4dff,a6177608,0.0
2025-03-14T10:00:00Z,147abc6a,8bab4dff,a6177608,0.0
2025-03-14T10:03:00Z,147abc6a,8bab4dff,a6177608,0.0
2025-03-14T10:06:00Z,147abc6a,8bab4dff,a6177608,0.0
2025-03-14T10:09:00Z,147abc6a,8bab4dff,a6177608,0.0
2025-03-14T10:12:00Z,147abc6a,8bab4dff,a6177608,0.0
2025-03-14T10:15:00Z,147abc6a,8bab4dff,a6177608,0.0
2025-03-14T10:18:00Z,147abc6a,8bab4dff,a6177608,0.0
2025-03-14T10:21:00Z,147abc6a,8bab4dff,a6177608,0.0
2025-03-14T10:24:00Z,147abc6a,8bab4dff,a6177608,0.0
2025-03-14T10:27:00Z,147abc6a,8bab4dff,a6177608,0.0
2025-03-14T10:30:00Z,147abc6a,8bab4dff,a6177608,0.0
2025-03-14T10:33:00Z,147abc6a,8bab4dff,a6177608,0.0
2025-03-14T10:36:00Z,147abc6a,8bab4dff,a6177608,0.0
2025-03-14T10:39:00Z,147abc6a,8bab4dff,a6177608,0.0
2025-03-14T10:42:00Z,147abc6a,8bab4dff,a6177608,0.0
2025-03-14T10:45:00Z,147abc6a,8bab4dff,a6177608,0.0
2025-03-14T10:48:00Z,147abc6a,8bab4dff,a6177608,0.0
2025-03-14T10:51:00Z,147abc6a,8bab4dff,a6177608,0.0
2025-03-14T10:54:00Z,147abc6a,8bab4dff,a6177608,0.0
2025-03-14T10:57:00Z,147abc6a,8bab4dff,a6177608,0.0
2025-03-14T11:00:00Z,147abc6a,8bab4dff,a6177608,0.0
2025-03-14T11:03:00Z,147abc6a,8bab4dff,a6177608,0.0
2025-03-14T11:06:00Z,147abc6a,8bab4dff,a6177608,0.0
2025-03-14T11:09:00Z,147abc6a,8bab4dff,a6177608,0.0
2025-03-14T11:12:00Z,147abc6a,8bab4dff,a6177608,0.0
2025-03-14T11:15:00Z,147abc6a,8bab4dff,a6177608,0.0
2025-03-14T11:18:00Z,147abc6a,8bab4dff,a6177608,0.0
2025-03-14T11:21:00Z,147abc6a,8bab4dff,a6177608,0.0
2025-03-14T11:24:00Z,147abc6a,8bab4dff,a6177608,0.0
2025-03-14T11:27:00Z,147abc6a,8bab4dff,a6177608,0.0
2025-03-14T11:30:00Z,147abc6a,8bab4dff,a6177608,0.0
2025-03-14T11:33:00Z,147abc6a,8bab4dff,a6177608,0.0
2025-03-14T11:36:00Z,147abc6a,8bab4dff,a6177608,0.0
2025-03-14T11:39:00Z,147abc6a,8bab4dff,a6177608,0.0
2025-03-14T11:42:00Z,147abc6a,8bab4dff,a6177608,0.0
2025-03-14T11:45:00Z,147abc6a,8bab4dff,a6177608,0.0
2025-03-14T11:48:00Z,147abc6a,8bab4dff,a6177608,0.0
2025-03-14T11:51:00Z,147abc6a,8bab4dff,a6177608,0.0
2025-03-14T11:54:00Z,147abc6a,8bab4dff,a6177608,0.0
2025-03-14T11:57:00Z,147abc6a,8bab4dff,a6177608,0.0
2025-03-14T12:00:00Z,147abc6a,8bab4dff,a6177608,0.0
2025-03-14T12:03:00Z,147abc6a,8bab4dff,a6177608,0.0
2025-03-14T12:06:00Z,147abc6a,8bab4dff,a6177608,0.0
2025-03-14T12:09:00Z,147abc6a,8bab4dff,a6177608,0.0
2025-03-14T12:12:00Z,147abc6a,8bab4dff,a6177608,0.0
2025-03-14T12:15:00Z,147abc6a,8bab4dff,a6177608,0.0
2025-03-14T12:18:00Z,147abc6a,8bab4dff,a6177608,0.0
2025-03-14T12:21:00Z,147abc6a,8bab4dff,a6177608,0.0
2025-03-14T12:24:00Z,147abc6a,8bab4dff,a6177608,0.0
2025-03-14T12:27:00Z,147abc6a,8bab4dff,a6177608,0.0
2025-03-14T12:30:00Z,147abc6a,8bab4dff,a6177608,0.0
2025-03-14T12:33:00Z,147abc6a,8bab4dff,a6177608,0.0
2025-03-14T12:36:00Z,147abc6a,8bab4dff,a6177608,0.0
2025-03-14T12:39:00Z,147abc6a,8bab4dff,a6177608,0.0
2025-03-14T12:42:00Z,147abc6a,8bab4dff,a6177608,0.0
2025-03-14T12:45:00Z,147abc6a,8bab4dff,a6177608,0.0
2025-03-14T12:48:00Z,147abc6a,8bab4dff,a6177608,0.0
2025-03-14T12:51:00Z,147abc6a,8bab4dff,a6177608,0.0
2025-03-14T12:54:00Z,147abc6a,8bab4dff,a6177608,0.0
2025-03-14T12:57:00Z,147abc6a,8bab4dff,a6177608,0.0
2025-03-14T13:00:00Z,147abc6a,8bab4dff,a6177608,0.0
2025-03-14T13:03:00Z,147abc6a,8bab4dff,a6177608,0.0
2025-03-14T13:06:00Z,147abc6a,8bab4dff,a6177608,0.0
2025-03-14T13:09:00Z,147abc6a,8bab4dff,a6177608,0.0
2025-03-14T13:12:00Z,147abc6a,8bab4dff,a6177608,0.0
2025-03-14T13:15:00Z,147abc6a,8bab4dff,a6177608,0.0
2025-03-14T13:18:00Z,147abc6a,8bab4dff,a6177608,0.0
2025-03-14T13:21:00Z,147abc6a,8bab4dff,a6177608,0.0
2025-03-14T13:24:00Z,147abc6a,8bab4dff,a6177608,0.0
2025-03-14T13:27:00Z,147abc6a,8bab4dff,a6177608,0.0
2025-03-14T13:30:00Z,147abc6a,8bab4dff,a6177608,0.0
2025-03-14T13:33:00Z,147abc6a,8bab4dff,a6177608,0.0
2025-03-14T13:36:00Z,147abc6a,8bab4dff,a6177608,0.0
2025-03-14T13:39:00Z,147abc6a,8bab4dff,a6177608,0.0
2025-03-14T13:42:00Z,147abc6a,8bab4dff,a6177608,0.0
2025-03-14T13:45:00Z,147abc6a,8bab4dff,a6177608,0.0
2025-03-14T13:48:00Z,147abc6a,8bab4dff,a6177608,0.0
2025-03-14T13:51:00Z,147abc6a,8bab4dff,a6177608,0.0
2025-03-14T13:54:00Z,147abc6a,8bab4dff,a6177608,0.0
2025-03-14T13:57:00Z,147abc6a,8bab4dff,a6177608,0.0
2025-03-14T14:00:00Z,147abc6a,8bab4dff,a6177608,0.0
2025-03-14T14:03:00Z,147abc6a,8bab4dff,a6177608,0.0
2025-03-14T14:06:00Z,147abc6a,8bab4dff,a6177608,0.0
2025-03-14T14:09:00Z,147abc6a,8bab4dff,a6177608,0.0
2025-03-14T14:12:00Z,147abc6a,8bab4dff,a6177608,0.0
2025-03-14T14:15:00Z,147abc6a,8bab4dff,a6177608,0.0
2025-03-14T14:18:00Z,147abc6a,8bab4dff,a6177608,0.0
2025-03-14T14:21:00Z,147abc6a,8bab4dff,a6177608,0.0
2025-03-14T14:24:00Z,147abc6a,8bab4dff,a6177608,0.0
2025-03-14T14:27:00Z,147abc6a,8bab4dff,a6177608,0.0
2025-03-14T14:30:00Z,147abc6a,8bab4dff,a6177608,0.0
2025-03-14T14:33:00Z,147abc6a,8bab4dff,a6177608,0.0
2025-03-14T14:36:00Z,147abc6a,8bab4dff,a6177608,0.0
2025-03-14T14:39:00Z,147abc6a,8bab4dff,a6177608,0.0
2025-03-14T14:42:00Z,147abc6a,8bab4dff,a6177608,0.0
2025-03-14T14:45:00Z,147abc6a,8bab4dff,a6177608,0.0
2025-03-14T14:48:00Z,147abc6a,8bab4dff,a6177608,0.0
2025-03-14T14:51:00Z,147abc6a,8bab4dff,a6177608,0.0
2025-03-14T14:54:00Z,147abc6a,8bab4dff,a6177608,0.0
2025-03-14T14:57:00Z,147abc6a,8bab4dff,a6177608,0.0
2025-03-14T15:00:00Z,147abc6a,8bab4dff,a6177608,0.0
2025-03-14T15:03:00Z,147abc6a,8bab4dff,a6177608,0.0
2025-03-14T15:06:00Z,147abc6a,8bab4dff,a6177608,0.0
2025-03-14T15:09:00Z,147abc6a,8bab4dff,a6177608,0.0
2025-03-14T15:12:00Z,147abc6a,8bab4dff,a6177608,0.0
2025-03-14T15:15:00Z,147abc6a,8bab4dff,a6177608,0.0
2025-03-14T15:18:00Z,147abc6a,8bab4dff,a6177608,0.0
2025-03-14T15:21:00Z,147abc6a,8bab4dff,a6177608,0.0
2025-03-14T15:24:00Z,147abc6a,8bab4dff,a6177608,0.0
2025-03-14T15:27:00Z,147abc6a,8bab4dff,a6177608,0.0
2025-03-14T15:30:00Z,147abc6a,8bab4dff,a6177608,0.0
2025-03-14T15:33:00Z,147abc6a,8bab4dff,a6177608,0.0
2025-03-14T15:36:00Z,147abc6a,8bab4dff,a6177608,0.0
2025-03-14T15:39:00Z,147abc6a,8bab4dff,a6177608,0.0
2025-03-14T15:42:00Z,147abc6a,8bab4dff,a6177608,0.0
2025-03-14T15:45:00Z,147abc6a,8bab4dff,a6177608,0.0
2025-03-14T15:48:00Z,147abc6a,8bab4dff,a6177608,0.0
2025-03-14T15:51:00Z,147abc6a,8bab4dff,a6177608,0.0
2025-03-14T15:54:00Z,147abc6a,8bab4dff,a6177608,0.0
2025-03-14T15:57:00Z,147abc6a,8bab4dff,a6177608,0.0
2025-03-14T16:00:00Z,147abc6a,8bab4dff,a6177608,0.0
2025-03-14T16:03:00Z,147abc6a,8bab4dff,a6177608,0.0
2025-03-14T16:06:00Z,147abc6a,8bab4dff,a6177608,0.0
2025-03-14T16:09:00Z,147abc6a,8bab4dff,a6177608,0.0
2025-03-14T16:12:00Z,147abc6a,8bab4dff,a6177608,0.0
2025-03-14T16:15:00Z,147abc6a,8bab4dff,a6177608,0.0
2025-03-14T16:18:00Z,147abc6a,8bab4dff,a6177608,0.01
2025-03-14T16:21:00Z,147abc6a,8bab4dff,a6177608,0.01
2025-03-14T16:24:00Z,147abc6a,8bab4dff,a6177608,0.0
2025-03-14T16:27:00Z,147abc6a,8bab4dff,a6177608,0.0
2025-03-14T16:30:00Z,147abc6a,8bab4dff,a6177608,0.0
2025-03-14T16:33:00Z,147abc6a,8bab4dff,a6177608,0.0
2025-03-14T16:36:00Z,147abc6a,8bab4dff,a6177608,0.0
2025-03-14T16:39:00Z,147abc6a,8bab4dff,a6177608,0.0
2025-03-14T16:42:00Z,147abc6a,8bab4dff,a6177608,0.0
2025-03-14T16:45:00Z,147abc6a,8bab4dff,a6177608,0.0
2025-03-14T16:48:00Z,147abc6a,8bab4dff,a6177608,0.0
2025-03-14T16:51:00Z,147abc6a,8bab4dff,a6177608,0.0
2025-03-14T16:54:00Z,147abc6a,8bab4dff,a6177608,0.0
2025-03-14T16:57:00Z,147abc6a,8bab4dff,a6177608,0.0
2025-03-14T17:00:00Z,147abc6a,8bab4dff,a6177608,0.0
2025-03-14T17:03:00Z,147abc6a,8bab4dff,a6177608,0.0
2025-03-14T17:06:00Z,147abc6a,8bab4dff,a6177608,0.0
2025-03-14T17:09:00Z,147abc6a,8bab4dff,a6177608,0.0
2025-03-14T17:12:00Z,147abc6a,8bab4dff,a6177608,0.0
2025-03-14T17:15:00Z,147abc6a,8bab4dff,a6177608,0.0
2025-03-14T17:18:00Z,147abc6a,8bab4dff,a6177608,0.0
2025-03-14T17:21:00Z,147abc6a,8bab4dff,a6177608,0.0
2025-03-14T17:24:00Z,147abc6a,8bab4dff,a6177608,0.0
2025-03-14T17:27:00Z,147abc6a,8bab4dff,a6177608,0.0
2025-03-14T17:30:00Z,147abc6a,8bab4dff,a6177608,0.0
2025-03-14T17:33:00Z,147abc6a,8bab4dff,a6177608,0.0
2025-03-14T17:36:00Z,147abc6a,8bab4dff,a6177608,0.0
2025-03-14T17:39:00Z,147abc6a,8bab4dff,a6177608,0.0
2025-03-14T17:42:00Z,147abc6a,8bab4dff,a6177608,0.0
2025-03-14T17:45:00Z,147abc6a,8bab4dff,a6177608,0.0
2025-03-14T17:48:00Z,147abc6a,8bab4dff,a6177608,0.0
2025-03-14T17:51:00Z,147abc6a,8bab4dff,a6177608,0.0
2025-03-14T17:54:00Z,147abc6a,8bab4dff,a6177608,0.0
2025-03-14T17:57:00Z,147abc6a,8bab4dff,a6177608,0.0
2025-03-14T18:00:00Z,147abc6a,8bab4dff,a6177608,0.0
2025-03-14T18:03:00Z,147abc6a,8bab4dff,a6177608,0.0
2025-03-14T18:06:00Z,147abc6a,8bab4dff,a6177608,0.0
2025-03-14T18:09:00Z,147abc6a,8bab4dff,a6177608,0.0
2025-03-14T18:12:00Z,147abc6a,8bab4dff,a6177608,0.0
2025-03-14T18:15:00Z,147abc6a,8bab4dff,a6177608,0.0
2025-03-14T18:18:00Z,147abc6a,8bab4dff,a6177608,0.0
2025-03-14T18:21:00Z,147abc6a,8bab4dff,a6177608,0.0
2025-03-14T18:24:00Z,147abc6a,8bab4dff,a6177608,0.0
2025-03-14T18:27:00Z,147abc6a,8bab4dff,a6177608,0.0
2025-03-14T18:30:00Z,147abc6a,8bab4dff,a6177608,0.0
2025-03-14T18:33:00Z,147abc6a,8bab4dff,a6177608,0.0
2025-03-14T18:36:00Z,147abc6a,8bab4dff,a6177608,0.0
2025-03-14T18:39:00Z,147abc6a,8bab4dff,a6177608,0.0
2025-03-14T18:42:00Z,147abc6a,8bab4dff,a6177608,0.0
2025-03-14T18:45:00Z,147abc6a,8bab4dff,a6177608,0.0
2025-03-14T18:48:00Z,147abc6a,8bab4dff,a6177608,0.0
2025-03-14T18:51:00Z,147abc6a,8bab4dff,a6177608,0.0
2025-03-14T18:54:00Z,147abc6a,8bab4dff,a6177608,0.0
2025-03-14T18:57:00Z,147abc6a,8bab4dff,a6177608,0.0
2025-03-14T19:00:00Z,147abc6a,8bab4dff,a6177608,0.0
2025-03-14T19:03:00Z,147abc6a,8bab4dff,a6177608,0.0
2025-03-14T19:06:00Z,147abc6a,8bab4dff,a6177608,0.0
2025-03-14T19:09:00Z,147abc6a,8bab4dff,a6177608,0.08
2025-03-14T19:12:00Z,147abc6a,8bab4dff,a6177608,0.0
2025-03-14T19:15:00Z,147abc6a,8bab4dff,a6177608,0.0
2025-03-14T19:18:00Z,147abc6a,8bab4dff,a6177608,0.0
2025-03-14T19:21:00Z,147abc6a,8bab4dff,a6177608,0.0
2025-03-14T19:24:00Z,147abc6a,8bab4dff,a6177608,0.0
2025-03-14T19:27:00Z,147abc6a,8bab4dff,a6177608,0.0
2025-03-14T19:30:00Z,147abc6a,8bab4dff,a6177608,0.0
2025-03-14T19:33:00Z,147abc6a,8bab4dff,a6177608,0.0
2025-03-14T19:36:00Z,147abc6a,8bab4dff,a6177608,0.0
2025-03-14T19:39:00Z,147abc6a,8bab4dff,a6177608,0.0
2025-03-14T19:42:00Z,147abc6a,8bab4dff,a6177608,0.0
2025-03-14T19:45:00Z,147abc6a,8bab4dff,a6177608,0.0
2025-03-14T19:48:00Z,147abc6a,8bab4dff,a6177608,0.0
2025-03-14T19:51:00Z,147abc6a,8bab4dff,a6177608,0.0
2025-03-14T19:54:00Z,147abc6a,8bab4dff,a6177608,0.0
2025-03-14T19:57:00Z,147abc6a,8bab4dff,a6177608,0.0
2025-03-14T20:00:00Z,147abc6a,8bab4dff,a6177608,0.0
2025-03-14T20:03:00Z,147abc6a,8bab4dff,a6177608,0.0
2025-03-14T20:06:00Z,147abc6a,8bab4dff,a6177608,0.0
2025-03-14T20:09:00Z,147abc6a,8bab4dff,a6177608,0.0
2025-03-14T20:12:00Z,147abc6a,8bab4dff,a6177608,0.0
2025-03-14T20:15:00Z,147abc6a,8bab4dff,a6177608,0.0
2025-03-14T20:18:00Z,147abc6a,8bab4dff,a6177608,0.0
2025-03-14T20:21:00Z,147abc6a,8bab4dff,a6177608,0.0
2025-03-14T20:24:00Z,147abc6a,8bab4dff,a6177608,0.0
2025-03-14T20:27:00Z,147abc6a,8bab4dff,a6177608,0.0
2025-03-14T20:30:00Z,147abc6a,8bab4dff,a6177608,0.0
2025-03-14T20:33:00Z,147abc6a,8bab4dff,a6177608,0.0
2025-03-14T20:36:00Z,147abc6a,8bab4dff,a6177608,0.0
2025-03-14T20:39:00Z,147abc6a,8bab4dff,a6177608,0.0
2025-03-14T20:42:00Z,147abc6a,8bab4dff,a6177608,0.0
2025-03-14T20:45:00Z,147abc6a,8bab4dff,a6177608,0.0
2025-03-14T20:48:00Z,147abc6a,8bab4dff,a6177608,0.0
2025-03-14T20:51:00Z,147abc6a,8bab4dff,a6177608,0.0
2025-03-14T20:54:00Z,147abc6a,8bab4dff,a6177608,0.0
2025-03-14T20:57:00Z,147abc6a,8bab4dff,a6177608,0.0
2025-03-14T21:00:00Z,147abc6a,8bab4dff,a6177608,0.0
2025-03-14T21:03:00Z,147abc6a,8bab4dff,a6177608,0.0
2025-03-14T21:06:00Z,147abc6a,8bab4dff,a6177608,0.0
2025-03-14T21:09:00Z,147abc6a,8bab4dff,a6177608,0.0
2025-03-14T21:12:00Z,147abc6a,8bab4dff,a6177608,0.0
2025-03-14T21:15:00Z,147abc6a,8bab4dff,a6177608,0.0
2025-03-14T21:18:00Z,147abc6a,8bab4dff,a6177608,0.0
2025-03-14T21:21:00Z,147abc6a,8bab4dff,a6177608,0.0
2025-03-14T21:24:00Z,147abc6a,8bab4dff,a6177608,0.0
2025-03-14T21:27:00Z,147abc6a,8bab4dff,a6177608,0.0
2025-03-14T21:30:00Z,147abc6a,8bab4dff,a6177608,0.0
2025-03-14T21:33:00Z,147abc6a,8bab4dff,a6177608,0.0
2025-03-14T21:36:00Z,147abc6a,8bab4dff,a6177608,0.0
2025-03-14T21:39:00Z,147abc6a,8bab4dff,a6177608,0.0
2025-03-14T21:42:00Z,147abc6a,8bab4dff,a6177608,0.0
2025-03-14T21:45:00Z,147abc6a,8bab4dff,a6177608,0.0
2025-03-14T21:48:00Z,147abc6a,8bab4dff,a6177608,0.0
2025-03-14T21:51:00Z,147abc6a,8bab4dff,a6177608,0.0
2025-03-14T21:54:00Z,147abc6a,8bab4dff,a6177608,0.0
2025-03-14T21:57:00Z,147abc6a,8bab4dff,a6177608,0.0
2025-03-14T22:00:00Z,147abc6a,8bab4dff,a6177608,0.0
2025-03-14T22:03:00Z,147abc6a,8bab4dff,a6177608,0.0
2025-03-14T22:06:00Z,147abc6a,8bab4dff,a6177608,0.0
2025-03-14T22:09:00Z,147abc6a,8bab4dff,a6177608,0.0
2025-03-14T22:12:00Z,147abc6a,8bab4dff,a6177608,0.0
2025-03-14T22:15:00Z,147abc6a,8bab4dff,a6177608,0.0
2025-03-14T22:18:00Z,147abc6a,8bab4dff,a6177608,0.0
2025-03-14T22:21:00Z,147abc6a,8bab4dff,a6177608,0.0
2025-03-14T22:24:00Z,147abc6a,8bab4dff,a6177608,0.0
2025-03-14T22:27:00Z,147abc6a,8bab4dff,a6177608,0.0
2025-03-14T22:30:00Z,147abc6a,8bab4dff,a6177608,0.0
2025-03-14T22:33:00Z,147abc6a,8bab4dff,a6177608,0.0
2025-03-14T22:36:00Z,147abc6a,8bab4dff,a6177608,0.0
2025-03-14T22:39:00Z,147abc6a,8bab4dff,a6177608,0.0
2025-03-14T22:42:00Z,147abc6a,8bab4dff,a6177608,0.0
2025-03-14T22:45:00Z,147abc6a,8bab4dff,a6177608,0.0
2025-03-14T22:48:00Z,147abc6a,8bab4dff,a6177608,0.0
2025-03-14T22:51:00Z,147abc6a,8bab4dff,a6177608,0.0
2025-03-14T22:54:00Z,147abc6a,8bab4dff,a6177608,0.0
2025-03-14T22:57:00Z,147abc6a,8bab4dff,a6177608,0.0
2025-03-14T23:00:00Z,147abc6a,8bab4dff,a6177608,0.0
2025-03-14T23:03:00Z,147abc6a,8bab4dff,a6177608,0.0
2025-03-14T23:06:00Z,147abc6a,8bab4dff,a6177608,0.0
2025-03-14T23:09:00Z,147abc6a,8bab4dff,a6177608,0.0
2025-03-14T23:12:00Z,147abc6a,8bab4dff,a6177608,0.0
2025-03-14T23:15:00Z,147abc6a,8bab4dff,a6177608,0.0
2025-03-14T23:18:00Z,147abc6a,8bab4dff,a6177608,0.0
2025-03-14T23:21:00Z,147abc6a,8bab4dff,a6177608,0.0
2025-03-14T23:24:00Z,147abc6a,8bab4dff,a6177608,0.0
2025-03-14T23:27:00Z,147abc6a,8bab4dff,a6177608,0.0
2025-03-14T23:30:00Z,147abc6a,8bab4dff,a6177608,0.0
2025-03-14T23:33:00Z,147abc6a,8bab4dff,a6177608,0.0
2025-03-14T23:36:00Z,147abc6a,8bab4dff,a6177608,0.0
2025-03-14T23:39:00Z,147abc6a,8bab4dff,a6177608,0.0
2025-03-14T23:42:00Z,147abc6a,8bab4dff,a6177608,0.0
2025-03-14T23:45:00Z,147abc6a,8bab4dff,a6177608,0.0
2025-03-14T23:48:00Z,147abc6a,8bab4dff,a6177608,0.0
2025-03-14T23:51:00Z,147abc6a,8bab4dff,a6177608,0.0
2025-03-14T23:54:00Z,147abc6a,8bab4dff,a6177608,0.0
2025-03-14T23:57:00Z,147abc6a,8bab4dff,a6177608,0.0
2025-03-15T00:00:00Z,147abc6a,8bab4dff,a6177608,0.0
2025-03-15T00:03:00Z,147abc6a,8bab4dff,a6177608,0.0
2025-03-15T00:06:00Z,147abc6a,8bab4dff,a6177608,0.01
2025-03-15T00:09:00Z,147abc6a,8bab4dff,a6177608,0.0
2025-03-15T00:12:00Z,147abc6a,8bab4dff,a6177608,0.0
2025-03-15T00:15:00Z,147abc6a,8bab4dff,a6177608,0.0
2025-03-15T00:18:00Z,147abc6a,8bab4dff,a6177608,0.0
2025-03-15T00:21:00Z,147abc6a,8bab4dff,a6177608,0.0
2025-03-15T00:24:00Z,147abc6a,8bab4dff,a6177608,0.0
2025-03-15T00:27:00Z,147abc6a,8bab4dff,a6177608,0.0
2025-03-15T00:30:00Z,147abc6a,8bab4dff,a6177608,0.0
2025-03-15T00:33:00Z,147abc6a,8bab4dff,a6177608,0.0
2025-03-15T00:36:00Z,147abc6a,8bab4dff,a6177608,0.0
2025-03-15T00:39:00Z,147abc6a,8bab4dff,a6177608,0.0
2025-03-15T00:42:00Z,147abc6a,8bab4dff,a6177608,0.0
2025-03-15T00:45:00Z,147abc6a,8bab4dff,a6177608,0.0
2025-03-15T00:48:00Z,147abc6a,8bab4dff,a6177608,0.0
2025-03-15T00:51:00Z,147abc6a,8bab4dff,a6177608,0.0
2025-03-15T00:54:00Z,147abc6a,8bab4dff,a6177608,0.0
2025-03-15T00:57:00Z,147abc6a,8bab4dff,a6177608,0.0
2025-03-15T01:00:00Z,147abc6a,8bab4dff,a6177608,0.0
2025-03-15T01:03:00Z,147abc6a,8bab4dff,a6177608,0.0
2025-03-15T01:06:00Z,147abc6a,8bab4dff,a6177608,0.0
2025-03-15T01:09:00Z,147abc6a,8bab4dff,a6177608,0.0
2025-03-15T01:12:00Z,147abc6a,8bab4dff,a6177608,0.0
2025-03-15T01:15:00Z,147abc6a,8bab4dff,a6177608,0.0
2025-03-15T01:18:00Z,147abc6a,8bab4dff,a6177608,0.0
2025-03-15T01:21:00Z,147abc6a,8bab4dff,a6177608,0.0
2025-03-15T01:24:00Z,147abc6a,8bab4dff,a6177608,0.0
2025-03-15T01:27:00Z,147abc6a,8bab4dff,a6177608,0.0
2025-03-15T01:30:00Z,147abc6a,8bab4dff,a6177608,0.0
2025-03-15T01:33:00Z,147abc6a,8bab4dff,a6177608,0.0
2025-03-15T01:36:00Z,147abc6a,8bab4dff,a6177608,0.0
2025-03-15T01:39:00Z,147abc6a,8bab4dff,a6177608,0.0
2025-03-15T01:42:00Z,147abc6a,8bab4dff,a6177608,0.0
2025-03-15T01:45:00Z,147abc6a,8bab4dff,a6177608,0.0
2025-03-15T01:48:00Z,147abc6a,8bab4dff,a6177608,0.0
2025-03-15T01:51:00Z,147abc6a,8bab4dff,a6177608,0.0
2025-03-15T01:54:00Z,147abc6a,8bab4dff,a6177608,0.0
2025-03-15T01:57:00Z,147abc6a,8bab4dff,a6177608,0.0
2025-03-15T02:00:00Z,147abc6a,8bab4dff,a6177608,0.0
2025-03-15T02:03:00Z,147abc6a,8bab4dff,a6177608,0.0
2025-03-15T02:06:00Z,147abc6a,8bab4dff,a6177608,0.0
2025-03-15T02:09:00Z,147abc6a,8bab4dff,a6177608,0.0
2025-03-15T02:12:00Z,147abc6a,8bab4dff,a6177608,0.0
2025-03-15T02:15:00Z,147abc6a,8bab4dff,a6177608,0.0
2025-03-15T02:18:00Z,147abc6a,8bab4dff,a6177608,0.0
2025-03-15T02:21:00Z,147abc6a,8bab4dff,a6177608,0.0
2025-03-15T02:24:00Z,147abc6a,8bab4dff,a6177608,0.0
2025-03-15T02:27:00Z,147abc6a,8bab4dff,a6177608,0.0
2025-03-15T02:30:00Z,147abc6a,8bab4dff,a6177608,0.0
2025-03-15T02:33:00Z,147abc6a,8bab4dff,a6177608,0.0
2025-03-15T02:36:00Z,147abc6a,8bab4dff,a6177608,0.0
2025-03-15T02:39:00Z,147abc6a,8bab4dff,a6177608,0.0
2025-03-15T02:42:00Z,147abc6a,8bab4dff,a6177608,0.0
2025-03-15T02:45:00Z,147abc6a,8bab4dff,a6177608,0.0
2025-03-15T02:48:00Z,147abc6a,8bab4dff,a6177608,0.0
2025-03-15T02:51:00Z,147abc6a,8bab4dff,a6177608,0.0
2025-03-15T02:54:00Z,147abc6a,8bab4dff,a6177608,0.0
2025-03-15T02:57:00Z,147abc6a,8bab4dff,a6177608,0.0
2025-03-15T03:00:00Z,147abc6a,8bab4dff,a6177608,0.0
2025-03-15T03:03:00Z,147abc6a,8bab4dff,a6177608,0.0
2025-03-15T03:06:00Z,147abc6a,8bab4dff,a6177608,0.0
2025-03-15T03:09:00Z,147abc6a,8bab4dff,a6177608,0.0
2025-03-15T03:12:00Z,147abc6a,8bab4dff,a6177608,0.0
2025-03-15T03:15:00Z,147abc6a,8bab4dff,a6177608,0.0
2025-03-15T03:18:00Z,147abc6a,8bab4dff,a6177608,0.0
2025-03-15T03:21:00Z,147abc6a,8bab4dff,a6177608,0.0
2025-03-15T03:24:00Z,147abc6a,8bab4dff,a6177608,0.0
2025-03-15T03:27:00Z,147abc6a,8bab4dff,a6177608,0.0
2025-03-15T03:30:00Z,147abc6a,8bab4dff,a6177608,0.0
2025-03-15T03:33:00Z,147abc6a,8bab4dff,a6177608,0.0
2025-03-15T03:36:00Z,147abc6a,8bab4dff,a6177608,0.0
2025-03-15T03:39:00Z,147abc6a,8bab4dff,a6177608,0.0
2025-03-15T03:42:00Z,147abc6a,8bab4dff,a6177608,0.0
2025-03-15T03:45:00Z,147abc6a,8bab4dff,a6177608,0.0
2025-03-15T03:48:00Z,147abc6a,8bab4dff,a6177608,0.0
2025-03-15T03:51:00Z,147abc6a,8bab4dff,a6177608,0.0
2025-03-15T03:54:00Z,147abc6a,8bab4dff,a6177608,0.0
2025-03-15T03:57:00Z,147abc6a,8bab4dff,a6177608,0.0
2025-03-15T04:00:00Z,147abc6a,8bab4dff,a6177608,0.0
2025-03-15T04:03:00Z,147abc6a,8bab4dff,a6177608,0.0
2025-03-15T04:06:00Z,147abc6a,8bab4dff,a6177608,0.0
2025-03-15T04:09:00Z,147abc6a,8bab4dff,a6177608,0.0
2025-03-15T04:12:00Z,147abc6a,8bab4dff,a6177608,0.0
2025-03-15T04:15:00Z,147abc6a,8bab4dff,a6177608,0.0
2025-03-15T04:18:00Z,147abc6a,8bab4dff,a6177608,0.0
2025-03-15T04:21:00Z,147abc6a,8bab4dff,a6177608,0.0
2025-03-15T04:24:00Z,147abc6a,8bab4dff,a6177608,0.0
2025-03-15T04:27:00Z,147abc6a,8bab4dff,a6177608,0.0
2025-03-15T04:30:00Z,147abc6a,8bab4dff,a6177608,0.0
2025-03-15T04:33:00Z,147abc6a,8bab4dff,a6177608,0.0
2025-03-15T04:36:00Z,147abc6a,8bab4dff,a6177608,0.0
2025-03-15T04:39:00Z,147abc6a,8bab4dff,a6177608,0.0
2025-03-15T04:42:00Z,147abc6a,8bab4dff,a6177608,0.0
2025-03-15T04:45:00Z,147abc6a,8bab4dff,a6177608,0.0
2025-03-15T04:48:00Z,147abc6a,8bab4dff,a6177608,0.0
2025-03-15T04:51:00Z,147abc6a,8bab4dff,a6177608,0.0
2025-03-15T04:54:00Z,147abc6a,8bab4dff,a6177608,0.0
2025-03-15T04:57:00Z,147abc6a,8bab4dff,a6177608,0.0
2025-03-15T05:00:00Z,147abc6a,8bab4dff,a6177608,0.0
2025-03-15T05:03:00Z,147abc6a,8bab4dff,a6177608,0.0
2025-03-15T05:06:00Z,147abc6a,8bab4dff,a6177608,0.0
2025-03-15T05:09:00Z,147abc6a,8bab4dff,a6177608,0.0
2025-03-15T05:12:00Z,147abc6a,8bab4dff,a6177608,0.0
2025-03-15T05:15:00Z,147abc6a,8bab4dff,a6177608,0.0
2025-03-15T05:18:00Z,147abc6a,8bab4dff,a6177608,0.0
2025-03-15T05:21:00Z,147abc6a,8bab4dff,a6177608,0.0
2025-03-15T05:24:00Z,147abc6a,8bab4dff,a6177608,0.0
2025-03-15T05:27:00Z,147abc6a,8bab4dff,a6177608,0.0
2025-03-15T05:30:00Z,147abc6a,8bab4dff,a6177608,0.0
2025-03-15T05:33:00Z,147abc6a,8bab4dff,a6177608,0.0
2025-03-15T05:36:00Z,147abc6a,8bab4dff,a6177608,0.0
2025-03-15T05:39:00Z,147abc6a,8bab4dff,a6177608,0.0
2025-03-15T05:42:00Z,147abc6a,8bab4dff,a6177608,0.0
2025-03-15T05:45:00Z,147abc6a,8bab4dff,a6177608,0.0
2025-03-15T05:48:00Z,147abc6a,8bab4dff,a6177608,0.0
2025-03-15T05:51:00Z,147abc6a,8bab4dff,a6177608,0.0
2025-03-15T05:54:00Z,147abc6a,8bab4dff,a6177608,0.0
2025-03-15T05:57:00Z,147abc6a,8bab4dff,a6177608,0.0
2025-03-15T06:00:00Z,147abc6a,8bab4dff,a6177608,0.0
2025-03-15T06:03:00Z,147abc6a,8bab4dff,a6177608,0.0
2025-03-15T06:06:00Z,147abc6a,8bab4dff,a6177608,0.0
2025-03-15T06:09:00Z,147abc6a,8bab4dff,a6177608,0.0
2025-03-15T06:12:00Z,147abc6a,8bab4dff,a6177608,0.0
2025-03-15T06:15:00Z,147abc6a,8bab4dff,a6177608,0.0
2025-03-15T06:18:00Z,147abc6a,8bab4dff,a6177608,0.0
2025-03-15T06:21:00Z,147abc6a,8bab4dff,a6177608,0.0
2025-03-15T06:24:00Z,147abc6a,8bab4dff,a6177608,0.0
2025-03-15T06:27:00Z,147abc6a,8bab4dff,a6177608,0.0
2025-03-15T06:30:00Z,147abc6a,8bab4dff,a6177608,0.0
2025-03-15T06:33:00Z,147abc6a,8bab4dff,a6177608,0.0
2025-03-15T06:36:00Z,147abc6a,8bab4dff,a6177608,0.0
2025-03-15T06:39:00Z,147abc6a,8bab4dff,a6177608,0.0
2025-03-15T06:42:00Z,147abc6a,8bab4dff,a6177608,0.0
2025-03-15T06:45:00Z,147abc6a,8bab4dff,a6177608,0.0
2025-03-15T06:48:00Z,147abc6a,8bab4dff,a6177608,0.0
2025-03-15T06:51:00Z,147abc6a,8bab4dff,a6177608,0.0
2025-03-15T06:54:00Z,147abc6a,8bab4dff,a6177608,0.0
2025-03-15T06:57:00Z,147abc6a,8bab4dff,a6177608,0.0
2025-03-15T07:00:00Z,147abc6a,8bab4dff,a6177608,0.0
2025-03-15T07:03:00Z,147abc6a,8bab4dff,a6177608,0.0
2025-03-15T07:06:00Z,147abc6a,8bab4dff,a6177608,0.0
2025-03-15T07:09:00Z,147abc6a,8bab4dff,a6177608,0.0
2025-03-15T07:12:00Z,147abc6a,8bab4dff,a6177608,0.0
2025-03-15T07:15:00Z,147abc6a,8bab4dff,a6177608,0.0
2025-03-15T07:18:00Z,147abc6a,8bab4dff,a6177608,0.0
2025-03-15T07:21:00Z,147abc6a,8bab4dff,a6177608,0.0
2025-03-15T07:24:00Z,147abc6a,8bab4dff,a6177608,0.0
2025-03-15T07:27:00Z,147abc6a,8bab4dff,a6177608,0.0
2025-03-15T07:30:00Z,147abc6a,8bab4dff,a6177608,0.0
2025-03-15T07:33:00Z,147abc6a,8bab4dff,a6177608,0.0
2025-03-15T07:36:00Z,147abc6a,8bab4dff,a6177608,0.0
2025-03-15T07:39:00Z,147abc6a,8bab4dff,a6177608,0.0
2025-03-15T07:42:00Z,147abc6a,8bab4dff,a6177608,0.0
2025-03-15T07:45:00Z,147abc6a,8bab4dff,a6177608,0.0
2025-03-15T07:48:00Z,147abc6a,8bab4dff,a6177608,0.0
2025-03-15T07:51:00Z,147abc6a,8bab4dff,a6177608,0.0
2025-03-15T07:54:00Z,147abc6a,8bab4dff,a6177608,0.0
2025-03-15T07:57:00Z,147abc6a,8bab4dff,a6177608,0.0
2025-03-15T08:00:00Z,147abc6a,8bab4dff,a6177608,0.0
2025-03-15T08:03:00Z,147abc6a,8bab4dff,a6177608,0.0
2025-03-15T08:06:00Z,147abc6a,8bab4dff,a6177608,0.0
2025-03-15T08:09:00Z,147abc6a,8bab4dff,a6177608,0.0
2025-03-15T08:12:00Z,147abc6a,8bab4dff,a6177608,0.0
2025-03-15T08:15:00Z,147abc6a,8bab4dff,a6177608,0.0
2025-03-15T08:18:00Z,147abc6a,8bab4dff,a6177608,0.0
2025-03-15T08:21:00Z,147abc6a,8bab4dff,a6177608,0.0
2025-03-15T08:24:00Z,147abc6a,8bab4dff,a6177608,0.0
2025-03-15T08:27:00Z,147abc6a,8bab4dff,a6177608,0.0
2025-03-15T08:30:00Z,147abc6a,8bab4dff,a6177608,0.0
2025-03-15T08:33:00Z,147abc6a,8bab4dff,a6177608,0.0
2025-03-15T08:36:00Z,147abc6a,8bab4dff,a6177608,0.0
2025-03-15T08:39:00Z,147abc6a,8bab4dff,a6177608,0.0
2025-03-15T08:42:00Z,147abc6a,8bab4dff,a6177608,0.0
2025-03-15T08:45:00Z,147abc6a,8bab4dff,a6177608,0.0
2025-03-15T08:48:00Z,147abc6a,8bab4dff,a6177608,0.0
2025-03-15T08:51:00Z,147abc6a,8bab4dff,a6177608,0.0
2025-03-15T08:54:00Z,147abc6a,8bab4dff,a6177608,0.0
2025-03-15T08:57:00Z,147abc6a,8bab4dff,a6177608,0.0
2025-03-15T09:00:00Z,147abc6a,8bab4dff,a6177608,0.0
2025-03-15T09:03:00Z,147abc6a,8bab4dff,a6177608,0.0
2025-03-15T09:06:00Z,147abc6a,8bab4dff,a6177608,0.0
2025-03-15T09:09:00Z,147abc6a,8bab4dff,a6177608,0.0
2025-03-15T09:12:00Z,147abc6a,8bab4dff,a6177608,0.0
2025-03-15T09:15:00Z,147abc6a,8bab4dff,a6177608,0.0
2025-03-15T09:18:00Z,147abc6a,8bab4dff,a6177608,0.0
2025-03-15T09:21:00Z,147abc6a,8bab4dff,a6177608,0.0
2025-03-15T09:24:00Z,147abc6a,8bab4dff,a6177608,0.0
2025-03-15T09:27:00Z,147abc6a,8bab4dff,a6177608,0.0
2025-03-15T09:30:00Z,147abc6a,8bab4dff,a6177608,0.0
2025-03-15T09:33:00Z,147abc6a,8bab4dff,a6177608,0.0
2025-03-15T09:36:00Z,147abc6a,8bab4dff,a6177608,0.0
2025-03-15T09:39:00Z,147abc6a,8bab4dff,a6177608,0.0
2025-03-15T09:42:00Z,147abc6a,8bab4dff,a6177608,0.0
2025-03-15T09:45:00Z,147abc6a,8bab4dff,a6177608,0.0
2025-03-15T09:48:00Z,147abc6a,8bab4dff,a6177608,0.0
2025-03-15T09:51:00Z,147abc6a,8bab4dff,a6177608,0.0
2025-03-15T09:54:00Z,147abc6a,8bab4dff,a6177608,0.0
2025-03-15T09:57:00Z,147abc6a,8bab4dff,a6177608,0.0
2025-03-15T10:00:00Z,147abc6a,8bab4dff,a6177608,0.0
2025-03-15T10:03:00Z,147abc6a,8bab4dff,a6177608,0.0
2025-03-15T10:06:00Z,147abc6a,8bab4dff,a6177608,0.0
2025-03-15T10:09:00Z,147abc6a,8bab4dff,a6177608,0.0
2025-03-15T10:12:00Z,147abc6a,8bab4dff,a6177608,0.0
2025-03-15T10:15:00Z,147abc6a,8bab4dff,a6177608,0.0
2025-03-15T10:18:00Z,147abc6a,8bab4dff,a6177608,0.0
2025-03-15T10:21:00Z,147abc6a,8bab4dff,a6177608,0.0
2025-03-15T10:24:00Z,147abc6a,8bab4dff,a6177608,0.0
2025-03-15T10:27:00Z,147abc6a,8bab4dff,a6177608,0.0
2025-03-15T10:30:00Z,147abc6a,8bab4dff,a6177608,0.0
2025-03-15T10:33:00Z,147abc6a,8bab4dff,a6177608,0.0
2025-03-15T10:36:00Z,147abc6a,8bab4dff,a6177608,0.0
2025-03-15T10:39:00Z,147abc6a,8bab4dff,a6177608,0.0
2025-03-15T10:42:00Z,147abc6a,8bab4dff,a6177608,0.0
2025-03-15T10:45:00Z,147abc6a,8bab4dff,a6177608,0.0
2025-03-15T10:48:00Z,147abc6a,8bab4dff,a6177608,0.0
2025-03-15T10:51:00Z,147abc6a,8bab4dff,a6177608,0.0
2025-03-15T10:54:00Z,147abc6a,8bab4dff,a6177608,0.0
2025-03-15T10:57:00Z,147abc6a,8bab4dff,a6177608,0.0
2025-03-15T11:00:00Z,147abc6a,8bab4dff,a6177608,0.0
2025-03-15T11:03:00Z,147abc6a,8bab4dff,a6177608,0.0
2025-03-15T11:06:00Z,147abc6a,8bab4dff,a6177608,0.0
2025-03-15T11:09:00Z,147abc6a,8bab4dff,a6177608,0.0
2025-03-15T11:12:00Z,147abc6a,8bab4dff,a6177608,0.0
2025-03-15T11:15:00Z,147abc6a,8bab4dff,a6177608,0.0
2025-03-15T11:18:00Z,147abc6a,8bab4dff,a6177608,0.0
2025-03-15T11:21:00Z,147abc6a,8bab4dff,a6177608,0.0
2025-03-15T11:24:00Z,147abc6a,8bab4dff,a6177608,0.0
2025-03-15T11:27:00Z,147abc6a,8bab4dff,a6177608,0.0
2025-03-15T11:30:00Z,147abc6a,8bab4dff,a6177608,0.0
2025-03-15T11:33:00Z,147abc6a,8bab4dff,a6177608,0.0
2025-03-15T11:36:00Z,147abc6a,8bab4dff,a6177608,0.0
2025-03-15T11:39:00Z,147abc6a,8bab4dff,a6177608,0.0
2025-03-15T11:42:00Z,147abc6a,8bab4dff,a6177608,0.0
2025-03-15T11:45:00Z,147abc6a,8bab4dff,a6177608,0.0
2025-03-15T11:48:00Z,147abc6a,8bab4dff,a6177608,0.0
2025-03-15T11:51:00Z,147abc6a,8bab4dff,a6177608,0.0
2025-03-15T11:54:00Z,147abc6a,8bab4dff,a6177608,0.0
2025-03-15T11:57:00Z,147abc6a,8bab4dff,a6177608,0.0
2025-03-15T12:00:00Z,147abc6a,8bab4dff,a6177608,0.0
2025-03-15T12:03:00Z,147abc6a,8bab4dff,a6177608,0.0
2025-03-15T12:06:00Z,147abc6a,8bab4dff,a6177608,0.0
2025-03-15T12:09:00Z,147abc6a,8bab4dff,a6177608,0.0
2025-03-15T12:12:00Z,147abc6a,8bab4dff,a6177608,0.0
2025-03-15T12:15:00Z,147abc6a,8bab4dff,a6177608,0.0
2025-03-15T12:18:00Z,147abc6a,8bab4dff,a6177608,0.0
2025-03-15T12:21:00Z,147abc6a,8bab4dff,a6177608,0.0
2025-03-15T12:24:00Z,147abc6a,8bab4dff,a6177608,0.0
2025-03-15T12:27:00Z,147abc6a,8bab4dff,a6177608,0.0
2025-03-15T12:30:00Z,147abc6a,8bab4dff,a6177608,0.0
2025-03-15T12:33:00Z,147abc6a,8bab4dff,a6177608,0.0
2025-03-15T12:36:00Z,147abc6a,8bab4dff,a6177608,0.0
2025-03-15T12:39:00Z,147abc6a,8bab4dff,a6177608,0.0
2025-03-15T12:42:00Z,147abc6a,8bab4dff,a6177608,0.0
2025-03-15T12:45:00Z,147abc6a,8bab4dff,a6177608,0.0
2025-03-15T12:48:00Z,147abc6a,8bab4dff,a6177608,0.0
2025-03-15T12:51:00Z,147abc6a,8bab4dff,a6177608,0.0
2025-03-15T12:54:00Z,147abc6a,8bab4dff,a6177608,0.0
2025-03-15T12:57:00Z,147abc6a,8bab4dff,a6177608,0.0
2025-03-15T13:00:00Z,147abc6a,8bab4dff,a6177608,0.0
2025-03-15T13:03:00Z,147abc6a,8bab4dff,a6177608,0.0
2025-03-15T13:06:00Z,147abc6a,8bab4dff,a6177608,0.0
2025-03-15T13:09:00Z,147abc6a,8bab4dff,a6177608,0.0
2025-03-15T13:12:00Z,147abc6a,8bab4dff,a6177608,0.0
2025-03-15T13:15:00Z,147abc6a,8bab4dff,a6177608,0.0
2025-03-15T13:18:00Z,147abc6a,8bab4dff,a6177608,0.0
2025-03-15T13:21:00Z,147abc6a,8bab4dff,a6177608,0.0
2025-03-15T13:24:00Z,147abc6a,8bab4dff,a6177608,0.0
2025-03-15T13:27:00Z,147abc6a,8bab4dff,a6177608,0.0
2025-03-15T13:30:00Z,147abc6a,8bab4dff,a6177608,0.0
2025-03-15T13:33:00Z,147abc6a,8bab4dff,a6177608,0.0
2025-03-15T13:36:00Z,147abc6a,8bab4dff,a6177608,0.0
2025-03-15T13:39:00Z,147abc6a,8bab4dff,a6177608,0.0
2025-03-15T13:42:00Z,147abc6a,8bab4dff,a6177608,0.0
2025-03-15T13:45:00Z,147abc6a,8bab4dff,a6177608,0.0
2025-03-15T13:48:00Z,147abc6a,8bab4dff,a6177608,0.0
2025-03-15T13:51:00Z,147abc6a,8bab4dff,a6177608,0.0
2025-03-15T13:54:00Z,147abc6a,8bab4dff,a6177608,0.0
2025-03-15T13:57:00Z,147abc6a,8bab4dff,a6177608,0.0
2025-03-15T14:00:00Z,147abc6a,8bab4dff,a6177608,0.0
2025-03-15T14:03:00Z,147abc6a,8bab4dff,a6177608,0.0
2025-03-15T14:06:00Z,147abc6a,8bab4dff,a6177608,0.0
2025-03-15T14:09:00Z,147abc6a,8bab4dff,a6177608,0.0
2025-03-15T14:12:00Z,147abc6a,8bab4dff,a6177608,0.0
2025-03-15T14:15:00Z,147abc6a,8bab4dff,a6177608,0.0
2025-03-15T14:18:00Z,147abc6a,8bab4dff,a6177608,0.0
2025-03-15T14:21:00Z,147abc6a,8bab4dff,a6177608,0.0
2025-03-15T14:24:00Z,147abc6a,8bab4dff,a6177608,0.0
2025-03-15T14:27:00Z,147abc6a,8bab4dff,a6177608,0.0
2025-03-15T14:30:00Z,147abc6a,8bab4dff,a6177608,0.0
2025-03-15T14:33:00Z,147abc6a,8bab4dff,a6177608,0.0
2025-03-15T14:36:00Z,147abc6a,8bab4dff,a6177608,0.0
2025-03-15T14:39:00Z,147abc6a,8bab4dff,a6177608,0.0
2025-03-15T14:42:00Z,147abc6a,8bab4dff,a6177608,0.0
2025-03-15T14:45:00Z,147abc6a,8bab4dff,a6177608,0.0
2025-03-15T14:48:00Z,147abc6a,8bab4dff,a6177608,0.0
2025-03-15T14:51:00Z,147abc6a,8bab4dff,a6177608,0.0
2025-03-15T14:54:00Z,147abc6a,8bab4dff,a6177608,0.0
2025-03-15T14:57:00Z,147abc6a,8bab4dff,a6177608,0.0
2025-03-15T15:00:00Z,147abc6a,8bab4dff,a6177608,0.0
2025-03-15T15:03:00Z,147abc6a,8bab4dff,a6177608,0.0
2025-03-15T15:06:00Z,147abc6a,8bab4dff,a6177608,0.0
2025-03-15T15:09:00Z,147abc6a,8bab4dff,a6177608,0.0
2025-03-15T15:12:00Z,147abc6a,8bab4dff,a6177608,0.0
2025-03-15T15:15:00Z,147abc6a,8bab4dff,a6177608,0.0
2025-03-15T15:18:00Z,147abc6a,8bab4dff,a6177608,0.0
2025-03-15T15:21:00Z,147abc6a,8bab4dff,a6177608,0.0
2025-03-15T15:24:00Z,147abc6a,8bab4dff,a6177608,0.0
2025-03-15T15:27:00Z,147abc6a,8bab4dff,a6177608,0.0
2025-03-15T15:30:00Z,147abc6a,8bab4dff,a6177608,0.0
2025-03-15T15:33:00Z,147abc6a,8bab4dff,a6177608,0.0
2025-03-15T15:36:00Z,147abc6a,8bab4dff,a6177608,0.0
2025-03-15T15:39:00Z,147abc6a,8bab4dff,a6177608,0.0
2025-03-15T15:42:00Z,147abc6a,8bab4dff,a6177608,0.0
2025-03-15T15:45:00Z,147abc6a,8bab4dff,a6177608,0.0
2025-03-15T15:48:00Z,147abc6a,8bab4dff,a6177608,0.0
2025-03-15T15:51:00Z,147abc6a,8bab4dff,a6177608,0.08
2025-03-15T15:54:00Z,147abc6a,8bab4dff,a6177608,0.0
2025-03-15T15:57:00Z,147abc6a,8bab4dff,a6177608,0.0
2025-03-15T16:00:00Z,147abc6a,8bab4dff,a6177608,0.0
2025-03-15T16:03:00Z,147abc6a,8bab4dff,a6177608,0.0
2025-03-15T16:06:00Z,147abc6a,8bab4dff,a6177608,0.0
2025-03-15T16:09:00Z,147abc6a,8bab4dff,a6177608,0.0
2025-03-15T16:12:00Z,147abc6a,8bab4dff,a6177608,0.0
2025-03-15T16:15:00Z,147abc6a,8bab4dff,a6177608,0.0
2025-03-15T16:18:00Z,147abc6a,8bab4dff,a6177608,0.0
2025-03-15T16:21:00Z,147abc6a,8bab4dff,a6177608,0.0
2025-03-15T16:24:00Z,147abc6a,8bab4dff,a6177608,0.0
2025-03-15T16:27:00Z,147abc6a,8bab4dff,a6177608,0.0
2025-03-15T16:30:00Z,147abc6a,8bab4dff,a6177608,0.0
2025-03-15T16:33:00Z,147abc6a,8bab4dff,a6177608,0.0
2025-03-15T16:36:00Z,147abc6a,8bab4dff,a6177608,0.0
2025-03-15T16:39:00Z,147abc6a,8bab4dff,a6177608,0.0
2025-03-15T16:42:00Z,147abc6a,8bab4dff,a6177608,0.0
2025-03-15T16:45:00Z,147abc6a,8bab4dff,a6177608,0.0
2025-03-15T16:48:00Z,147abc6a,8bab4dff,a6177608,0.0
2025-03-15T16:51:00Z,147abc6a,8bab4dff,a6177608,0.0
2025-03-15T16:54:00Z,147abc6a,8bab4dff,a6177608,0.0
2025-03-15T16:57:00Z,147abc6a,8bab4dff,a6177608,0.0
2025-03-15T17:00:00Z,147abc6a,8bab4dff,a6177608,0.0
2025-03-15T17:03:00Z,147abc6a,8bab4dff,a6177608,0.0
2025-03-15T17:06:00Z,147abc6a,8bab4dff,a6177608,0.0
2025-03-15T17:09:00Z,147abc6a,8bab4dff,a6177608,0.0
2025-03-15T17:12:00Z,147abc6a,8bab4dff,a6177608,0.0
2025-03-15T17:15:00Z,147abc6a,8bab4dff,a6177608,0.0
2025-03-15T17:18:00Z,147abc6a,8bab4dff,a6177608,0.0
2025-03-15T17:21:00Z,147abc6a,8bab4dff,a6177608,0.0
2025-03-15T17:24:00Z,147abc6a,8bab4dff,a6177608,0.0
2025-03-15T17:27:00Z,147abc6a,8bab4dff,a6177608,0.0
2025-03-15T17:30:00Z,147abc6a,8bab4dff,a6177608,0.0
2025-03-15T17:33:00Z,147abc6a,8bab4dff,a6177608,0.0
2025-03-15T17:36:00Z,147abc6a,8bab4dff,a6177608,0.0
2025-03-15T17:39:00Z,147abc6a,8bab4dff,a6177608,0.0
2025-03-15T17:42:00Z,147abc6a,8bab4dff,a6177608,0.0
2025-03-15T17:45:00Z,147abc6a,8bab4dff,a6177608,0.0
2025-03-15T17:48:00Z,147abc6a,8bab4dff,a6177608,0.0
2025-03-15T17:51:00Z,147abc6a,8bab4dff,a6177608,0.0
2025-03-15T17:54:00Z,147abc6a,8bab4dff,a6177608,0.0
2025-03-15T17:57:00Z,147abc6a,8bab4dff,a6177608,0.0
2025-03-15T18:00:00Z,147abc6a,8bab4dff,a6177608,0.0
2025-03-15T18:03:00Z,147abc6a,8bab4dff,a6177608,0.0
2025-03-15T18:06:00Z,147abc6a,8bab4dff,a6177608,0.0
2025-03-15T18:09:00Z,147abc6a,8bab4dff,a6177608,0.0
2025-03-15T18:12:00Z,147abc6a,8bab4dff,a6177608,0.0
2025-03-15T18:15:00Z,147abc6a,8bab4dff,a6177608,0.0
2025-03-15T18:18:00Z,147abc6a,8bab4dff,a6177608,0.0
2025-03-15T18:21:00Z,147abc6a,8bab4dff,a6177608,0.0
2025-03-15T18:24:00Z,147abc6a,8bab4dff,a6177608,0.0
2025-03-15T18:27:00Z,147abc6a,8bab4dff,a6177608,0.0
2025-03-15T18:30:00Z,147abc6a,8bab4dff,a6177608,0.0
2025-03-15T18:33:00Z,147abc6a,8bab4dff,a6177608,0.0
2025-03-15T18:36:00Z,147abc6a,8bab4dff,a6177608,0.0
2025-03-15T18:39:00Z,147abc6a,8bab4dff,a6177608,0.0
2025-03-15T18:42:00Z,147abc6a,8bab4dff,a6177608,0.0
2025-03-15T18:45:00Z,147abc6a,8bab4dff,a6177608,0.0
2025-03-15T18:48:00Z,147abc6a,8bab4dff,a6177608,0.0
2025-03-15T18:51:00Z,147abc6a,8bab4dff,a6177608,0.0
2025-03-15T18:54:00Z,147abc6a,8bab4dff,a6177608,0.0
2025-03-15T18:57:00Z,147abc6a,8bab4dff,a6177608,0.0
2025-03-15T19:00:00Z,147abc6a,8bab4dff,a6177608,0.0
2025-03-15T19:03:00Z,147abc6a,8bab4dff,a6177608,0.0
2025-03-15T19:06:00Z,147abc6a,8bab4dff,a6177608,0.0
2025-03-15T19:09:00Z,147abc6a,8bab4dff,a6177608,0.0
2025-03-15T19:12:00Z,147abc6a,8bab4dff,a6177608,0.0
2025-03-15T19:15:00Z,147abc6a,8bab4dff,a6177608,0.0
2025-03-15T19:18:00Z,147abc6a,8bab4dff,a6177608,0.0
2025-03-15T19:21:00Z,147abc6a,8bab4dff,a6177608,0.0
2025-03-15T19:24:00Z,147abc6a,8bab4dff,a6177608,0.0
2025-03-15T19:27:00Z,147abc6a,8bab4dff,a6177608,0.0
2025-03-15T19:30:00Z,147abc6a,8bab4dff,a6177608,0.0
2025-03-15T19:33:00Z,147abc6a,8bab4dff,a6177608,0.0
2025-03-15T19:36:00Z,147abc6a,8bab4dff,a6177608,0.0
2025-03-15T19:39:00Z,147abc6a,8bab4dff,a6177608,0.0
2025-03-15T19:42:00Z,147abc6a,8bab4dff,a6177608,0.0
2025-03-15T19:45:00Z,147abc6a,8bab4dff,a6177608,0.0
2025-03-15T19:48:00Z,147abc6a,8bab4dff,a6177608,0.0
2025-03-15T19:51:00Z,147abc6a,8bab4dff,a6177608,0.0
2025-03-15T19:54:00Z,147abc6a,8bab4dff,a6177608,0.0
2025-03-15T19:57:00Z,147abc6a,8bab4dff,a6177608,0.0
2025-03-15T20:00:00Z,147abc6a,8bab4dff,a6177608,0.0
2025-03-15T20:03:00Z,147abc6a,8bab4dff,a6177608,0.0
2025-03-15T20:06:00Z,147abc6a,8bab4dff,a6177608,0.0
2025-03-15T20:09:00Z,147abc6a,8bab4dff,a6177608,0.0
2025-03-15T20:12:00Z,147abc6a,8bab4dff,a6177608,0.0
2025-03-15T20:15:00Z,147abc6a,8bab4dff,a6177608,0.0
2025-03-15T20:18:00Z,147abc6a,8bab4dff,a6177608,0.0
2025-03-15T20:21:00Z,147abc6a,8bab4dff,a6177608,0.0
2025-03-15T20:24:00Z,147abc6a,8bab4dff,a6177608,0.0
2025-03-15T20:27:00Z,147abc6a,8bab4dff,a6177608,0.0
2025-03-15T20:30:00Z,147abc6a,8bab4dff,a6177608,0.0
2025-03-15T20:33:00Z,147abc6a,8bab4dff,a6177608,0.0
2025-03-15T20:36:00Z,147abc6a,8bab4dff,a6177608,0.0
2025-03-15T20:39:00Z,147abc6a,8bab4dff,a6177608,0.0
2025-03-15T20:42:00Z,147abc6a,8bab4dff,a6177608,0.0
2025-03-15T20:45:00Z,147abc6a,8bab4dff,a6177608,0.0
2025-03-15T20:48:00Z,147abc6a,8bab4dff,a6177608,0.0
2025-03-15T20:51:00Z,147abc6a,8bab4dff,a6177608,0.0
2025-03-15T20:54:00Z,147abc6a,8bab4dff,a6177608,0.0
2025-03-15T20:57:00Z,147abc6a,8bab4dff,a6177608,0.0
2025-03-15T21:00:00Z,147abc6a,8bab4dff,a6177608,0.0
2025-03-15T21:03:00Z,147abc6a,8bab4dff,a6177608,0.0
2025-03-15T21:06:00Z,147abc6a,8bab4dff,a6177608,0.0
2025-03-15T21:09:00Z,147abc6a,8bab4dff,a6177608,0.0
2025-03-15T21:12:00Z,147abc6a,8bab4dff,a6177608,0.0
2025-03-15T21:15:00Z,147abc6a,8bab4dff,a6177608,0.0
2025-03-15T21:18:00Z,147abc6a,8bab4dff,a6177608,0.0
2025-03-15T21:21:00Z,147abc6a,8bab4dff,a6177608,0.0
2025-03-15T21:24:00Z,147abc6a,8bab4dff,a6177608,0.0
2025-03-15T21:27:00Z,147abc6a,8bab4dff,a6177608,0.0
2025-03-15T21:30:00Z,147abc6a,8bab4dff,a6177608,0.0
2025-03-15T21:33:00Z,147abc6a,8bab4dff,a6177608,0.0
2025-03-15T21:36:00Z,147abc6a,8bab4dff,a6177608,0.0
2025-03-15T21:39:00Z,147abc6a,8bab4dff,a6177608,0.0
2025-03-15T21:42:00Z,147abc6a,8bab4dff,a6177608,0.0
2025-03-15T21:45:00Z,147abc6a,8bab4dff,a6177608,0.0
2025-03-15T21:48:00Z,147abc6a,8bab4dff,a6177608,0.0
2025-03-15T21:51:00Z,147abc6a,8bab4dff,a6177608,0.0
2025-03-15T21:54:00Z,147abc6a,8bab4dff,a6177608,0.0
2025-03-15T21:57:00Z,147abc6a,8bab4dff,a6177608,0.0
2025-03-15T22:00:00Z,147abc6a,8bab4dff,a6177608,0.0
2025-03-15T22:03:00Z,147abc6a,8bab4dff,a6177608,0.0
2025-03-15T22:06:00Z,147abc6a,8bab4dff,a6177608,0.0
2025-03-15T22:09:00Z,147abc6a,8bab4dff,a6177608,0.0
2025-03-15T22:12:00Z,147abc6a,8bab4dff,a6177608,0.0
2025-03-15T22:15:00Z,147abc6a,8bab4dff,a6177608,0.0
2025-03-15T22:18:00Z,147abc6a,8bab4dff,a6177608,0.0
2025-03-15T22:21:00Z,147abc6a,8bab4dff,a6177608,0.0
2025-03-15T22:24:00Z,147abc6a,8bab4dff,a6177608,0.0
2025-03-15T22:27:00Z,147abc6a,8bab4dff,a6177608,0.0
2025-03-15T22:30:00Z,147abc6a,8bab4dff,a6177608,0.0
2025-03-15T22:33:00Z,147abc6a,8bab4dff,a6177608,0.0
2025-03-15T22:36:00Z,147abc6a,8bab4dff,a6177608,0.0
2025-03-15T22:39:00Z,147abc6a,8bab4dff,a6177608,0.0
2025-03-15T22:42:00Z,147abc6a,8bab4dff,a6177608,0.0
2025-03-15T22:45:00Z,147abc6a,8bab4dff,a6177608,0.0
2025-03-15T22:48:00Z,147abc6a,8bab4dff,a6177608,0.0
2025-03-15T22:51:00Z,147abc6a,8bab4dff,a6177608,0.0
2025-03-15T22:54:00Z,147abc6a,8bab4dff,a6177608,0.0
2025-03-15T22:57:00Z,147abc6a,8bab4dff,a6177608,0.0
2025-03-15T23:00:00Z,147abc6a,8bab4dff,a6177608,0.0
2025-03-15T23:03:00Z,147abc6a,8bab4dff,a6177608,0.0
2025-03-15T23:06:00Z,147abc6a,8bab4dff,a6177608,0.0
2025-03-15T23:09:00Z,147abc6a,8bab4dff,a6177608,0.0
2025-03-15T23:12:00Z,147abc6a,8bab4dff,a6177608,0.0
2025-03-15T23:15:00Z,147abc6a,8bab4dff,a6177608,0.0
2025-03-15T23:18:00Z,147abc6a,8bab4dff,a6177608,0.0
2025-03-15T23:21:00Z,147abc6a,8bab4dff,a6177608,0.0
2025-03-15T23:24:00Z,147abc6a,8bab4dff,a6177608,0.0
2025-03-15T23:27:00Z,147abc6a,8bab4dff,a6177608,0.0
2025-03-15T23:30:00Z,147abc6a,8bab4dff,a6177608,0.0
2025-03-15T23:33:00Z,147abc6a,8bab4dff,a6177608,0.0
2025-03-15T23:36:00Z,147abc6a,8bab4dff,a6177608,0.0
2025-03-15T23:39:00Z,147abc6a,8bab4dff,a6177608,0.0
2025-03-15T23:42:00Z,147abc6a,8bab4dff,a6177608,0.0
2025-03-15T23:45:00Z,147abc6a,8bab4dff,a6177608,0.0
2025-03-15T23:48:00Z,147abc6a,8bab4dff,a6177608,0.0
2025-03-15T23:51:00Z,147abc6a,8bab4dff,a6177608,0.0
2025-03-15T23:54:00Z,147abc6a,8bab4dff,a6177608,0.0
2025-03-15T23:57:00Z,147abc6a,8bab4dff,a6177608,0.0
2025-03-16T00:00:00Z,147abc6a,8bab4dff,a6177608,0.0
2025-03-16T00:03:00Z,147abc6a,8bab4dff,a6177608,0.0
2025-03-16T00:06:00Z,147abc6a,8bab4dff,a6177608,0.0
2025-03-16T00:09:00Z,147abc6a,8bab4dff,a6177608,0.0
2025-03-16T00:12:00Z,147abc6a,8bab4dff,a6177608,0.0
2025-03-16T00:15:00Z,147abc6a,8bab4dff,a6177608,0.0
2025-03-16T00:18:00Z,147abc6a,8bab4dff,a6177608,0.0
2025-03-16T00:21:00Z,147abc6a,8bab4dff,a6177608,0.0
2025-03-16T00:24:00Z,147abc6a,8bab4dff,a6177608,0.0
2025-03-16T00:27:00Z,147abc6a,8bab4dff,a6177608,0.0
2025-03-16T00:30:00Z,147abc6a,8bab4dff,a6177608,0.0
2025-03-16T00:33:00Z,147abc6a,8bab4dff,a6177608,0.0
2025-03-16T00:36:00Z,147abc6a,8bab4dff,a6177608,0.0
2025-03-16T00:39:00Z,147abc6a,8bab4dff,a6177608,0.0
2025-03-16T00:42:00Z,147abc6a,8bab4dff,a6177608,0.0
2025-03-16T00:45:00Z,147abc6a,8bab4dff,a6177608,0.0
2025-03-16T00:48:00Z,147abc6a,8bab4dff,a6177608,0.0
2025-03-16T00:51:00Z,147abc6a,8bab4dff,a6177608,0.0
2025-03-16T00:54:00Z,147abc6a,8bab4dff,a6177608,0.0
2025-03-16T00:57:00Z,147abc6a,8bab4dff,a6177608,0.0
2025-03-16T01:00:00Z,147abc6a,8bab4dff,a6177608,0.0
2025-03-16T01:03:00Z,147abc6a,8bab4dff,a6177608,0.0
2025-03-16T01:06:00Z,147abc6a,8bab4dff,a6177608,0.0
2025-03-16T01:09:00Z,147abc6a,8bab4dff,a6177608,0.01
2025-03-16T01:12:00Z,147abc6a,8bab4dff,a6177608,0.0
2025-03-16T01:15:00Z,147abc6a,8bab4dff,a6177608,0.0
2025-03-16T01:18:00Z,147abc6a,8bab4dff,a6177608,0.0
2025-03-16T01:21:00Z,147abc6a,8bab4dff,a6177608,0.0
2025-03-16T01:24:00Z,147abc6a,8bab4dff,a6177608,0.0
2025-03-16T01:27:00Z,147abc6a,8bab4dff,a6177608,0.0
2025-03-16T01:30:00Z,147abc6a,8bab4dff,a6177608,0.0
2025-03-16T01:33:00Z,147abc6a,8bab4dff,a6177608,0.0
2025-03-16T01:36:00Z,147abc6a,8bab4dff,a6177608,0.0
2025-03-16T01:39:00Z,147abc6a,8bab4dff,a6177608,0.0
2025-03-16T01:42:00Z,147abc6a,8bab4dff,a6177608,0.0
2025-03-16T01:45:00Z,147abc6a,8bab4dff,a6177608,0.0
2025-03-16T01:48:00Z,147abc6a,8bab4dff,a6177608,0.0
2025-03-16T01:51:00Z,147abc6a,8bab4dff,a6177608,0.0
2025-03-16T01:54:00Z,147abc6a,8bab4dff,a6177608,0.0
2025-03-16T01:57:00Z,147abc6a,8bab4dff,a6177608,0.0
2025-03-16T02:00:00Z,147abc6a,8bab4dff,a6177608,0.0
2025-03-16T02:03:00Z,147abc6a,8bab4dff,a6177608,0.0
2025-03-16T02:06:00Z,147abc6a,8bab4dff,a6177608,0.0
2025-03-16T02:09:00Z,147abc6a,8bab4dff,a6177608,0.0
2025-03-16T02:12:00Z,147abc6a,8bab4dff,a6177608,0.0
2025-03-16T02:15:00Z,147abc6a,8bab4dff,a6177608,0.0
2025-03-16T02:18:00Z,147abc6a,8bab4dff,a6177608,0.0
2025-03-16T02:21:00Z,147abc6a,8bab4dff,a6177608,0.0
2025-03-16T02:24:00Z,147abc6a,8bab4dff,a6177608,0.0
2025-03-16T02:27:00Z,147abc6a,8bab4dff,a6177608,0.0
2025-03-16T02:30:00Z,147abc6a,8bab4dff,a6177608,0.0
2025-03-16T02:33:00Z,147abc6a,8bab4dff,a6177608,0.0
2025-03-16T02:36:00Z,147abc6a,8bab4dff,a6177608,0.0
2025-03-16T02:39:00Z,147abc6a,8bab4dff,a6177608,0.0
2025-03-16T02:42:00Z,147abc6a,8bab4dff,a6177608,0.0
2025-03-16T02:45:00Z,147abc6a,8bab4dff,a6177608,0.0
2025-03-16T02:48:00Z,147abc6a,8bab4dff,a6177608,0.0
2025-03-16T02:51:00Z,147abc6a,8bab4dff,a6177608,0.0
2025-03-16T02:54:00Z,147abc6a,8bab4dff,a6177608,0.0
2025-03-16T02:57:00Z,147abc6a,8bab4dff,a6177608,0.0
2025-03-16T03:00:00Z,147abc6a,8bab4dff,a6177608,0.0
2025-03-16T03:03:00Z,147abc6a,8bab4dff,a6177608,0.0
2025-03-16T03:06:00Z,147abc6a,8bab4dff,a6177608,0.0
2025-03-16T03:09:00Z,147abc6a,8bab4dff,a6177608,0.0
2025-03-16T03:12:00Z,147abc6a,8bab4dff,a6177608,0.0
2025-03-16T03:15:00Z,147abc6a,8bab4dff,a6177608,0.0
2025-03-16T03:18:00Z,147abc6a,8bab4dff,a6177608,0.0
2025-03-16T03:21:00Z,147abc6a,8bab4dff,a6177608,0.0
2025-03-16T03:24:00Z,147abc6a,8bab4dff,a6177608,0.0
2025-03-16T03:27:00Z,147abc6a,8bab4dff,a6177608,0.0
2025-03-16T03:30:00Z,147abc6a,8bab4dff,a6177608,0.0
2025-03-16T03:33:00Z,147abc6a,8bab4dff,a6177608,0.0
2025-03-16T03:36:00Z,147abc6a,8bab4dff,a6177608,0.0
2025-03-16T03:39:00Z,147abc6a,8bab4dff,a6177608,0.0
2025-03-16T03:42:00Z,147abc6a,8bab4dff,a6177608,0.0
2025-03-16T03:45:00Z,147abc6a,8bab4dff,a6177608,0.0
2025-03-16T03:48:00Z,147abc6a,8bab4dff,a6177608,0.0
2025-03-16T03:51:00Z,147abc6a,8bab4dff,a6177608,0.0
2025-03-16T03:54:00Z,147abc6a,8bab4dff,a6177608,0.0
2025-03-16T03:57:00Z,147abc6a,8bab4dff,a6177608,0.0
2025-03-16T04:00:00Z,147abc6a,8bab4dff,a6177608,0.0
2025-03-16T04:03:00Z,147abc6a,8bab4dff,a6177608,0.0
2025-03-16T04:06:00Z,147abc6a,8bab4dff,a6177608,0.0
2025-03-16T04:09:00Z,147abc6a,8bab4dff,a6177608,0.0
2025-03-16T04:12:00Z,147abc6a,8bab4dff,a6177608,0.0
2025-03-16T04:15:00Z,147abc6a,8bab4dff,a6177608,0.0
2025-03-16T04:18:00Z,147abc6a,8bab4dff,a6177608,0.0
2025-03-16T04:21:00Z,147abc6a,8bab4dff,a6177608,0.0
2025-03-16T04:24:00Z,147abc6a,8bab4dff,a6177608,0.0
2025-03-16T04:27:00Z,147abc6a,8bab4dff,a6177608,0.0
2025-03-16T04:30:00Z,147abc6a,8bab4dff,a6177608,0.0
2025-03-16T04:33:00Z,147abc6a,8bab4dff,a6177608,0.0
2025-03-16T04:36:00Z,147abc6a,8bab4dff,a6177608,0.0
2025-03-16T04:39:00Z,147abc6a,8bab4dff,a6177608,0.0
2025-03-16T04:42:00Z,147abc6a,8bab4dff,a6177608,0.0
2025-03-16T04:45:00Z,147abc6a,8bab4dff,a6177608,0.0
2025-03-16T04:48:00Z,147abc6a,8bab4dff,a6177608,0.0
2025-03-16T04:51:00Z,147abc6a,8bab4dff,a6177608,0.0
2025-03-16T04:54:00Z,147abc6a,8bab4dff,a6177608,0.0
2025-03-16T04:57:00Z,147abc6a,8bab4dff,a6177608,0.0
2025-03-16T05:00:00Z,147abc6a,8bab4dff,a6177608,0.0
2025-03-16T05:03:00Z,147abc6a,8bab4dff,a6177608,0.0
2025-03-16T05:06:00Z,147abc6a,8bab4dff,a6177608,0.0
2025-03-16T05:09:00Z,147abc6a,8bab4dff,a6177608,0.0
2025-03-16T05:12:00Z,147abc6a,8bab4dff,a6177608,0.0
2025-03-16T05:15:00Z,147abc6a,8bab4dff,a6177608,0.0
2025-03-16T05:18:00Z,147abc6a,8bab4dff,a6177608,0.0
2025-03-16T05:21:00Z,147abc6a,8bab4dff,a6177608,0.0
2025-03-16T05:24:00Z,147abc6a,8bab4dff,a6177608,0.0
2025-03-16T05:27:00Z,147abc6a,8bab4dff,a6177608,0.0
2025-03-16T05:30:00Z,147abc6a,8bab4dff,a6177608,0.0
2025-03-16T05:33:00Z,147abc6a,8bab4dff,a6177608,0.0
2025-03-16T05:36:00Z,147abc6a,8bab4dff,a6177608,0.0
2025-03-16T05:39:00Z,147abc6a,8bab4dff,a6177608,0.0
2025-03-16T05:42:00Z,147abc6a,8bab4dff,a6177608,0.0
2025-03-16T05:45:00Z,147abc6a,8bab4dff,a6177608,0.0
2025-03-16T05:48:00Z,147abc6a,8bab4dff,a6177608,0.0
2025-03-16T05:51:00Z,147abc6a,8bab4dff,a6177608,0.0
2025-03-16T05:54:00Z,147abc6a,8bab4dff,a6177608,0.0
2025-03-16T05:57:00Z,147abc6a,8bab4dff,a6177608,0.0
2025-03-16T06:00:00Z,147abc6a,8bab4dff,a6177608,0.0
2025-03-16T06:03:00Z,147abc6a,8bab4dff,a6177608,0.0
2025-03-16T06:06:00Z,147abc6a,8bab4dff,a6177608,0.0
2025-03-16T06:09:00Z,147abc6a,8bab4dff,a6177608,0.0
2025-03-16T06:12:00Z,147abc6a,8bab4dff,a6177608,0.0
2025-03-16T06:15:00Z,147abc6a,8bab4dff,a6177608,0.0
2025-03-16T06:18:00Z,147abc6a,8bab4dff,a6177608,0.0
2025-03-16T06:21:00Z,147abc6a,8bab4dff,a6177608,0.0
2025-03-16T06:24:00Z,147abc6a,8bab4dff,a6177608,0.0
2025-03-16T06:27:00Z,147abc6a,8bab4dff,a6177608,0.0
2025-03-16T06:30:00Z,147abc6a,8bab4dff,a6177608,0.0
2025-03-16T06:33:00Z,147abc6a,8bab4dff,a6177608,0.0
2025-03-16T06:36:00Z,147abc6a,8bab4dff,a6177608,0.0
2025-03-16T06:39:00Z,147abc6a,8bab4dff,a6177608,0.0
2025-03-16T06:42:00Z,147abc6a,8bab4dff,a6177608,0.0
2025-03-16T06:45:00Z,147abc6a,8bab4dff,a6177608,0.0
2025-03-16T06:48:00Z,147abc6a,8bab4dff,a6177608,0.0
2025-03-16T06:51:00Z,147abc6a,8bab4dff,a6177608,0.0
2025-03-16T06:54:00Z,147abc6a,8bab4dff,a6177608,0.0
2025-03-16T06:57:00Z,147abc6a,8bab4dff,a6177608,0.0
2025-03-16T07:00:00Z,147abc6a,8bab4dff,a6177608,0.01
2025-03-16T07:03:00Z,147abc6a,8bab4dff,a6177608,0.0
2025-03-16T07:06:00Z,147abc6a,8bab4dff,a6177608,0.0
2025-03-16T07:09:00Z,147abc6a,8bab4dff,a6177608,0.0
2025-03-16T07:12:00Z,147abc6a,8bab4dff,a6177608,0.0
2025-03-16T07:15:00Z,147abc6a,8bab4dff,a6177608,0.0
2025-03-16T07:18:00Z,147abc6a,8bab4dff,a6177608,0.0
2025-03-16T07:21:00Z,147abc6a,8bab4dff,a6177608,0.0
2025-03-16T07:24:00Z,147abc6a,8bab4dff,a6177608,0.0
2025-03-16T07:27:00Z,147abc6a,8bab4dff,a6177608,0.0
2025-03-16T07:30:00Z,147abc6a,8bab4dff,a6177608,0.0
2025-03-16T07:33:00Z,147abc6a,8bab4dff,a6177608,0.0
2025-03-16T07:36:00Z,147abc6a,8bab4dff,a6177608,0.0
2025-03-16T07:39:00Z,147abc6a,8bab4dff,a6177608,0.0
2025-03-16T07:42:00Z,147abc6a,8bab4dff,a6177608,0.0
2025-03-16T07:45:00Z,147abc6a,8bab4dff,a6177608,0.0
2025-03-16T07:48:00Z,147abc6a,8bab4dff,a6177608,0.0
2025-03-16T07:51:00Z,147abc6a,8bab4dff,a6177608,0.0
2025-03-16T07:54:00Z,147abc6a,8bab4dff,a6177608,0.0
2025-03-16T07:57:00Z,147abc6a,8bab4dff,a6177608,0.0
2025-03-16T08:00:00Z,147abc6a,8bab4dff,a6177608,0.0
2025-03-16T08:03:00Z,147abc6a,8bab4dff,a6177608,0.0
2025-03-16T08:06:00Z,147abc6a,8bab4dff,a6177608,0.0
2025-03-16T08:09:00Z,147abc6a,8bab4dff,a6177608,0.0
2025-03-16T08:12:00Z,147abc6a,8bab4dff,a6177608,0.0
2025-03-16T08:15:00Z,147abc6a,8bab4dff,a6177608,0.0
2025-03-16T08:18:00Z,147abc6a,8bab4dff,a6177608,0.0
2025-03-16T08:21:00Z,147abc6a,8bab4dff,a6177608,0.0
2025-03-16T08:24:00Z,147abc6a,8bab4dff,a6177608,0.0
2025-03-16T08:27:00Z,147abc6a,8bab4dff,a6177608,0.0
2025-03-16T08:30:00Z,147abc6a,8bab4dff,a6177608,0.0
2025-03-16T08:33:00Z,147abc6a,8bab4dff,a6177608,0.0
2025-03-16T08:36:00Z,147abc6a,8bab4dff,a6177608,0.0
2025-03-16T08:39:00Z,147abc6a,8bab4dff,a6177608,0.0
2025-03-16T08:42:00Z,147abc6a,8bab4dff,a6177608,0.0
2025-03-16T08:45:00Z,147abc6a,8bab4dff,a6177608,0.0
2025-03-16T08:48:00Z,147abc6a,8bab4dff,a6177608,0.0
2025-03-16T08:51:00Z,147abc6a,8bab4dff,a6177608,0.0
2025-03-16T08:54:00Z,147abc6a,8bab4dff,a6177608,0.0
2025-03-16T08:57:00Z,147abc6a,8bab4dff,a6177608,0.0
2025-03-16T09:00:00Z,147abc6a,8bab4dff,a6177608,0.0
2025-03-16T09:03:00Z,147abc6a,8bab4dff,a6177608,0.0
2025-03-16T09:06:00Z,147abc6a,8bab4dff,a6177608,0.0
2025-03-16T09:09:00Z,147abc6a,8bab4dff,a6177608,0.0
2025-03-16T09:12:00Z,147abc6a,8bab4dff,a6177608,0.0
2025-03-16T09:15:00Z,147abc6a,8bab4dff,a6177608,0.0
2025-03-16T09:18:00Z,147abc6a,8bab4dff,a6177608,0.0
2025-03-16T09:21:00Z,147abc6a,8bab4dff,a6177608,0.0
2025-03-16T09:24:00Z,147abc6a,8bab4dff,a6177608,0.0
2025-03-16T09:27:00Z,147abc6a,8bab4dff,a6177608,0.0
2025-03-16T09:30:00Z,147abc6a,8bab4dff,a6177608,0.0
2025-03-16T09:33:00Z,147abc6a,8bab4dff,a6177608,0.0
2025-03-16T09:36:00Z,147abc6a,8bab4dff,a6177608,0.0
2025-03-16T09:39:00Z,147abc6a,8bab4dff,a6177608,0.0
2025-03-16T09:42:00Z,147abc6a,8bab4dff,a6177608,0.0
2025-03-16T09:45:00Z,147abc6a,8bab4dff,a6177608,0.0
2025-03-16T09:48:00Z,147abc6a,8bab4dff,a6177608,0.0
2025-03-16T09:51:00Z,147abc6a,8bab4dff,a6177608,0.0
2025-03-16T09:54:00Z,147abc6a,8bab4dff,a6177608,0.0
2025-03-16T09:57:00Z,147abc6a,8bab4dff,a6177608,0.0
2025-03-16T10:00:00Z,147abc6a,8bab4dff,a6177608,0.0
2025-03-16T10:03:00Z,147abc6a,8bab4dff,a6177608,0.0
2025-03-16T10:06:00Z,147abc6a,8bab4dff,a6177608,0.0
2025-03-16T10:09:00Z,147abc6a,8bab4dff,a6177608,0.0
2025-03-16T10:12:00Z,147abc6a,8bab4dff,a6177608,0.0
2025-03-16T10:15:00Z,147abc6a,8bab4dff,a6177608,0.0
2025-03-16T10:18:00Z,147abc6a,8bab4dff,a6177608,0.0
2025-03-16T10:21:00Z,147abc6a,8bab4dff,a6177608,0.0
2025-03-16T10:24:00Z,147abc6a,8bab4dff,a6177608,0.0
2025-03-16T10:27:00Z,147abc6a,8bab4dff,a6177608,0.0
2025-03-16T10:30:00Z,147abc6a,8bab4dff,a6177608,0.0
2025-03-16T10:33:00Z,147abc6a,8bab4dff,a6177608,0.0
2025-03-16T10:36:00Z,147abc6a,8bab4dff,a6177608,0.0
2025-03-16T10:39:00Z,147abc6a,8bab4dff,a6177608,0.0
2025-03-16T10:42:00Z,147abc6a,8bab4dff,a6177608,0.0
2025-03-16T10:45:00Z,147abc6a,8bab4dff,a6177608,0.0
2025-03-16T10:48:00Z,147abc6a,8bab4dff,a6177608,0.0
2025-03-16T10:51:00Z,147abc6a,8bab4dff,a6177608,0.0
2025-03-16T10:54:00Z,147abc6a,8bab4dff,a6177608,0.0
2025-03-16T10:57:00Z,147abc6a,8bab4dff,a6177608,0.0
2025-03-16T11:00:00Z,147abc6a,8bab4dff,a6177608,0.0
2025-03-16T11:03:00Z,147abc6a,8bab4dff,a6177608,0.0
2025-03-16T11:06:00Z,147abc6a,8bab4dff,a6177608,0.0
2025-03-16T11:09:00Z,147abc6a,8bab4dff,a6177608,0.0
2025-03-16T11:12:00Z,147abc6a,8bab4dff,a6177608,0.0
2025-03-16T11:15:00Z,147abc6a,8bab4dff,a6177608,0.0
2025-03-16T11:18:00Z,147abc6a,8bab4dff,a6177608,0.0
2025-03-16T11:21:00Z,147abc6a,8bab4dff,a6177608,0.0
2025-03-16T11:24:00Z,147abc6a,8bab4dff,a6177608,0.0
2025-03-16T11:27:00Z,147abc6a,8bab4dff,a6177608,0.0
2025-03-16T11:30:00Z,147abc6a,8bab4dff,a6177608,0.0
2025-03-16T11:33:00Z,147abc6a,8bab4dff,a6177608,0.0
2025-03-16T11:36:00Z,147abc6a,8bab4dff,a6177608,0.0
2025-03-16T11:39:00Z,147abc6a,8bab4dff,a6177608,0.0
2025-03-16T11:42:00Z,147abc6a,8bab4dff,a6177608,0.0
2025-03-16T11:45:00Z,147abc6a,8bab4dff,a6177608,0.0
2025-03-16T11:48:00Z,147abc6a,8bab4dff,a6177608,0.0
2025-03-16T11:51:00Z,147abc6a,8bab4dff,a6177608,0.0
2025-03-16T11:54:00Z,147abc6a,8bab4dff,a6177608,0.0
2025-03-16T11:57:00Z,147abc6a,8bab4dff,a6177608,0.0
2025-03-16T12:00:00Z,147abc6a,8bab4dff,a6177608,0.0
2025-03-16T12:03:00Z,147abc6a,8bab4dff,a6177608,0.0
2025-03-16T12:06:00Z,147abc6a,8bab4dff,a6177608,0.0
2025-03-16T12:09:00Z,147abc6a,8bab4dff,a6177608,0.0
2025-03-16T12:12:00Z,147abc6a,8bab4dff,a6177608,0.0
2025-03-16T12:15:00Z,147abc6a,8bab4dff,a6177608,0.0
2025-03-16T12:18:00Z,147abc6a,8bab4dff,a6177608,0.0
2025-03-16T12:21:00Z,147abc6a,8bab4dff,a6177608,0.0
2025-03-16T12:24:00Z,147abc6a,8bab4dff,a6177608,0.0
2025-03-16T12:27:00Z,147abc6a,8bab4dff,a6177608,0.0
2025-03-16T12:30:00Z,147abc6a,8bab4dff,a6177608,0.0
2025-03-16T12:33:00Z,147abc6a,8bab4dff,a6177608,0.0
2025-03-16T12:36:00Z,147abc6a,8bab4dff,a6177608,0.0
2025-03-16T12:39:00Z,147abc6a,8bab4dff,a6177608,0.0
2025-03-16T12:42:00Z,147abc6a,8bab4dff,a6177608,0.0
2025-03-16T12:45:00Z,147abc6a,8bab4dff,a6177608,0.0
2025-03-16T12:48:00Z,147abc6a,8bab4dff,a6177608,0.0
2025-03-16T12:51:00Z,147abc6a,8bab4dff,a6177608,0.0
2025-03-16T12:54:00Z,147abc6a,8bab4dff,a6177608,0.0
2025-03-16T12:57:00Z,147abc6a,8bab4dff,a6177608,0.0
2025-03-16T13:00:00Z,147abc6a,8bab4dff,a6177608,0.0
2025-03-16T13:03:00Z,147abc6a,8bab4dff,a6177608,0.0
2025-03-16T13:06:00Z,147abc6a,8bab4dff,a6177608,0.0
2025-03-16T13:09:00Z,147abc6a,8bab4dff,a6177608,0.0
2025-03-16T13:12:00Z,147abc6a,8bab4dff,a6177608,0.0
2025-03-16T13:15:00Z,147abc6a,8bab4dff,a6177608,0.0
2025-03-16T13:18:00Z,147abc6a,8bab4dff,a6177608,0.0
2025-03-16T13:21:00Z,147abc6a,8bab4dff,a6177608,0.0
2025-03-16T13:24:00Z,147abc6a,8bab4dff,a6177608,0.0
2025-03-16T13:27:00Z,147abc6a,8bab4dff,a6177608,0.0
2025-03-16T13:30:00Z,147abc6a,8bab4dff,a6177608,0.0
2025-03-16T13:33:00Z,147abc6a,8bab4dff,a6177608,0.0
2025-03-16T13:36:00Z,147abc6a,8bab4dff,a6177608,0.0
2025-03-16T13:39:00Z,147abc6a,8bab4dff,a6177608,0.0
2025-03-16T13:42:00Z,147abc6a,8bab4dff,a6177608,0.0
2025-03-16T13:45:00Z,147abc6a,8bab4dff,a6177608,0.0
2025-03-16T13:48:00Z,147abc6a,8bab4dff,a6177608,0.0
2025-03-16T13:51:00Z,147abc6a,8bab4dff,a6177608,0.0
2025-03-16T13:54:00Z,147abc6a,8bab4dff,a6177608,0.0
2025-03-16T13:57:00Z,147abc6a,8bab4dff,a6177608,0.0
2025-03-16T14:00:00Z,147abc6a,8bab4dff,a6177608,0.0
2025-03-16T14:03:00Z,147abc6a,8bab4dff,a6177608,0.0
2025-03-16T14:06:00Z,147abc6a,8bab4dff,a6177608,0.0
2025-03-16T14:09:00Z,147abc6a,8bab4dff,a6177608,0.0
2025-03-16T14:12:00Z,147abc6a,8bab4dff,a6177608,0.0
2025-03-16T14:15:00Z,147abc6a,8bab4dff,a6177608,0.0
2025-03-16T14:18:00Z,147abc6a,8bab4dff,a6177608,0.0
2025-03-16T14:21:00Z,147abc6a,8bab4dff,a6177608,0.0
2025-03-16T14:24:00Z,147abc6a,8bab4dff,a6177608,0.0
2025-03-16T14:27:00Z,147abc6a,8bab4dff,a6177608,0.0
2025-03-16T14:30:00Z,147abc6a,8bab4dff,a6177608,0.0
2025-03-16T14:33:00Z,147abc6a,8bab4dff,a6177608,0.0
2025-03-16T14:36:00Z,147abc6a,8bab4dff,a6177608,0.0
2025-03-16T14:39:00Z,147abc6a,8bab4dff,a6177608,0.0
2025-03-16T14:42:00Z,147abc6a,8bab4dff,a6177608,0.0
2025-03-16T14:45:00Z,147abc6a,8bab4dff,a6177608,0.0
2025-03-16T14:48:00Z,147abc6a,8bab4dff,a6177608,0.0
2025-03-16T14:51:00Z,147abc6a,8bab4dff,a6177608,0.0
2025-03-16T14:54:00Z,147abc6a,8bab4dff,a6177608,0.0
2025-03-16T14:57:00Z,147abc6a,8bab4dff,a6177608,0.0
2025-03-16T15:00:00Z,147abc6a,8bab4dff,a6177608,0.0
2025-03-16T15:03:00Z,147abc6a,8bab4dff,a6177608,0.0
2025-03-16T15:06:00Z,147abc6a,8bab4dff,a6177608,0.0
2025-03-16T15:09:00Z,147abc6a,8bab4dff,a6177608,0.0
2025-03-16T15:12:00Z,147abc6a,8bab4dff,a6177608,0.0
2025-03-16T15:15:00Z,147abc6a,8bab4dff,a6177608,0.0
2025-03-16T15:18:00Z,147abc6a,8bab4dff,a6177608,0.0
2025-03-16T15:21:00Z,147abc6a,8bab4dff,a6177608,0.0
2025-03-16T15:24:00Z,147abc6a,8bab4dff,a6177608,0.0
2025-03-16T15:27:00Z,147abc6a,8bab4dff,a6177608,0.0
2025-03-16T15:30:00Z,147abc6a,8bab4dff,a6177608,0.0
2025-03-16T15:33:00Z,147abc6a,8bab4dff,a6177608,0.0
2025-03-16T15:36:00Z,147abc6a,8bab4dff,a6177608,0.0
2025-03-16T15:39:00Z,147abc6a,8bab4dff,a6177608,0.0
2025-03-16T15:42:00Z,147abc6a,8bab4dff,a6177608,0.0
2025-03-16T15:45:00Z,147abc6a,8bab4dff,a6177608,0.0
2025-03-16T15:48:00Z,147abc6a,8bab4dff,a6177608,0.0
2025-03-16T15:51:00Z,147abc6a,8bab4dff,a6177608,0.0
2025-03-16T15:54:00Z,147abc6a,8bab4dff,a6177608,0.0
2025-03-16T15:57:00Z,147abc6a,8bab4dff,a6177608,0.0
2025-03-16T16:00:00Z,147abc6a,8bab4dff,a6177608,0.0
2025-03-16T16:03:00Z,147abc6a,8bab4dff,a6177608,0.0
2025-03-16T16:06:00Z,147abc6a,8bab4dff,a6177608,0.0
2025-03-16T16:09:00Z,147abc6a,8bab4dff,a6177608,0.0
2025-03-16T16:12:00Z,147abc6a,8bab4dff,a6177608,0.0
2025-03-16T16:15:00Z,147abc6a,8bab4dff,a6177608,0.0
2025-03-16T16:18:00Z,147abc6a,8bab4dff,a6177608,0.0
2025-03-16T16:21:00Z,147abc6a,8bab4dff,a6177608,0.0
2025-03-16T16:24:00Z,147abc6a,8bab4dff,a6177608,0.0
2025-03-16T16:27:00Z,147abc6a,8bab4dff,a6177608,0.0
2025-03-16T16:30:00Z,147abc6a,8bab4dff,a6177608,0.0
2025-03-16T16:33:00Z,147abc6a,8bab4dff,a6177608,0.0
2025-03-16T16:36:00Z,147abc6a,8bab4dff,a6177608,0.0
2025-03-16T16:39:00Z,147abc6a,8bab4dff,a6177608,0.0
2025-03-16T16:42:00Z,147abc6a,8bab4dff,a6177608,0.0
2025-03-16T16:45:00Z,147abc6a,8bab4dff,a6177608,0.0
2025-03-16T16:48:00Z,147abc6a,8bab4dff,a6177608,0.0
2025-03-16T16:51:00Z,147abc6a,8bab4dff,a6177608,0.0
2025-03-16T16:54:00Z,147abc6a,8bab4dff,a6177608,0.0
2025-03-16T16:57:00Z,147abc6a,8bab4dff,a6177608,0.0
2025-03-16T17:00:00Z,147abc6a,8bab4dff,a6177608,0.0
2025-03-16T17:03:00Z,147abc6a,8bab4dff,a6177608,0.0
2025-03-16T17:06:00Z,147abc6a,8bab4dff,a6177608,0.0
2025-03-16T17:09:00Z,147abc6a,8bab4dff,a6177608,0.0
2025-03-16T17:12:00Z,147abc6a,8bab4dff,a6177608,0.0
2025-03-16T17:15:00Z,147abc6a,8bab4dff,a6177608,0.0
2025-03-16T17:18:00Z,147abc6a,8bab4dff,a6177608,0.0
2025-03-16T17:21:00Z,147abc6a,8bab4dff,a6177608,0.0
2025-03-16T17:24:00Z,147abc6a,8bab4dff,a6177608,0.0
2025-03-16T17:27:00Z,147abc6a,8bab4dff,a6177608,0.0
2025-03-16T17:30:00Z,147abc6a,8bab4dff,a6177608,0.0
2025-03-16T17:33:00Z,147abc6a,8bab4dff,a6177608,0.0
2025-03-16T17:36:00Z,147abc6a,8bab4dff,a6177608,0.0
2025-03-16T17:39:00Z,147abc6a,8bab4dff,a6177608,0.0
2025-03-16T17:42:00Z,147abc6a,8bab4dff,a6177608,0.0
2025-03-16T17:45:00Z,147abc6a,8bab4dff,a6177608,0.0
2025-03-16T17:48:00Z,147abc6a,8bab4dff,a6177608,0.0
2025-03-16T17:51:00Z,147abc6a,8bab4dff,a6177608,0.0
2025-03-16T17:54:00Z,147abc6a,8bab4dff,a6177608,0.0
2025-03-16T17:57:00Z,147abc6a,8bab4dff,a6177608,0.0
2025-03-16T18:00:00Z,147abc6a,8bab4dff,a6177608,0.0
2025-03-16T18:03:00Z,147abc6a,8bab4dff,a6177608,0.0
2025-03-16T18:06:00Z,147abc6a,8bab4dff,a6177608,0.0
2025-03-16T18:09:00Z,147abc6a,8bab4dff,a6177608,0.0
2025-03-16T18:12:00Z,147abc6a,8bab4dff,a6177608,0.0
2025-03-16T18:15:00Z,147abc6a,8bab4dff,a6177608,0.0
2025-03-16T18:18:00Z,147abc6a,8bab4dff,a6177608,0.0
2025-03-16T18:21:00Z,147abc6a,8bab4dff,a6177608,0.0
2025-03-16T18:24:00Z,147abc6a,8bab4dff,a6177608,0.0
2025-03-16T18:27:00Z,147abc6a,8bab4dff,a6177608,0.0
2025-03-16T18:30:00Z,147abc6a,8bab4dff,a6177608,0.0
2025-03-16T18:33:00Z,147abc6a,8bab4dff,a6177608,0.0
2025-03-16T18:36:00Z,147abc6a,8bab4dff,a6177608,0.0
2025-03-16T18:39:00Z,147abc6a,8bab4dff,a6177608,0.0
2025-03-16T18:42:00Z,147abc6a,8bab4dff,a6177608,0.0
2025-03-16T18:45:00Z,147abc6a,8bab4dff,a6177608,0.0
2025-03-16T18:48:00Z,147abc6a,8bab4dff,a6177608,0.0
2025-03-16T18:51:00Z,147abc6a,8bab4dff,a6177608,0.0
2025-03-16T18:54:00Z,147abc6a,8bab4dff,a6177608,0.0
2025-03-16T18:57:00Z,147abc6a,8bab4dff,a6177608,0.0
2025-03-16T19:00:00Z,147abc6a,8bab4dff,a6177608,0.0
2025-03-16T19:03:00Z,147abc6a,8bab4dff,a6177608,0.0
2025-03-16T19:06:00Z,147abc6a,8bab4dff,a6177608,0.0
2025-03-16T19:09:00Z,147abc6a,8bab4dff,a6177608,0.0
2025-03-16T19:12:00Z,147abc6a,8bab4dff,a6177608,0.0
2025-03-16T19:15:00Z,147abc6a,8bab4dff,a6177608,0.0
2025-03-16T19:18:00Z,147abc6a,8bab4dff,a6177608,0.0
2025-03-16T19:21:00Z,147abc6a,8bab4dff,a6177608,0.0
2025-03-16T19:24:00Z,147abc6a,8bab4dff,a6177608,0.0
2025-03-16T19:27:00Z,147abc6a,8bab4dff,a6177608,0.0
2025-03-16T19:30:00Z,147abc6a,8bab4dff,a6177608,0.0
2025-03-16T19:33:00Z,147abc6a,8bab4dff,a6177608,0.0
2025-03-16T19:36:00Z,147abc6a,8bab4dff,a6177608,0.0
2025-03-16T19:39:00Z,147abc6a,8bab4dff,a6177608,0.0
2025-03-16T19:42:00Z,147abc6a,8bab4dff,a6177608,0.0
2025-03-16T19:45:00Z,147abc6a,8bab4dff,a6177608,0.0
2025-03-16T19:48:00Z,147abc6a,8bab4dff,a6177608,0.0
2025-03-16T19:51:00Z,147abc6a,8bab4dff,a6177608,0.0
2025-03-16T19:54:00Z,147abc6a,8bab4dff,a6177608,0.0
2025-03-16T19:57:00Z,147abc6a,8bab4dff,a6177608,0.0
2025-03-16T20:00:00Z,147abc6a,8bab4dff,a6177608,0.0
2025-03-16T20:03:00Z,147abc6a,8bab4dff,a6177608,0.0
2025-03-16T20:06:00Z,147abc6a,8bab4dff,a6177608,0.0
2025-03-16T20:09:00Z,147abc6a,8bab4dff,a6177608,0.0
2025-03-16T20:12:00Z,147abc6a,8bab4dff,a6177608,0.0
2025-03-16T20:15:00Z,147abc6a,8bab4dff,a6177608,0.0
2025-03-16T20:18:00Z,147abc6a,8bab4dff,a6177608,0.0
2025-03-16T20:21:00Z,147abc6a,8bab4dff,a6177608,0.0
2025-03-16T20:24:00Z,147abc6a,8bab4dff,a6177608,0.0
2025-03-16T20:27:00Z,147abc6a,8bab4dff,a6177608,0.0
2025-03-16T20:30:00Z,147abc6a,8bab4dff,a6177608,0.0
2025-03-16T20:33:00Z,147abc6a,8bab4dff,a6177608,0.0
2025-03-16T20:36:00Z,147abc6a,8bab4dff,a6177608,0.0
2025-03-16T20:39:00Z,147abc6a,8bab4dff,a6177608,0.0
2025-03-16T20:42:00Z,147abc6a,8bab4dff,a6177608,0.0
2025-03-16T20:45:00Z,147abc6a,8bab4dff,a6177608,0.0
2025-03-16T20:48:00Z,147abc6a,8bab4dff,a6177608,0.0
2025-03-16T20:51:00Z,147abc6a,8bab4dff,a6177608,0.0
2025-03-16T20:54:00Z,147abc6a,8bab4dff,a6177608,0.0
2025-03-16T20:57:00Z,147abc6a,8bab4dff,a6177608,0.0
2025-03-16T21:00:00Z,147abc6a,8bab4dff,a6177608,0.0
2025-03-16T21:03:00Z,147abc6a,8bab4dff,a6177608,0.0
2025-03-16T21:06:00Z,147abc6a,8bab4dff,a6177608,0.0
2025-03-16T21:09:00Z,147abc6a,8bab4dff,a6177608,0.0
2025-03-16T21:12:00Z,147abc6a,8bab4dff,a6177608,0.0
2025-03-16T21:15:00Z,147abc6a,8bab4dff,a6177608,0.0
2025-03-16T21:18:00Z,147abc6a,8bab4dff,a6177608,0.0
2025-03-16T21:21:00Z,147abc6a,8bab4dff,a6177608,0.0
2025-03-16T21:24:00Z,147abc6a,8bab4dff,a6177608,0.0
2025-03-16T21:27:00Z,147abc6a,8bab4dff,a6177608,0.0
2025-03-16T21:30:00Z,147abc6a,8bab4dff,a6177608,0.0
2025-03-16T21:33:00Z,147abc6a,8bab4dff,a6177608,0.0
2025-03-16T21:36:00Z,147abc6a,8bab4dff,a6177608,0.0
2025-03-16T21:39:00Z,147abc6a,8bab4dff,a6177608,0.0
2025-03-16T21:42:00Z,147abc6a,8bab4dff,a6177608,0.0
2025-03-16T21:45:00Z,147abc6a,8bab4dff,a6177608,0.0
2025-03-16T21:48:00Z,147abc6a,8bab4dff,a6177608,0.0
2025-03-16T21:51:00Z,147abc6a,8bab4dff,a6177608,0.0
2025-03-16T21:54:00Z,147abc6a,8bab4dff,a6177608,0.0
2025-03-16T21:57:00Z,147abc6a,8bab4dff,a6177608,0.0
2025-03-16T22:00:00Z,147abc6a,8bab4dff,a6177608,0.0
2025-03-16T22:03:00Z,147abc6a,8bab4dff,a6177608,0.0
2025-03-16T22:06:00Z,147abc6a,8bab4dff,a6177608,0.0
2025-03-16T22:09:00Z,147abc6a,8bab4dff,a6177608,0.0
2025-03-16T22:12:00Z,147abc6a,8bab4dff,a6177608,0.0
2025-03-16T22:15:00Z,147abc6a,8bab4dff,a6177608,0.0
2025-03-16T22:18:00Z,147abc6a,8bab4dff,a6177608,0.0
2025-03-16T22:21:00Z,147abc6a,8bab4dff,a6177608,0.0
2025-03-16T22:24:00Z,147abc6a,8bab4dff,a6177608,0.0
2025-03-16T22:27:00Z,147abc6a,8bab4dff,a6177608,0.0
2025-03-16T22:30:00Z,147abc6a,8bab4dff,a6177608,0.0
2025-03-16T22:33:00Z,147abc6a,8bab4dff,a6177608,0.0
2025-03-16T22:36:00Z,147abc6a,8bab4dff,a6177608,0.0
2025-03-16T22:39:00Z,147abc6a,8bab4dff,a6177608,0.0
2025-03-16T22:42:00Z,147abc6a,8bab4dff,a6177608,0.0
2025-03-16T22:45:00Z,147abc6a,8bab4dff,a6177608,0.0
2025-03-16T22:48:00Z,147abc6a,8bab4dff,a6177608,0.0
2025-03-16T22:51:00Z,147abc6a,8bab4dff,a6177608,0.02
2025-03-16T22:54:00Z,147abc6a,8bab4dff,a6177608,0.01
2025-03-16T22:57:00Z,147abc6a,8bab4dff,a6177608,0.0
2025-03-16T23:00:00Z,147abc6a,8bab4dff,a6177608,0.0
2025-03-16T23:03:00Z,147abc6a,8bab4dff,a6177608,0.0
2025-03-16T23:06:00Z,147abc6a,8bab4dff,a6177608,0.0
2025-03-16T23:09:00Z,147abc6a,8bab4dff,a6177608,0.0
2025-03-16T23:12:00Z,147abc6a,8bab4dff,a6177608,0.0
2025-03-16T23:15:00Z,147abc6a,8bab4dff,a6177608,0.0
2025-03-16T23:18:00Z,147abc6a,8bab4dff,a6177608,0.0
2025-03-16T23:21:00Z,147abc6a,8bab4dff,a6177608,0.0
2025-03-16T23:24:00Z,147abc6a,8bab4dff,a6177608,0.0
2025-03-16T23:27:00Z,147abc6a,8bab4dff,a6177608,0.0
2025-03-16T23:30:00Z,147abc6a,8bab4dff,a6177608,0.0
2025-03-16T23:33:00Z,147abc6a,8bab4dff,a6177608,0.0
2025-03-16T23:36:00Z,147abc6a,8bab4dff,a6177608,0.0
2025-03-16T23:39:00Z,147abc6a,8bab4dff,a6177608,0.0
2025-03-16T23:42:00Z,147abc6a,8bab4dff,a6177608,0.0
2025-03-16T23:45:00Z,147abc6a,8bab4dff,a6177608,0.0
2025-03-16T23:48:00Z,147abc6a,8bab4dff,a6177608,0.0
2025-03-16T23:51:00Z,147abc6a,8bab4dff,a6177608,0.0
2025-03-16T23:54:00Z,147abc6a,8bab4dff,a6177608,0.0
2025-03-16T23:57:00Z,147abc6a,8bab4dff,a6177608,0.0
2025-03-17T00:00:00Z,147abc6a,8bab4dff,a6177608,0.0
2025-03-17T00:03:00Z,147abc6a,8bab4dff,a6177608,0.0
2025-03-17T00:06:00Z,147abc6a,8bab4dff,a6177608,0.0
2025-03-17T00:09:00Z,147abc6a,8bab4dff,a6177608,0.0
2025-03-17T00:12:00Z,147abc6a,8bab4dff,a6177608,0.0
2025-03-17T00:15:00Z,147abc6a,8bab4dff,a6177608,0.0
2025-03-17T00:18:00Z,147abc6a,8bab4dff,a6177608,0.0
2025-03-17T00:21:00Z,147abc6a,8bab4dff,a6177608,0.0
2025-03-17T00:24:00Z,147abc6a,8bab4dff,a6177608,0.0
2025-03-17T00:27:00Z,147abc6a,8bab4dff,a6177608,0.0
2025-03-17T00:30:00Z,147abc6a,8bab4dff,a6177608,0.01
2025-03-17T00:33:00Z,147abc6a,8bab4dff,a6177608,0.0
2025-03-17T00:36:00Z,147abc6a,8bab4dff,a6177608,0.0
2025-03-17T00:39:00Z,147abc6a,8bab4dff,a6177608,0.0
2025-03-17T00:42:00Z,147abc6a,8bab4dff,a6177608,0.0
2025-03-17T00:45:00Z,147abc6a,8bab4dff,a6177608,0.0
2025-03-17T00:48:00Z,147abc6a,8bab4dff,a6177608,0.0
2025-03-17T00:51:00Z,147abc6a,8bab4dff,a6177608,0.0
2025-03-17T00:54:00Z,147abc6a,8bab4dff,a6177608,0.0
2025-03-17T00:57:00Z,147abc6a,8bab4dff,a6177608,0.0
2025-03-17T01:00:00Z,147abc6a,8bab4dff,a6177608,0.0
2025-03-17T01:03:00Z,147abc6a,8bab4dff,a6177608,0.0
2025-03-17T01:06:00Z,147abc6a,8bab4dff,a6177608,0.0
2025-03-17T01:09:00Z,147abc6a,8bab4dff,a6177608,0.0
2025-03-17T01:12:00Z,147abc6a,8bab4dff,a6177608,0.0
2025-03-17T01:15:00Z,147abc6a,8bab4dff,a6177608,0.0
2025-03-17T01:18:00Z,147abc6a,8bab4dff,a6177608,0.0
2025-03-17T01:21:00Z,147abc6a,8bab4dff,a6177608,0.0
2025-03-17T01:24:00Z,147abc6a,8bab4dff,a6177608,0.0
2025-03-17T01:27:00Z,147abc6a,8bab4dff,a6177608,0.0
2025-03-17T01:30:00Z,147abc6a,8bab4dff,a6177608,0.0
2025-03-17T01:33:00Z,147abc6a,8bab4dff,a6177608,0.0
2025-03-17T01:36:00Z,147abc6a,8bab4dff,a6177608,0.0
2025-03-17T01:39:00Z,147abc6a,8bab4dff,a6177608,0.0
2025-03-17T01:42:00Z,147abc6a,8bab4dff,a6177608,0.0
2025-03-17T01:45:00Z,147abc6a,8bab4dff,a6177608,0.0
2025-03-17T01:48:00Z,147abc6a,8bab4dff,a6177608,0.0
2025-03-17T01:51:00Z,147abc6a,8bab4dff,a6177608,0.0
2025-03-17T01:54:00Z,147abc6a,8bab4dff,a6177608,0.0
2025-03-17T01:57:00Z,147abc6a,8bab4dff,a6177608,0.0
2025-03-17T02:00:00Z,147abc6a,8bab4dff,a6177608,0.0
2025-03-17T02:03:00Z,147abc6a,8bab4dff,a6177608,0.0
2025-03-17T02:06:00Z,147abc6a,8bab4dff,a6177608,0.0
2025-03-17T02:09:00Z,147abc6a,8bab4dff,a6177608,0.0
2025-03-17T02:12:00Z,147abc6a,8bab4dff,a6177608,0.0
2025-03-17T02:15:00Z,147abc6a,8bab4dff,a6177608,0.0
2025-03-17T02:18:00Z,147abc6a,8bab4dff,a6177608,0.0
2025-03-17T02:21:00Z,147abc6a,8bab4dff,a6177608,0.0
2025-03-17T02:24:00Z,147abc6a,8bab4dff,a6177608,0.0
2025-03-17T02:27:00Z,147abc6a,8bab4dff,a6177608,0.0
2025-03-17T02:30:00Z,147abc6a,8bab4dff,a6177608,0.0
2025-03-17T02:33:00Z,147abc6a,8bab4dff,a6177608,0.0
2025-03-17T02:36:00Z,147abc6a,8bab4dff,a6177608,0.0
2025-03-17T02:39:00Z,147abc6a,8bab4dff,a6177608,0.0
2025-03-17T02:42:00Z,147abc6a,8bab4dff,a6177608,0.0
2025-03-17T02:45:00Z,147abc6a,8bab4dff,a6177608,0.0
2025-03-17T02:48:00Z,147abc6a,8bab4dff,a6177608,0.0
2025-03-17T02:51:00Z,147abc6a,8bab4dff,a6177608,0.0
2025-03-17T02:54:00Z,147abc6a,8bab4dff,a6177608,0.0
2025-03-17T02:57:00Z,147abc6a,8bab4dff,a6177608,0.0
2025-03-17T03:00:00Z,147abc6a,8bab4dff,a6177608,0.0
2025-03-17T03:03:00Z,147abc6a,8bab4dff,a6177608,0.0
2025-03-17T03:06:00Z,147abc6a,8bab4dff,a6177608,0.0
2025-03-17T03:09:00Z,147abc6a,8bab4dff,a6177608,0.0
2025-03-17T03:12:00Z,147abc6a,8bab4dff,a6177608,0.0
2025-03-17T03:15:00Z,147abc6a,8bab4dff,a6177608,0.0
2025-03-17T03:18:00Z,147abc6a,8bab4dff,a6177608,0.0
2025-03-17T03:21:00Z,147abc6a,8bab4dff,a6177608,0.0
2025-03-17T03:24:00Z,147abc6a,8bab4dff,a6177608,0.0
2025-03-17T03:27:00Z,147abc6a,8bab4dff,a6177608,0.0
2025-03-17T03:30:00Z,147abc6a,8bab4dff,a6177608,0.0
2025-03-17T03:33:00Z,147abc6a,8bab4dff,a6177608,0.0
2025-03-17T03:36:00Z,147abc6a,8bab4dff,a6177608,0.0
2025-03-17T03:39:00Z,147abc6a,8bab4dff,a6177608,0.0
2025-03-17T03:42:00Z,147abc6a,8bab4dff,a6177608,0.0
2025-03-17T03:45:00Z,147abc6a,8bab4dff,a6177608,0.0
2025-03-17T03:48:00Z,147abc6a,8bab4dff,a6177608,0.0
2025-03-17T03:51:00Z,147abc6a,8bab4dff,a6177608,0.0
2025-03-17T03:54:00Z,147abc6a,8bab4dff,a6177608,0.0
2025-03-17T03:57:00Z,147abc6a,8bab4dff,a6177608,0.0
2025-03-17T04:00:00Z,147abc6a,8bab4dff,a6177608,0.0
2025-03-17T04:03:00Z,147abc6a,8bab4dff,a6177608,0.0
2025-03-17T04:06:00Z,147abc6a,8bab4dff,a6177608,0.0
2025-03-17T04:09:00Z,147abc6a,8bab4dff,a6177608,0.0
2025-03-17T04:12:00Z,147abc6a,8bab4dff,a6177608,0.0
2025-03-17T04:15:00Z,147abc6a,8bab4dff,a6177608,0.0
2025-03-17T04:18:00Z,147abc6a,8bab4dff,a6177608,0.0
2025-03-17T04:21:00Z,147abc6a,8bab4dff,a6177608,0.0
2025-03-17T04:24:00Z,147abc6a,8bab4dff,a6177608,0.0
2025-03-17T04:27:00Z,147abc6a,8bab4dff,a6177608,0.0
2025-03-17T04:30:00Z,147abc6a,8bab4dff,a6177608,0.0
2025-03-17T04:33:00Z,147abc6a,8bab4dff,a6177608,0.0
2025-03-17T04:36:00Z,147abc6a,8bab4dff,a6177608,0.0
2025-03-17T04:39:00Z,147abc6a,8bab4dff,a6177608,0.0
2025-03-17T04:42:00Z,147abc6a,8bab4dff,a6177608,0.0
2025-03-17T04:45:00Z,147abc6a,8bab4dff,a6177608,0.0
2025-03-17T04:48:00Z,147abc6a,8bab4dff,a6177608,0.0
2025-03-17T04:51:00Z,147abc6a,8bab4dff,a6177608,0.0
2025-03-17T04:54:00Z,147abc6a,8bab4dff,a6177608,0.0
2025-03-17T04:57:00Z,147abc6a,8bab4dff,a6177608,0.0
2025-03-17T05:00:00Z,147abc6a,8bab4dff,a6177608,0.0
2025-03-17T05:03:00Z,147abc6a,8bab4dff,a6177608,0.0
2025-03-17T05:06:00Z,147abc6a,8bab4dff,a6177608,0.0
2025-03-17T05:09:00Z,147abc6a,8bab4dff,a6177608,0.0
2025-03-17T05:12:00Z,147abc6a,8bab4dff,a6177608,0.0
2025-03-17T05:15:00Z,147abc6a,8bab4dff,a6177608,0.0
2025-03-17T05:18:00Z,147abc6a,8bab4dff,a6177608,0.0
2025-03-17T05:21:00Z,147abc6a,8bab4dff,a6177608,0.0
2025-03-17T05:24:00Z,147abc6a,8bab4dff,a6177608,0.0
2025-03-17T05:27:00Z,147abc6a,8bab4dff,a6177608,0.0
2025-03-17T05:30:00Z,147abc6a,8bab4dff,a6177608,0.0
2025-03-17T05:33:00Z,147abc6a,8bab4dff,a6177608,0.0
2025-03-17T05:36:00Z,147abc6a,8bab4dff,a6177608,0.0
2025-03-17T05:39:00Z,147abc6a,8bab4dff,a6177608,0.0
2025-03-17T05:42:00Z,147abc6a,8bab4dff,a6177608,0.0
2025-03-17T05:45:00Z,147abc6a,8bab4dff,a6177608,0.0
2025-03-17T05:48:00Z,147abc6a,8bab4dff,a6177608,0.0
2025-03-17T05:51:00Z,147abc6a,8bab4dff,a6177608,0.0
2025-03-17T05:54:00Z,147abc6a,8bab4dff,a6177608,0.0
2025-03-17T05:57:00Z,147abc6a,8bab4dff,a6177608,0.0
2025-03-17T06:00:00Z,147abc6a,8bab4dff,a6177608,0.0
2025-03-17T06:03:00Z,147abc6a,8bab4dff,a6177608,0.0
2025-03-17T06:06:00Z,147abc6a,8bab4dff,a6177608,0.0
2025-03-17T06:09:00Z,147abc6a,8bab4dff,a6177608,0.0
2025-03-17T06:12:00Z,147abc6a,8bab4dff,a6177608,0.0
2025-03-17T06:15:00Z,147abc6a,8bab4dff,a6177608,0.0
2025-03-17T06:18:00Z,147abc6a,8bab4dff,a6177608,0.0
2025-03-17T06:21:00Z,147abc6a,8bab4dff,a6177608,0.0
2025-03-17T06:24:00Z,147abc6a,8bab4dff,a6177608,0.0
2025-03-17T06:27:00Z,147abc6a,8bab4dff,a6177608,0.0
2025-03-17T06:30:00Z,147abc6a,8bab4dff,a6177608,0.0
2025-03-17T06:33:00Z,147abc6a,8bab4dff,a6177608,0.0
2025-03-17T06:36:00Z,147abc6a,8bab4dff,a6177608,0.0
2025-03-17T06:39:00Z,147abc6a,8bab4dff,a6177608,0.0
2025-03-17T06:42:00Z,147abc6a,8bab4dff,a6177608,0.0
2025-03-17T06:45:00Z,147abc6a,8bab4dff,a6177608,0.0
2025-03-17T06:48:00Z,147abc6a,8bab4dff,a6177608,0.0
2025-03-17T06:51:00Z,147abc6a,8bab4dff,a6177608,0.0
2025-03-17T06:54:00Z,147abc6a,8bab4dff,a6177608,0.02
2025-03-17T06:57:00Z,147abc6a,8bab4dff,a6177608,0.0
2025-03-17T07:00:00Z,147abc6a,8bab4dff,a6177608,0.0
2025-03-17T07:03:00Z,147abc6a,8bab4dff,a6177608,0.0
2025-03-17T07:06:00Z,147abc6a,8bab4dff,a6177608,0.0
2025-03-17T07:09:00Z,147abc6a,8bab4dff,a6177608,0.0
2025-03-17T07:12:00Z,147abc6a,8bab4dff,a6177608,0.0
2025-03-17T07:15:00Z,147abc6a,8bab4dff,a6177608,0.0
2025-03-17T07:18:00Z,147abc6a,8bab4dff,a6177608,0.0
2025-03-17T07:21:00Z,147abc6a,8bab4dff,a6177608,0.0
2025-03-17T07:24:00Z,147abc6a,8bab4dff,a6177608,0.0
2025-03-17T07:27:00Z,147abc6a,8bab4dff,a6177608,0.0
2025-03-17T07:30:00Z,147abc6a,8bab4dff,a6177608,0.0
2025-03-17T07:33:00Z,147abc6a,8bab4dff,a6177608,0.0
2025-03-17T07:36:00Z,147abc6a,8bab4dff,a6177608,0.0
2025-03-17T07:39:00Z,147abc6a,8bab4dff,a6177608,0.0
2025-03-17T07:42:00Z,147abc6a,8bab4dff,a6177608,0.0
2025-03-17T07:45:00Z,147abc6a,8bab4dff,a6177608,0.0
2025-03-17T07:48:00Z,147abc6a,8bab4dff,a6177608,0.0
2025-03-17T07:51:00Z,147abc6a,8bab4dff,a6177608,0.0
2025-03-17T07:54:00Z,147abc6a,8bab4dff,a6177608,0.0
2025-03-17T07:57:00Z,147abc6a,8bab4dff,a6177608,0.0
2025-03-17T08:00:00Z,147abc6a,8bab4dff,a6177608,0.0
2025-03-17T08:03:00Z,147abc6a,8bab4dff,a6177608,0.0
2025-03-17T08:06:00Z,147abc6a,8bab4dff,a6177608,0.0
2025-03-17T08:09:00Z,147abc6a,8bab4dff,a6177608,0.0
2025-03-17T08:12:00Z,147abc6a,8bab4dff,a6177608,0.0
2025-03-17T08:15:00Z,147abc6a,8bab4dff,a6177608,0.0
2025-03-17T08:18:00Z,147abc6a,8bab4dff,a6177608,0.0
2025-03-17T08:21:00Z,147abc6a,8bab4dff,a6177608,0.0
2025-03-17T08:24:00Z,147abc6a,8bab4dff,a6177608,0.0
2025-03-17T08:27:00Z,147abc6a,8bab4dff,a6177608,0.0
2025-03-17T08:30:00Z,147abc6a,8bab4dff,a6177608,0.0
2025-03-17T08:33:00Z,147abc6a,8bab4dff,a6177608,0.0
2025-03-17T08:36:00Z,147abc6a,8bab4dff,a6177608,0.0
2025-03-17T08:39:00Z,147abc6a,8bab4dff,a6177608,0.0
2025-03-17T08:42:00Z,147abc6a,8bab4dff,a6177608,0.0
2025-03-17T08:45:00Z,147abc6a,8bab4dff,a6177608,0.0
2025-03-17T08:48:00Z,147abc6a,8bab4dff,a6177608,0.0
2025-03-17T08:51:00Z,147abc6a,8bab4dff,a6177608,0.0
2025-03-17T08:54:00Z,147abc6a,8bab4dff,a6177608,0.0
2025-03-17T08:57:00Z,147abc6a,8bab4dff,a6177608,0.0
2025-03-17T09:00:00Z,147abc6a,8bab4dff,a6177608,0.0
2025-03-17T09:03:00Z,147abc6a,8bab4dff,a6177608,0.0
2025-03-17T09:06:00Z,147abc6a,8bab4dff,a6177608,0.0
2025-03-17T09:09:00Z,147abc6a,8bab4dff,a6177608,0.0
2025-03-17T09:12:00Z,147abc6a,8bab4dff,a6177608,0.0
2025-03-17T09:15:00Z,147abc6a,8bab4dff,a6177608,0.0
2025-03-17T09:18:00Z,147abc6a,8bab4dff,a6177608,0.0
2025-03-17T09:21:00Z,147abc6a,8bab4dff,a6177608,0.0
2025-03-17T09:24:00Z,147abc6a,8bab4dff,a6177608,0.0
2025-03-17T09:27:00Z,147abc6a,8bab4dff,a6177608,0.0
2025-03-17T09:30:00Z,147abc6a,8bab4dff,a6177608,0.0
2025-03-17T09:33:00Z,147abc6a,8bab4dff,a6177608,0.0
2025-03-17T09:36:00Z,147abc6a,8bab4dff,a6177608,0.0
2025-03-17T09:39:00Z,147abc6a,8bab4dff,a6177608,0.0
2025-03-17T09:42:00Z,147abc6a,8bab4dff,a6177608,0.0
2025-03-17T09:45:00Z,147abc6a,8bab4dff,a6177608,0.0
2025-03-17T09:48:00Z,147abc6a,8bab4dff,a6177608,0.0
2025-03-17T09:51:00Z,147abc6a,8bab4dff,a6177608,0.0
2025-03-17T09:54:00Z,147abc6a,8bab4dff,a6177608,0.0
2025-03-17T09:57:00Z,147abc6a,8bab4dff,a6177608,0.0
2025-03-17T10:00:00Z,147abc6a,8bab4dff,a6177608,0.0
2025-03-17T10:03:00Z,147abc6a,8bab4dff,a6177608,0.0
2025-03-17T10:06:00Z,147abc6a,8bab4dff,a6177608,0.0
2025-03-17T10:09:00Z,147abc6a,8bab4dff,a6177608,0.0
2025-03-17T10:12:00Z,147abc6a,8bab4dff,a6177608,0.0
2025-03-17T10:15:00Z,147abc6a,8bab4dff,a6177608,0.0
2025-03-17T10:18:00Z,147abc6a,8bab4dff,a6177608,0.0
2025-03-17T10:21:00Z,147abc6a,8bab4dff,a6177608,0.0
2025-03-17T10:24:00Z,147abc6a,8bab4dff,a6177608,0.0
2025-03-17T10:27:00Z,147abc6a,8bab4dff,a6177608,0.0
2025-03-17T10:30:00Z,147abc6a,8bab4dff,a6177608,0.0
2025-03-17T10:33:00Z,147abc6a,8bab4dff,a6177608,0.0
2025-03-17T10:36:00Z,147abc6a,8bab4dff,a6177608,0.0
2025-03-17T10:39:00Z,147abc6a,8bab4dff,a6177608,0.0
2025-03-17T10:42:00Z,147abc6a,8bab4dff,a6177608,0.0
2025-03-17T10:45:00Z,147abc6a,8bab4dff,a6177608,0.0
2025-03-17T10:48:00Z,147abc6a,8bab4dff,a6177608,0.0
2025-03-17T10:51:00Z,147abc6a,8bab4dff,a6177608,0.0
2025-03-17T10:54:00Z,147abc6a,8bab4dff,a6177608,0.0
2025-03-17T10:57:00Z,147abc6a,8bab4dff,a6177608,0.0
2025-03-17T11:00:00Z,147abc6a,8bab4dff,a6177608,0.0
2025-03-17T11:03:00Z,147abc6a,8bab4dff,a6177608,0.0
2025-03-17T11:06:00Z,147abc6a,8bab4dff,a6177608,0.0
2025-03-17T11:09:00Z,147abc6a,8bab4dff,a6177608,0.0
2025-03-17T11:12:00Z,147abc6a,8bab4dff,a6177608,0.0
2025-03-17T11:15:00Z,147abc6a,8bab4dff,a6177608,0.0
2025-03-17T11:18:00Z,147abc6a,8bab4dff,a6177608,0.0
2025-03-17T11:21:00Z,147abc6a,8bab4dff,a6177608,0.0
2025-03-17T11:24:00Z,147abc6a,8bab4dff,a6177608,0.0
2025-03-17T11:27:00Z,147abc6a,8bab4dff,a6177608,0.0
2025-03-17T11:30:00Z,147abc6a,8bab4dff,a6177608,0.0
2025-03-17T11:33:00Z,147abc6a,8bab4dff,a6177608,0.0
2025-03-17T11:36:00Z,147abc6a,8bab4dff,a6177608,0.0
2025-03-17T11:39:00Z,147abc6a,8bab4dff,a6177608,0.0
2025-03-17T11:42:00Z,147abc6a,8bab4dff,a6177608,0.0
2025-03-17T11:45:00Z,147abc6a,8bab4dff,a6177608,0.0
2025-03-17T11:48:00Z,147abc6a,8bab4dff,a6177608,0.0
2025-03-17T11:51:00Z,147abc6a,8bab4dff,a6177608,0.0
2025-03-17T11:54:00Z,147abc6a,8bab4dff,a6177608,0.0
2025-03-17T11:57:00Z,147abc6a,8bab4dff,a6177608,0.0
2025-03-17T12:00:00Z,147abc6a,8bab4dff,a6177608,0.0
2025-03-17T12:03:00Z,147abc6a,8bab4dff,a6177608,0.0
2025-03-17T12:06:00Z,147abc6a,8bab4dff,a6177608,0.0
2025-03-17T12:09:00Z,147abc6a,8bab4dff,a6177608,0.0
2025-03-17T12:12:00Z,147abc6a,8bab4dff,a6177608,0.0
2025-03-17T12:15:00Z,147abc6a,8bab4dff,a6177608,0.0
2025-03-17T12:18:00Z,147abc6a,8bab4dff,a6177608,0.0
2025-03-17T12:21:00Z,147abc6a,8bab4dff,a6177608,0.0
2025-03-17T12:24:00Z,147abc6a,8bab4dff,a6177608,0.0
2025-03-17T12:27:00Z,147abc6a,8bab4dff,a6177608,0.0
2025-03-17T12:30:00Z,147abc6a,8bab4dff,a6177608,0.0
2025-03-17T12:33:00Z,147abc6a,8bab4dff,a6177608,0.0
2025-03-17T12:36:00Z,147abc6a,8bab4dff,a6177608,0.0
2025-03-17T12:39:00Z,147abc6a,8bab4dff,a6177608,0.0
2025-03-17T12:42:00Z,147abc6a,8bab4dff,a6177608,0.0
2025-03-17T12:45:00Z,147abc6a,8bab4dff,a6177608,0.0
2025-03-17T12:48:00Z,147abc6a,8bab4dff,a6177608,0.0
2025-03-17T12:51:00Z,147abc6a,8bab4dff,a6177608,0.0
2025-03-17T12:54:00Z,147abc6a,8bab4dff,a6177608,0.0
2025-03-17T12:57:00Z,147abc6a,8bab4dff,a6177608,0.0
2025-03-17T13:00:00Z,147abc6a,8bab4dff,a6177608,0.0
2025-03-17T13:03:00Z,147abc6a,8bab4dff,a6177608,0.0
2025-03-17T13:06:00Z,147abc6a,8bab4dff,a6177608,0.0
2025-03-17T13:09:00Z,147abc6a,8bab4dff,a6177608,0.0
2025-03-17T13:12:00Z,147abc6a,8bab4dff,a6177608,0.0
2025-03-17T13:15:00Z,147abc6a,8bab4dff,a6177608,0.0
2025-03-17T13:18:00Z,147abc6a,8bab4dff,a6177608,0.0
2025-03-17T13:21:00Z,147abc6a,8bab4dff,a6177608,0.0
2025-03-17T13:24:00Z,147abc6a,8bab4dff,a6177608,0.0
2025-03-17T13:27:00Z,147abc6a,8bab4dff,a6177608,0.0
2025-03-17T13:30:00Z,147abc6a,8bab4dff,a6177608,0.0
2025-03-17T13:33:00Z,147abc6a,8bab4dff,a6177608,0.0
2025-03-17T13:36:00Z,147abc6a,8bab4dff,a6177608,0.0
2025-03-17T13:39:00Z,147abc6a,8bab4dff,a6177608,0.0
2025-03-17T13:42:00Z,147abc6a,8bab4dff,a6177608,0.0
2025-03-17T13:45:00Z,147abc6a,8bab4dff,a6177608,0.0
2025-03-17T13:48:00Z,147abc6a,8bab4dff,a6177608,0.0
2025-03-17T13:51:00Z,147abc6a,8bab4dff,a6177608,0.0
2025-03-17T13:54:00Z,147abc6a,8bab4dff,a6177608,0.0
2025-03-17T13:57:00Z,147abc6a,8bab4dff,a6177608,0.0
2025-03-17T14:00:00Z,147abc6a,8bab4dff,a6177608,0.0
2025-03-17T14:03:00Z,147abc6a,8bab4dff,a6177608,0.0
2025-03-17T14:06:00Z,147abc6a,8bab4dff,a6177608,0.0
2025-03-17T14:09:00Z,147abc6a,8bab4dff,a6177608,0.0
2025-03-17T14:12:00Z,147abc6a,8bab4dff,a6177608,0.0
2025-03-17T14:15:00Z,147abc6a,8bab4dff,a6177608,0.0
2025-03-17T14:18:00Z,147abc6a,8bab4dff,a6177608,0.0
2025-03-17T14:21:00Z,147abc6a,8bab4dff,a6177608,0.0
2025-03-17T14:24:00Z,147abc6a,8bab4dff,a6177608,0.0
2025-03-17T14:27:00Z,147abc6a,8bab4dff,a6177608,0.0
2025-03-17T14:30:00Z,147abc6a,8bab4dff,a6177608,0.0
2025-03-17T14:33:00Z,147abc6a,8bab4dff,a6177608,0.0
2025-03-17T14:36:00Z,147abc6a,8bab4dff,a6177608,0.0
2025-03-17T14:39:00Z,147abc6a,8bab4dff,a6177608,0.0
2025-03-17T14:42:00Z,147abc6a,8bab4dff,a6177608,0.0
2025-03-17T14:45:00Z,147abc6a,8bab4dff,a6177608,0.0
2025-03-17T14:48:00Z,147abc6a,8bab4dff,a6177608,0.0
2025-03-17T14:51:00Z,147abc6a,8bab4dff,a6177608,0.0
2025-03-17T14:54:00Z,147abc6a,8bab4dff,a6177608,0.0
2025-03-17T14:57:00Z,147abc6a,8bab4dff,a6177608,0.0
2025-03-17T15:00:00Z,147abc6a,8bab4dff,a6177608,0.0
2025-03-17T15:03:00Z,147abc6a,8bab4dff,a6177608,0.0
2025-03-17T15:06:00Z,147abc6a,8bab4dff,a6177608,0.0
2025-03-17T15:09:00Z,147abc6a,8bab4dff,a6177608,0.0
2025-03-17T15:12:00Z,147abc6a,8bab4dff,a6177608,0.0
2025-03-17T15:15:00Z,147abc6a,8bab4dff,a6177608,0.0
2025-03-17T15:18:00Z,147abc6a,8bab4dff,a6177608,0.0
2025-03-17T15:21:00Z,147abc6a,8bab4dff,a6177608,0.0
2025-03-17T15:24:00Z,147abc6a,8bab4dff,a6177608,0.0
2025-03-17T15:27:00Z,147abc6a,8bab4dff,a6177608,0.0
2025-03-17T15:30:00Z,147abc6a,8bab4dff,a6177608,0.0
2025-03-17T15:33:00Z,147abc6a,8bab4dff,a6177608,0.0
2025-03-17T15:36:00Z,147abc6a,8bab4dff,a6177608,0.0
2025-03-17T15:39:00Z,147abc6a,8bab4dff,a6177608,0.0
2025-03-17T15:42:00Z,147abc6a,8bab4dff,a6177608,0.0
2025-03-17T15:45:00Z,147abc6a,8bab4dff,a6177608,0.0
2025-03-17T15:48:00Z,147abc6a,8bab4dff,a6177608,0.0
2025-03-17T15:51:00Z,147abc6a,8bab4dff,a6177608,0.0
2025-03-17T15:54:00Z,147abc6a,8bab4dff,a6177608,0.0
2025-03-17T15:57:00Z,147abc6a,8bab4dff,a6177608,0.0
2025-03-17T16:00:00Z,147abc6a,8bab4dff,a6177608,0.0
2025-03-17T16:03:00Z,147abc6a,8bab4dff,a6177608,0.0
2025-03-17T16:06:00Z,147abc6a,8bab4dff,a6177608,0.0
2025-03-17T16:09:00Z,147abc6a,8bab4dff,a6177608,0.0
2025-03-17T16:12:00Z,147abc6a,8bab4dff,a6177608,0.0
2025-03-17T16:15:00Z,147abc6a,8bab4dff,a6177608,0.0
2025-03-17T16:18:00Z,147abc6a,8bab4dff,a6177608,0.0
2025-03-17T16:21:00Z,147abc6a,8bab4dff,a6177608,0.0
2025-03-17T16:24:00Z,147abc6a,8bab4dff,a6177608,0.0
2025-03-17T16:27:00Z,147abc6a,8bab4dff,a6177608,0.0
2025-03-17T16:30:00Z,147abc6a,8bab4dff,a6177608,0.0
2025-03-17T16:33:00Z,147abc6a,8bab4dff,a6177608,0.0
2025-03-17T16:36:00Z,147abc6a,8bab4dff,a6177608,0.0
2025-03-17T16:39:00Z,147abc6a,8bab4dff,a6177608,0.0
2025-03-17T16:42:00Z,147abc6a,8bab4dff,a6177608,0.0
2025-03-17T16:45:00Z,147abc6a,8bab4dff,a6177608,0.0
2025-03-17T16:48:00Z,147abc6a,8bab4dff,a6177608,0.0
2025-03-17T16:51:00Z,147abc6a,8bab4dff,a6177608,0.0
2025-03-17T16:54:00Z,147abc6a,8bab4dff,a6177608,0.0
2025-03-17T16:57:00Z,147abc6a,8bab4dff,a6177608,0.0
2025-03-17T17:00:00Z,147abc6a,8bab4dff,a6177608,0.0
2025-03-17T17:03:00Z,147abc6a,8bab4dff,a6177608,0.0
2025-03-17T17:06:00Z,147abc6a,8bab4dff,a6177608,0.0
2025-03-17T17:09:00Z,147abc6a,8bab4dff,a6177608,0.0
2025-03-17T17:12:00Z,147abc6a,8bab4dff,a6177608,0.0
2025-03-17T17:15:00Z,147abc6a,8bab4dff,a6177608,0.0
2025-03-17T17:18:00Z,147abc6a,8bab4dff,a6177608,0.0
2025-03-17T17:21:00Z,147abc6a,8bab4dff,a6177608,0.0
2025-03-17T17:24:00Z,147abc6a,8bab4dff,a6177608,0.0
2025-03-17T17:27:00Z,147abc6a,8bab4dff,a6177608,0.0
2025-03-17T17:30:00Z,147abc6a,8bab4dff,a6177608,0.0
2025-03-17T17:33:00Z,147abc6a,8bab4dff,a6177608,0.0
2025-03-17T17:36:00Z,147abc6a,8bab4dff,a6177608,0.0
2025-03-17T17:39:00Z,147abc6a,8bab4dff,a6177608,0.0
2025-03-17T17:42:00Z,147abc6a,8bab4dff,a6177608,0.0
2025-03-17T17:45:00Z,147abc6a,8bab4dff,a6177608,0.0
2025-03-17T17:48:00Z,147abc6a,8bab4dff,a6177608,0.0
2025-03-17T17:51:00Z,147abc6a,8bab4dff,a6177608,0.0
2025-03-17T17:54:00Z,147abc6a,8bab4dff,a6177608,0.0
2025-03-17T17:57:00Z,147abc6a,8bab4dff,a6177608,0.0
2025-03-17T18:00:00Z,147abc6a,8bab4dff,a6177608,0.0
2025-03-17T18:03:00Z,147abc6a,8bab4dff,a6177608,0.0
2025-03-17T18:06:00Z,147abc6a,8bab4dff,a6177608,0.0
2025-03-17T18:09:00Z,147abc6a,8bab4dff,a6177608,0.0
2025-03-17T18:12:00Z,147abc6a,8bab4dff,a6177608,0.0
2025-03-17T18:15:00Z,147abc6a,8bab4dff,a6177608,0.0
2025-03-17T18:18:00Z,147abc6a,8bab4dff,a6177608,0.0
2025-03-17T18:21:00Z,147abc6a,8bab4dff,a6177608,0.0
2025-03-17T18:24:00Z,147abc6a,8bab4dff,a6177608,0.0
2025-03-17T18:27:00Z,147abc6a,8bab4dff,a6177608,0.0
2025-03-17T18:30:00Z,147abc6a,8bab4dff,a6177608,0.0
2025-03-17T18:33:00Z,147abc6a,8bab4dff,a6177608,0.0
2025-03-17T18:36:00Z,147abc6a,8bab4dff,a6177608,0.0
2025-03-17T18:39:00Z,147abc6a,8bab4dff,a6177608,0.0
2025-03-17T18:42:00Z,147abc6a,8bab4dff,a6177608,0.0
2025-03-17T18:45:00Z,147abc6a,8bab4dff,a6177608,0.0
2025-03-17T18:48:00Z,147abc6a,8bab4dff,a6177608,0.01
2025-03-17T18:51:00Z,147abc6a,8bab4dff,a6177608,0.0
2025-03-17T18:54:00Z,147abc6a,8bab4dff,a6177608,0.0
2025-03-17T18:57:00Z,147abc6a,8bab4dff,a6177608,0.0
2025-03-17T19:00:00Z,147abc6a,8bab4dff,a6177608,0.0
2025-03-17T19:03:00Z,147abc6a,8bab4dff,a6177608,0.0
2025-03-17T19:06:00Z,147abc6a,8bab4dff,a6177608,0.0
2025-03-17T19:09:00Z,147abc6a,8bab4dff,a6177608,0.0
2025-03-17T19:12:00Z,147abc6a,8bab4dff,a6177608,0.0
2025-03-17T19:15:00Z,147abc6a,8bab4dff,a6177608,0.0
2025-03-17T19:18:00Z,147abc6a,8bab4dff,a6177608,0.0
2025-03-17T19:21:00Z,147abc6a,8bab4dff,a6177608,0.0
2025-03-17T19:24:00Z,147abc6a,8bab4dff,a6177608,0.0
2025-03-17T19:27:00Z,147abc6a,8bab4dff,a6177608,0.0
2025-03-17T19:30:00Z,147abc6a,8bab4dff,a6177608,0.0
2025-03-17T19:33:00Z,147abc6a,8bab4dff,a6177608,0.0
2025-03-17T19:36:00Z,147abc6a,8bab4dff,a6177608,0.0
2025-03-17T19:39:00Z,147abc6a,8bab4dff,a6177608,0.0
2025-03-17T19:42:00Z,147abc6a,8bab4dff,a6177608,0.0
2025-03-17T19:45:00Z,147abc6a,8bab4dff,a6177608,0.0
2025-03-17T19:48:00Z,147abc6a,8bab4dff,a6177608,0.0
2025-03-17T19:51:00Z,147abc6a,8bab4dff,a6177608,0.0
2025-03-17T19:54:00Z,147abc6a,8bab4dff,a6177608,0.0
2025-03-17T19:57:00Z,147abc6a,8bab4dff,a6177608,0.0
2025-03-17T20:00:00Z,147abc6a,8bab4dff,a6177608,0.0
2025-03-17T20:03:00Z,147abc6a,8bab4dff,a6177608,0.0
2025-03-17T20:06:00Z,147abc6a,8bab4dff,a6177608,0.0
2025-03-17T20:09:00Z,147abc6a,8bab4dff,a6177608,0.0
2025-03-17T20:12:00Z,147abc6a,8bab4dff,a6177608,0.0
2025-03-17T20:15:00Z,147abc6a,8bab4dff,a6177608,0.0
2025-03-17T20:18:00Z,147abc6a,8bab4dff,a6177608,0.0
2025-03-17T20:21:00Z,147abc6a,8bab4dff,a6177608,0.0
2025-03-17T20:24:00Z,147abc6a,8bab4dff,a6177608,0.0
2025-03-17T20:27:00Z,147abc6a,8bab4dff,a6177608,0.0
2025-03-17T20:30:00Z,147abc6a,8bab4dff,a6177608,0.0
2025-03-17T20:33:00Z,147abc6a,8bab4dff,a6177608,0.0
2025-03-17T20:36:00Z,147abc6a,8bab4dff,a6177608,0.0
2025-03-17T20:39:00Z,147abc6a,8bab4dff,a6177608,0.0
2025-03-17T20:42:00Z,147abc6a,8bab4dff,a6177608,0.0
2025-03-17T20:45:00Z,147abc6a,8bab4dff,a6177608,0.0
2025-03-17T20:48:00Z,147abc6a,8bab4dff,a6177608,0.0
2025-03-17T20:51:00Z,147abc6a,8bab4dff,a6177608,0.0
2025-03-17T20:54:00Z,147abc6a,8bab4dff,a6177608,0.0
2025-03-17T20:57:00Z,147abc6a,8bab4dff,a6177608,0.0
2025-03-17T21:00:00Z,147abc6a,8bab4dff,a6177608,0.0
2025-03-17T21:03:00Z,147abc6a,8bab4dff,a6177608,0.0
2025-03-17T21:06:00Z,147abc6a,8bab4dff,a6177608,0.0
2025-03-17T21:09:00Z,147abc6a,8bab4dff,a6177608,0.0
2025-03-17T21:12:00Z,147abc6a,8bab4dff,a6177608,0.0
2025-03-17T21:15:00Z,147abc6a,8bab4dff,a6177608,0.0
2025-03-17T21:18:00Z,147abc6a,8bab4dff,a6177608,0.0
2025-03-17T21:21:00Z,147abc6a,8bab4dff,a6177608,0.0
2025-03-17T21:24:00Z,147abc6a,8bab4dff,a6177608,0.0
2025-03-17T21:27:00Z,147abc6a,8bab4dff,a6177608,0.0
2025-03-17T21:30:00Z,147abc6a,8bab4dff,a6177608,0.0
2025-03-17T21:33:00Z,147abc6a,8bab4dff,a6177608,0.0
2025-03-17T21:36:00Z,147abc6a,8bab4dff,a6177608,0.0
2025-03-17T21:39:00Z,147abc6a,8bab4dff,a6177608,0.0
2025-03-17T21:42:00Z,147abc6a,8bab4dff,a6177608,0.0
2025-03-17T21:45:00Z,147abc6a,8bab4dff,a6177608,0.0
2025-03-17T21:48:00Z,147abc6a,8bab4dff,a6177608,0.0
2025-03-17T21:51:00Z,147abc6a,8bab4dff,a6177608,0.0
2025-03-17T21:54:00Z,147abc6a,8bab4dff,a6177608,0.0
2025-03-17T21:57:00Z,147abc6a,8bab4dff,a6177608,0.0
2025-03-17T22:00:00Z,147abc6a,8bab4dff,a6177608,0.0
2025-03-17T22:03:00Z,147abc6a,8bab4dff,a6177608,0.0
2025-03-17T22:06:00Z,147abc6a,8bab4dff,a6177608,0.0
2025-03-17T22:09:00Z,147abc6a,8bab4dff,a6177608,0.0
2025-03-17T22:12:00Z,147abc6a,8bab4dff,a6177608,0.0
2025-03-17T22:15:00Z,147abc6a,8bab4dff,a6177608,0.0
2025-03-17T22:18:00Z,147abc6a,8bab4dff,a6177608,0.0
2025-03-17T22:21:00Z,147abc6a,8bab4dff,a6177608,0.0
2025-03-17T22:24:00Z,147abc6a,8bab4dff,a6177608,0.0
2025-03-17T22:27:00Z,147abc6a,8bab4dff,a6177608,0.0
2025-03-17T22:30:00Z,147abc6a,8bab4dff,a6177608,0.0
2025-03-17T22:33:00Z,147abc6a,8bab4dff,a6177608,0.0
2025-03-17T22:36:00Z,147abc6a,8bab4dff,a6177608,0.0
2025-03-17T22:39:00Z,147abc6a,8bab4dff,a6177608,0.0
2025-03-17T22:42:00Z,147abc6a,8bab4dff,a6177608,0.0
2025-03-17T22:45:00Z,147abc6a,8bab4dff,a6177608,0.0
2025-03-17T22:48:00Z,147abc6a,8bab4dff,a6177608,0.0
2025-03-17T22:51:00Z,147abc6a,8bab4dff,a6177608,0.02
2025-03-17T22:54:00Z,147abc6a,8bab4dff,a6177608,0.0
2025-03-17T22:57:00Z,147abc6a,8bab4dff,a6177608,0.0
2025-03-17T23:00:00Z,147abc6a,8bab4dff,a6177608,0.0
2025-03-17T23:03:00Z,147abc6a,8bab4dff,a6177608,0.0
2025-03-17T23:06:00Z,147abc6a,8bab4dff,a6177608,0.0
2025-03-17T23:09:00Z,147abc6a,8bab4dff,a6177608,0.0
2025-03-17T23:12:00Z,147abc6a,8bab4dff,a6177608,0.0
2025-03-17T23:15:00Z,147abc6a,8bab4dff,a6177608,0.0
2025-03-17T23:18:00Z,147abc6a,8bab4dff,a6177608,0.0
2025-03-17T23:21:00Z,147abc6a,8bab4dff,a6177608,0.0
2025-03-17T23:24:00Z,147abc6a,8bab4dff,a6177608,0.0
2025-03-17T23:27:00Z,147abc6a,8bab4dff,a6177608,0.0
2025-03-17T23:30:00Z,147abc6a,8bab4dff,a6177608,0.0
2025-03-17T23:33:00Z,147abc6a,8bab4dff,a6177608,0.0
2025-03-17T23:36:00Z,147abc6a,8bab4dff,a6177608,0.0
2025-03-17T23:39:00Z,147abc6a,8bab4dff,a6177608,0.0
2025-03-17T23:42:00Z,147abc6a,8bab4dff,a6177608,0.0
2025-03-17T23:45:00Z,147abc6a,8bab4dff,a6177608,0.0
2025-03-17T23:48:00Z,147abc6a,8bab4dff,a6177608,0.0
2025-03-17T23:51:00Z,147abc6a,8bab4dff,a6177608,0.0
2025-03-17T23:54:00Z,147abc6a,8bab4dff,a6177608,0.0
2025-03-17T23:57:00Z,147abc6a,8bab4dff,a6177608,0.0
2025-03-18T00:00:00Z,147abc6a,8bab4dff,a6177608,0.0
2025-03-18T00:03:00Z,147abc6a,8bab4dff,a6177608,0.0
2025-03-18T00:06:00Z,147abc6a,8bab4dff,a6177608,0.0
2025-03-18T00:09:00Z,147abc6a,8bab4dff,a6177608,0.0
2025-03-18T00:12:00Z,147abc6a,8bab4dff,a6177608,0.0
2025-03-18T00:15:00Z,147abc6a,8bab4dff,a6177608,0.0
2025-03-18T00:18:00Z,147abc6a,8bab4dff,a6177608,0.0
2025-03-18T00:21:00Z,147abc6a,8bab4dff,a6177608,0.0
2025-03-18T00:24:00Z,147abc6a,8bab4dff,a6177608,0.0
2025-03-18T00:27:00Z,147abc6a,8bab4dff,a6177608,0.0
2025-03-18T00:30:00Z,147abc6a,8bab4dff,a6177608,0.0
2025-03-18T00:33:00Z,147abc6a,8bab4dff,a6177608,0.0
2025-03-18T00:36:00Z,147abc6a,8bab4dff,a6177608,0.0
2025-03-18T00:39:00Z,147abc6a,8bab4dff,a6177608,0.0
2025-03-18T00:42:00Z,147abc6a,8bab4dff,a6177608,0.0
2025-03-18T00:45:00Z,147abc6a,8bab4dff,a6177608,0.0
2025-03-18T00:48:00Z,147abc6a,8bab4dff,a6177608,0.0
2025-03-18T00:51:00Z,147abc6a,8bab4dff,a6177608,0.0
2025-03-18T00:54:00Z,147abc6a,8bab4dff,a6177608,0.0
2025-03-18T00:57:00Z,147abc6a,8bab4dff,a6177608,0.0
2025-03-18T01:00:00Z,147abc6a,8bab4dff,a6177608,0.0
2025-03-18T01:03:00Z,147abc6a,8bab4dff,a6177608,0.0
2025-03-18T01:06:00Z,147abc6a,8bab4dff,a6177608,0.0
2025-03-18T01:09:00Z,147abc6a,8bab4dff,a6177608,0.0
2025-03-18T01:12:00Z,147abc6a,8bab4dff,a6177608,0.0
2025-03-18T01:15:00Z,147abc6a,8bab4dff,a6177608,0.0
2025-03-18T01:18:00Z,147abc6a,8bab4dff,a6177608,0.0
2025-03-18T01:21:00Z,147abc6a,8bab4dff,a6177608,0.0
2025-03-18T01:24:00Z,147abc6a,8bab4dff,a6177608,0.0
2025-03-18T01:27:00Z,147abc6a,8bab4dff,a6177608,0.0
2025-03-18T01:30:00Z,147abc6a,8bab4dff,a6177608,0.0
2025-03-18T01:33:00Z,147abc6a,8bab4dff,a6177608,0.0
2025-03-18T01:36:00Z,147abc6a,8bab4dff,a6177608,0.0
2025-03-18T01:39:00Z,147abc6a,8bab4dff,a6177608,0.0
2025-03-18T01:42:00Z,147abc6a,8bab4dff,a6177608,0.0
2025-03-18T01:45:00Z,147abc6a,8bab4dff,a6177608,0.0
2025-03-18T01:48:00Z,147abc6a,8bab4dff,a6177608,0.0
2025-03-18T01:51:00Z,147abc6a,8bab4dff,a6177608,0.0
2025-03-18T01:54:00Z,147abc6a,8bab4dff,a6177608,0.0
2025-03-18T01:57:00Z,147abc6a,8bab4dff,a6177608,0.0
2025-03-18T02:00:00Z,147abc6a,8bab4dff,a6177608,0.0
2025-03-18T02:03:00Z,147abc6a,8bab4dff,a6177608,0.0
2025-03-18T02:06:00Z,147abc6a,8bab4dff,a6177608,0.0
2025-03-18T02:09:00Z,147abc6a,8bab4dff,a6177608,0.0
2025-03-18T02:12:00Z,147abc6a,8bab4dff,a6177608,0.0
2025-03-18T02:15:00Z,147abc6a,8bab4dff,a6177608,0.0
2025-03-18T02:18:00Z,147abc6a,8bab4dff,a6177608,0.0
2025-03-18T02:21:00Z,147abc6a,8bab4dff,a6177608,0.0
2025-03-18T02:24:00Z,147abc6a,8bab4dff,a6177608,0.0
2025-03-18T02:27:00Z,147abc6a,8bab4dff,a6177608,0.0
2025-03-18T02:30:00Z,147abc6a,8bab4dff,a6177608,0.0
2025-03-18T02:33:00Z,147abc6a,8bab4dff,a6177608,0.0
2025-03-18T02:36:00Z,147abc6a,8bab4dff,a6177608,0.0
2025-03-18T02:39:00Z,147abc6a,8bab4dff,a6177608,0.0
2025-03-18T02:42:00Z,147abc6a,8bab4dff,a6177608,0.0
2025-03-18T02:45:00Z,147abc6a,8bab4dff,a6177608,0.0
2025-03-18T02:48:00Z,147abc6a,8bab4dff,a6177608,0.0
2025-03-18T02:51:00Z,147abc6a,8bab4dff,a6177608,0.0
2025-03-18T02:54:00Z,147abc6a,8bab4dff,a6177608,0.0
2025-03-18T02:57:00Z,147abc6a,8bab4dff,a6177608,0.0
2025-03-18T03:00:00Z,147abc6a,8bab4dff,a6177608,0.0
2025-03-18T03:03:00Z,147abc6a,8bab4dff,a6177608,0.0
2025-03-18T03:06:00Z,147abc6a,8bab4dff,a6177608,0.0
2025-03-18T03:09:00Z,147abc6a,8bab4dff,a6177608,0.0
2025-03-18T03:12:00Z,147abc6a,8bab4dff,a6177608,0.0
2025-03-18T03:15:00Z,147abc6a,8bab4dff,a6177608,0.0
2025-03-18T03:18:00Z,147abc6a,8bab4dff,a6177608,0.0
2025-03-18T03:21:00Z,147abc6a,8bab4dff,a6177608,0.0
2025-03-18T03:24:00Z,147abc6a,8bab4dff,a6177608,0.0
2025-03-18T03:27:00Z,147abc6a,8bab4dff,a6177608,0.0
2025-03-18T03:30:00Z,147abc6a,8bab4dff,a6177608,0.0
2025-03-18T03:33:00Z,147abc6a,8bab4dff,a6177608,0.0
2025-03-18T03:36:00Z,147abc6a,8bab4dff,a6177608,0.0
2025-03-18T03:39:00Z,147abc6a,8bab4dff,a6177608,0.0
2025-03-18T03:42:00Z,147abc6a,8bab4dff,a6177608,0.0
2025-03-18T03:45:00Z,147abc6a,8bab4dff,a6177608,0.0
2025-03-18T03:48:00Z,147abc6a,8bab4dff,a6177608,0.0
2025-03-18T03:51:00Z,147abc6a,8bab4dff,a6177608,0.0
2025-03-18T03:54:00Z,147abc6a,8bab4dff,a6177608,0.0
2025-03-18T03:57:00Z,147abc6a,8bab4dff,a6177608,0.0
2025-03-18T04:00:00Z,147abc6a,8bab4dff,a6177608,0.0
2025-03-18T04:03:00Z,147abc6a,8bab4dff,a6177608,0.0
2025-03-18T04:06:00Z,147abc6a,8bab4dff,a6177608,0.0
2025-03-18T04:09:00Z,147abc6a,8bab4dff,a6177608,0.0
2025-03-18T04:12:00Z,147abc6a,8bab4dff,a6177608,0.0
2025-03-18T04:15:00Z,147abc6a,8bab4dff,a6177608,0.0
2025-03-18T04:18:00Z,147abc6a,8bab4dff,a6177608,0.0
2025-03-18T04:21:00Z,147abc6a,8bab4dff,a6177608,0.0
2025-03-18T04:24:00Z,147abc6a,8bab4dff,a6177608,0.0
2025-03-18T04:27:00Z,147abc6a,8bab4dff,a6177608,0.0
2025-03-18T04:30:00Z,147abc6a,8bab4dff,a6177608,0.0
2025-03-18T04:33:00Z,147abc6a,8bab4dff,a6177608,0.0
2025-03-18T04:36:00Z,147abc6a,8bab4dff,a6177608,0.0
2025-03-18T04:39:00Z,147abc6a,8bab4dff,a6177608,0.0
2025-03-18T04:42:00Z,147abc6a,8bab4dff,a6177608,0.0
2025-03-18T04:45:00Z,147abc6a,8bab4dff,a6177608,0.0
2025-03-18T04:48:00Z,147abc6a,8bab4dff,a6177608,0.0
2025-03-18T04:51:00Z,147abc6a,8bab4dff,a6177608,0.0
2025-03-18T04:54:00Z,147abc6a,8bab4dff,a6177608,0.0
2025-03-18T04:57:00Z,147abc6a,8bab4dff,a6177608,0.0
2025-03-18T05:00:00Z,147abc6a,8bab4dff,a6177608,0.0
2025-03-18T05:03:00Z,147abc6a,8bab4dff,a6177608,0.0
2025-03-18T05:06:00Z,147abc6a,8bab4dff,a6177608,0.0
2025-03-18T05:09:00Z,147abc6a,8bab4dff,a6177608,0.0
2025-03-18T05:12:00Z,147abc6a,8bab4dff,a6177608,0.0
2025-03-18T05:15:00Z,147abc6a,8bab4dff,a6177608,0.0
2025-03-18T05:18:00Z,147abc6a,8bab4dff,a6177608,0.0
2025-03-18T05:21:00Z,147abc6a,8bab4dff,a6177608,0.0
2025-03-18T05:24:00Z,147abc6a,8bab4dff,a6177608,0.0
2025-03-18T05:27:00Z,147abc6a,8bab4dff,a6177608,0.0
2025-03-18T05:30:00Z,147abc6a,8bab4dff,a6177608,0.0
2025-03-18T05:33:00Z,147abc6a,8bab4dff,a6177608,0.0
2025-03-18T05:36:00Z,147abc6a,8bab4dff,a6177608,0.0
2025-03-18T05:39:00Z,147abc6a,8bab4dff,a6177608,0.0
2025-03-18T05:42:00Z,147abc6a,8bab4dff,a6177608,0.0
2025-03-18T05:45:00Z,147abc6a,8bab4dff,a6177608,0.0
2025-03-18T05:48:00Z,147abc6a,8bab4dff,a6177608,0.0
2025-03-18T05:51:00Z,147abc6a,8bab4dff,a6177608,0.0
2025-03-18T05:54:00Z,147abc6a,8bab4dff,a6177608,0.0
2025-03-18T05:57:00Z,147abc6a,8bab4dff,a6177608,0.0
2025-03-18T06:00:00Z,147abc6a,8bab4dff,a6177608,0.0
2025-03-18T06:03:00Z,147abc6a,8bab4dff,a6177608,0.0
2025-03-18T06:06:00Z,147abc6a,8bab4dff,a6177608,0.0
2025-03-18T06:09:00Z,147abc6a,8bab4dff,a6177608,0.0
2025-03-18T06:12:00Z,147abc6a,8bab4dff,a6177608,0.0
2025-03-18T06:15:00Z,147abc6a,8bab4dff,a6177608,0.0
2025-03-18T06:18:00Z,147abc6a,8bab4dff,a6177608,0.02
2025-03-18T06:21:00Z,147abc6a,8bab4dff,a6177608,0.0
2025-03-18T06:24:00Z,147abc6a,8bab4dff,a6177608,0.0
2025-03-18T06:27:00Z,147abc6a,8bab4dff,a6177608,0.0
2025-03-18T06:30:00Z,147abc6a,8bab4dff,a6177608,0.0
2025-03-18T06:33:00Z,147abc6a,8bab4dff,a6177608,0.0
2025-03-18T06:36:00Z,147abc6a,8bab4dff,a6177608,0.0
2025-03-18T06:39:00Z,147abc6a,8bab4dff,a6177608,0.0
2025-03-18T06:42:00Z,147abc6a,8bab4dff,a6177608,0.0
2025-03-18T06:45:00Z,147abc6a,8bab4dff,a6177608,0.0
2025-03-18T06:48:00Z,147abc6a,8bab4dff,a6177608,0.0
2025-03-18T06:51:00Z,147abc6a,8bab4dff,a6177608,0.0
2025-03-18T06:54:00Z,147abc6a,8bab4dff,a6177608,0.0
2025-03-18T06:57:00Z,147abc6a,8bab4dff,a6177608,0.0
2025-03-18T07:00:00Z,147abc6a,8bab4dff,a6177608,0.0
2025-03-18T07:03:00Z,147abc6a,8bab4dff,a6177608,0.0
2025-03-18T07:06:00Z,147abc6a,8bab4dff,a6177608,0.0
2025-03-18T07:09:00Z,147abc6a,8bab4dff,a6177608,0.0
2025-03-18T07:12:00Z,147abc6a,8bab4dff,a6177608,0.0
2025-03-18T07:15:00Z,147abc6a,8bab4dff,a6177608,0.0
2025-03-18T07:18:00Z,147abc6a,8bab4dff,a6177608,0.0
2025-03-18T07:21:00Z,147abc6a,8bab4dff,a6177608,0.0
2025-03-18T07:24:00Z,147abc6a,8bab4dff,a6177608,0.0
2025-03-18T07:27:00Z,147abc6a,8bab4dff,a6177608,0.0
2025-03-18T07:30:00Z,147abc6a,8bab4dff,a6177608,0.0
2025-03-18T07:33:00Z,147abc6a,8bab4dff,a6177608,0.0
2025-03-18T07:36:00Z,147abc6a,8bab4dff,a6177608,0.0
2025-03-18T07:39:00Z,147abc6a,8bab4dff,a6177608,0.0
2025-03-18T07:42:00Z,147abc6a,8bab4dff,a6177608,0.0
2025-03-18T07:45:00Z,147abc6a,8bab4dff,a6177608,0.0
2025-03-18T07:48:00Z,147abc6a,8bab4dff,a6177608,0.0
2025-03-18T07:51:00Z,147abc6a,8bab4dff,a6177608,0.0
2025-03-18T07:54:00Z,147abc6a,8bab4dff,a6177608,0.0
2025-03-18T07:57:00Z,147abc6a,8bab4dff,a6177608,0.0
2025-03-18T08:00:00Z,147abc6a,8bab4dff,a6177608,0.0
2025-03-18T08:03:00Z,147abc6a,8bab4dff,a6177608,0.0
2025-03-18T08:06:00Z,147abc6a,8bab4dff,a6177608,0.0
2025-03-18T08:09:00Z,147abc6a,8bab4dff,a6177608,0.0
2025-03-18T08:12:00Z,147abc6a,8bab4dff,a6177608,0.0
2025-03-18T08:15:00Z,147abc6a,8bab4dff,a6177608,0.0
2025-03-18T08:18:00Z,147abc6a,8bab4dff,a6177608,0.0
2025-03-18T08:21:00Z,147abc6a,8bab4dff,a6177608,0.0
2025-03-18T08:24:00Z,147abc6a,8bab4dff,a6177608,0.0
2025-03-18T08:27:00Z,147abc6a,8bab4dff,a6177608,0.0
2025-03-18T08:30:00Z,147abc6a,8bab4dff,a6177608,0.0
2025-03-18T08:33:00Z,147abc6a,8bab4dff,a6177608,0.0
2025-03-18T08:36:00Z,147abc6a,8bab4dff,a6177608,0.0
2025-03-18T08:39:00Z,147abc6a,8bab4dff,a6177608,0.0
2025-03-18T08:42:00Z,147abc6a,8bab4dff,a6177608,0.0
2025-03-18T08:45:00Z,147abc6a,8bab4dff,a6177608,0.0
2025-03-18T08:48:00Z,147abc6a,8bab4dff,a6177608,0.0
2025-03-18T08:51:00Z,147abc6a,8bab4dff,a6177608,0.0
2025-03-18T08:54:00Z,147abc6a,8bab4dff,a6177608,0.0
2025-03-18T08:57:00Z,147abc6a,8bab4dff,a6177608,0.0
2025-03-18T09:00:00Z,147abc6a,8bab4dff,a6177608,0.0
2025-03-18T09:03:00Z,147abc6a,8bab4dff,a6177608,0.0
2025-03-18T09:06:00Z,147abc6a,8bab4dff,a6177608,0.01
2025-03-18T09:09:00Z,147abc6a,8bab4dff,a6177608,0.0
2025-03-18T09:12:00Z,147abc6a,8bab4dff,a6177608,0.0
2025-03-18T09:15:00Z,147abc6a,8bab4dff,a6177608,0.0
2025-03-18T09:18:00Z,147abc6a,8bab4dff,a6177608,0.0
2025-03-18T09:21:00Z,147abc6a,8bab4dff,a6177608,0.0
2025-03-18T09:24:00Z,147abc6a,8bab4dff,a6177608,0.0
2025-03-18T09:27:00Z,147abc6a,8bab4dff,a6177608,0.0
2025-03-18T09:30:00Z,147abc6a,8bab4dff,a6177608,0.0
2025-03-18T09:33:00Z,147abc6a,8bab4dff,a6177608,0.0
2025-03-18T09:36:00Z,147abc6a,8bab4dff,a6177608,0.0
2025-03-18T09:39:00Z,147abc6a,8bab4dff,a6177608,0.0
2025-03-18T09:42:00Z,147abc6a,8bab4dff,a6177608,0.0
2025-03-18T09:45:00Z,147abc6a,8bab4dff,a6177608,0.0
2025-03-18T09:48:00Z,147abc6a,8bab4dff,a6177608,0.0
2025-03-18T09:51:00Z,147abc6a,8bab4dff,a6177608,0.0
2025-03-18T09:54:00Z,147abc6a,8bab4dff,a6177608,0.0
2025-03-18T09:57:00Z,147abc6a,8bab4dff,a6177608,0.0
2025-03-18T10:00:00Z,147abc6a,8bab4dff,a6177608,0.0
2025-03-18T10:03:00Z,147abc6a,8bab4dff,a6177608,0.0
2025-03-18T10:06:00Z,147abc6a,8bab4dff,a6177608,0.0
2025-03-18T10:09:00Z,147abc6a,8bab4dff,a6177608,0.0
2025-03-18T10:12:00Z,147abc6a,8bab4dff,a6177608,0.0
2025-03-18T10:15:00Z,147abc6a,8bab4dff,a6177608,0.0
2025-03-18T10:18:00Z,147abc6a,8bab4dff,a6177608,0.0
2025-03-18T10:21:00Z,147abc6a,8bab4dff,a6177608,0.0
2025-03-18T10:24:00Z,147abc6a,8bab4dff,a6177608,0.0
2025-03-18T10:27:00Z,147abc6a,8bab4dff,a6177608,0.0
2025-03-18T10:30:00Z,147abc6a,8bab4dff,a6177608,0.0
2025-03-18T10:33:00Z,147abc6a,8bab4dff,a6177608,0.0
2025-03-18T10:36:00Z,147abc6a,8bab4dff,a6177608,0.0
2025-03-18T10:39:00Z,147abc6a,8bab4dff,a6177608,0.0
2025-03-18T10:42:00Z,147abc6a,8bab4dff,a6177608,0.0
2025-03-18T10:45:00Z,147abc6a,8bab4dff,a6177608,0.0
2025-03-18T10:48:00Z,147abc6a,8bab4dff,a6177608,0.0
2025-03-18T10:51:00Z,147abc6a,8bab4dff,a6177608,0.0
2025-03-18T10:54:00Z,147abc6a,8bab4dff,a6177608,0.0
2025-03-18T10:57:00Z,147abc6a,8bab4dff,a6177608,0.0
2025-03-18T11:00:00Z,147abc6a,8bab4dff,a6177608,0.0
2025-03-18T11:03:00Z,147abc6a,8bab4dff,a6177608,0.0
2025-03-18T11:06:00Z,147abc6a,8bab4dff,a6177608,0.0
2025-03-18T11:09:00Z,147abc6a,8bab4dff,a6177608,0.0
2025-03-18T11:12:00Z,147abc6a,8bab4dff,a6177608,0.0
2025-03-18T11:15:00Z,147abc6a,8bab4dff,a6177608,0.0
2025-03-18T11:18:00Z,147abc6a,8bab4dff,a6177608,0.0
2025-03-18T11:21:00Z,147abc6a,8bab4dff,a6177608,0.0
2025-03-18T11:24:00Z,147abc6a,8bab4dff,a6177608,0.0
2025-03-18T11:27:00Z,147abc6a,8bab4dff,a6177608,0.0
2025-03-18T11:30:00Z,147abc6a,8bab4dff,a6177608,0.0
2025-03-18T11:33:00Z,147abc6a,8bab4dff,a6177608,0.0
2025-03-18T11:36:00Z,147abc6a,8bab4dff,a6177608,0.0
2025-03-18T11:39:00Z,147abc6a,8bab4dff,a6177608,0.0
2025-03-18T11:42:00Z,147abc6a,8bab4dff,a6177608,0.0
2025-03-18T11:45:00Z,147abc6a,8bab4dff,a6177608,0.0
2025-03-18T11:48:00Z,147abc6a,8bab4dff,a6177608,0.0
2025-03-18T11:51:00Z,147abc6a,8bab4dff,a6177608,0.0
2025-03-18T11:54:00Z,147abc6a,8bab4dff,a6177608,0.0
2025-03-18T11:57:00Z,147abc6a,8bab4dff,a6177608,0.0
2025-03-18T12:00:00Z,147abc6a,8bab4dff,a6177608,0.0
2025-03-18T12:03:00Z,147abc6a,8bab4dff,a6177608,0.0
2025-03-18T12:06:00Z,147abc6a,8bab4dff,a6177608,0.0
2025-03-18T12:09:00Z,147abc6a,8bab4dff,a6177608,0.0
2025-03-18T12:12:00Z,147abc6a,8bab4dff,a6177608,0.0
2025-03-18T12:15:00Z,147abc6a,8bab4dff,a6177608,0.0
2025-03-18T12:18:00Z,147abc6a,8bab4dff,a6177608,0.0
2025-03-18T12:21:00Z,147abc6a,8bab4dff,a6177608,0.0
2025-03-18T12:24:00Z,147abc6a,8bab4dff,a6177608,0.0
2025-03-18T12:27:00Z,147abc6a,8bab4dff,a6177608,0.0
2025-03-18T12:30:00Z,147abc6a,8bab4dff,a6177608,0.0
2025-03-18T12:33:00Z,147abc6a,8bab4dff,a6177608,0.0
2025-03-18T12:36:00Z,147abc6a,8bab4dff,a6177608,0.0
2025-03-18T12:39:00Z,147abc6a,8bab4dff,a6177608,0.0
2025-03-18T12:42:00Z,147abc6a,8bab4dff,a6177608,0.0
2025-03-18T12:45:00Z,147abc6a,8bab4dff,a6177608,0.0
2025-03-18T12:48:00Z,147abc6a,8bab4dff,a6177608,0.0
2025-03-18T12:51:00Z,147abc6a,8bab4dff,a6177608,0.0
2025-03-18T12:54:00Z,147abc6a,8bab4dff,a6177608,0.0
2025-03-18T12:57:00Z,147abc6a,8bab4dff,a6177608,0.0
2025-03-18T13:00:00Z,147abc6a,8bab4dff,a6177608,0.0
2025-03-18T13:03:00Z,147abc6a,8bab4dff,a6177608,0.01
2025-03-18T13:06:00Z,147abc6a,8bab4dff,a6177608,0.0
2025-03-18T13:09:00Z,147abc6a,8bab4dff,a6177608,0.0
2025-03-18T13:12:00Z,147abc6a,8bab4dff,a6177608,0.0
2025-03-18T13:15:00Z,147abc6a,8bab4dff,a6177608,0.0
2025-03-18T13:18:00Z,147abc6a,8bab4dff,a6177608,0.0
2025-03-18T13:21:00Z,147abc6a,8bab4dff,a6177608,0.0
2025-03-18T13:24:00Z,147abc6a,8bab4dff,a6177608,0.0
2025-03-18T13:27:00Z,147abc6a,8bab4dff,a6177608,0.0
2025-03-18T13:30:00Z,147abc6a,8bab4dff,a6177608,0.0
2025-03-18T13:33:00Z,147abc6a,8bab4dff,a6177608,0.0
2025-03-18T13:36:00Z,147abc6a,8bab4dff,a6177608,0.0
2025-03-18T13:39:00Z,147abc6a,8bab4dff,a6177608,0.0
2025-03-18T13:42:00Z,147abc6a,8bab4dff,a6177608,0.0
2025-03-18T13:45:00Z,147abc6a,8bab4dff,a6177608,0.0
2025-03-18T13:48:00Z,147abc6a,8bab4dff,a6177608,0.0
2025-03-18T13:51:00Z,147abc6a,8bab4dff,a6177608,0.0
2025-03-18T13:54:00Z,147abc6a,8bab4dff,a6177608,0.0
2025-03-18T13:57:00Z,147abc6a,8bab4dff,a6177608,0.0
2025-03-18T14:00:00Z,147abc6a,8bab4dff,a6177608,0.0
2025-03-18T14:03:00Z,147abc6a,8bab4dff,a6177608,0.0
2025-03-18T14:06:00Z,147abc6a,8bab4dff,a6177608,0.0
2025-03-18T14:09:00Z,147abc6a,8bab4dff,a6177608,0.0
2025-03-18T14:12:00Z,147abc6a,8bab4dff,a6177608,0.0
2025-03-18T14:15:00Z,147abc6a,8bab4dff,a6177608,0.0
2025-03-18T14:18:00Z,147abc6a,8bab4dff,a6177608,0.0
2025-03-18T14:21:00Z,147abc6a,8bab4dff,a6177608,0.0
2025-03-18T14:24:00Z,147abc6a,8bab4dff,a6177608,0.0
2025-03-18T14:27:00Z,147abc6a,8bab4dff,a6177608,0.0
2025-03-18T14:30:00Z,147abc6a,8bab4dff,a6177608,0.0
2025-03-18T14:33:00Z,147abc6a,8bab4dff,a6177608,0.0
2025-03-18T14:36:00Z,147abc6a,8bab4dff,a6177608,0.0
2025-03-18T14:39:00Z,147abc6a,8bab4dff,a6177608,0.0
2025-03-18T14:42:00Z,147abc6a,8bab4dff,a6177608,0.0
2025-03-18T14:45:00Z,147abc6a,8bab4dff,a6177608,0.0
2025-03-18T14:48:00Z,147abc6a,8bab4dff,a6177608,0.0
2025-03-18T14:51:00Z,147abc6a,8bab4dff,a6177608,0.0
2025-03-18T14:54:00Z,147abc6a,8bab4dff,a6177608,0.0
2025-03-18T14:57:00Z,147abc6a,8bab4dff,a6177608,0.0
2025-03-18T15:00:00Z,147abc6a,8bab4dff,a6177608,0.0
2025-03-18T15:03:00Z,147abc6a,8bab4dff,a6177608,0.0
2025-03-18T15:06:00Z,147abc6a,8bab4dff,a6177608,0.0
2025-03-18T15:09:00Z,147abc6a,8bab4dff,a6177608,0.0
2025-03-18T15:12:00Z,147abc6a,8bab4dff,a6177608,0.0
2025-03-18T15:15:00Z,147abc6a,8bab4dff,a6177608,0.0
2025-03-18T15:18:00Z,147abc6a,8bab4dff,a6177608,0.0
2025-03-18T15:21:00Z,147abc6a,8bab4dff,a6177608,0.0
2025-03-18T15:24:00Z,147abc6a,8bab4dff,a6177608,0.0
2025-03-18T15:27:00Z,147abc6a,8bab4dff,a6177608,0.0
2025-03-18T15:30:00Z,147abc6a,8bab4dff,a6177608,0.0
2025-03-18T15:33:00Z,147abc6a,8bab4dff,a6177608,0.0
2025-03-18T15:36:00Z,147abc6a,8bab4dff,a6177608,0.01
2025-03-18T15:39:00Z,147abc6a,8bab4dff,a6177608,0.0
2025-03-18T15:42:00Z,147abc6a,8bab4dff,a6177608,0.0
2025-03-18T15:45:00Z,147abc6a,8bab4dff,a6177608,0.0
2025-03-18T15:48:00Z,147abc6a,8bab4dff,a6177608,0.0
2025-03-18T15:51:00Z,147abc6a,8bab4dff,a6177608,0.0
2025-03-18T15:54:00Z,147abc6a,8bab4dff,a6177608,0.0
2025-03-18T15:57:00Z,147abc6a,8bab4dff,a6177608,0.0
2025-03-18T16:00:00Z,147abc6a,8bab4dff,a6177608,0.0
2025-03-18T16:03:00Z,147abc6a,8bab4dff,a6177608,0.0
2025-03-18T16:06:00Z,147abc6a,8bab4dff,a6177608,0.0
2025-03-18T16:09:00Z,147abc6a,8bab4dff,a6177608,0.0
2025-03-18T16:12:00Z,147abc6a,8bab4dff,a6177608,0.0
2025-03-18T16:15:00Z,147abc6a,8bab4dff,a6177608,0.0
2025-03-18T16:18:00Z,147abc6a,8bab4dff,a6177608,0.0
2025-03-18T16:21:00Z,147abc6a,8bab4dff,a6177608,0.0
2025-03-18T16:24:00Z,147abc6a,8bab4dff,a6177608,0.0
2025-03-18T16:27:00Z,147abc6a,8bab4dff,a6177608,0.0
2025-03-18T16:30:00Z,147abc6a,8bab4dff,a6177608,0.0
2025-03-18T16:33:00Z,147abc6a,8bab4dff,a6177608,0.0
2025-03-18T16:36:00Z,147abc6a,8bab4dff,a6177608,0.0
2025-03-18T16:39:00Z,147abc6a,8bab4dff,a6177608,0.0
2025-03-18T16:42:00Z,147abc6a,8bab4dff,a6177608,0.0
2025-03-18T16:45:00Z,147abc6a,8bab4dff,a6177608,0.0
2025-03-18T16:48:00Z,147abc6a,8bab4dff,a6177608,0.0
2025-03-18T16:51:00Z,147abc6a,8bab4dff,a6177608,0.0
2025-03-18T16:54:00Z,147abc6a,8bab4dff,a6177608,0.0
2025-03-18T16:57:00Z,147abc6a,8bab4dff,a6177608,0.0
2025-03-18T17:00:00Z,147abc6a,8bab4dff,a6177608,0.0
2025-03-18T17:03:00Z,147abc6a,8bab4dff,a6177608,0.0
2025-03-18T17:06:00Z,147abc6a,8bab4dff,a6177608,0.0
2025-03-18T17:09:00Z,147abc6a,8bab4dff,a6177608,0.0
2025-03-18T17:12:00Z,147abc6a,8bab4dff,a6177608,0.0
2025-03-18T17:15:00Z,147abc6a,8bab4dff,a6177608,0.0
2025-03-18T17:18:00Z,147abc6a,8bab4dff,a6177608,0.0
2025-03-18T17:21:00Z,147abc6a,8bab4dff,a6177608,0.0
2025-03-18T17:24:00Z,147abc6a,8bab4dff,a6177608,0.0
2025-03-18T17:27:00Z,147abc6a,8bab4dff,a6177608,0.0
2025-03-18T17:30:00Z,147abc6a,8bab4dff,a6177608,0.0
2025-03-18T17:33:00Z,147abc6a,8bab4dff,a6177608,0.0
2025-03-18T17:36:00Z,147abc6a,8bab4dff,a6177608,0.0
2025-03-18T17:39:00Z,147abc6a,8bab4dff,a6177608,0.0
2025-03-18T17:42:00Z,147abc6a,8bab4dff,a6177608,0.0
2025-03-18T17:45:00Z,147abc6a,8bab4dff,a6177608,0.0
2025-03-18T17:48:00Z,147abc6a,8bab4dff,a6177608,0.0
2025-03-18T17:51:00Z,147abc6a,8bab4dff,a6177608,0.0
2025-03-18T17:54:00Z,147abc6a,8bab4dff,a6177608,0.0
2025-03-18T17:57:00Z,147abc6a,8bab4dff,a6177608,0.0
2025-03-18T18:00:00Z,147abc6a,8bab4dff,a6177608,0.0
2025-03-18T18:03:00Z,147abc6a,8bab4dff,a6177608,0.0
2025-03-18T18:06:00Z,147abc6a,8bab4dff,a6177608,0.0
2025-03-18T18:09:00Z,147abc6a,8bab4dff,a6177608,0.0
2025-03-18T18:12:00Z,147abc6a,8bab4dff,a6177608,0.0
2025-03-18T18:15:00Z,147abc6a,8bab4dff,a6177608,0.0
2025-03-18T18:18:00Z,147abc6a,8bab4dff,a6177608,0.0
2025-03-18T18:21:00Z,147abc6a,8bab4dff,a6177608,0.0
2025-03-18T18:24:00Z,147abc6a,8bab4dff,a6177608,0.0
2025-03-18T18:27:00Z,147abc6a,8bab4dff,a6177608,0.0
2025-03-18T18:30:00Z,147abc6a,8bab4dff,a6177608,0.0
2025-03-18T18:33:00Z,147abc6a,8bab4dff,a6177608,0.0
2025-03-18T18:36:00Z,147abc6a,8bab4dff,a6177608,0.0
2025-03-18T18:39:00Z,147abc6a,8bab4dff,a6177608,0.0
2025-03-18T18:42:00Z,147abc6a,8bab4dff,a6177608,0.0
2025-03-18T18:45:00Z,147abc6a,8bab4dff,a6177608,0.0
2025-03-18T18:48:00Z,147abc6a,8bab4dff,a6177608,0.0
2025-03-18T18:51:00Z,147abc6a,8bab4dff,a6177608,0.0
2025-03-18T18:54:00Z,147abc6a,8bab4dff,a6177608,0.0
2025-03-18T18:57:00Z,147abc6a,8bab4dff,a6177608,0.0
2025-03-18T19:00:00Z,147abc6a,8bab4dff,a6177608,0.0
2025-03-18T19:03:00Z,147abc6a,8bab4dff,a6177608,0.0
2025-03-18T19:06:00Z,147abc6a,8bab4dff,a6177608,0.0
2025-03-18T19:09:00Z,147abc6a,8bab4dff,a6177608,0.0
2025-03-18T19:12:00Z,147abc6a,8bab4dff,a6177608,0.0
2025-03-18T19:15:00Z,147abc6a,8bab4dff,a6177608,0.0
2025-03-18T19:18:00Z,147abc6a,8bab4dff,a6177608,0.0
2025-03-18T19:21:00Z,147abc6a,8bab4dff,a6177608,0.0
2025-03-18T19:24:00Z,147abc6a,8bab4dff,a6177608,0.0
2025-03-18T19:27:00Z,147abc6a,8bab4dff,a6177608,0.0
2025-03-18T19:30:00Z,147abc6a,8bab4dff,a6177608,0.0
2025-03-18T19:33:00Z,147abc6a,8bab4dff,a6177608,0.0
2025-03-18T19:36:00Z,147abc6a,8bab4dff,a6177608,0.0
2025-03-18T19:39:00Z,147abc6a,8bab4dff,a6177608,0.0
2025-03-18T19:42:00Z,147abc6a,8bab4dff,a6177608,0.0
2025-03-18T19:45:00Z,147abc6a,8bab4dff,a6177608,0.0
2025-03-18T19:48:00Z,147abc6a,8bab4dff,a6177608,0.0
2025-03-18T19:51:00Z,147abc6a,8bab4dff,a6177608,0.0
2025-03-18T19:54:00Z,147abc6a,8bab4dff,a6177608,0.0
2025-03-18T19:57:00Z,147abc6a,8bab4dff,a6177608,0.0
2025-03-18T20:00:00Z,147abc6a,8bab4dff,a6177608,0.0
2025-03-18T20:03:00Z,147abc6a,8bab4dff,a6177608,0.0
2025-03-18T20:06:00Z,147abc6a,8bab4dff,a6177608,0.0
2025-03-18T20:09:00Z,147abc6a,8bab4dff,a6177608,0.0
2025-03-18T20:12:00Z,147abc6a,8bab4dff,a6177608,0.0
2025-03-18T20:15:00Z,147abc6a,8bab4dff,a6177608,0.0
2025-03-18T20:18:00Z,147abc6a,8bab4dff,a6177608,0.0
2025-03-18T20:21:00Z,147abc6a,8bab4dff,a6177608,0.0
2025-03-18T20:24:00Z,147abc6a,8bab4dff,a6177608,0.0
2025-03-18T20:27:00Z,147abc6a,8bab4dff,a6177608,0.0
2025-03-18T20:30:00Z,147abc6a,8bab4dff,a6177608,0.0
2025-03-18T20:33:00Z,147abc6a,8bab4dff,a6177608,0.0
2025-03-18T20:36:00Z,147abc6a,8bab4dff,a6177608,0.0
2025-03-18T20:39:00Z,147abc6a,8bab4dff,a6177608,0.0
2025-03-18T20:42:00Z,147abc6a,8bab4dff,a6177608,0.0
2025-03-18T20:45:00Z,147abc6a,8bab4dff,a6177608,0.0
2025-03-18T20:48:00Z,147abc6a,8bab4dff,a6177608,0.0
2025-03-18T20:51:00Z,147abc6a,8bab4dff,a6177608,0.0
2025-03-18T20:54:00Z,147abc6a,8bab4dff,a6177608,0.0
2025-03-18T20:57:00Z,147abc6a,8bab4dff,a6177608,0.0
2025-03-18T21:00:00Z,147abc6a,8bab4dff,a6177608,0.0
2025-03-18T21:03:00Z,147abc6a,8bab4dff,a6177608,0.0
2025-03-18T21:06:00Z,147abc6a,8bab4dff,a6177608,0.0
2025-03-18T21:09:00Z,147abc6a,8bab4dff,a6177608,0.0
2025-03-18T21:12:00Z,147abc6a,8bab4dff,a6177608,0.0
2025-03-18T21:15:00Z,147abc6a,8bab4dff,a6177608,0.0
2025-03-18T21:18:00Z,147abc6a,8bab4dff,a6177608,0.0
2025-03-18T21:21:00Z,147abc6a,8bab4dff,a6177608,0.0
2025-03-18T21:24:00Z,147abc6a,8bab4dff,a6177608,0.0
2025-03-18T21:27:00Z,147abc6a,8bab4dff,a6177608,0.0
2025-03-18T21:30:00Z,147abc6a,8bab4dff,a6177608,0.0
2025-03-18T21:33:00Z,147abc6a,8bab4dff,a6177608,0.0
2025-03-18T21:36:00Z,147abc6a,8bab4dff,a6177608,0.0
2025-03-18T21:39:00Z,147abc6a,8bab4dff,a6177608,0.0
2025-03-18T21:42:00Z,147abc6a,8bab4dff,a6177608,0.0
2025-03-18T21:45:00Z,147abc6a,8bab4dff,a6177608,0.0
2025-03-18T21:48:00Z,147abc6a,8bab4dff,a6177608,0.0
2025-03-18T21:51:00Z,147abc6a,8bab4dff,a6177608,0.0
2025-03-18T21:54:00Z,147abc6a,8bab4dff,a6177608,0.0
2025-03-18T21:57:00Z,147abc6a,8bab4dff,a6177608,0.0
2025-03-18T22:00:00Z,147abc6a,8bab4dff,a6177608,0.0
2025-03-18T22:03:00Z,147abc6a,8bab4dff,a6177608,0.0
2025-03-18T22:06:00Z,147abc6a,8bab4dff,a6177608,0.0
2025-03-18T22:09:00Z,147abc6a,8bab4dff,a6177608,0.0
2025-03-18T22:12:00Z,147abc6a,8bab4dff,a6177608,0.0
2025-03-18T22:15:00Z,147abc6a,8bab4dff,a6177608,0.0
2025-03-18T22:18:00Z,147abc6a,8bab4dff,a6177608,0.0
2025-03-18T22:21:00Z,147abc6a,8bab4dff,a6177608,0.0
2025-03-18T22:24:00Z,147abc6a,8bab4dff,a6177608,0.0
2025-03-18T22:27:00Z,147abc6a,8bab4dff,a6177608,0.0
2025-03-18T22:30:00Z,147abc6a,8bab4dff,a6177608,0.0
2025-03-18T22:33:00Z,147abc6a,8bab4dff,a6177608,0.0
2025-03-18T22:36:00Z,147abc6a,8bab4dff,a6177608,0.0
2025-03-18T22:39:00Z,147abc6a,8bab4dff,a6177608,0.0
2025-03-18T22:42:00Z,147abc6a,8bab4dff,a6177608,0.0
2025-03-18T22:45:00Z,147abc6a,8bab4dff,a6177608,0.0
2025-03-18T22:48:00Z,147abc6a,8bab4dff,a6177608,0.0
2025-03-18T22:51:00Z,147abc6a,8bab4dff,a6177608,0.0
2025-03-18T22:54:00Z,147abc6a,8bab4dff,a6177608,0.0
2025-03-18T22:57:00Z,147abc6a,8bab4dff,a6177608,0.0
2025-03-18T23:00:00Z,147abc6a,8bab4dff,a6177608,0.0
2025-03-18T23:03:00Z,147abc6a,8bab4dff,a6177608,0.0
2025-03-18T23:06:00Z,147abc6a,8bab4dff,a6177608,0.0
2025-03-18T23:09:00Z,147abc6a,8bab4dff,a6177608,0.0
2025-03-18T23:12:00Z,147abc6a,8bab4dff,a6177608,0.0
2025-03-18T23:15:00Z,147abc6a,8bab4dff,a6177608,0.0
2025-03-18T23:18:00Z,147abc6a,8bab4dff,a6177608,0.0
2025-03-18T23:21:00Z,147abc6a,8bab4dff,a6177608,0.0
2025-03-18T23:24:00Z,147abc6a,8bab4dff,a6177608,0.0
2025-03-18T23:27:00Z,147abc6a,8bab4dff,a6177608,0.0
2025-03-18T23:30:00Z,147abc6a,8bab4dff,a6177608,0.0
2025-03-18T23:33:00Z,147abc6a,8bab4dff,a6177608,0.0
2025-03-18T23:36:00Z,147abc6a,8bab4dff,a6177608,0.0
2025-03-18T23:39:00Z,147abc6a,8bab4dff,a6177608,0.0
2025-03-18T23:42:00Z,147abc6a,8bab4dff,a6177608,0.0
2025-03-18T23:45:00Z,147abc6a,8bab4dff,a6177608,0.0
2025-03-18T23:48:00Z,147abc6a,8bab4dff,a6177608,0.0
2025-03-18T23:51:00Z,147abc6a,8bab4dff,a6177608,0.0
2025-03-18T23:54:00Z,147abc6a,8bab4dff,a6177608,0.0
2025-03-18T23:57:00Z,147abc6a,8bab4dff,a6177608,0.0
2025-03-19T00:00:00Z,147abc6a,8bab4dff,a6177608,0.0
2025-03-19T00:03:00Z,147abc6a,8bab4dff,a6177608,0.0
2025-03-19T00:06:00Z,147abc6a,8bab4dff,a6177608,0.0
2025-03-19T00:09:00Z,147abc6a,8bab4dff,a6177608,0.0
2025-03-19T00:12:00Z,147abc6a,8bab4dff,a6177608,0.0
2025-03-19T00:15:00Z,147abc6a,8bab4dff,a6177608,0.0
2025-03-19T00:18:00Z,147abc6a,8bab4dff,a6177608,0.0
2025-03-19T00:21:00Z,147abc6a,8bab4dff,a6177608,0.0
2025-03-19T00:24:00Z,147abc6a,8bab4dff,a6177608,0.0
2025-03-19T00:27:00Z,147abc6a,8bab4dff,a6177608,0.0
2025-03-19T00:30:00Z,147abc6a,8bab4dff,a6177608,0.0
2025-03-19T00:33:00Z,147abc6a,8bab4dff,a6177608,0.0
2025-03-19T00:36:00Z,147abc6a,8bab4dff,a6177608,0.0
2025-03-19T00:39:00Z,147abc6a,8bab4dff,a6177608,0.0
2025-03-19T00:42:00Z,147abc6a,8bab4dff,a6177608,0.0
2025-03-19T00:45:00Z,147abc6a,8bab4dff,a6177608,0.0
2025-03-19T00:48:00Z,147abc6a,8bab4dff,a6177608,0.01
2025-03-19T00:51:00Z,147abc6a,8bab4dff,a6177608,0.0
2025-03-19T00:54:00Z,147abc6a,8bab4dff,a6177608,0.0
2025-03-19T00:57:00Z,147abc6a,8bab4dff,a6177608,0.0
2025-03-19T01:00:00Z,147abc6a,8bab4dff,a6177608,0.0
2025-03-19T01:03:00Z,147abc6a,8bab4dff,a6177608,0.0
2025-03-19T01:06:00Z,147abc6a,8bab4dff,a6177608,0.0
2025-03-19T01:09:00Z,147abc6a,8bab4dff,a6177608,0.0
2025-03-19T01:12:00Z,147abc6a,8bab4dff,a6177608,0.0
2025-03-19T01:15:00Z,147abc6a,8bab4dff,a6177608,0.0
2025-03-19T01:18:00Z,147abc6a,8bab4dff,a6177608,0.0
2025-03-19T01:21:00Z,147abc6a,8bab4dff,a6177608,0.0
2025-03-19T01:24:00Z,147abc6a,8bab4dff,a6177608,0.0
2025-03-19T01:27:00Z,147abc6a,8bab4dff,a6177608,0.0
2025-03-19T01:30:00Z,147abc6a,8bab4dff,a6177608,0.0
2025-03-19T01:33:00Z,147abc6a,8bab4dff,a6177608,0.0
2025-03-19T01:36:00Z,147abc6a,8bab4dff,a6177608,0.0
2025-03-19T01:39:00Z,147abc6a,8bab4dff,a6177608,0.0
2025-03-19T01:42:00Z,147abc6a,8bab4dff,a6177608,0.0
2025-03-19T01:45:00Z,147abc6a,8bab4dff,a6177608,0.0
2025-03-19T01:48:00Z,147abc6a,8bab4dff,a6177608,0.0
2025-03-19T01:51:00Z,147abc6a,8bab4dff,a6177608,0.0
2025-03-19T01:54:00Z,147abc6a,8bab4dff,a6177608,0.0
2025-03-19T01:57:00Z,147abc6a,8bab4dff,a6177608,0.0
2025-03-19T02:00:00Z,147abc6a,8bab4dff,a6177608,0.0
2025-03-19T02:03:00Z,147abc6a,8bab4dff,a6177608,0.0
2025-03-19T02:06:00Z,147abc6a,8bab4dff,a6177608,0.0
2025-03-19T02:09:00Z,147abc6a,8bab4dff,a6177608,0.0
2025-03-19T02:12:00Z,147abc6a,8bab4dff,a6177608,0.0
2025-03-19T02:15:00Z,147abc6a,8bab4dff,a6177608,0.0
2025-03-19T02:18:00Z,147abc6a,8bab4dff,a6177608,0.0
2025-03-19T02:21:00Z,147abc6a,8bab4dff,a6177608,0.0
2025-03-19T02:24:00Z,147abc6a,8bab4dff,a6177608,0.0
2025-03-19T02:27:00Z,147abc6a,8bab4dff,a6177608,0.0
2025-03-19T02:30:00Z,147abc6a,8bab4dff,a6177608,0.0
2025-03-19T02:33:00Z,147abc6a,8bab4dff,a6177608,0.0
2025-03-19T02:36:00Z,147abc6a,8bab4dff,a6177608,0.0
2025-03-19T02:39:00Z,147abc6a,8bab4dff,a6177608,0.0
2025-03-19T02:42:00Z,147abc6a,8bab4dff,a6177608,0.0
2025-03-19T02:45:00Z,147abc6a,8bab4dff,a6177608,0.0
2025-03-19T02:48:00Z,147abc6a,8bab4dff,a6177608,0.0
2025-03-19T02:51:00Z,147abc6a,8bab4dff,a6177608,0.0
2025-03-19T02:54:00Z,147abc6a,8bab4dff,a6177608,0.0
2025-03-19T02:57:00Z,147abc6a,8bab4dff,a6177608,0.0
2025-03-19T03:00:00Z,147abc6a,8bab4dff,a6177608,0.0
2025-03-19T03:03:00Z,147abc6a,8bab4dff,a6177608,0.0
2025-03-19T03:06:00Z,147abc6a,8bab4dff,a6177608,0.0
2025-03-19T03:09:00Z,147abc6a,8bab4dff,a6177608,0.0
2025-03-19T03:12:00Z,147abc6a,8bab4dff,a6177608,0.0
2025-03-19T03:15:00Z,147abc6a,8bab4dff,a6177608,0.0
2025-03-19T03:18:00Z,147abc6a,8bab4dff,a6177608,0.0
2025-03-19T03:21:00Z,147abc6a,8bab4dff,a6177608,0.0
2025-03-19T03:24:00Z,147abc6a,8bab4dff,a6177608,0.0
2025-03-19T03:27:00Z,147abc6a,8bab4dff,a6177608,0.0
2025-03-19T03:30:00Z,147abc6a,8bab4dff,a6177608,0.0
2025-03-19T03:33:00Z,147abc6a,8bab4dff,a6177608,0.0
2025-03-19T03:36:00Z,147abc6a,8bab4dff,a6177608,0.0
2025-03-19T03:39:00Z,147abc6a,8bab4dff,a6177608,0.0
2025-03-19T03:42:00Z,147abc6a,8bab4dff,a6177608,0.0
2025-03-19T03:45:00Z,147abc6a,8bab4dff,a6177608,0.0
2025-03-19T03:48:00Z,147abc6a,8bab4dff,a6177608,0.0
2025-03-19T03:51:00Z,147abc6a,8bab4dff,a6177608,0.0
2025-03-19T03:54:00Z,147abc6a,8bab4dff,a6177608,0.0
2025-03-19T03:57:00Z,147abc6a,8bab4dff,a6177608,0.0
2025-03-19T04:00:00Z,147abc6a,8bab4dff,a6177608,0.0
2025-03-19T04:03:00Z,147abc6a,8bab4dff,a6177608,0.0
2025-03-19T04:06:00Z,147abc6a,8bab4dff,a6177608,0.0
2025-03-19T04:09:00Z,147abc6a,8bab4dff,a6177608,0.0
2025-03-19T04:12:00Z,147abc6a,8bab4dff,a6177608,0.0
2025-03-19T04:15:00Z,147abc6a,8bab4dff,a6177608,0.0
2025-03-19T04:18:00Z,147abc6a,8bab4dff,a6177608,0.0
2025-03-19T04:21:00Z,147abc6a,8bab4dff,a6177608,0.0
2025-03-19T04:24:00Z,147abc6a,8bab4dff,a6177608,0.0
2025-03-19T04:27:00Z,147abc6a,8bab4dff,a6177608,0.0
2025-03-19T04:30:00Z,147abc6a,8bab4dff,a6177608,0.0
2025-03-19T04:33:00Z,147abc6a,8bab4dff,a6177608,0.0
2025-03-19T04:36:00Z,147abc6a,8bab4dff,a6177608,0.0
2025-03-19T04:39:00Z,147abc6a,8bab4dff,a6177608,0.0
2025-03-19T04:42:00Z,147abc6a,8bab4dff,a6177608,0.0
2025-03-19T04:45:00Z,147abc6a,8bab4dff,a6177608,0.0
2025-03-19T04:48:00Z,147abc6a,8bab4dff,a6177608,0.0
2025-03-19T04:51:00Z,147abc6a,8bab4dff,a6177608,0.0
2025-03-19T04:54:00Z,147abc6a,8bab4dff,a6177608,0.0
2025-03-19T04:57:00Z,147abc6a,8bab4dff,a6177608,0.0
2025-03-19T05:00:00Z,147abc6a,8bab4dff,a6177608,0.0
2025-03-19T05:03:00Z,147abc6a,8bab4dff,a6177608,0.0
2025-03-19T05:06:00Z,147abc6a,8bab4dff,a6177608,0.0
2025-03-19T05:09:00Z,147abc6a,8bab4dff,a6177608,0.0
2025-03-19T05:12:00Z,147abc6a,8bab4dff,a6177608,0.0
2025-03-19T05:15:00Z,147abc6a,8bab4dff,a6177608,0.0
2025-03-19T05:18:00Z,147abc6a,8bab4dff,a6177608,0.0
2025-03-19T05:21:00Z,147abc6a,8bab4dff,a6177608,0.0
2025-03-19T05:24:00Z,147abc6a,8bab4dff,a6177608,0.0
2025-03-19T05:27:00Z,147abc6a,8bab4dff,a6177608,0.07
2025-03-19T05:30:00Z,147abc6a,8bab4dff,a6177608,0.0
2025-03-19T05:33:00Z,147abc6a,8bab4dff,a6177608,0.0
2025-03-19T05:36:00Z,147abc6a,8bab4dff,a6177608,0.0
2025-03-19T05:39:00Z,147abc6a,8bab4dff,a6177608,0.0
2025-03-19T05:42:00Z,147abc6a,8bab4dff,a6177608,0.0
2025-03-19T05:45:00Z,147abc6a,8bab4dff,a6177608,0.0
2025-03-19T05:48:00Z,147abc6a,8bab4dff,a6177608,0.0
2025-03-19T05:51:00Z,147abc6a,8bab4dff,a6177608,0.0
2025-03-19T05:54:00Z,147abc6a,8bab4dff,a6177608,0.0
2025-03-19T05:57:00Z,147abc6a,8bab4dff,a6177608,0.0
2025-03-19T06:00:00Z,147abc6a,8bab4dff,a6177608,0.0
2025-03-19T06:03:00Z,147abc6a,8bab4dff,a6177608,0.0
2025-03-19T06:06:00Z,147abc6a,8bab4dff,a6177608,0.0
2025-03-19T06:09:00Z,147abc6a,8bab4dff,a6177608,0.0
2025-03-19T06:12:00Z,147abc6a,8bab4dff,a6177608,0.0
2025-03-19T06:15:00Z,147abc6a,8bab4dff,a6177608,0.0
2025-03-19T06:18:00Z,147abc6a,8bab4dff,a6177608,0.0
2025-03-19T06:21:00Z,147abc6a,8bab4dff,a6177608,0.0
2025-03-19T06:24:00Z,147abc6a,8bab4dff,a6177608,0.0
2025-03-19T06:27:00Z,147abc6a,8bab4dff,a6177608,0.0
2025-03-19T06:30:00Z,147abc6a,8bab4dff,a6177608,0.0
2025-03-19T06:33:00Z,147abc6a,8bab4dff,a6177608,0.0
2025-03-19T06:36:00Z,147abc6a,8bab4dff,a6177608,0.0
2025-03-19T06:39:00Z,147abc6a,8bab4dff,a6177608,0.0
2025-03-19T06:42:00Z,147abc6a,8bab4dff,a6177608,0.0
2025-03-19T06:45:00Z,147abc6a,8bab4dff,a6177608,0.0
2025-03-19T06:48:00Z,147abc6a,8bab4dff,a6177608,0.0
2025-03-19T06:51:00Z,147abc6a,8bab4dff,a6177608,0.0
2025-03-19T06:54:00Z,147abc6a,8bab4dff,a6177608,0.0
2025-03-19T06:57:00Z,147abc6a,8bab4dff,a6177608,0.0
2025-03-19T07:00:00Z,147abc6a,8bab4dff,a6177608,0.0
2025-03-19T07:03:00Z,147abc6a,8bab4dff,a6177608,0.0
2025-03-19T07:06:00Z,147abc6a,8bab4dff,a6177608,0.0
2025-03-19T07:09:00Z,147abc6a,8bab4dff,a6177608,0.0
2025-03-19T07:12:00Z,147abc6a,8bab4dff,a6177608,0.0
2025-03-19T07:15:00Z,147abc6a,8bab4dff,a6177608,0.0
2025-03-19T07:18:00Z,147abc6a,8bab4dff,a6177608,0.0
2025-03-19T07:21:00Z,147abc6a,8bab4dff,a6177608,0.0
2025-03-19T07:24:00Z,147abc6a,8bab4dff,a6177608,0.0
2025-03-19T07:27:00Z,147abc6a,8bab4dff,a6177608,0.0
2025-03-19T07:30:00Z,147abc6a,8bab4dff,a6177608,0.0
2025-03-19T07:33:00Z,147abc6a,8bab4dff,a6177608,0.0
2025-03-19T07:36:00Z,147abc6a,8bab4dff,a6177608,0.0
2025-03-19T07:39:00Z,147abc6a,8bab4dff,a6177608,0.0
2025-03-19T07:42:00Z,147abc6a,8bab4dff,a6177608,0.0
2025-03-19T07:45:00Z,147abc6a,8bab4dff,a6177608,0.0
2025-03-19T07:48:00Z,147abc6a,8bab4dff,a6177608,0.0
2025-03-19T07:51:00Z,147abc6a,8bab4dff,a6177608,0.0
2025-03-19T07:54:00Z,147abc6a,8bab4dff,a6177608,0.0
2025-03-19T07:57:00Z,147abc6a,8bab4dff,a6177608,0.0
2025-03-19T08:00:00Z,147abc6a,8bab4dff,a6177608,0.0
2025-03-19T08:03:00Z,147abc6a,8bab4dff,a6177608,0.0
2025-03-19T08:06:00Z,147abc6a,8bab4dff,a6177608,0.0
2025-03-19T08:09:00Z,147abc6a,8bab4dff,a6177608,0.0
2025-03-19T08:12:00Z,147abc6a,8bab4dff,a6177608,0.0
2025-03-19T08:15:00Z,147abc6a,8bab4dff,a6177608,0.0
2025-03-19T08:18:00Z,147abc6a,8bab4dff,a6177608,0.0
2025-03-19T08:21:00Z,147abc6a,8bab4dff,a6177608,0.0
2025-03-19T08:24:00Z,147abc6a,8bab4dff,a6177608,0.0
2025-03-19T08:27:00Z,147abc6a,8bab4dff,a6177608,0.0
2025-03-19T08:30:00Z,147abc6a,8bab4dff,a6177608,0.0
2025-03-19T08:33:00Z,147abc6a,8bab4dff,a6177608,0.0
2025-03-19T08:36:00Z,147abc6a,8bab4dff,a6177608,0.0
2025-03-19T08:39:00Z,147abc6a,8bab4dff,a6177608,0.0
2025-03-19T08:42:00Z,147abc6a,8bab4dff,a6177608,0.0
2025-03-19T08:45:00Z,147abc6a,8bab4dff,a6177608,0.0
2025-03-19T08:48:00Z,147abc6a,8bab4dff,a6177608,0.0
2025-03-19T08:51:00Z,147abc6a,8bab4dff,a6177608,0.0
2025-03-19T08:54:00Z,147abc6a,8bab4dff,a6177608,0.0
2025-03-19T08:57:00Z,147abc6a,8bab4dff,a6177608,0.0
2025-03-19T09:00:00Z,147abc6a,8bab4dff,a6177608,0.0
2025-03-19T09:03:00Z,147abc6a,8bab4dff,a6177608,0.0
2025-03-19T09:06:00Z,147abc6a,8bab4dff,a6177608,0.0
2025-03-19T09:09:00Z,147abc6a,8bab4dff,a6177608,0.0
2025-03-19T09:12:00Z,147abc6a,8bab4dff,a6177608,0.0
2025-03-19T09:15:00Z,147abc6a,8bab4dff,a6177608,0.0
2025-03-19T09:18:00Z,147abc6a,8bab4dff,a6177608,0.0
2025-03-19T09:21:00Z,147abc6a,8bab4dff,a6177608,0.0
2025-03-19T09:24:00Z,147abc6a,8bab4dff,a6177608,0.0
2025-03-19T09:27:00Z,147abc6a,8bab4dff,a6177608,0.0
2025-03-19T09:30:00Z,147abc6a,8bab4dff,a6177608,0.0
2025-03-19T09:33:00Z,147abc6a,8bab4dff,a6177608,0.0
2025-03-19T09:36:00Z,147abc6a,8bab4dff,a6177608,0.0
2025-03-19T09:39:00Z,147abc6a,8bab4dff,a6177608,0.0
2025-03-19T09:42:00Z,147abc6a,8bab4dff,a6177608,0.0
2025-03-19T09:45:00Z,147abc6a,8bab4dff,a6177608,0.0
2025-03-19T09:48:00Z,147abc6a,8bab4dff,a6177608,0.0
2025-03-19T09:51:00Z,147abc6a,8bab4dff,a6177608,0.0
2025-03-19T09:54:00Z,147abc6a,8bab4dff,a6177608,0.0
2025-03-19T09:57:00Z,147abc6a,8bab4dff,a6177608,0.0
2025-03-19T10:00:00Z,147abc6a,8bab4dff,a6177608,0.0
2025-03-19T10:03:00Z,147abc6a,8bab4dff,a6177608,0.0
2025-03-19T10:06:00Z,147abc6a,8bab4dff,a6177608,0.0
2025-03-19T10:09:00Z,147abc6a,8bab4dff,a6177608,0.0
2025-03-19T10:12:00Z,147abc6a,8bab4dff,a6177608,0.0
2025-03-19T10:15:00Z,147abc6a,8bab4dff,a6177608,0.0
2025-03-19T10:18:00Z,147abc6a,8bab4dff,a6177608,0.0
2025-03-19T10:21:00Z,147abc6a,8bab4dff,a6177608,0.0
2025-03-19T10:24:00Z,147abc6a,8bab4dff,a6177608,0.0
2025-03-19T10:27:00Z,147abc6a,8bab4dff,a6177608,0.0
2025-03-19T10:30:00Z,147abc6a,8bab4dff,a6177608,0.0
2025-03-19T10:33:00Z,147abc6a,8bab4dff,a6177608,0.0
2025-03-19T10:36:00Z,147abc6a,8bab4dff,a6177608,0.0
2025-03-19T10:39:00Z,147abc6a,8bab4dff,a6177608,0.0
2025-03-19T10:42:00Z,147abc6a,8bab4dff,a6177608,0.0
2025-03-19T10:45:00Z,147abc6a,8bab4dff,a6177608,0.0
2025-03-19T10:48:00Z,147abc6a,8bab4dff,a6177608,0.0
2025-03-19T10:51:00Z,147abc6a,8bab4dff,a6177608,0.0
2025-03-19T10:54:00Z,147abc6a,8bab4dff,a6177608,0.0
2025-03-19T10:57:00Z,147abc6a,8bab4dff,a6177608,0.0
2025-03-19T11:00:00Z,147abc6a,8bab4dff,a6177608,0.0
2025-03-19T11:03:00Z,147abc6a,8bab4dff,a6177608,0.0
2025-03-19T11:06:00Z,147abc6a,8bab4dff,a6177608,0.0
2025-03-19T11:09:00Z,147abc6a,8bab4dff,a6177608,0.0
2025-03-19T11:12:00Z,147abc6a,8bab4dff,a6177608,0.0
2025-03-19T11:15:00Z,147abc6a,8bab4dff,a6177608,0.0
2025-03-19T11:18:00Z,147abc6a,8bab4dff,a6177608,0.0
2025-03-19T11:21:00Z,147abc6a,8bab4dff,a6177608,0.0
2025-03-19T11:24:00Z,147abc6a,8bab4dff,a6177608,0.0
2025-03-19T11:27:00Z,147abc6a,8bab4dff,a6177608,0.0
2025-03-19T11:30:00Z,147abc6a,8bab4dff,a6177608,0.0
2025-03-19T11:33:00Z,147abc6a,8bab4dff,a6177608,0.0
2025-03-19T11:36:00Z,147abc6a,8bab4dff,a6177608,0.0
2025-03-19T11:39:00Z,147abc6a,8bab4dff,a6177608,0.0
2025-03-19T11:42:00Z,147abc6a,8bab4dff,a6177608,0.0
2025-03-19T11:45:00Z,147abc6a,8bab4dff,a6177608,0.0
2025-03-19T11:48:00Z,147abc6a,8bab4dff,a6177608,0.0
2025-03-19T11:51:00Z,147abc6a,8bab4dff,a6177608,0.0
2025-03-19T11:54:00Z,147abc6a,8bab4dff,a6177608,0.0
2025-03-19T11:57:00Z,147abc6a,8bab4dff,a6177608,0.0
2025-03-19T12:00:00Z,147abc6a,8bab4dff,a6177608,0.0
2025-03-19T12:03:00Z,147abc6a,8bab4dff,a6177608,0.0
2025-03-19T12:06:00Z,147abc6a,8bab4dff,a6177608,0.0
2025-03-19T12:09:00Z,147abc6a,8bab4dff,a6177608,0.0
2025-03-19T12:12:00Z,147abc6a,8bab4dff,a6177608,0.0
2025-03-19T12:15:00Z,147abc6a,8bab4dff,a6177608,0.0
2025-03-19T12:18:00Z,147abc6a,8bab4dff,a6177608,0.0
2025-03-19T12:21:00Z,147abc6a,8bab4dff,a6177608,0.0
2025-03-19T12:24:00Z,147abc6a,8bab4dff,a6177608,0.0
2025-03-19T12:27:00Z,147abc6a,8bab4dff,a6177608,0.0
2025-03-19T12:30:00Z,147abc6a,8bab4dff,a6177608,0.0
2025-03-19T12:33:00Z,147abc6a,8bab4dff,a6177608,0.0
2025-03-19T12:36:00Z,147abc6a,8bab4dff,a6177608,0.0
2025-03-19T12:39:00Z,147abc6a,8bab4dff,a6177608,0.0
2025-03-19T12:42:00Z,147abc6a,8bab4dff,a6177608,0.0
2025-03-19T12:45:00Z,147abc6a,8bab4dff,a6177608,0.0
2025-03-19T12:48:00Z,147abc6a,8bab4dff,a6177608,0.0
2025-03-19T12:51:00Z,147abc6a,8bab4dff,a6177608,0.0
2025-03-19T12:54:00Z,147abc6a,8bab4dff,a6177608,0.0
2025-03-19T12:57:00Z,147abc6a,8bab4dff,a6177608,0.0
2025-03-19T13:00:00Z,147abc6a,8bab4dff,a6177608,0.0
2025-03-19T13:03:00Z,147abc6a,8bab4dff,a6177608,0.0
2025-03-19T13:06:00Z,147abc6a,8bab4dff,a6177608,0.0
2025-03-19T13:09:00Z,147abc6a,8bab4dff,a6177608,0.0
2025-03-19T13:12:00Z,147abc6a,8bab4dff,a6177608,0.0
2025-03-19T13:15:00Z,147abc6a,8bab4dff,a6177608,0.0
2025-03-19T13:18:00Z,147abc6a,8bab4dff,a6177608,0.0
2025-03-19T13:21:00Z,147abc6a,8bab4dff,a6177608,0.0
2025-03-19T13:24:00Z,147abc6a,8bab4dff,a6177608,0.0
2025-03-19T13:27:00Z,147abc6a,8bab4dff,a6177608,0.0
2025-03-19T13:30:00Z,147abc6a,8bab4dff,a6177608,0.0
2025-03-19T13:33:00Z,147abc6a,8bab4dff,a6177608,0.0
2025-03-19T13:36:00Z,147abc6a,8bab4dff,a6177608,0.0
2025-03-19T13:39:00Z,147abc6a,8bab4dff,a6177608,0.0
2025-03-19T13:42:00Z,147abc6a,8bab4dff,a6177608,0.0
2025-03-19T13:45:00Z,147abc6a,8bab4dff,a6177608,0.0
2025-03-19T13:48:00Z,147abc6a,8bab4dff,a6177608,0.0
2025-03-19T13:51:00Z,147abc6a,8bab4dff,a6177608,0.0
2025-03-19T13:54:00Z,147abc6a,8bab4dff,a6177608,0.01
2025-03-19T13:57:00Z,147abc6a,8bab4dff,a6177608,0.0
2025-03-19T14:00:00Z,147abc6a,8bab4dff,a6177608,0.0
2025-03-19T14:03:00Z,147abc6a,8bab4dff,a6177608,0.0
2025-03-19T14:06:00Z,147abc6a,8bab4dff,a6177608,0.0
2025-03-19T14:09:00Z,147abc6a,8bab4dff,a6177608,0.0
2025-03-19T14:12:00Z,147abc6a,8bab4dff,a6177608,0.0
2025-03-19T14:15:00Z,147abc6a,8bab4dff,a6177608,0.0
2025-03-19T14:18:00Z,147abc6a,8bab4dff,a6177608,0.0
2025-03-19T14:21:00Z,147abc6a,8bab4dff,a6177608,0.0
2025-03-19T14:24:00Z,147abc6a,8bab4dff,a6177608,0.0
2025-03-19T14:27:00Z,147abc6a,8bab4dff,a6177608,0.0
2025-03-19T14:30:00Z,147abc6a,8bab4dff,a6177608,0.0
2025-03-19T14:33:00Z,147abc6a,8bab4dff,a6177608,0.0
2025-03-19T14:36:00Z,147abc6a,8bab4dff,a6177608,0.0
2025-03-19T14:39:00Z,147abc6a,8bab4dff,a6177608,0.0
2025-03-19T14:42:00Z,147abc6a,8bab4dff,a6177608,0.0
2025-03-19T14:45:00Z,147abc6a,8bab4dff,a6177608,0.0
2025-03-19T14:48:00Z,147abc6a,8bab4dff,a6177608,0.0
2025-03-19T14:51:00Z,147abc6a,8bab4dff,a6177608,0.0
2025-03-19T14:54:00Z,147abc6a,8bab4dff,a6177608,0.0
2025-03-19T14:57:00Z,147abc6a,8bab4dff,a6177608,0.0
2025-03-19T15:00:00Z,147abc6a,8bab4dff,a6177608,0.0
2025-03-19T15:03:00Z,147abc6a,8bab4dff,a6177608,0.0
2025-03-19T15:06:00Z,147abc6a,8bab4dff,a6177608,0.0
2025-03-19T15:09:00Z,147abc6a,8bab4dff,a6177608,0.0
2025-03-19T15:12:00Z,147abc6a,8bab4dff,a6177608,0.0
2025-03-19T15:15:00Z,147abc6a,8bab4dff,a6177608,0.0
2025-03-19T15:18:00Z,147abc6a,8bab4dff,a6177608,0.0
2025-03-19T15:21:00Z,147abc6a,8bab4dff,a6177608,0.0
2025-03-19T15:24:00Z,147abc6a,8bab4dff,a6177608,0.0
2025-03-19T15:27:00Z,147abc6a,8bab4dff,a6177608,0.0
2025-03-19T15:30:00Z,147abc6a,8bab4dff,a6177608,0.0
2025-03-19T15:33:00Z,147abc6a,8bab4dff,a6177608,0.0
2025-03-19T15:36:00Z,147abc6a,8bab4dff,a6177608,0.0
2025-03-19T15:39:00Z,147abc6a,8bab4dff,a6177608,0.0
2025-03-19T15:42:00Z,147abc6a,8bab4dff,a6177608,0.0
2025-03-19T15:45:00Z,147abc6a,8bab4dff,a6177608,0.0
2025-03-19T15:48:00Z,147abc6a,8bab4dff,a6177608,0.0
2025-03-19T15:51:00Z,147abc6a,8bab4dff,a6177608,0.0
2025-03-19T15:54:00Z,147abc6a,8bab4dff,a6177608,0.0
2025-03-19T15:57:00Z,147abc6a,8bab4dff,a6177608,0.0
2025-03-19T16:00:00Z,147abc6a,8bab4dff,a6177608,0.0
2025-03-19T16:03:00Z,147abc6a,8bab4dff,a6177608,0.0
2025-03-19T16:06:00Z,147abc6a,8bab4dff,a6177608,0.0
2025-03-19T16:09:00Z,147abc6a,8bab4dff,a6177608,0.0
2025-03-19T16:12:00Z,147abc6a,8bab4dff,a6177608,0.0
2025-03-19T16:15:00Z,147abc6a,8bab4dff,a6177608,0.0
2025-03-19T16:18:00Z,147abc6a,8bab4dff,a6177608,0.0
2025-03-19T16:21:00Z,147abc6a,8bab4dff,a6177608,0.0
2025-03-19T16:24:00Z,147abc6a,8bab4dff,a6177608,0.0
2025-03-19T16:27:00Z,147abc6a,8bab4dff,a6177608,0.0
2025-03-19T16:30:00Z,147abc6a,8bab4dff,a6177608,0.0
2025-03-19T16:33:00Z,147abc6a,8bab4dff,a6177608,0.0
2025-03-19T16:36:00Z,147abc6a,8bab4dff,a6177608,0.0
2025-03-19T16:39:00Z,147abc6a,8bab4dff,a6177608,0.0
2025-03-19T16:42:00Z,147abc6a,8bab4dff,a6177608,0.0
2025-03-19T16:45:00Z,147abc6a,8bab4dff,a6177608,0.0
2025-03-19T16:48:00Z,147abc6a,8bab4dff,a6177608,0.0
2025-03-19T16:51:00Z,147abc6a,8bab4dff,a6177608,0.0
2025-03-19T16:54:00Z,147abc6a,8bab4dff,a6177608,0.0
2025-03-19T16:57:00Z,147abc6a,8bab4dff,a6177608,0.0
2025-03-19T17:00:00Z,147abc6a,8bab4dff,a6177608,0.0
2025-03-19T17:03:00Z,147abc6a,8bab4dff,a6177608,0.0
2025-03-19T17:06:00Z,147abc6a,8bab4dff,a6177608,0.0
2025-03-19T17:09:00Z,147abc6a,8bab4dff,a6177608,0.0
2025-03-19T17:12:00Z,147abc6a,8bab4dff,a6177608,0.0
2025-03-19T17:15:00Z,147abc6a,8bab4dff,a6177608,0.0
2025-03-19T17:18:00Z,147abc6a,8bab4dff,a6177608,0.0
2025-03-19T17:21:00Z,147abc6a,8bab4dff,a6177608,0.0
2025-03-19T17:24:00Z,147abc6a,8bab4dff,a6177608,0.0
2025-03-19T17:27:00Z,147abc6a,8bab4dff,a6177608,0.0
2025-03-19T17:30:00Z,147abc6a,8bab4dff,a6177608,0.0
2025-03-19T17:33:00Z,147abc6a,8bab4dff,a6177608,0.0
2025-03-19T17:36:00Z,147abc6a,8bab4dff,a6177608,0.0
2025-03-19T17:39:00Z,147abc6a,8bab4dff,a6177608,0.0
2025-03-19T17:42:00Z,147abc6a,8bab4dff,a6177608,0.0
2025-03-19T17:45:00Z,147abc6a,8bab4dff,a6177608,0.0
2025-03-19T17:48:00Z,147abc6a,8bab4dff,a6177608,0.0
2025-03-19T17:51:00Z,147abc6a,8bab4dff,a6177608,0.0
2025-03-19T17:54:00Z,147abc6a,8bab4dff,a6177608,0.0
2025-03-19T17:57:00Z,147abc6a,8bab4dff,a6177608,0.0
2025-03-19T18:00:00Z,147abc6a,8bab4dff,a6177608,0.0
2025-03-19T18:03:00Z,147abc6a,8bab4dff,a6177608,0.0
2025-03-19T18:06:00Z,147abc6a,8bab4dff,a6177608,0.0
2025-03-19T18:09:00Z,147abc6a,8bab4dff,a6177608,0.0
2025-03-19T18:12:00Z,147abc6a,8bab4dff,a6177608,0.0
2025-03-19T18:15:00Z,147abc6a,8bab4dff,a6177608,0.0
2025-03-19T18:18:00Z,147abc6a,8bab4dff,a6177608,0.0
2025-03-19T18:21:00Z,147abc6a,8bab4dff,a6177608,0.0
2025-03-19T18:24:00Z,147abc6a,8bab4dff,a6177608,0.0
2025-03-19T18:27:00Z,147abc6a,8bab4dff,a6177608,0.0
2025-03-19T18:30:00Z,147abc6a,8bab4dff,a6177608,0.0
2025-03-19T18:33:00Z,147abc6a,8bab4dff,a6177608,0.0
2025-03-19T18:36:00Z,147abc6a,8bab4dff,a6177608,0.0
2025-03-19T18:39:00Z,147abc6a,8bab4dff,a6177608,0.0
2025-03-19T18:42:00Z,147abc6a,8bab4dff,a6177608,0.0
2025-03-19T18:45:00Z,147abc6a,8bab4dff,a6177608,0.0
2025-03-19T18:48:00Z,147abc6a,8bab4dff,a6177608,0.0
2025-03-19T18:51:00Z,147abc6a,8bab4dff,a6177608,0.0
2025-03-19T18:54:00Z,147abc6a,8bab4dff,a6177608,0.0
2025-03-19T18:57:00Z,147abc6a,8bab4dff,a6177608,0.0
2025-03-19T19:00:00Z,147abc6a,8bab4dff,a6177608,0.0
2025-03-19T19:03:00Z,147abc6a,8bab4dff,a6177608,0.0
2025-03-19T19:06:00Z,147abc6a,8bab4dff,a6177608,0.0
2025-03-19T19:09:00Z,147abc6a,8bab4dff,a6177608,0.0
2025-03-19T19:12:00Z,147abc6a,8bab4dff,a6177608,0.0
2025-03-19T19:15:00Z,147abc6a,8bab4dff,a6177608,0.0
2025-03-19T19:18:00Z,147abc6a,8bab4dff,a6177608,0.0
2025-03-19T19:21:00Z,147abc6a,8bab4dff,a6177608,0.0
2025-03-19T19:24:00Z,147abc6a,8bab4dff,a6177608,0.0
2025-03-19T19:27:00Z,147abc6a,8bab4dff,a6177608,0.0
2025-03-19T19:30:00Z,147abc6a,8bab4dff,a6177608,0.0
2025-03-19T19:33:00Z,147abc6a,8bab4dff,a6177608,0.0
2025-03-19T19:36:00Z,147abc6a,8bab4dff,a6177608,0.0
2025-03-19T19:39:00Z,147abc6a,8bab4dff,a6177608,0.0
2025-03-19T19:42:00Z,147abc6a,8bab4dff,a6177608,0.0
2025-03-19T19:45:00Z,147abc6a,8bab4dff,a6177608,0.0
2025-03-19T19:48:00Z,147abc6a,8bab4dff,a6177608,0.0
2025-03-19T19:51:00Z,147abc6a,8bab4dff,a6177608,0.0
2025-03-19T19:54:00Z,147abc6a,8bab4dff,a6177608,0.0
2025-03-19T19:57:00Z,147abc6a,8bab4dff,a6177608,0.0
2025-03-19T20:00:00Z,147abc6a,8bab4dff,a6177608,0.0
2025-03-19T20:03:00Z,147abc6a,8bab4dff,a6177608,0.0
2025-03-19T20:06:00Z,147abc6a,8bab4dff,a6177608,0.0
2025-03-19T20:09:00Z,147abc6a,8bab4dff,a6177608,0.0
2025-03-19T20:12:00Z,147abc6a,8bab4dff,a6177608,0.0
2025-03-19T20:15:00Z,147abc6a,8bab4dff,a6177608,0.0
2025-03-19T20:18:00Z,147abc6a,8bab4dff,a6177608,0.0
2025-03-19T20:21:00Z,147abc6a,8bab4dff,a6177608,0.0
2025-03-19T20:24:00Z,147abc6a,8bab4dff,a6177608,0.0
2025-03-19T20:27:00Z,147abc6a,8bab4dff,a6177608,0.0
2025-03-19T20:30:00Z,147abc6a,8bab4dff,a6177608,0.0
2025-03-19T20:33:00Z,147abc6a,8bab4dff,a6177608,0.0
2025-03-19T20:36:00Z,147abc6a,8bab4dff,a6177608,0.0
2025-03-19T20:39:00Z,147abc6a,8bab4dff,a6177608,0.0
2025-03-19T20:42:00Z,147abc6a,8bab4dff,a6177608,0.0
2025-03-19T20:45:00Z,147abc6a,8bab4dff,a6177608,0.0
2025-03-19T20:48:00Z,147abc6a,8bab4dff,a6177608,0.0
2025-03-19T20:51:00Z,147abc6a,8bab4dff,a6177608,0.0
2025-03-19T20:54:00Z,147abc6a,8bab4dff,a6177608,0.0
2025-03-19T20:57:00Z,147abc6a,8bab4dff,a6177608,0.0
2025-03-19T21:00:00Z,147abc6a,8bab4dff,a6177608,0.0
2025-03-19T21:03:00Z,147abc6a,8bab4dff,a6177608,0.0
2025-03-19T21:06:00Z,147abc6a,8bab4dff,a6177608,0.0
2025-03-19T21:09:00Z,147abc6a,8bab4dff,a6177608,0.0
2025-03-19T21:12:00Z,147abc6a,8bab4dff,a6177608,0.0
2025-03-19T21:15:00Z,147abc6a,8bab4dff,a6177608,0.0
2025-03-19T21:18:00Z,147abc6a,8bab4dff,a6177608,0.0
2025-03-19T21:21:00Z,147abc6a,8bab4dff,a6177608,0.0
2025-03-19T21:24:00Z,147abc6a,8bab4dff,a6177608,0.0
2025-03-19T21:27:00Z,147abc6a,8bab4dff,a6177608,0.0
2025-03-19T21:30:00Z,147abc6a,8bab4dff,a6177608,0.0
2025-03-19T21:33:00Z,147abc6a,8bab4dff,a6177608,0.0
2025-03-19T21:36:00Z,147abc6a,8bab4dff,a6177608,0.0
2025-03-19T21:39:00Z,147abc6a,8bab4dff,a6177608,0.0
2025-03-19T21:42:00Z,147abc6a,8bab4dff,a6177608,0.0
2025-03-19T21:45:00Z,147abc6a,8bab4dff,a6177608,0.0
2025-03-19T21:48:00Z,147abc6a,8bab4dff,a6177608,0.0
2025-03-19T21:51:00Z,147abc6a,8bab4dff,a6177608,0.0
2025-03-19T21:54:00Z,147abc6a,8bab4dff,a6177608,0.0
2025-03-19T21:57:00Z,147abc6a,8bab4dff,a6177608,0.0
2025-03-19T22:00:00Z,147abc6a,8bab4dff,a6177608,0.0
2025-03-19T22:03:00Z,147abc6a,8bab4dff,a6177608,0.0
2025-03-19T22:06:00Z,147abc6a,8bab4dff,a6177608,0.0
2025-03-19T22:09:00Z,147abc6a,8bab4dff,a6177608,0.0
2025-03-19T22:12:00Z,147abc6a,8bab4dff,a6177608,0.0
2025-03-19T22:15:00Z,147abc6a,8bab4dff,a6177608,0.01
2025-03-19T22:18:00Z,147abc6a,8bab4dff,a6177608,0.0
2025-03-19T22:21:00Z,147abc6a,8bab4dff,a6177608,0.0
2025-03-19T22:24:00Z,147abc6a,8bab4dff,a6177608,0.0
2025-03-19T22:27:00Z,147abc6a,8bab4dff,a6177608,0.0
2025-03-19T22:30:00Z,147abc6a,8bab4dff,a6177608,0.0
2025-03-19T22:33:00Z,147abc6a,8bab4dff,a6177608,0.0
2025-03-19T22:36:00Z,147abc6a,8bab4dff,a6177608,0.0
2025-03-19T22:39:00Z,147abc6a,8bab4dff,a6177608,0.0
2025-03-19T22:42:00Z,147abc6a,8bab4dff,a6177608,0.0
2025-03-19T22:45:00Z,147abc6a,8bab4dff,a6177608,0.0
2025-03-19T22:48:00Z,147abc6a,8bab4dff,a6177608,0.0
2025-03-19T22:51:00Z,147abc6a,8bab4dff,a6177608,0.01
2025-03-19T22:54:00Z,147abc6a,8bab4dff,a6177608,0.0
2025-03-19T22:57:00Z,147abc6a,8bab4dff,a6177608,0.0
2025-03-19T23:00:00Z,147abc6a,8bab4dff,a6177608,0.0
2025-03-19T23:03:00Z,147abc6a,8bab4dff,a6177608,0.0
2025-03-19T23:06:00Z,147abc6a,8bab4dff,a6177608,0.0
2025-03-19T23:09:00Z,147abc6a,8bab4dff,a6177608,0.0
2025-03-19T23:12:00Z,147abc6a,8bab4dff,a6177608,0.0
2025-03-19T23:15:00Z,147abc6a,8bab4dff,a6177608,0.0
2025-03-19T23:18:00Z,147abc6a,8bab4dff,a6177608,0.0
2025-03-19T23:21:00Z,147abc6a,8bab4dff,a6177608,0.0
2025-03-19T23:24:00Z,147abc6a,8bab4dff,a6177608,0.0
2025-03-19T23:27:00Z,147abc6a,8bab4dff,a6177608,0.0
2025-03-19T23:30:00Z,147abc6a,8bab4dff,a6177608,0.0
2025-03-19T23:33:00Z,147abc6a,8bab4dff,a6177608,0.0
2025-03-19T23:36:00Z,147abc6a,8bab4dff,a6177608,0.0
2025-03-19T23:39:00Z,147abc6a,8bab4dff,a6177608,0.0
2025-03-19T23:42:00Z,147abc6a,8bab4dff,a6177608,0.0
2025-03-19T23:45:00Z,147abc6a,8bab4dff,a6177608,0.0
2025-03-19T23:48:00Z,147abc6a,8bab4dff,a6177608,0.0
2025-03-19T23:51:00Z,147abc6a,8bab4dff,a6177608,0.0
2025-03-19T23:54:00Z,147abc6a,8bab4dff,a6177608,0.0
2025-03-19T23:57:00Z,147abc6a,8bab4dff,a6177608,0.0
2025-03-20T00:00:00Z,147abc6a,8bab4dff,a6177608,0.0
2025-03-20T00:03:00Z,147abc6a,8bab4dff,a6177608,0.0
2025-03-20T00:06:00Z,147abc6a,8bab4dff,a6177608,0.0
2025-03-20T00:09:00Z,147abc6a,8bab4dff,a6177608,0.0
2025-03-20T00:12:00Z,147abc6a,8bab4dff,a6177608,0.0
2025-03-20T00:15:00Z,147abc6a,8bab4dff,a6177608,0.0
2025-03-20T00:18:00Z,147abc6a,8bab4dff,a6177608,0.0
2025-03-20T00:21:00Z,147abc6a,8bab4dff,a6177608,0.0
2025-03-20T00:24:00Z,147abc6a,8bab4dff,a6177608,0.0
2025-03-20T00:27:00Z,147abc6a,8bab4dff,a6177608,0.0
2025-03-20T00:30:00Z,147abc6a,8bab4dff,a6177608,0.0
2025-03-20T00:33:00Z,147abc6a,8bab4dff,a6177608,0.0
2025-03-20T00:36:00Z,147abc6a,8bab4dff,a6177608,0.0
2025-03-20T00:39:00Z,147abc6a,8bab4dff,a6177608,0.0
2025-03-20T00:42:00Z,147abc6a,8bab4dff,a6177608,0.0
2025-03-20T00:45:00Z,147abc6a,8bab4dff,a6177608,0.0
2025-03-20T00:48:00Z,147abc6a,8bab4dff,a6177608,0.0
2025-03-20T00:51:00Z,147abc6a,8bab4dff,a6177608,0.0
2025-03-20T00:54:00Z,147abc6a,8bab4dff,a6177608,0.0
2025-03-20T00:57:00Z,147abc6a,8bab4dff,a6177608,0.0
2025-03-20T01:00:00Z,147abc6a,8bab4dff,a6177608,0.0
2025-03-20T01:03:00Z,147abc6a,8bab4dff,a6177608,0.0
2025-03-20T01:06:00Z,147abc6a,8bab4dff,a6177608,0.0
2025-03-20T01:09:00Z,147abc6a,8bab4dff,a6177608,0.0
2025-03-20T01:12:00Z,147abc6a,8bab4dff,a6177608,0.0
2025-03-20T01:15:00Z,147abc6a,8bab4dff,a6177608,0.0
2025-03-20T01:18:00Z,147abc6a,8bab4dff,a6177608,0.0
2025-03-20T01:21:00Z,147abc6a,8bab4dff,a6177608,0.0
2025-03-20T01:24:00Z,147abc6a,8bab4dff,a6177608,0.0
2025-03-20T01:27:00Z,147abc6a,8bab4dff,a6177608,0.0
2025-03-20T01:30:00Z,147abc6a,8bab4dff,a6177608,0.0
2025-03-20T01:33:00Z,147abc6a,8bab4dff,a6177608,0.0
2025-03-20T01:36:00Z,147abc6a,8bab4dff,a6177608,0.0
2025-03-20T01:39:00Z,147abc6a,8bab4dff,a6177608,0.0
2025-03-20T01:42:00Z,147abc6a,8bab4dff,a6177608,0.0
2025-03-20T01:45:00Z,147abc6a,8bab4dff,a6177608,0.0
2025-03-20T01:48:00Z,147abc6a,8bab4dff,a6177608,0.0
2025-03-20T01:51:00Z,147abc6a,8bab4dff,a6177608,0.0
2025-03-20T01:54:00Z,147abc6a,8bab4dff,a6177608,0.0
2025-03-20T01:57:00Z,147abc6a,8bab4dff,a6177608,0.0
2025-03-20T02:00:00Z,147abc6a,8bab4dff,a6177608,0.0
2025-03-20T02:03:00Z,147abc6a,8bab4dff,a6177608,0.0
2025-03-20T02:06:00Z,147abc6a,8bab4dff,a6177608,0.0
2025-03-20T02:09:00Z,147abc6a,8bab4dff,a6177608,0.0
2025-03-20T02:12:00Z,147abc6a,8bab4dff,a6177608,0.0
2025-03-20T02:15:00Z,147abc6a,8bab4dff,a6177608,0.0
2025-03-20T02:18:00Z,147abc6a,8bab4dff,a6177608,0.0
2025-03-20T02:21:00Z,147abc6a,8bab4dff,a6177608,0.0
2025-03-20T02:24:00Z,147abc6a,8bab4dff,a6177608,0.0
2025-03-20T02:27:00Z,147abc6a,8bab4dff,a6177608,0.0
2025-03-20T02:30:00Z,147abc6a,8bab4dff,a6177608,0.0
2025-03-20T02:33:00Z,147abc6a,8bab4dff,a6177608,0.0
2025-03-20T02:36:00Z,147abc6a,8bab4dff,a6177608,0.0
2025-03-20T02:39:00Z,147abc6a,8bab4dff,a6177608,0.0
2025-03-20T02:42:00Z,147abc6a,8bab4dff,a6177608,0.0
2025-03-20T02:45:00Z,147abc6a,8bab4dff,a6177608,0.0
2025-03-20T02:48:00Z,147abc6a,8bab4dff,a6177608,0.0
2025-03-20T02:51:00Z,147abc6a,8bab4dff,a6177608,0.0
2025-03-20T02:54:00Z,147abc6a,8bab4dff,a6177608,0.0
2025-03-20T02:57:00Z,147abc6a,8bab4dff,a6177608,0.0
2025-03-20T03:00:00Z,147abc6a,8bab4dff,a6177608,0.0
2025-03-20T03:03:00Z,147abc6a,8bab4dff,a6177608,0.0
2025-03-20T03:06:00Z,147abc6a,8bab4dff,a6177608,0.0
2025-03-20T03:09:00Z,147abc6a,8bab4dff,a6177608,0.0
2025-03-20T03:12:00Z,147abc6a,8bab4dff,a6177608,0.0
2025-03-20T03:15:00Z,147abc6a,8bab4dff,a6177608,0.0
2025-03-20T03:18:00Z,147abc6a,8bab4dff,a6177608,0.0
2025-03-20T03:21:00Z,147abc6a,8bab4dff,a6177608,0.0
2025-03-20T03:24:00Z,147abc6a,8bab4dff,a6177608,0.0
2025-03-20T03:27:00Z,147abc6a,8bab4dff,a6177608,0.0
2025-03-20T03:30:00Z,147abc6a,8bab4dff,a6177608,0.0
2025-03-20T03:33:00Z,147abc6a,8bab4dff,a6177608,0.0
2025-03-20T03:36:00Z,147abc6a,8bab4dff,a6177608,0.0
2025-03-20T03:39:00Z,147abc6a,8bab4dff,a6177608,0.0
2025-03-20T03:42:00Z,147abc6a,8bab4dff,a6177608,0.0
2025-03-20T03:45:00Z,147abc6a,8bab4dff,a6177608,0.0
2025-03-20T03:48:00Z,147abc6a,8bab4dff,a6177608,0.0
2025-03-20T03:51:00Z,147abc6a,8bab4dff,a6177608,0.0
2025-03-20T03:54:00Z,147abc6a,8bab4dff,a6177608,0.0
2025-03-20T03:57:00Z,147abc6a,8bab4dff,a6177608,0.0
2025-03-20T04:00:00Z,147abc6a,8bab4dff,a6177608,0.0
2025-03-20T04:03:00Z,147abc6a,8bab4dff,a6177608,0.0
2025-03-20T04:06:00Z,147abc6a,8bab4dff,a6177608,0.0
2025-03-20T04:09:00Z,147abc6a,8bab4dff,a6177608,0.0
2025-03-20T04:12:00Z,147abc6a,8bab4dff,a6177608,0.0
2025-03-20T04:15:00Z,147abc6a,8bab4dff,a6177608,0.0
2025-03-20T04:18:00Z,147abc6a,8bab4dff,a6177608,0.0
2025-03-20T04:21:00Z,147abc6a,8bab4dff,a6177608,0.0
2025-03-20T04:24:00Z,147abc6a,8bab4dff,a6177608,0.0
2025-03-20T04:27:00Z,147abc6a,8bab4dff,a6177608,0.0
2025-03-20T04:30:00Z,147abc6a,8bab4dff,a6177608,0.0
2025-03-20T04:33:00Z,147abc6a,8bab4dff,a6177608,0.0
2025-03-20T04:36:00Z,147abc6a,8bab4dff,a6177608,0.0
2025-03-20T04:39:00Z,147abc6a,8bab4dff,a6177608,0.0
2025-03-20T04:42:00Z,147abc6a,8bab4dff,a6177608,0.0
2025-03-20T04:45:00Z,147abc6a,8bab4dff,a6177608,0.0
2025-03-20T04:48:00Z,147abc6a,8bab4dff,a6177608,0.0
2025-03-20T04:51:00Z,147abc6a,8bab4dff,a6177608,0.0
2025-03-20T04:54:00Z,147abc6a,8bab4dff,a6177608,0.0
2025-03-20T04:57:00Z,147abc6a,8bab4dff,a6177608,0.0
2025-03-20T05:00:00Z,147abc6a,8bab4dff,a6177608,0.0
2025-03-20T05:03:00Z,147abc6a,8bab4dff,a6177608,0.0
2025-03-20T05:06:00Z,147abc6a,8bab4dff,a6177608,0.0
2025-03-20T05:09:00Z,147abc6a,8bab4dff,a6177608,0.0
2025-03-20T05:12:00Z,147abc6a,8bab4dff,a6177608,0.0
2025-03-20T05:15:00Z,147abc6a,8bab4dff,a6177608,0.0
2025-03-20T05:18:00Z,147abc6a,8bab4dff,a6177608,0.0
2025-03-20T05:21:00Z,147abc6a,8bab4dff,a6177608,0.0
2025-03-20T05:24:00Z,147abc6a,8bab4dff,a6177608,0.0
2025-03-20T05:27:00Z,147abc6a,8bab4dff,a6177608,0.0
2025-03-20T05:30:00Z,147abc6a,8bab4dff,a6177608,0.0
2025-03-20T05:33:00Z,147abc6a,8bab4dff,a6177608,0.0
2025-03-20T05:36:00Z,147abc6a,8bab4dff,a6177608,0.0
2025-03-20T05:39:00Z,147abc6a,8bab4dff,a6177608,0.0
2025-03-20T05:42:00Z,147abc6a,8bab4dff,a6177608,0.0
2025-03-20T05:45:00Z,147abc6a,8bab4dff,a6177608,0.0
2025-03-20T05:48:00Z,147abc6a,8bab4dff,a6177608,0.0
2025-03-20T05:51:00Z,147abc6a,8bab4dff,a6177608,0.0
2025-03-20T05:54:00Z,147abc6a,8bab4dff,a6177608,0.0
2025-03-20T05:57:00Z,147abc6a,8bab4dff,a6177608,0.0
2025-03-20T06:00:00Z,147abc6a,8bab4dff,a6177608,0.0
2025-03-20T06:03:00Z,147abc6a,8bab4dff,a6177608,0.0
2025-03-20T06:06:00Z,147abc6a,8bab4dff,a6177608,0.0
2025-03-20T06:09:00Z,147abc6a,8bab4dff,a6177608,0.0
2025-03-20T06:12:00Z,147abc6a,8bab4dff,a6177608,0.0
2025-03-20T06:15:00Z,147abc6a,8bab4dff,a6177608,0.0
2025-03-20T06:18:00Z,147abc6a,8bab4dff,a6177608,0.0
2025-03-20T06:21:00Z,147abc6a,8bab4dff,a6177608,0.0
2025-03-20T06:24:00Z,147abc6a,8bab4dff,a6177608,0.0
2025-03-20T06:27:00Z,147abc6a,8bab4dff,a6177608,0.0
2025-03-20T06:30:00Z,147abc6a,8bab4dff,a6177608,0.0
2025-03-20T06:33:00Z,147abc6a,8bab4dff,a6177608,0.0
2025-03-20T06:36:00Z,147abc6a,8bab4dff,a6177608,0.0
2025-03-20T06:39:00Z,147abc6a,8bab4dff,a6177608,0.0
2025-03-20T06:42:00Z,147abc6a,8bab4dff,a6177608,0.0
2025-03-20T06:45:00Z,147abc6a,8bab4dff,a6177608,0.0
2025-03-20T06:48:00Z,147abc6a,8bab4dff,a6177608,0.0
2025-03-20T06:51:00Z,147abc6a,8bab4dff,a6177608,0.0
2025-03-20T06:54:00Z,147abc6a,8bab4dff,a6177608,0.0
2025-03-20T06:57:00Z,147abc6a,8bab4dff,a6177608,0.0
2025-03-20T07:00:00Z,147abc6a,8bab4dff,a6177608,0.0
2025-03-20T07:03:00Z,147abc6a,8bab4dff,a6177608,0.0
2025-03-20T07:06:00Z,147abc6a,8bab4dff,a6177608,0.0
2025-03-20T07:09:00Z,147abc6a,8bab4dff,a6177608,0.0
2025-03-20T07:12:00Z,147abc6a,8bab4dff,a6177608,0.0
2025-03-20T07:15:00Z,147abc6a,8bab4dff,a6177608,0.0
2025-03-20T07:18:00Z,147abc6a,8bab4dff,a6177608,0.0
2025-03-20T07:21:00Z,147abc6a,8bab4dff,a6177608,0.0
2025-03-20T07:24:00Z,147abc6a,8bab4dff,a6177608,0.0
2025-03-20T07:27:00Z,147abc6a,8bab4dff,a6177608,0.0
2025-03-20T07:30:00Z,147abc6a,8bab4dff,a6177608,0.0
2025-03-20T07:33:00Z,147abc6a,8bab4dff,a6177608,0.0
2025-03-20T07:36:00Z,147abc6a,8bab4dff,a6177608,0.0
2025-03-20T07:39:00Z,147abc6a,8bab4dff,a6177608,0.0
2025-03-20T07:42:00Z,147abc6a,8bab4dff,a6177608,0.0
2025-03-20T07:45:00Z,147abc6a,8bab4dff,a6177608,0.0
2025-03-20T07:48:00Z,147abc6a,8bab4dff,a6177608,0.0
2025-03-20T07:51:00Z,147abc6a,8bab4dff,a6177608,0.0
2025-03-20T07:54:00Z,147abc6a,8bab4dff,a6177608,0.0
2025-03-20T07:57:00Z,147abc6a,8bab4dff,a6177608,0.0
2025-03-20T08:00:00Z,147abc6a,8bab4dff,a6177608,0.0
2025-03-20T08:03:00Z,147abc6a,8bab4dff,a6177608,0.0
2025-03-20T08:06:00Z,147abc6a,8bab4dff,a6177608,0.0
2025-03-20T08:09:00Z,147abc6a,8bab4dff,a6177608,0.0
2025-03-20T08:12:00Z,147abc6a,8bab4dff,a6177608,0.0
2025-03-20T08:15:00Z,147abc6a,8bab4dff,a6177608,0.0
2025-03-20T08:18:00Z,147abc6a,8bab4dff,a6177608,0.0
2025-03-20T08:21:00Z,147abc6a,8bab4dff,a6177608,0.0
2025-03-20T08:24:00Z,147abc6a,8bab4dff,a6177608,0.0
2025-03-20T08:27:00Z,147abc6a,8bab4dff,a6177608,0.0
2025-03-20T08:30:00Z,147abc6a,8bab4dff,a6177608,0.0
2025-03-20T08:33:00Z,147abc6a,8bab4dff,a6177608,0.0
2025-03-20T08:36:00Z,147abc6a,8bab4dff,a6177608,0.0
2025-03-20T08:39:00Z,147abc6a,8bab4dff,a6177608,0.0
2025-03-20T08:42:00Z,147abc6a,8bab4dff,a6177608,0.0
2025-03-20T08:45:00Z,147abc6a,8bab4dff,a6177608,0.0
2025-03-20T08:48:00Z,147abc6a,8bab4dff,a6177608,0.0
2025-03-20T08:51:00Z,147abc6a,8bab4dff,a6177608,0.0
2025-03-20T08:54:00Z,147abc6a,8bab4dff,a6177608,0.0
2025-03-20T08:57:00Z,147abc6a,8bab4dff,a6177608,0.0
2025-03-20T09:00:00Z,147abc6a,8bab4dff,a6177608,0.0
2025-03-20T09:03:00Z,147abc6a,8bab4dff,a6177608,0.0
2025-03-20T09:06:00Z,147abc6a,8bab4dff,a6177608,0.0
2025-03-20T09:09:00Z,147abc6a,8bab4dff,a6177608,0.0
2025-03-20T09:12:00Z,147abc6a,8bab4dff,a6177608,0.0
2025-03-20T09:15:00Z,147abc6a,8bab4dff,a6177608,0.0
2025-03-20T09:18:00Z,147abc6a,8bab4dff,a6177608,0.0
2025-03-20T09:21:00Z,147abc6a,8bab4dff,a6177608,0.0
2025-03-20T09:24:00Z,147abc6a,8bab4dff,a6177608,0.0
2025-03-20T09:27:00Z,147abc6a,8bab4dff,a6177608,0.0
2025-03-20T09:30:00Z,147abc6a,8bab4dff,a6177608,0.0
2025-03-20T09:33:00Z,147abc6a,8bab4dff,a6177608,0.0
2025-03-20T09:36:00Z,147abc6a,8bab4dff,a6177608,0.0
2025-03-20T09:39:00Z,147abc6a,8bab4dff,a6177608,0.0
2025-03-20T09:42:00Z,147abc6a,8bab4dff,a6177608,0.0
2025-03-20T09:45:00Z,147abc6a,8bab4dff,a6177608,0.0
2025-03-20T09:48:00Z,147abc6a,8bab4dff,a6177608,0.0
2025-03-20T09:51:00Z,147abc6a,8bab4dff,a6177608,0.0
2025-03-20T09:54:00Z,147abc6a,8bab4dff,a6177608,0.0
2025-03-20T09:57:00Z,147abc6a,8bab4dff,a6177608,0.0
2025-03-20T10:00:00Z,147abc6a,8bab4dff,a6177608,0.0
2025-03-20T10:03:00Z,147abc6a,8bab4dff,a6177608,0.0
2025-03-20T10:06:00Z,147abc6a,8bab4dff,a6177608,0.0
2025-03-20T10:09:00Z,147abc6a,8bab4dff,a6177608,0.0
2025-03-20T10:12:00Z,147abc6a,8bab4dff,a6177608,0.0
2025-03-20T10:15:00Z,147abc6a,8bab4dff,a6177608,0.0
2025-03-20T10:18:00Z,147abc6a,8bab4dff,a6177608,0.0
2025-03-20T10:21:00Z,147abc6a,8bab4dff,a6177608,0.0
2025-03-20T10:24:00Z,147abc6a,8bab4dff,a6177608,0.0
2025-03-20T10:27:00Z,147abc6a,8bab4dff,a6177608,0.0
2025-03-20T10:30:00Z,147abc6a,8bab4dff,a6177608,0.0
2025-03-20T10:33:00Z,147abc6a,8bab4dff,a6177608,0.0
2025-03-20T10:36:00Z,147abc6a,8bab4dff,a6177608,0.0
2025-03-20T10:39:00Z,147abc6a,8bab4dff,a6177608,0.0
2025-03-20T10:42:00Z,147abc6a,8bab4dff,a6177608,0.0
2025-03-20T10:45:00Z,147abc6a,8bab4dff,a6177608,0.0
2025-03-20T10:48:00Z,147abc6a,8bab4dff,a6177608,0.0
2025-03-20T10:51:00Z,147abc6a,8bab4dff,a6177608,0.0
2025-03-20T10:54:00Z,147abc6a,8bab4dff,a6177608,0.0
2025-03-20T10:57:00Z,147abc6a,8bab4dff,a6177608,0.0
2025-03-20T11:00:00Z,147abc6a,8bab4dff,a6177608,0.0
2025-03-20T11:03:00Z,147abc6a,8bab4dff,a6177608,0.0
2025-03-20T11:06:00Z,147abc6a,8bab4dff,a6177608,0.0
2025-03-20T11:09:00Z,147abc6a,8bab4dff,a6177608,0.0
2025-03-20T11:12:00Z,147abc6a,8bab4dff,a6177608,0.0
2025-03-20T11:15:00Z,147abc6a,8bab4dff,a6177608,0.0
2025-03-20T11:18:00Z,147abc6a,8bab4dff,a6177608,0.0
2025-03-20T11:21:00Z,147abc6a,8bab4dff,a6177608,0.0
2025-03-20T11:24:00Z,147abc6a,8bab4dff,a6177608,0.0
2025-03-20T11:27:00Z,147abc6a,8bab4dff,a6177608,0.0
2025-03-20T11:30:00Z,147abc6a,8bab4dff,a6177608,0.0
2025-03-20T11:33:00Z,147abc6a,8bab4dff,a6177608,0.0
2025-03-20T11:36:00Z,147abc6a,8bab4dff,a6177608,0.0
2025-03-20T11:39:00Z,147abc6a,8bab4dff,a6177608,0.0
2025-03-20T11:42:00Z,147abc6a,8bab4dff,a6177608,0.0
2025-03-20T11:45:00Z,147abc6a,8bab4dff,a6177608,0.0
2025-03-20T11:48:00Z,147abc6a,8bab4dff,a6177608,0.0
2025-03-20T11:51:00Z,147abc6a,8bab4dff,a6177608,0.0
2025-03-20T11:54:00Z,147abc6a,8bab4dff,a6177608,0.0
2025-03-20T11:57:00Z,147abc6a,8bab4dff,a6177608,0.0
2025-03-20T12:00:00Z,147abc6a,8bab4dff,a6177608,0.0
2025-03-20T12:03:00Z,147abc6a,8bab4dff,a6177608,0.0
2025-03-20T12:06:00Z,147abc6a,8bab4dff,a6177608,0.0
2025-03-20T12:09:00Z,147abc6a,8bab4dff,a6177608,0.0
2025-03-20T12:12:00Z,147abc6a,8bab4dff,a6177608,0.0
2025-03-20T12:15:00Z,147abc6a,8bab4dff,a6177608,0.05
2025-03-20T12:18:00Z,147abc6a,8bab4dff,a6177608,0.0
2025-03-20T12:21:00Z,147abc6a,8bab4dff,a6177608,0.0
2025-03-20T12:24:00Z,147abc6a,8bab4dff,a6177608,0.0
2025-03-20T12:27:00Z,147abc6a,8bab4dff,a6177608,0.0
2025-03-20T12:30:00Z,147abc6a,8bab4dff,a6177608,0.0
2025-03-20T12:33:00Z,147abc6a,8bab4dff,a6177608,0.0
2025-03-20T12:36:00Z,147abc6a,8bab4dff,a6177608,0.0
2025-03-20T12:39:00Z,147abc6a,8bab4dff,a6177608,0.0
2025-03-20T12:42:00Z,147abc6a,8bab4dff,a6177608,0.0
2025-03-20T12:45:00Z,147abc6a,8bab4dff,a6177608,0.0
2025-03-20T12:48:00Z,147abc6a,8bab4dff,a6177608,0.0
2025-03-20T12:51:00Z,147abc6a,8bab4dff,a6177608,0.0
2025-03-20T12:54:00Z,147abc6a,8bab4dff,a6177608,0.0
2025-03-20T12:57:00Z,147abc6a,8bab4dff,a6177608,0.0
2025-03-20T13:00:00Z,147abc6a,8bab4dff,a6177608,0.0
2025-03-20T13:03:00Z,147abc6a,8bab4dff,a6177608,0.0
2025-03-20T13:06:00Z,147abc6a,8bab4dff,a6177608,0.0
2025-03-20T13:09:00Z,147abc6a,8bab4dff,a6177608,0.0
2025-03-20T13:12:00Z,147abc6a,8bab4dff,a6177608,0.0
2025-03-20T13:15:00Z,147abc6a,8bab4dff,a6177608,0.0
2025-03-20T13:18:00Z,147abc6a,8bab4dff,a6177608,0.0
2025-03-20T13:21:00Z,147abc6a,8bab4dff,a6177608,0.0
2025-03-20T13:24:00Z,147abc6a,8bab4dff,a6177608,0.0
2025-03-20T13:27:00Z,147abc6a,8bab4dff,a6177608,0.0
2025-03-20T13:30:00Z,147abc6a,8bab4dff,a6177608,0.0
2025-03-20T13:33:00Z,147abc6a,8bab4dff,a6177608,0.0
2025-03-20T13:36:00Z,147abc6a,8bab4dff,a6177608,0.0
2025-03-20T13:39:00Z,147abc6a,8bab4dff,a6177608,0.0
2025-03-20T13:42:00Z,147abc6a,8bab4dff,a6177608,0.0
2025-03-20T13:45:00Z,147abc6a,8bab4dff,a6177608,0.0
2025-03-20T13:48:00Z,147abc6a,8bab4dff,a6177608,0.0
2025-03-20T13:51:00Z,147abc6a,8bab4dff,a6177608,0.0
2025-03-20T13:54:00Z,147abc6a,8bab4dff,a6177608,0.0
2025-03-20T13:57:00Z,147abc6a,8bab4dff,a6177608,0.0
2025-03-20T14:00:00Z,147abc6a,8bab4dff,a6177608,0.0
2025-03-20T14:03:00Z,147abc6a,8bab4dff,a6177608,0.0
2025-03-20T14:06:00Z,147abc6a,8bab4dff,a6177608,0.0
2025-03-20T14:09:00Z,147abc6a,8bab4dff,a6177608,0.0
2025-03-20T14:12:00Z,147abc6a,8bab4dff,a6177608,0.0
2025-03-20T14:15:00Z,147abc6a,8bab4dff,a6177608,0.0
2025-03-20T14:18:00Z,147abc6a,8bab4dff,a6177608,0.0
2025-03-20T14:21:00Z,147abc6a,8bab4dff,a6177608,0.0
2025-03-20T14:24:00Z,147abc6a,8bab4dff,a6177608,0.0
2025-03-20T14:27:00Z,147abc6a,8bab4dff,a6177608,0.0
2025-03-20T14:30:00Z,147abc6a,8bab4dff,a6177608,0.0
2025-03-20T14:33:00Z,147abc6a,8bab4dff,a6177608,0.0
2025-03-20T14:36:00Z,147abc6a,8bab4dff,a6177608,0.0
2025-03-20T14:39:00Z,147abc6a,8bab4dff,a6177608,0.0
2025-03-20T14:42:00Z,147abc6a,8bab4dff,a6177608,0.0
2025-03-20T14:45:00Z,147abc6a,8bab4dff,a6177608,0.0
2025-03-20T14:48:00Z,147abc6a,8bab4dff,a6177608,0.0
2025-03-20T14:51:00Z,147abc6a,8bab4dff,a6177608,0.0
2025-03-20T14:54:00Z,147abc6a,8bab4dff,a6177608,0.0
2025-03-20T14:57:00Z,147abc6a,8bab4dff,a6177608,0.0
2025-03-20T15:00:00Z,147abc6a,8bab4dff,a6177608,0.0
2025-03-20T15:03:00Z,147abc6a,8bab4dff,a6177608,0.0
2025-03-20T15:06:00Z,147abc6a,8bab4dff,a6177608,0.0
2025-03-20T15:09:00Z,147abc6a,8bab4dff,a6177608,0.0
2025-03-20T15:12:00Z,147abc6a,8bab4dff,a6177608,0.0
2025-03-20T15:15:00Z,147abc6a,8bab4dff,a6177608,0.0
2025-03-20T15:18:00Z,147abc6a,8bab4dff,a6177608,0.0
2025-03-20T15:21:00Z,147abc6a,8bab4dff,a6177608,0.0
2025-03-20T15:24:00Z,147abc6a,8bab4dff,a6177608,0.0
2025-03-20T15:27:00Z,147abc6a,8bab4dff,a6177608,0.0
2025-03-20T15:30:00Z,147abc6a,8bab4dff,a6177608,0.0
2025-03-20T15:33:00Z,147abc6a,8bab4dff,a6177608,0.0
2025-03-20T15:36:00Z,147abc6a,8bab4dff,a6177608,0.0
2025-03-20T15:39:00Z,147abc6a,8bab4dff,a6177608,0.0
2025-03-20T15:42:00Z,147abc6a,8bab4dff,a6177608,0.0
2025-03-20T15:45:00Z,147abc6a,8bab4dff,a6177608,0.0
2025-03-20T15:48:00Z,147abc6a,8bab4dff,a6177608,0.0
2025-03-20T15:51:00Z,147abc6a,8bab4dff,a6177608,0.0
2025-03-20T15:54:00Z,147abc6a,8bab4dff,a6177608,0.0
2025-03-20T15:57:00Z,147abc6a,8bab4dff,a6177608,0.0
2025-03-20T16:00:00Z,147abc6a,8bab4dff,a6177608,0.0
2025-03-20T16:03:00Z,147abc6a,8bab4dff,a6177608,0.0
2025-03-20T16:06:00Z,147abc6a,8bab4dff,a6177608,0.0
2025-03-20T16:09:00Z,147abc6a,8bab4dff,a6177608,0.0
2025-03-20T16:12:00Z,147abc6a,8bab4dff,a6177608,0.0
2025-03-20T16:15:00Z,147abc6a,8bab4dff,a6177608,0.0
2025-03-20T16:18:00Z,147abc6a,8bab4dff,a6177608,0.0
2025-03-20T16:21:00Z,147abc6a,8bab4dff,a6177608,0.0
2025-03-20T16:24:00Z,147abc6a,8bab4dff,a6177608,0.0
2025-03-20T16:27:00Z,147abc6a,8bab4dff,a6177608,0.0
2025-03-20T16:30:00Z,147abc6a,8bab4dff,a6177608,0.0
2025-03-20T16:33:00Z,147abc6a,8bab4dff,a6177608,0.0
2025-03-20T16:36:00Z,147abc6a,8bab4dff,a6177608,0.0
2025-03-20T16:39:00Z,147abc6a,8bab4dff,a6177608,0.0
2025-03-20T16:42:00Z,147abc6a,8bab4dff,a6177608,0.0
2025-03-20T16:45:00Z,147abc6a,8bab4dff,a6177608,0.0
2025-03-20T16:48:00Z,147abc6a,8bab4dff,a6177608,0.0
2025-03-20T16:51:00Z,147abc6a,8bab4dff,a6177608,0.0
2025-03-20T16:54:00Z,147abc6a,8bab4dff,a6177608,0.0
2025-03-20T16:57:00Z,147abc6a,8bab4dff,a6177608,0.0
2025-03-20T17:00:00Z,147abc6a,8bab4dff,a6177608,0.0
2025-03-20T17:03:00Z,147abc6a,8bab4dff,a6177608,0.0
2025-03-20T17:06:00Z,147abc6a,8bab4dff,a6177608,0.0
2025-03-20T17:09:00Z,147abc6a,8bab4dff,a6177608,0.0
2025-03-20T17:12:00Z,147abc6a,8bab4dff,a6177608,0.0
2025-03-20T17:15:00Z,147abc6a,8bab4dff,a6177608,0.0
2025-03-20T17:18:00Z,147abc6a,8bab4dff,a6177608,0.0
2025-03-20T17:21:00Z,147abc6a,8bab4dff,a6177608,0.0
2025-03-20T17:24:00Z,147abc6a,8bab4dff,a6177608,0.0
2025-03-20T17:27:00Z,147abc6a,8bab4dff,a6177608,0.0
2025-03-20T17:30:00Z,147abc6a,8bab4dff,a6177608,0.0
2025-03-20T17:33:00Z,147abc6a,8bab4dff,a6177608,0.0
2025-03-20T17:36:00Z,147abc6a,8bab4dff,a6177608,0.0
2025-03-20T17:39:00Z,147abc6a,8bab4dff,a6177608,0.0
2025-03-20T17:42:00Z,147abc6a,8bab4dff,a6177608,0.0
2025-03-20T17:45:00Z,147abc6a,8bab4dff,a6177608,0.0
2025-03-20T17:48:00Z,147abc6a,8bab4dff,a6177608,0.0
2025-03-20T17:51:00Z,147abc6a,8bab4dff,a6177608,0.0
2025-03-20T17:54:00Z,147abc6a,8bab4dff,a6177608,0.0
2025-03-20T17:57:00Z,147abc6a,8bab4dff,a6177608,0.0
2025-03-20T18:00:00Z,147abc6a,8bab4dff,a6177608,0.0
2025-03-20T18:03:00Z,147abc6a,8bab4dff,a6177608,0.0
2025-03-20T18:06:00Z,147abc6a,8bab4dff,a6177608,0.0
2025-03-20T18:09:00Z,147abc6a,8bab4dff,a6177608,0.0
2025-03-20T18:12:00Z,147abc6a,8bab4dff,a6177608,0.0
2025-03-20T18:15:00Z,147abc6a,8bab4dff,a6177608,0.0
2025-03-20T18:18:00Z,147abc6a,8bab4dff,a6177608,0.0
2025-03-20T18:21:00Z,147abc6a,8bab4dff,a6177608,0.0
2025-03-20T18:24:00Z,147abc6a,8bab4dff,a6177608,0.0
2025-03-20T18:27:00Z,147abc6a,8bab4dff,a6177608,0.0
2025-03-20T18:30:00Z,147abc6a,8bab4dff,a6177608,0.0
2025-03-20T18:33:00Z,147abc6a,8bab4dff,a6177608,0.0
2025-03-20T18:36:00Z,147abc6a,8bab4dff,a6177608,0.0
2025-03-20T18:39:00Z,147abc6a,8bab4dff,a6177608,0.0
2025-03-20T18:42:00Z,147abc6a,8bab4dff,a6177608,0.0
2025-03-20T18:45:00Z,147abc6a,8bab4dff,a6177608,0.0
2025-03-20T18:48:00Z,147abc6a,8bab4dff,a6177608,0.0
2025-03-20T18:51:00Z,147abc6a,8bab4dff,a6177608,0.0
2025-03-20T18:54:00Z,147abc6a,8bab4dff,a6177608,0.0
2025-03-20T18:57:00Z,147abc6a,8bab4dff,a6177608,0.0
2025-03-20T19:00:00Z,147abc6a,8bab4dff,a6177608,0.0
2025-03-20T19:03:00Z,147abc6a,8bab4dff,a6177608,0.0
2025-03-20T19:06:00Z,147abc6a,8bab4dff,a6177608,0.0
2025-03-20T19:09:00Z,147abc6a,8bab4dff,a6177608,0.0
2025-03-20T19:12:00Z,147abc6a,8bab4dff,a6177608,0.0
2025-03-20T19:15:00Z,147abc6a,8bab4dff,a6177608,0.0
2025-03-20T19:18:00Z,147abc6a,8bab4dff,a6177608,0.0
2025-03-20T19:21:00Z,147abc6a,8bab4dff,a6177608,0.0
2025-03-20T19:24:00Z,147abc6a,8bab4dff,a6177608,0.0
2025-03-20T19:27:00Z,147abc6a,8bab4dff,a6177608,0.0
2025-03-20T19:30:00Z,147abc6a,8bab4dff,a6177608,0.0
2025-03-20T19:33:00Z,147abc6a,8bab4dff,a6177608,0.0
2025-03-20T19:36:00Z,147abc6a,8bab4dff,a6177608,0.0
2025-03-20T19:39:00Z,147abc6a,8bab4dff,a6177608,0.0
2025-03-20T19:42:00Z,147abc6a,8bab4dff,a6177608,0.0
2025-03-20T19:45:00Z,147abc6a,8bab4dff,a6177608,0.0
2025-03-20T19:48:00Z,147abc6a,8bab4dff,a6177608,0.0
2025-03-20T19:51:00Z,147abc6a,8bab4dff,a6177608,0.0
2025-03-20T19:54:00Z,147abc6a,8bab4dff,a6177608,0.0
2025-03-20T19:57:00Z,147abc6a,8bab4dff,a6177608,0.0
2025-03-20T20:00:00Z,147abc6a,8bab4dff,a6177608,0.0
2025-03-20T20:03:00Z,147abc6a,8bab4dff,a6177608,0.0
2025-03-20T20:06:00Z,147abc6a,8bab4dff,a6177608,0.0
2025-03-20T20:09:00Z,147abc6a,8bab4dff,a6177608,0.0
2025-03-20T20:12:00Z,147abc6a,8bab4dff,a6177608,0.0
2025-03-20T20:15:00Z,147abc6a,8bab4dff,a6177608,0.0
2025-03-20T20:18:00Z,147abc6a,8bab4dff,a6177608,0.0
2025-03-20T20:21:00Z,147abc6a,8bab4dff,a6177608,0.0
2025-03-20T20:24:00Z,147abc6a,8bab4dff,a6177608,0.0
2025-03-20T20:27:00Z,147abc6a,8bab4dff,a6177608,0.0
2025-03-20T20:30:00Z,147abc6a,8bab4dff,a6177608,0.0
2025-03-20T20:33:00Z,147abc6a,8bab4dff,a6177608,0.0
2025-03-20T20:36:00Z,147abc6a,8bab4dff,a6177608,0.0
2025-03-20T20:39:00Z,147abc6a,8bab4dff,a6177608,0.0
2025-03-20T20:42:00Z,147abc6a,8bab4dff,a6177608,0.0
2025-03-20T20:45:00Z,147abc6a,8bab4dff,a6177608,0.0
2025-03-20T20:48:00Z,147abc6a,8bab4dff,a6177608,0.0
2025-03-20T20:51:00Z,147abc6a,8bab4dff,a6177608,0.0
2025-03-20T20:54:00Z,147abc6a,8bab4dff,a6177608,0.0
2025-03-20T20:57:00Z,147abc6a,8bab4dff,a6177608,0.0
2025-03-20T21:00:00Z,147abc6a,8bab4dff,a6177608,0.0
2025-03-20T21:03:00Z,147abc6a,8bab4dff,a6177608,0.0
2025-03-20T21:06:00Z,147abc6a,8bab4dff,a6177608,0.0
2025-03-20T21:09:00Z,147abc6a,8bab4dff,a6177608,0.0
2025-03-20T21:12:00Z,147abc6a,8bab4dff,a6177608,0.0
2025-03-20T21:15:00Z,147abc6a,8bab4dff,a6177608,0.0
2025-03-20T21:18:00Z,147abc6a,8bab4dff,a6177608,0.0
2025-03-20T21:21:00Z,147abc6a,8bab4dff,a6177608,0.0
2025-03-20T21:24:00Z,147abc6a,8bab4dff,a6177608,0.0
2025-03-20T21:27:00Z,147abc6a,8bab4dff,a6177608,0.0
2025-03-20T21:30:00Z,147abc6a,8bab4dff,a6177608,0.0
2025-03-20T21:33:00Z,147abc6a,8bab4dff,a6177608,0.0
2025-03-20T21:36:00Z,147abc6a,8bab4dff,a6177608,0.0
2025-03-20T21:39:00Z,147abc6a,8bab4dff,a6177608,0.0
2025-03-20T21:42:00Z,147abc6a,8bab4dff,a6177608,0.0
2025-03-20T21:45:00Z,147abc6a,8bab4dff,a6177608,0.0
2025-03-20T21:48:00Z,147abc6a,8bab4dff,a6177608,0.0
2025-03-20T21:51:00Z,147abc6a,8bab4dff,a6177608,0.0
2025-03-20T21:54:00Z,147abc6a,8bab4dff,a6177608,0.0
2025-03-20T21:57:00Z,147abc6a,8bab4dff,a6177608,0.0
2025-03-20T22:00:00Z,147abc6a,8bab4dff,a6177608,0.0
2025-03-20T22:03:00Z,147abc6a,8bab4dff,a6177608,0.0
2025-03-20T22:06:00Z,147abc6a,8bab4dff,a6177608,0.0
2025-03-20T22:09:00Z,147abc6a,8bab4dff,a6177608,0.0
2025-03-20T22:12:00Z,147abc6a,8bab4dff,a6177608,0.0
2025-03-20T22:15:00Z,147abc6a,8bab4dff,a6177608,0.0
2025-03-20T22:18:00Z,147abc6a,8bab4dff,a6177608,0.0
2025-03-20T22:21:00Z,147abc6a,8bab4dff,a6177608,0.0
2025-03-20T22:24:00Z,147abc6a,8bab4dff,a6177608,0.0
2025-03-20T22:27:00Z,147abc6a,8bab4dff,a6177608,0.0
2025-03-20T22:30:00Z,147abc6a,8bab4dff,a6177608,0.0
2025-03-20T22:33:00Z,147abc6a,8bab4dff,a6177608,0.0
2025-03-20T22:36:00Z,147abc6a,8bab4dff,a6177608,0.0
2025-03-20T22:39:00Z,147abc6a,8bab4dff,a6177608,0.0
2025-03-20T22:42:00Z,147abc6a,8bab4dff,a6177608,0.0
2025-03-20T22:45:00Z,147abc6a,8bab4dff,a6177608,0.0
2025-03-20T22:48:00Z,147abc6a,8bab4dff,a6177608,0.0
2025-03-20T22:51:00Z,147abc6a,8bab4dff,a6177608,0.02
2025-03-20T22:54:00Z,147abc6a,8bab4dff,a6177608,0.0
2025-03-20T22:57:00Z,147abc6a,8bab4dff,a6177608,0.0
2025-03-20T23:00:00Z,147abc6a,8bab4dff,a6177608,0.0
2025-03-20T23:03:00Z,147abc6a,8bab4dff,a6177608,0.0
2025-03-20T23:06:00Z,147abc6a,8bab4dff,a6177608,0.0
2025-03-20T23:09:00Z,147abc6a,8bab4dff,a6177608,0.0
2025-03-20T23:12:00Z,147abc6a,8bab4dff,a6177608,0.0
2025-03-20T23:15:00Z,147abc6a,8bab4dff,a6177608,0.0
2025-03-20T23:18:00Z,147abc6a,8bab4dff,a6177608,0.0
2025-03-20T23:21:00Z,147abc6a,8bab4dff,a6177608,0.0
2025-03-20T23:24:00Z,147abc6a,8bab4dff,a6177608,0.0
2025-03-20T23:27:00Z,147abc6a,8bab4dff,a6177608,0.0
2025-03-20T23:30:00Z,147abc6a,8bab4dff,a6177608,0.0
2025-03-20T23:33:00Z,147abc6a,8bab4dff,a6177608,0.0
2025-03-20T23:36:00Z,147abc6a,8bab4dff,a6177608,0.0
2025-03-20T23:39:00Z,147abc6a,8bab4dff,a6177608,0.0
2025-03-20T23:42:00Z,147abc6a,8bab4dff,a6177608,0.0
2025-03-20T23:45:00Z,147abc6a,8bab4dff,a6177608,0.0
2025-03-20T23:48:00Z,147abc6a,8bab4dff,a6177608,0.0
2025-03-20T23:51:00Z,147abc6a,8bab4dff,a6177608,0.0
2025-03-20T23:54:00Z,147abc6a,8bab4dff,a6177608,0.0
2025-03-20T23:57:00Z,147abc6a,8bab4dff,a6177608,0.0
2025-03-21T00:00:00Z,147abc6a,8bab4dff,a6177608,0.0
2025-03-21T00:03:00Z,147abc6a,8bab4dff,a6177608,0.0
2025-03-21T00:06:00Z,147abc6a,8bab4dff,a6177608,0.0
2025-03-21T00:09:00Z,147abc6a,8bab4dff,a6177608,0.0
2025-03-21T00:12:00Z,147abc6a,8bab4dff,a6177608,0.0
2025-03-21T00:15:00Z,147abc6a,8bab4dff,a6177608,0.0
2025-03-21T00:18:00Z,147abc6a,8bab4dff,a6177608,0.0
2025-03-21T00:21:00Z,147abc6a,8bab4dff,a6177608,0.0
2025-03-21T00:24:00Z,147abc6a,8bab4dff,a6177608,0.0
2025-03-21T00:27:00Z,147abc6a,8bab4dff,a6177608,0.0
2025-03-21T00:30:00Z,147abc6a,8bab4dff,a6177608,0.0
2025-03-21T00:33:00Z,147abc6a,8bab4dff,a6177608,0.0
2025-03-21T00:36:00Z,147abc6a,8bab4dff,a6177608,0.0
2025-03-21T00:39:00Z,147abc6a,8bab4dff,a6177608,0.0
2025-03-21T00:42:00Z,147abc6a,8bab4dff,a6177608,0.0
2025-03-21T00:45:00Z,147abc6a,8bab4dff,a6177608,0.0
2025-03-21T00:48:00Z,147abc6a,8bab4dff,a6177608,0.0
2025-03-21T00:51:00Z,147abc6a,8bab4dff,a6177608,0.0
2025-03-21T00:54:00Z,147abc6a,8bab4dff,a6177608,0.0
2025-03-21T00:57:00Z,147abc6a,8bab4dff,a6177608,0.0
2025-03-21T01:00:00Z,147abc6a,8bab4dff,a6177608,0.0
2025-03-21T01:03:00Z,147abc6a,8bab4dff,a6177608,0.0
2025-03-21T01:06:00Z,147abc6a,8bab4dff,a6177608,0.0
2025-03-21T01:09:00Z,147abc6a,8bab4dff,a6177608,0.0
2025-03-21T01:12:00Z,147abc6a,8bab4dff,a6177608,0.0
2025-03-21T01:15:00Z,147abc6a,8bab4dff,a6177608,0.0
2025-03-21T01:18:00Z,147abc6a,8bab4dff,a6177608,0.0
2025-03-21T01:21:00Z,147abc6a,8bab4dff,a6177608,0.0
2025-03-21T01:24:00Z,147abc6a,8bab4dff,a6177608,0.0
2025-03-21T01:27:00Z,147abc6a,8bab4dff,a6177608,0.0
2025-03-21T01:30:00Z,147abc6a,8bab4dff,a6177608,0.0
2025-03-21T01:33:00Z,147abc6a,8bab4dff,a6177608,0.0
2025-03-21T01:36:00Z,147abc6a,8bab4dff,a6177608,0.0
2025-03-21T01:39:00Z,147abc6a,8bab4dff,a6177608,0.0
2025-03-21T01:42:00Z,147abc6a,8bab4dff,a6177608,0.0
2025-03-21T01:45:00Z,147abc6a,8bab4dff,a6177608,0.0
2025-03-21T01:48:00Z,147abc6a,8bab4dff,a6177608,0.0
2025-03-21T01:51:00Z,147abc6a,8bab4dff,a6177608,0.0
2025-03-21T01:54:00Z,147abc6a,8bab4dff,a6177608,0.0
2025-03-21T01:57:00Z,147abc6a,8bab4dff,a6177608,0.0
2025-03-21T02:00:00Z,147abc6a,8bab4dff,a6177608,0.0
2025-03-21T02:03:00Z,147abc6a,8bab4dff,a6177608,0.0
2025-03-21T02:06:00Z,147abc6a,8bab4dff,a6177608,0.0
2025-03-21T02:09:00Z,147abc6a,8bab4dff,a6177608,0.0
2025-03-21T02:12:00Z,147abc6a,8bab4dff,a6177608,0.0
2025-03-21T02:15:00Z,147abc6a,8bab4dff,a6177608,0.0
2025-03-21T02:18:00Z,147abc6a,8bab4dff,a6177608,0.0
2025-03-21T02:21:00Z,147abc6a,8bab4dff,a6177608,0.0
2025-03-21T02:24:00Z,147abc6a,8bab4dff,a6177608,0.0
2025-03-21T02:27:00Z,147abc6a,8bab4dff,a6177608,0.0
2025-03-21T02:30:00Z,147abc6a,8bab4dff,a6177608,0.0
2025-03-21T02:33:00Z,147abc6a,8bab4dff,a6177608,0.0
2025-03-21T02:36:00Z,147abc6a,8bab4dff,a6177608,0.0
2025-03-21T02:39:00Z,147abc6a,8bab4dff,a6177608,0.0
2025-03-21T02:42:00Z,147abc6a,8bab4dff,a6177608,0.0
2025-03-21T02:45:00Z,147abc6a,8bab4dff,a6177608,0.0
2025-03-21T02:48:00Z,147abc6a,8bab4dff,a6177608,0.0
2025-03-21T02:51:00Z,147abc6a,8bab4dff,a6177608,0.0
2025-03-21T02:54:00Z,147abc6a,8bab4dff,a6177608,0.0
2025-03-21T02:57:00Z,147abc6a,8bab4dff,a6177608,0.0
2025-03-21T03:00:00Z,147abc6a,8bab4dff,a6177608,0.0
2025-03-21T03:03:00Z,147abc6a,8bab4dff,a6177608,0.0
2025-03-21T03:06:00Z,147abc6a,8bab4dff,a6177608,0.0
2025-03-21T03:09:00Z,147abc6a,8bab4dff,a6177608,0.0
2025-03-21T03:12:00Z,147abc6a,8bab4dff,a6177608,0.0
2025-03-21T03:15:00Z,147abc6a,8bab4dff,a6177608,0.0
2025-03-21T03:18:00Z,147abc6a,8bab4dff,a6177608,0.0
2025-03-21T03:21:00Z,147abc6a,8bab4dff,a6177608,0.0
2025-03-21T03:24:00Z,147abc6a,8bab4dff,a6177608,0.0
2025-03-21T03:27:00Z,147abc6a,8bab4dff,a6177608,0.0
2025-03-21T03:30:00Z,147abc6a,8bab4dff,a6177608,0.0
2025-03-21T03:33:00Z,147abc6a,8bab4dff,a6177608,0.0
2025-03-21T03:36:00Z,147abc6a,8bab4dff,a6177608,0.0
2025-03-21T03:39:00Z,147abc6a,8bab4dff,a6177608,0.0
2025-03-21T03:42:00Z,147abc6a,8bab4dff,a6177608,0.0
2025-03-21T03:45:00Z,147abc6a,8bab4dff,a6177608,0.0
2025-03-21T03:48:00Z,147abc6a,8bab4dff,a6177608,0.0
2025-03-21T03:51:00Z,147abc6a,8bab4dff,a6177608,0.0
2025-03-21T03:54:00Z,147abc6a,8bab4dff,a6177608,0.0
2025-03-21T03:57:00Z,147abc6a,8bab4dff,a6177608,0.0
2025-03-21T04:00:00Z,147abc6a,8bab4dff,a6177608,0.0
2025-03-21T04:03:00Z,147abc6a,8bab4dff,a6177608,0.0
2025-03-21T04:06:00Z,147abc6a,8bab4dff,a6177608,0.0
2025-03-21T04:09:00Z,147abc6a,8bab4dff,a6177608,0.0
2025-03-21T04:12:00Z,147abc6a,8bab4dff,a6177608,0.0
2025-03-21T04:15:00Z,147abc6a,8bab4dff,a6177608,0.0
2025-03-21T04:18:00Z,147abc6a,8bab4dff,a6177608,0.0
2025-03-21T04:21:00Z,147abc6a,8bab4dff,a6177608,0.0
2025-03-21T04:24:00Z,147abc6a,8bab4dff,a6177608,0.0
2025-03-21T04:27:00Z,147abc6a,8bab4dff,a6177608,0.0
2025-03-21T04:30:00Z,147abc6a,8bab4dff,a6177608,0.0
2025-03-21T04:33:00Z,147abc6a,8bab4dff,a6177608,0.0
2025-03-21T04:36:00Z,147abc6a,8bab4dff,a6177608,0.0
2025-03-21T04:39:00Z,147abc6a,8bab4dff,a6177608,0.0
2025-03-21T04:42:00Z,147abc6a,8bab4dff,a6177608,0.0
2025-03-21T04:45:00Z,147abc6a,8bab4dff,a6177608,0.0
2025-03-21T04:48:00Z,147abc6a,8bab4dff,a6177608,0.0
2025-03-21T04:51:00Z,147abc6a,8bab4dff,a6177608,0.0
2025-03-21T04:54:00Z,147abc6a,8bab4dff,a6177608,0.0
2025-03-21T04:57:00Z,147abc6a,8bab4dff,a6177608,0.0
2025-03-21T05:00:00Z,147abc6a,8bab4dff,a6177608,0.0
2025-03-21T05:03:00Z,147abc6a,8bab4dff,a6177608,0.0
2025-03-21T05:06:00Z,147abc6a,8bab4dff,a6177608,0.0
2025-03-21T05:09:00Z,147abc6a,8bab4dff,a6177608,0.0
2025-03-21T05:12:00Z,147abc6a,8bab4dff,a6177608,0.0
2025-03-21T05:15:00Z,147abc6a,8bab4dff,a6177608,0.0
2025-03-21T05:18:00Z,147abc6a,8bab4dff,a6177608,0.0
2025-03-21T05:21:00Z,147abc6a,8bab4dff,a6177608,0.0
2025-03-21T05:24:00Z,147abc6a,8bab4dff,a6177608,0.0
2025-03-21T05:27:00Z,147abc6a,8bab4dff,a6177608,0.0
2025-03-21T05:30:00Z,147abc6a,8bab4dff,a6177608,0.0
2025-03-21T05:33:00Z,147abc6a,8bab4dff,a6177608,0.0
2025-03-21T05:36:00Z,147abc6a,8bab4dff,a6177608,0.0
2025-03-21T05:39:00Z,147abc6a,8bab4dff,a6177608,0.0
2025-03-21T05:42:00Z,147abc6a,8bab4dff,a6177608,0.0
2025-03-21T05:45:00Z,147abc6a,8bab4dff,a6177608,0.0
2025-03-21T05:48:00Z,147abc6a,8bab4dff,a6177608,0.0
2025-03-21T05:51:00Z,147abc6a,8bab4dff,a6177608,0.0
2025-03-21T05:54:00Z,147abc6a,8bab4dff,a6177608,0.0
2025-03-21T05:57:00Z,147abc6a,8bab4dff,a6177608,0.0
2025-03-21T06:00:00Z,147abc6a,8bab4dff,a6177608,0.0
2025-03-21T06:03:00Z,147abc6a,8bab4dff,a6177608,0.0
2025-03-21T06:06:00Z,147abc6a,8bab4dff,a6177608,0.0
2025-03-21T06:09:00Z,147abc6a,8bab4dff,a6177608,0.0
2025-03-21T06:12:00Z,147abc6a,8bab4dff,a6177608,0.0
2025-03-21T06:15:00Z,147abc6a,8bab4dff,a6177608,0.0
2025-03-21T06:18:00Z,147abc6a,8bab4dff,a6177608,0.0
2025-03-21T06:21:00Z,147abc6a,8bab4dff,a6177608,0.0
2025-03-21T06:24:00Z,147abc6a,8bab4dff,a6177608,0.0
2025-03-21T06:27:00Z,147abc6a,8bab4dff,a6177608,0.0
2025-03-21T06:30:00Z,147abc6a,8bab4dff,a6177608,0.0
2025-03-21T06:33:00Z,147abc6a,8bab4dff,a6177608,0.0
2025-03-21T06:36:00Z,147abc6a,8bab4dff,a6177608,0.0
2025-03-21T06:39:00Z,147abc6a,8bab4dff,a6177608,0.0
2025-03-21T06:42:00Z,147abc6a,8bab4dff,a6177608,0.0
2025-03-21T06:45:00Z,147abc6a,8bab4dff,a6177608,0.0
2025-03-21T06:48:00Z,147abc6a,8bab4dff,a6177608,0.0
2025-03-21T06:51:00Z,147abc6a,8bab4dff,a6177608,0.0
2025-03-21T06:54:00Z,147abc6a,8bab4dff,a6177608,0.0
2025-03-21T06:57:00Z,147abc6a,8bab4dff,a6177608,0.04
2025-03-21T07:00:00Z,147abc6a,8bab4dff,a6177608,0.0
2025-03-21T07:03:00Z,147abc6a,8bab4dff,a6177608,0.0
2025-03-21T07:06:00Z,147abc6a,8bab4dff,a6177608,0.0
2025-03-21T07:09:00Z,147abc6a,8bab4dff,a6177608,0.0
2025-03-21T07:12:00Z,147abc6a,8bab4dff,a6177608,0.0
2025-03-21T07:15:00Z,147abc6a,8bab4dff,a6177608,0.0
2025-03-21T07:18:00Z,147abc6a,8bab4dff,a6177608,0.0
2025-03-21T07:21:00Z,147abc6a,8bab4dff,a6177608,0.0
2025-03-21T07:24:00Z,147abc6a,8bab4dff,a6177608,0.0
2025-03-21T07:27:00Z,147abc6a,8bab4dff,a6177608,0.0
2025-03-21T07:30:00Z,147abc6a,8bab4dff,a6177608,0.0
2025-03-21T07:33:00Z,147abc6a,8bab4dff,a6177608,0.0
2025-03-21T07:36:00Z,147abc6a,8bab4dff,a6177608,0.0
2025-03-21T07:39:00Z,147abc6a,8bab4dff,a6177608,0.0
2025-03-21T07:42:00Z,147abc6a,8bab4dff,a6177608,0.0
2025-03-21T07:45:00Z,147abc6a,8bab4dff,a6177608,0.0
2025-03-21T07:48:00Z,147abc6a,8bab4dff,a6177608,0.0
2025-03-21T07:51:00Z,147abc6a,8bab4dff,a6177608,0.0
2025-03-21T07:54:00Z,147abc6a,8bab4dff,a6177608,0.0
2025-03-21T07:57:00Z,147abc6a,8bab4dff,a6177608,0.0
2025-03-21T08:00:00Z,147abc6a,8bab4dff,a6177608,0.0
2025-03-21T08:03:00Z,147abc6a,8bab4dff,a6177608,0.0
2025-03-21T08:06:00Z,147abc6a,8bab4dff,a6177608,0.0
2025-03-21T08:09:00Z,147abc6a,8bab4dff,a6177608,0.0
2025-03-21T08:12:00Z,147abc6a,8bab4dff,a6177608,0.0
2025-03-21T08:15:00Z,147abc6a,8bab4dff,a6177608,0.0
2025-03-21T08:18:00Z,147abc6a,8bab4dff,a6177608,0.0
2025-03-21T08:21:00Z,147abc6a,8bab4dff,a6177608,0.0
2025-03-21T08:24:00Z,147abc6a,8bab4dff,a6177608,0.0
2025-03-21T08:27:00Z,147abc6a,8bab4dff,a6177608,0.0
2025-03-21T08:30:00Z,147abc6a,8bab4dff,a6177608,0.0
2025-03-21T08:33:00Z,147abc6a,8bab4dff,a6177608,0.0
2025-03-21T08:36:00Z,147abc6a,8bab4dff,a6177608,0.0
2025-03-21T08:39:00Z,147abc6a,8bab4dff,a6177608,0.0
2025-03-21T08:42:00Z,147abc6a,8bab4dff,a6177608,0.0
2025-03-21T08:45:00Z,147abc6a,8bab4dff,a6177608,0.0
2025-03-21T08:48:00Z,147abc6a,8bab4dff,a6177608,0.0
2025-03-21T08:51:00Z,147abc6a,8bab4dff,a6177608,0.0
2025-03-21T08:54:00Z,147abc6a,8bab4dff,a6177608,0.0
2025-03-21T08:57:00Z,147abc6a,8bab4dff,a6177608,0.0
2025-03-21T09:00:00Z,147abc6a,8bab4dff,a6177608,0.0
2025-03-21T09:03:00Z,147abc6a,8bab4dff,a6177608,0.0
2025-03-21T09:06:00Z,147abc6a,8bab4dff,a6177608,0.0
2025-03-21T09:09:00Z,147abc6a,8bab4dff,a6177608,0.0
2025-03-21T09:12:00Z,147abc6a,8bab4dff,a6177608,0.0
2025-03-21T09:15:00Z,147abc6a,8bab4dff,a6177608,0.0
2025-03-21T09:18:00Z,147abc6a,8bab4dff,a6177608,0.0
2025-03-21T09:21:00Z,147abc6a,8bab4dff,a6177608,0.0
2025-03-21T09:24:00Z,147abc6a,8bab4dff,a6177608,0.0
2025-03-21T09:27:00Z,147abc6a,8bab4dff,a6177608,0.0
2025-03-21T09:30:00Z,147abc6a,8bab4dff,a6177608,0.0
2025-03-21T09:33:00Z,147abc6a,8bab4dff,a6177608,0.0
2025-03-21T09:36:00Z,147abc6a,8bab4dff,a6177608,0.0
2025-03-21T09:39:00Z,147abc6a,8bab4dff,a6177608,0.0
2025-03-21T09:42:00Z,147abc6a,8bab4dff,a6177608,0.0
2025-03-21T09:45:00Z,147abc6a,8bab4dff,a6177608,0.0
2025-03-21T09:48:00Z,147abc6a,8bab4dff,a6177608,0.0
2025-03-21T09:51:00Z,147abc6a,8bab4dff,a6177608,0.0
2025-03-21T09:54:00Z,147abc6a,8bab4dff,a6177608,0.0
2025-03-21T09:57:00Z,147abc6a,8bab4dff,a6177608,0.0
2025-03-21T10:00:00Z,147abc6a,8bab4dff,a6177608,0.0
2025-03-21T10:03:00Z,147abc6a,8bab4dff,a6177608,0.0
2025-03-21T10:06:00Z,147abc6a,8bab4dff,a6177608,0.0
2025-03-21T10:09:00Z,147abc6a,8bab4dff,a6177608,0.0
2025-03-21T10:12:00Z,147abc6a,8bab4dff,a6177608,0.0
2025-03-21T10:15:00Z,147abc6a,8bab4dff,a6177608,0.0
2025-03-21T10:18:00Z,147abc6a,8bab4dff,a6177608,0.0
2025-03-21T10:21:00Z,147abc6a,8bab4dff,a6177608,0.0
2025-03-21T10:24:00Z,147abc6a,8bab4dff,a6177608,0.0
2025-03-21T10:27:00Z,147abc6a,8bab4dff,a6177608,0.0
2025-03-21T10:30:00Z,147abc6a,8bab4dff,a6177608,0.0
2025-03-21T10:33:00Z,147abc6a,8bab4dff,a6177608,0.0
2025-03-21T10:36:00Z,147abc6a,8bab4dff,a6177608,0.0
2025-03-21T10:39:00Z,147abc6a,8bab4dff,a6177608,0.0
2025-03-21T10:42:00Z,147abc6a,8bab4dff,a6177608,0.0
2025-03-21T10:45:00Z,147abc6a,8bab4dff,a6177608,0.0
2025-03-21T10:48:00Z,147abc6a,8bab4dff,a6177608,0.0
2025-03-21T10:51:00Z,147abc6a,8bab4dff,a6177608,0.0
2025-03-21T10:54:00Z,147abc6a,8bab4dff,a6177608,0.0
2025-03-21T10:57:00Z,147abc6a,8bab4dff,a6177608,0.0
2025-03-21T11:00:00Z,147abc6a,8bab4dff,a6177608,0.0
2025-03-21T11:03:00Z,147abc6a,8bab4dff,a6177608,0.0
2025-03-21T11:06:00Z,147abc6a,8bab4dff,a6177608,0.0
2025-03-21T11:09:00Z,147abc6a,8bab4dff,a6177608,0.0
2025-03-21T11:12:00Z,147abc6a,8bab4dff,a6177608,0.0
2025-03-21T11:15:00Z,147abc6a,8bab4dff,a6177608,0.0
2025-03-21T11:18:00Z,147abc6a,8bab4dff,a6177608,0.0
2025-03-21T11:21:00Z,147abc6a,8bab4dff,a6177608,0.0
2025-03-21T11:24:00Z,147abc6a,8bab4dff,a6177608,0.0
2025-03-21T11:27:00Z,147abc6a,8bab4dff,a6177608,0.0
2025-03-21T11:30:00Z,147abc6a,8bab4dff,a6177608,0.0
2025-03-21T11:33:00Z,147abc6a,8bab4dff,a6177608,0.0
2025-03-21T11:36:00Z,147abc6a,8bab4dff,a6177608,0.0
2025-03-21T11:39:00Z,147abc6a,8bab4dff,a6177608,0.0
2025-03-21T11:42:00Z,147abc6a,8bab4dff,a6177608,0.0
2025-03-21T11:45:00Z,147abc6a,8bab4dff,a6177608,0.0
2025-03-21T11:48:00Z,147abc6a,8bab4dff,a6177608,0.0
2025-03-21T11:51:00Z,147abc6a,8bab4dff,a6177608,0.0
2025-03-21T11:54:00Z,147abc6a,8bab4dff,a6177608,0.0
2025-03-21T11:57:00Z,147abc6a,8bab4dff,a6177608,0.0
2025-03-21T12:00:00Z,147abc6a,8bab4dff,a6177608,0.0
2025-03-21T12:03:00Z,147abc6a,8bab4dff,a6177608,0.0
2025-03-21T12:06:00Z,147abc6a,8bab4dff,a6177608,0.0
2025-03-21T12:09:00Z,147abc6a,8bab4dff,a6177608,0.0
2025-03-21T12:12:00Z,147abc6a,8bab4dff,a6177608,0.0
2025-03-21T12:15:00Z,147abc6a,8bab4dff,a6177608,0.0
2025-03-21T12:18:00Z,147abc6a,8bab4dff,a6177608,0.0
2025-03-21T12:21:00Z,147abc6a,8bab4dff,a6177608,0.0
2025-03-21T12:24:00Z,147abc6a,8bab4dff,a6177608,0.0
2025-03-21T12:27:00Z,147abc6a,8bab4dff,a6177608,0.0
2025-03-21T12:30:00Z,147abc6a,8bab4dff,a6177608,0.0
2025-03-21T12:33:00Z,147abc6a,8bab4dff,a6177608,0.0
2025-03-21T12:36:00Z,147abc6a,8bab4dff,a6177608,0.0
2025-03-21T12:39:00Z,147abc6a,8bab4dff,a6177608,0.0
2025-03-21T12:42:00Z,147abc6a,8bab4dff,a6177608,0.0
2025-03-21T12:45:00Z,147abc6a,8bab4dff,a6177608,0.0
2025-03-21T12:48:00Z,147abc6a,8bab4dff,a6177608,0.0
2025-03-21T12:51:00Z,147abc6a,8bab4dff,a6177608,0.01
2025-03-21T12:54:00Z,147abc6a,8bab4dff,a6177608,0.0
2025-03-21T12:57:00Z,147abc6a,8bab4dff,a6177608,0.0
2025-03-21T13:00:00Z,147abc6a,8bab4dff,a6177608,0.0
2025-03-21T13:03:00Z,147abc6a,8bab4dff,a6177608,0.0
2025-03-21T13:06:00Z,147abc6a,8bab4dff,a6177608,0.0
2025-03-21T13:09:00Z,147abc6a,8bab4dff,a6177608,0.0
2025-03-21T13:12:00Z,147abc6a,8bab4dff,a6177608,0.0
2025-03-21T13:15:00Z,147abc6a,8bab4dff,a6177608,0.0
2025-03-21T13:18:00Z,147abc6a,8bab4dff,a6177608,0.0
2025-03-21T13:21:00Z,147abc6a,8bab4dff,a6177608,0.0
2025-03-21T13:24:00Z,147abc6a,8bab4dff,a6177608,0.0
2025-03-21T13:27:00Z,147abc6a,8bab4dff,a6177608,0.0
2025-03-21T13:30:00Z,147abc6a,8bab4dff,a6177608,0.0
2025-03-21T13:33:00Z,147abc6a,8bab4dff,a6177608,0.0
2025-03-21T13:36:00Z,147abc6a,8bab4dff,a6177608,0.0
2025-03-21T13:39:00Z,147abc6a,8bab4dff,a6177608,0.0
2025-03-21T13:42:00Z,147abc6a,8bab4dff,a6177608,0.0
2025-03-21T13:45:00Z,147abc6a,8bab4dff,a6177608,0.0
2025-03-21T13:48:00Z,147abc6a,8bab4dff,a6177608,0.0
2025-03-21T13:51:00Z,147abc6a,8bab4dff,a6177608,0.0
2025-03-21T13:54:00Z,147abc6a,8bab4dff,a6177608,0.0
2025-03-21T13:57:00Z,147abc6a,8bab4dff,a6177608,0.0
2025-03-21T14:00:00Z,147abc6a,8bab4dff,a6177608,0.0
2025-03-21T14:03:00Z,147abc6a,8bab4dff,a6177608,0.0
2025-03-21T14:06:00Z,147abc6a,8bab4dff,a6177608,0.0
2025-03-21T14:09:00Z,147abc6a,8bab4dff,a6177608,0.0
2025-03-21T14:12:00Z,147abc6a,8bab4dff,a6177608,0.0
2025-03-21T14:15:00Z,147abc6a,8bab4dff,a6177608,0.0
2025-03-21T14:18:00Z,147abc6a,8bab4dff,a6177608,0.0
2025-03-21T14:21:00Z,147abc6a,8bab4dff,a6177608,0.0
2025-03-21T14:24:00Z,147abc6a,8bab4dff,a6177608,0.0
2025-03-21T14:27:00Z,147abc6a,8bab4dff,a6177608,0.0
2025-03-21T14:30:00Z,147abc6a,8bab4dff,a6177608,0.0
2025-03-21T14:33:00Z,147abc6a,8bab4dff,a6177608,0.0
2025-03-21T14:36:00Z,147abc6a,8bab4dff,a6177608,0.0
2025-03-21T14:39:00Z,147abc6a,8bab4dff,a6177608,0.0
2025-03-21T14:42:00Z,147abc6a,8bab4dff,a6177608,0.0
2025-03-21T14:45:00Z,147abc6a,8bab4dff,a6177608,0.0
2025-03-21T14:48:00Z,147abc6a,8bab4dff,a6177608,0.0
2025-03-21T14:51:00Z,147abc6a,8bab4dff,a6177608,0.0
2025-03-21T14:54:00Z,147abc6a,8bab4dff,a6177608,0.0
2025-03-21T14:57:00Z,147abc6a,8bab4dff,a6177608,0.0
2025-03-21T15:00:00Z,147abc6a,8bab4dff,a6177608,0.0
2025-03-21T15:03:00Z,147abc6a,8bab4dff,a6177608,0.0
2025-03-21T15:06:00Z,147abc6a,8bab4dff,a6177608,0.0
2025-03-21T15:09:00Z,147abc6a,8bab4dff,a6177608,0.0
2025-03-21T15:12:00Z,147abc6a,8bab4dff,a6177608,0.0
2025-03-21T15:15:00Z,147abc6a,8bab4dff,a6177608,0.0
2025-03-21T15:18:00Z,147abc6a,8bab4dff,a6177608,0.0
2025-03-21T15:21:00Z,147abc6a,8bab4dff,a6177608,0.0
2025-03-21T15:24:00Z,147abc6a,8bab4dff,a6177608,0.0
2025-03-21T15:27:00Z,147abc6a,8bab4dff,a6177608,0.0
2025-03-21T15:30:00Z,147abc6a,8bab4dff,a6177608,0.0
2025-03-21T15:33:00Z,147abc6a,8bab4dff,a6177608,0.0
2025-03-21T15:36:00Z,147abc6a,8bab4dff,a6177608,0.0
2025-03-21T15:39:00Z,147abc6a,8bab4dff,a6177608,0.0
2025-03-21T15:42:00Z,147abc6a,8bab4dff,a6177608,0.0
2025-03-21T15:45:00Z,147abc6a,8bab4dff,a6177608,0.0
2025-03-21T15:48:00Z,147abc6a,8bab4dff,a6177608,0.0
2025-03-21T15:51:00Z,147abc6a,8bab4dff,a6177608,0.0
2025-03-21T15:54:00Z,147abc6a,8bab4dff,a6177608,0.0
2025-03-21T15:57:00Z,147abc6a,8bab4dff,a6177608,0.0
2025-03-21T16:00:00Z,147abc6a,8bab4dff,a6177608,0.0
2025-03-21T16:03:00Z,147abc6a,8bab4dff,a6177608,0.0
2025-03-21T16:06:00Z,147abc6a,8bab4dff,a6177608,0.0
2025-03-21T16:09:00Z,147abc6a,8bab4dff,a6177608,0.0
2025-03-21T16:12:00Z,147abc6a,8bab4dff,a6177608,0.0
2025-03-21T16:15:00Z,147abc6a,8bab4dff,a6177608,0.0
2025-03-21T16:18:00Z,147abc6a,8bab4dff,a6177608,0.0
2025-03-21T16:21:00Z,147abc6a,8bab4dff,a6177608,0.0
2025-03-21T16:24:00Z,147abc6a,8bab4dff,a6177608,0.0
2025-03-21T16:27:00Z,147abc6a,8bab4dff,a6177608,0.0
2025-03-21T16:30:00Z,147abc6a,8bab4dff,a6177608,0.0
2025-03-21T16:33:00Z,147abc6a,8bab4dff,a6177608,0.0
2025-03-21T16:36:00Z,147abc6a,8bab4dff,a6177608,0.0
2025-03-21T16:39:00Z,147abc6a,8bab4dff,a6177608,0.0
2025-03-21T16:42:00Z,147abc6a,8bab4dff,a6177608,0.0
2025-03-21T16:45:00Z,147abc6a,8bab4dff,a6177608,0.0
2025-03-21T16:48:00Z,147abc6a,8bab4dff,a6177608,0.0
2025-03-21T16:51:00Z,147abc6a,8bab4dff,a6177608,0.0
2025-03-21T16:54:00Z,147abc6a,8bab4dff,a6177608,0.0
2025-03-21T16:57:00Z,147abc6a,8bab4dff,a6177608,0.0
2025-03-21T17:00:00Z,147abc6a,8bab4dff,a6177608,0.0
2025-03-21T17:03:00Z,147abc6a,8bab4dff,a6177608,0.0
2025-03-21T17:06:00Z,147abc6a,8bab4dff,a6177608,0.0
2025-03-21T17:09:00Z,147abc6a,8bab4dff,a6177608,0.0
2025-03-21T17:12:00Z,147abc6a,8bab4dff,a6177608,0.0
2025-03-21T17:15:00Z,147abc6a,8bab4dff,a6177608,0.0
2025-03-21T17:18:00Z,147abc6a,8bab4dff,a6177608,0.0
2025-03-21T17:21:00Z,147abc6a,8bab4dff,a6177608,0.0
2025-03-21T17:24:00Z,147abc6a,8bab4dff,a6177608,0.0
2025-03-21T17:27:00Z,147abc6a,8bab4dff,a6177608,0.0
2025-03-21T17:30:00Z,147abc6a,8bab4dff,a6177608,0.0
2025-03-21T17:33:00Z,147abc6a,8bab4dff,a6177608,0.0
2025-03-21T17:36:00Z,147abc6a,8bab4dff,a6177608,0.0
2025-03-21T17:39:00Z,147abc6a,8bab4dff,a6177608,0.0
2025-03-21T17:42:00Z,147abc6a,8bab4dff,a6177608,0.0
2025-03-21T17:45:00Z,147abc6a,8bab4dff,a6177608,0.0
2025-03-21T17:48:00Z,147abc6a,8bab4dff,a6177608,0.0
2025-03-21T17:51:00Z,147abc6a,8bab4dff,a6177608,0.0
2025-03-21T17:54:00Z,147abc6a,8bab4dff,a6177608,0.0
2025-03-21T17:57:00Z,147abc6a,8bab4dff,a6177608,0.0
2025-03-21T18:00:00Z,147abc6a,8bab4dff,a6177608,0.0
2025-03-21T18:03:00Z,147abc6a,8bab4dff,a6177608,0.0
2025-03-21T18:06:00Z,147abc6a,8bab4dff,a6177608,0.0
2025-03-21T18:09:00Z,147abc6a,8bab4dff,a6177608,0.0
2025-03-21T18:12:00Z,147abc6a,8bab4dff,a6177608,0.0
2025-03-21T18:15:00Z,147abc6a,8bab4dff,a6177608,0.0
2025-03-21T18:18:00Z,147abc6a,8bab4dff,a6177608,0.0
2025-03-21T18:21:00Z,147abc6a,8bab4dff,a6177608,0.0
2025-03-21T18:24:00Z,147abc6a,8bab4dff,a6177608,0.0
2025-03-21T18:27:00Z,147abc6a,8bab4dff,a6177608,0.0
2025-03-21T18:30:00Z,147abc6a,8bab4dff,a6177608,0.0
2025-03-21T18:33:00Z,147abc6a,8bab4dff,a6177608,0.0
2025-03-21T18:36:00Z,147abc6a,8bab4dff,a6177608,0.0
2025-03-21T18:39:00Z,147abc6a,8bab4dff,a6177608,0.0
2025-03-21T18:42:00Z,147abc6a,8bab4dff,a6177608,0.0
2025-03-21T18:45:00Z,147abc6a,8bab4dff,a6177608,0.0
2025-03-21T18:48:00Z,147abc6a,8bab4dff,a6177608,0.0
2025-03-21T18:51:00Z,147abc6a,8bab4dff,a6177608,0.0
2025-03-21T18:54:00Z,147abc6a,8bab4dff,a6177608,0.0
2025-03-21T18:57:00Z,147abc6a,8bab4dff,a6177608,0.0
2025-03-21T19:00:00Z,147abc6a,8bab4dff,a6177608,0.0
2025-03-21T19:03:00Z,147abc6a,8bab4dff,a6177608,0.0
2025-03-21T19:06:00Z,147abc6a,8bab4dff,a6177608,0.0
2025-03-21T19:09:00Z,147abc6a,8bab4dff,a6177608,0.0
2025-03-21T19:12:00Z,147abc6a,8bab4dff,a6177608,0.0
2025-03-21T19:15:00Z,147abc6a,8bab4dff,a6177608,0.0
2025-03-21T19:18:00Z,147abc6a,8bab4dff,a6177608,0.0
2025-03-21T19:21:00Z,147abc6a,8bab4dff,a6177608,0.0
2025-03-21T19:24:00Z,147abc6a,8bab4dff,a6177608,0.0
2025-03-21T19:27:00Z,147abc6a,8bab4dff,a6177608,0.0
2025-03-21T19:30:00Z,147abc6a,8bab4dff,a6177608,0.0
2025-03-21T19:33:00Z,147abc6a,8bab4dff,a6177608,0.0
2025-03-21T19:36:00Z,147abc6a,8bab4dff,a6177608,0.0
2025-03-21T19:39:00Z,147abc6a,8bab4dff,a6177608,0.0
2025-03-21T19:42:00Z,147abc6a,8bab4dff,a6177608,0.0
2025-03-21T19:45:00Z,147abc6a,8bab4dff,a6177608,0.0
2025-03-21T19:48:00Z,147abc6a,8bab4dff,a6177608,0.0
2025-03-21T19:51:00Z,147abc6a,8bab4dff,a6177608,0.0
2025-03-21T19:54:00Z,147abc6a,8bab4dff,a6177608,0.0
2025-03-21T19:57:00Z,147abc6a,8bab4dff,a6177608,0.0
2025-03-21T20:00:00Z,147abc6a,8bab4dff,a6177608,0.0
2025-03-21T20:03:00Z,147abc6a,8bab4dff,a6177608,0.0
2025-03-21T20:06:00Z,147abc6a,8bab4dff,a6177608,0.0
2025-03-21T20:09:00Z,147abc6a,8bab4dff,a6177608,0.0
2025-03-21T20:12:00Z,147abc6a,8bab4dff,a6177608,0.0
2025-03-21T20:15:00Z,147abc6a,8bab4dff,a6177608,0.0
2025-03-21T20:18:00Z,147abc6a,8bab4dff,a6177608,0.0
2025-03-21T20:21:00Z,147abc6a,8bab4dff,a6177608,0.0
2025-03-21T20:24:00Z,147abc6a,8bab4dff,a6177608,0.0
2025-03-21T20:27:00Z,147abc6a,8bab4dff,a6177608,0.0
2025-03-21T20:30:00Z,147abc6a,8bab4dff,a6177608,0.0
2025-03-21T20:33:00Z,147abc6a,8bab4dff,a6177608,0.0
2025-03-21T20:36:00Z,147abc6a,8bab4dff,a6177608,0.0
2025-03-21T20:39:00Z,147abc6a,8bab4dff,a6177608,0.0
2025-03-21T20:42:00Z,147abc6a,8bab4dff,a6177608,0.0
2025-03-21T20:45:00Z,147abc6a,8bab4dff,a6177608,0.0
2025-03-21T20:48:00Z,147abc6a,8bab4dff,a6177608,0.0
2025-03-21T20:51:00Z,147abc6a,8bab4dff,a6177608,0.0
2025-03-21T20:54:00Z,147abc6a,8bab4dff,a6177608,0.0
2025-03-21T20:57:00Z,147abc6a,8bab4dff,a6177608,0.0
2025-03-21T21:00:00Z,147abc6a,8bab4dff,a6177608,0.0
2025-03-21T21:03:00Z,147abc6a,8bab4dff,a6177608,0.0
2025-03-21T21:06:00Z,147abc6a,8bab4dff,a6177608,0.0
2025-03-21T21:09:00Z,147abc6a,8bab4dff,a6177608,0.0
2025-03-21T21:12:00Z,147abc6a,8bab4dff,a6177608,0.0
2025-03-21T21:15:00Z,147abc6a,8bab4dff,a6177608,0.0
2025-03-21T21:18:00Z,147abc6a,8bab4dff,a6177608,0.0
2025-03-21T21:21:00Z,147abc6a,8bab4dff,a6177608,0.0
2025-03-21T21:24:00Z,147abc6a,8bab4dff,a6177608,0.0
2025-03-21T21:27:00Z,147abc6a,8bab4dff,a6177608,0.0
2025-03-21T21:30:00Z,147abc6a,8bab4dff,a6177608,0.0
2025-03-21T21:33:00Z,147abc6a,8bab4dff,a6177608,0.0
2025-03-21T21:36:00Z,147abc6a,8bab4dff,a6177608,0.0
2025-03-21T21:39:00Z,147abc6a,8bab4dff,a6177608,0.0
2025-03-21T21:42:00Z,147abc6a,8bab4dff,a6177608,0.0
2025-03-21T21:45:00Z,147abc6a,8bab4dff,a6177608,0.0
2025-03-21T21:48:00Z,147abc6a,8bab4dff,a6177608,0.0
2025-03-21T21:51:00Z,147abc6a,8bab4dff,a6177608,0.0
2025-03-21T21:54:00Z,147abc6a,8bab4dff,a6177608,0.0
2025-03-21T21:57:00Z,147abc6a,8bab4dff,a6177608,0.0
2025-03-21T22:00:00Z,147abc6a,8bab4dff,a6177608,0.0
2025-03-21T22:03:00Z,147abc6a,8bab4dff,a6177608,0.0
2025-03-21T22:06:00Z,147abc6a,8bab4dff,a6177608,0.0
2025-03-21T22:09:00Z,147abc6a,8bab4dff,a6177608,0.0
2025-03-21T22:12:00Z,147abc6a,8bab4dff,a6177608,0.0
2025-03-21T22:15:00Z,147abc6a,8bab4dff,a6177608,0.0
2025-03-21T22:18:00Z,147abc6a,8bab4dff,a6177608,0.0
2025-03-21T22:21:00Z,147abc6a,8bab4dff,a6177608,0.0
2025-03-21T22:24:00Z,147abc6a,8bab4dff,a6177608,0.0
2025-03-21T22:27:00Z,147abc6a,8bab4dff,a6177608,0.0
2025-03-21T22:30:00Z,147abc6a,8bab4dff,a6177608,0.0
2025-03-21T22:33:00Z,147abc6a,8bab4dff,a6177608,0.0
2025-03-21T22:36:00Z,147abc6a,8bab4dff,a6177608,0.0
2025-03-21T22:39:00Z,147abc6a,8bab4dff,a6177608,0.0
2025-03-21T22:42:00Z,147abc6a,8bab4dff,a6177608,0.0
2025-03-21T22:45:00Z,147abc6a,8bab4dff,a6177608,0.0
2025-03-21T22:48:00Z,147abc6a,8bab4dff,a6177608,0.0
2025-03-21T22:51:00Z,147abc6a,8bab4dff,a6177608,0.01
2025-03-21T22:54:00Z,147abc6a,8bab4dff,a6177608,0.0
2025-03-21T22:57:00Z,147abc6a,8bab4dff,a6177608,0.0
2025-03-21T23:00:00Z,147abc6a,8bab4dff,a6177608,0.0
2025-03-21T23:03:00Z,147abc6a,8bab4dff,a6177608,0.0
2025-03-21T23:06:00Z,147abc6a,8bab4dff,a6177608,0.0
2025-03-21T23:09:00Z,147abc6a,8bab4dff,a6177608,0.0
2025-03-21T23:12:00Z,147abc6a,8bab4dff,a6177608,0.0
2025-03-21T23:15:00Z,147abc6a,8bab4dff,a6177608,0.0
2025-03-21T23:18:00Z,147abc6a,8bab4dff,a6177608,0.0
2025-03-21T23:21:00Z,147abc6a,8bab4dff,a6177608,0.0
2025-03-21T23:24:00Z,147abc6a,8bab4dff,a6177608,0.0
2025-03-21T23:27:00Z,147abc6a,8bab4dff,a6177608,0.0
2025-03-21T23:30:00Z,147abc6a,8bab4dff,a6177608,0.0
2025-03-21T23:33:00Z,147abc6a,8bab4dff,a6177608,0.0
2025-03-21T23:36:00Z,147abc6a,8bab4dff,a6177608,0.0
2025-03-21T23:39:00Z,147abc6a,8bab4dff,a6177608,0.0
2025-03-21T23:42:00Z,147abc6a,8bab4dff,a6177608,0.0
2025-03-21T23:45:00Z,147abc6a,8bab4dff,a6177608,0.0
2025-03-21T23:48:00Z,147abc6a,8bab4dff,a6177608,0.0
2025-03-21T23:51:00Z,147abc6a,8bab4dff,a6177608,0.0
2025-03-21T23:54:00Z,147abc6a,8bab4dff,a6177608,0.0
2025-03-21T23:57:00Z,147abc6a,8bab4dff,a6177608,0.0
2025-03-22T00:00:00Z,147abc6a,8bab4dff,a6177608,0.0
2025-03-22T00:03:00Z,147abc6a,8bab4dff,a6177608,0.0
2025-03-22T00:06:00Z,147abc6a,8bab4dff,a6177608,0.0
2025-03-22T00:09:00Z,147abc6a,8bab4dff,a6177608,0.0
2025-03-22T00:12:00Z,147abc6a,8bab4dff,a6177608,0.0
2025-03-22T00:15:00Z,147abc6a,8bab4dff,a6177608,0.0
2025-03-22T00:18:00Z,147abc6a,8bab4dff,a6177608,0.0
2025-03-22T00:21:00Z,147abc6a,8bab4dff,a6177608,0.0
2025-03-22T00:24:00Z,147abc6a,8bab4dff,a6177608,0.0
2025-03-22T00:27:00Z,147abc6a,8bab4dff,a6177608,0.0
2025-03-22T00:30:00Z,147abc6a,8bab4dff,a6177608,0.0
2025-03-22T00:33:00Z,147abc6a,8bab4dff,a6177608,0.0
2025-03-22T00:36:00Z,147abc6a,8bab4dff,a6177608,0.0
2025-03-22T00:39:00Z,147abc6a,8bab4dff,a6177608,0.0
2025-03-22T00:42:00Z,147abc6a,8bab4dff,a6177608,0.0
2025-03-22T00:45:00Z,147abc6a,8bab4dff,a6177608,0.0
2025-03-22T00:48:00Z,147abc6a,8bab4dff,a6177608,0.0
2025-03-22T00:51:00Z,147abc6a,8bab4dff,a6177608,0.0
2025-03-22T00:54:00Z,147abc6a,8bab4dff,a6177608,0.0
2025-03-22T00:57:00Z,147abc6a,8bab4dff,a6177608,0.0
2025-03-22T01:00:00Z,147abc6a,8bab4dff,a6177608,0.0
2025-03-22T01:03:00Z,147abc6a,8bab4dff,a6177608,0.0
2025-03-22T01:06:00Z,147abc6a,8bab4dff,a6177608,0.0
2025-03-22T01:09:00Z,147abc6a,8bab4dff,a6177608,0.0
2025-03-22T01:12:00Z,147abc6a,8bab4dff,a6177608,0.0
2025-03-22T01:15:00Z,147abc6a,8bab4dff,a6177608,0.0
2025-03-22T01:18:00Z,147abc6a,8bab4dff,a6177608,0.0
2025-03-22T01:21:00Z,147abc6a,8bab4dff,a6177608,0.0
2025-03-22T01:24:00Z,147abc6a,8bab4dff,a6177608,0.0
2025-03-22T01:27:00Z,147abc6a,8bab4dff,a6177608,0.0
2025-03-22T01:30:00Z,147abc6a,8bab4dff,a6177608,0.0
2025-03-22T01:33:00Z,147abc6a,8bab4dff,a6177608,0.0
2025-03-22T01:36:00Z,147abc6a,8bab4dff,a6177608,0.0
2025-03-22T01:39:00Z,147abc6a,8bab4dff,a6177608,0.0
2025-03-22T01:42:00Z,147abc6a,8bab4dff,a6177608,0.0
2025-03-22T01:45:00Z,147abc6a,8bab4dff,a6177608,0.0
2025-03-22T01:48:00Z,147abc6a,8bab4dff,a6177608,0.0
2025-03-22T01:51:00Z,147abc6a,8bab4dff,a6177608,0.0
2025-03-22T01:54:00Z,147abc6a,8bab4dff,a6177608,0.0
2025-03-22T01:57:00Z,147abc6a,8bab4dff,a6177608,0.0
2025-03-22T02:00:00Z,147abc6a,8bab4dff,a6177608,0.0
2025-03-22T02:03:00Z,147abc6a,8bab4dff,a6177608,0.0
2025-03-22T02:06:00Z,147abc6a,8bab4dff,a6177608,0.0
2025-03-22T02:09:00Z,147abc6a,8bab4dff,a6177608,0.0
2025-03-22T02:12:00Z,147abc6a,8bab4dff,a6177608,0.0
2025-03-22T02:15:00Z,147abc6a,8bab4dff,a6177608,0.0
2025-03-22T02:18:00Z,147abc6a,8bab4dff,a6177608,0.0
2025-03-22T02:21:00Z,147abc6a,8bab4dff,a6177608,0.0
2025-03-22T02:24:00Z,147abc6a,8bab4dff,a6177608,0.0
2025-03-22T02:27:00Z,147abc6a,8bab4dff,a6177608,0.0
2025-03-22T02:30:00Z,147abc6a,8bab4dff,a6177608,0.0
2025-03-22T02:33:00Z,147abc6a,8bab4dff,a6177608,0.0
2025-03-22T02:36:00Z,147abc6a,8bab4dff,a6177608,0.0
2025-03-22T02:39:00Z,147abc6a,8bab4dff,a6177608,0.0
2025-03-22T02:42:00Z,147abc6a,8bab4dff,a6177608,0.0
2025-03-22T02:45:00Z,147abc6a,8bab4dff,a6177608,0.0
2025-03-22T02:48:00Z,147abc6a,8bab4dff,a6177608,0.0
2025-03-22T02:51:00Z,147abc6a,8bab4dff,a6177608,0.0
2025-03-22T02:54:00Z,147abc6a,8bab4dff,a6177608,0.0
2025-03-22T02:57:00Z,147abc6a,8bab4dff,a6177608,0.0
2025-03-22T03:00:00Z,147abc6a,8bab4dff,a6177608,0.0
2025-03-22T03:03:00Z,147abc6a,8bab4dff,a6177608,0.0
2025-03-22T03:06:00Z,147abc6a,8bab4dff,a6177608,0.0
2025-03-22T03:09:00Z,147abc6a,8bab4dff,a6177608,0.0
2025-03-22T03:12:00Z,147abc6a,8bab4dff,a6177608,0.0
2025-03-22T03:15:00Z,147abc6a,8bab4dff,a6177608,0.0
2025-03-22T03:18:00Z,147abc6a,8bab4dff,a6177608,0.0
2025-03-22T03:21:00Z,147abc6a,8bab4dff,a6177608,0.0
2025-03-22T03:24:00Z,147abc6a,8bab4dff,a6177608,0.0
2025-03-22T03:27:00Z,147abc6a,8bab4dff,a6177608,0.0
2025-03-22T03:30:00Z,147abc6a,8bab4dff,a6177608,0.0
2025-03-22T03:33:00Z,147abc6a,8bab4dff,a6177608,0.0
2025-03-22T03:36:00Z,147abc6a,8bab4dff,a6177608,0.0
2025-03-22T03:39:00Z,147abc6a,8bab4dff,a6177608,0.0
2025-03-22T03:42:00Z,147abc6a,8bab4dff,a6177608,0.0
2025-03-22T03:45:00Z,147abc6a,8bab4dff,a6177608,0.0
2025-03-22T03:48:00Z,147abc6a,8bab4dff,a6177608,0.0
2025-03-22T03:51:00Z,147abc6a,8bab4dff,a6177608,0.0
2025-03-22T03:54:00Z,147abc6a,8bab4dff,a6177608,0.0
2025-03-22T03:57:00Z,147abc6a,8bab4dff,a6177608,0.0
2025-03-22T04:00:00Z,147abc6a,8bab4dff,a6177608,0.0
2025-03-22T04:03:00Z,147abc6a,8bab4dff,a6177608,0.0
2025-03-22T04:06:00Z,147abc6a,8bab4dff,a6177608,0.0
2025-03-22T04:09:00Z,147abc6a,8bab4dff,a6177608,0.0
2025-03-22T04:12:00Z,147abc6a,8bab4dff,a6177608,0.0
2025-03-22T04:15:00Z,147abc6a,8bab4dff,a6177608,0.0
2025-03-22T04:18:00Z,147abc6a,8bab4dff,a6177608,0.0
2025-03-22T04:21:00Z,147abc6a,8bab4dff,a6177608,0.0
2025-03-22T04:24:00Z,147abc6a,8bab4dff,a6177608,0.0
2025-03-22T04:27:00Z,147abc6a,8bab4dff,a6177608,0.0
2025-03-22T04:30:00Z,147abc6a,8bab4dff,a6177608,0.0
2025-03-22T04:33:00Z,147abc6a,8bab4dff,a6177608,0.0
2025-03-22T04:36:00Z,147abc6a,8bab4dff,a6177608,0.0
2025-03-22T04:39:00Z,147abc6a,8bab4dff,a6177608,0.0
2025-03-22T04:42:00Z,147abc6a,8bab4dff,a6177608,0.0
2025-03-22T04:45:00Z,147abc6a,8bab4dff,a6177608,0.0
2025-03-22T04:48:00Z,147abc6a,8bab4dff,a6177608,0.0
2025-03-22T04:51:00Z,147abc6a,8bab4dff,a6177608,0.0
2025-03-22T04:54:00Z,147abc6a,8bab4dff,a6177608,0.0
2025-03-22T04:57:00Z,147abc6a,8bab4dff,a6177608,0.0
2025-03-22T05:00:00Z,147abc6a,8bab4dff,a6177608,0.0
2025-03-22T05:03:00Z,147abc6a,8bab4dff,a6177608,0.0
2025-03-22T05:06:00Z,147abc6a,8bab4dff,a6177608,0.0
2025-03-22T05:09:00Z,147abc6a,8bab4dff,a6177608,0.0
2025-03-22T05:12:00Z,147abc6a,8bab4dff,a6177608,0.0
2025-03-22T05:15:00Z,147abc6a,8bab4dff,a6177608,0.0
2025-03-22T05:18:00Z,147abc6a,8bab4dff,a6177608,0.0
2025-03-22T05:21:00Z,147abc6a,8bab4dff,a6177608,0.0
2025-03-22T05:24:00Z,147abc6a,8bab4dff,a6177608,0.0
2025-03-22T05:27:00Z,147abc6a,8bab4dff,a6177608,0.0
2025-03-22T05:30:00Z,147abc6a,8bab4dff,a6177608,0.0
2025-03-22T05:33:00Z,147abc6a,8bab4dff,a6177608,0.0
2025-03-22T05:36:00Z,147abc6a,8bab4dff,a6177608,0.0
2025-03-22T05:39:00Z,147abc6a,8bab4dff,a6177608,0.0
2025-03-22T05:42:00Z,147abc6a,8bab4dff,a6177608,0.0
2025-03-22T05:45:00Z,147abc6a,8bab4dff,a6177608,0.0
2025-03-22T05:48:00Z,147abc6a,8bab4dff,a6177608,0.0
2025-03-22T05:51:00Z,147abc6a,8bab4dff,a6177608,0.0
2025-03-22T05:54:00Z,147abc6a,8bab4dff,a6177608,0.0
2025-03-22T05:57:00Z,147abc6a,8bab4dff,a6177608,0.0
2025-03-22T06:00:00Z,147abc6a,8bab4dff,a6177608,0.0
2025-03-22T06:03:00Z,147abc6a,8bab4dff,a6177608,0.0
2025-03-22T06:06:00Z,147abc6a,8bab4dff,a6177608,0.0
2025-03-22T06:09:00Z,147abc6a,8bab4dff,a6177608,0.0
2025-03-22T06:12:00Z,147abc6a,8bab4dff,a6177608,0.0
2025-03-22T06:15:00Z,147abc6a,8bab4dff,a6177608,0.0
2025-03-22T06:18:00Z,147abc6a,8bab4dff,a6177608,0.0
2025-03-22T06:21:00Z,147abc6a,8bab4dff,a6177608,0.0
2025-03-22T06:24:00Z,147abc6a,8bab4dff,a6177608,0.0
2025-03-22T06:27:00Z,147abc6a,8bab4dff,a6177608,0.0
2025-03-22T06:30:00Z,147abc6a,8bab4dff,a6177608,0.0
2025-03-22T06:33:00Z,147abc6a,8bab4dff,a6177608,0.0
2025-03-22T06:36:00Z,147abc6a,8bab4dff,a6177608,0.0
2025-03-22T06:39:00Z,147abc6a,8bab4dff,a6177608,0.02
2025-03-22T06:42:00Z,147abc6a,8bab4dff,a6177608,0.0
2025-03-22T06:45:00Z,147abc6a,8bab4dff,a6177608,0.0
2025-03-22T06:48:00Z,147abc6a,8bab4dff,a6177608,0.0
2025-03-22T06:51:00Z,147abc6a,8bab4dff,a6177608,0.0
2025-03-22T06:54:00Z,147abc6a,8bab4dff,a6177608,0.0
2025-03-22T06:57:00Z,147abc6a,8bab4dff,a6177608,0.0
2025-03-22T07:00:00Z,147abc6a,8bab4dff,a6177608,0.0
2025-03-22T07:03:00Z,147abc6a,8bab4dff,a6177608,0.0
2025-03-22T07:06:00Z,147abc6a,8bab4dff,a6177608,0.0
2025-03-22T07:09:00Z,147abc6a,8bab4dff,a6177608,0.0
2025-03-22T07:12:00Z,147abc6a,8bab4dff,a6177608,0.0
2025-03-22T07:15:00Z,147abc6a,8bab4dff,a6177608,0.0
2025-03-22T07:18:00Z,147abc6a,8bab4dff,a6177608,0.0
2025-03-22T07:21:00Z,147abc6a,8bab4dff,a6177608,0.0
2025-03-22T07:24:00Z,147abc6a,8bab4dff,a6177608,0.0
2025-03-22T07:27:00Z,147abc6a,8bab4dff,a6177608,0.0
2025-03-22T07:30:00Z,147abc6a,8bab4dff,a6177608,0.0
2025-03-22T07:33:00Z,147abc6a,8bab4dff,a6177608,0.0
2025-03-22T07:36:00Z,147abc6a,8bab4dff,a6177608,0.0
2025-03-22T07:39:00Z,147abc6a,8bab4dff,a6177608,0.0
2025-03-22T07:42:00Z,147abc6a,8bab4dff,a6177608,0.0
2025-03-22T07:45:00Z,147abc6a,8bab4dff,a6177608,0.0
2025-03-22T07:48:00Z,147abc6a,8bab4dff,a6177608,0.0
2025-03-22T07:51:00Z,147abc6a,8bab4dff,a6177608,0.0
2025-03-22T07:54:00Z,147abc6a,8bab4dff,a6177608,0.0
2025-03-22T07:57:00Z,147abc6a,8bab4dff,a6177608,0.0
2025-03-22T08:00:00Z,147abc6a,8bab4dff,a6177608,0.0
2025-03-22T08:03:00Z,147abc6a,8bab4dff,a6177608,0.0
2025-03-22T08:06:00Z,147abc6a,8bab4dff,a6177608,0.0
2025-03-22T08:09:00Z,147abc6a,8bab4dff,a6177608,0.0
2025-03-22T08:12:00Z,147abc6a,8bab4dff,a6177608,0.0
2025-03-22T08:15:00Z,147abc6a,8bab4dff,a6177608,0.0
2025-03-22T08:18:00Z,147abc6a,8bab4dff,a6177608,0.0
2025-03-22T08:21:00Z,147abc6a,8bab4dff,a6177608,0.0
2025-03-22T08:24:00Z,147abc6a,8bab4dff,a6177608,0.0
2025-03-22T08:27:00Z,147abc6a,8bab4dff,a6177608,0.0
2025-03-22T08:30:00Z,147abc6a,8bab4dff,a6177608,0.0
2025-03-22T08:33:00Z,147abc6a,8bab4dff,a6177608,0.0
2025-03-22T08:36:00Z,147abc6a,8bab4dff,a6177608,0.0
2025-03-22T08:39:00Z,147abc6a,8bab4dff,a6177608,0.0
2025-03-22T08:42:00Z,147abc6a,8bab4dff,a6177608,0.0
2025-03-22T08:45:00Z,147abc6a,8bab4dff,a6177608,0.0
2025-03-22T08:48:00Z,147abc6a,8bab4dff,a6177608,0.0
2025-03-22T08:51:00Z,147abc6a,8bab4dff,a6177608,0.0
2025-03-22T08:54:00Z,147abc6a,8bab4dff,a6177608,0.0
2025-03-22T08:57:00Z,147abc6a,8bab4dff,a6177608,0.0
2025-03-22T09:00:00Z,147abc6a,8bab4dff,a6177608,0.0
2025-03-22T09:03:00Z,147abc6a,8bab4dff,a6177608,0.0
2025-03-22T09:06:00Z,147abc6a,8bab4dff,a6177608,0.0
2025-03-22T09:09:00Z,147abc6a,8bab4dff,a6177608,0.0
2025-03-22T09:12:00Z,147abc6a,8bab4dff,a6177608,0.0
2025-03-22T09:15:00Z,147abc6a,8bab4dff,a6177608,0.0
2025-03-22T09:18:00Z,147abc6a,8bab4dff,a6177608,0.0
2025-03-22T09:21:00Z,147abc6a,8bab4dff,a6177608,0.0
2025-03-22T09:24:00Z,147abc6a,8bab4dff,a6177608,0.0
2025-03-22T09:27:00Z,147abc6a,8bab4dff,a6177608,0.0
2025-03-22T09:30:00Z,147abc6a,8bab4dff,a6177608,0.0
2025-03-22T09:33:00Z,147abc6a,8bab4dff,a6177608,0.0
2025-03-22T09:36:00Z,147abc6a,8bab4dff,a6177608,0.0
2025-03-22T09:39:00Z,147abc6a,8bab4dff,a6177608,0.0
2025-03-22T09:42:00Z,147abc6a,8bab4dff,a6177608,0.0
2025-03-22T09:45:00Z,147abc6a,8bab4dff,a6177608,0.0
2025-03-22T09:48:00Z,147abc6a,8bab4dff,a6177608,0.0
2025-03-22T09:51:00Z,147abc6a,8bab4dff,a6177608,0.0
2025-03-22T09:54:00Z,147abc6a,8bab4dff,a6177608,0.0
2025-03-22T09:57:00Z,147abc6a,8bab4dff,a6177608,0.0
2025-03-22T10:00:00Z,147abc6a,8bab4dff,a6177608,0.0
2025-03-22T10:03:00Z,147abc6a,8bab4dff,a6177608,0.0
2025-03-22T10:06:00Z,147abc6a,8bab4dff,a6177608,0.0
2025-03-22T10:09:00Z,147abc6a,8bab4dff,a6177608,0.0
2025-03-22T10:12:00Z,147abc6a,8bab4dff,a6177608,0.0
2025-03-22T10:15:00Z,147abc6a,8bab4dff,a6177608,0.0
2025-03-22T10:18:00Z,147abc6a,8bab4dff,a6177608,0.0
2025-03-22T10:21:00Z,147abc6a,8bab4dff,a6177608,0.0
2025-03-22T10:24:00Z,147abc6a,8bab4dff,a6177608,0.0
2025-03-22T10:27:00Z,147abc6a,8bab4dff,a6177608,0.0
2025-03-22T10:30:00Z,147abc6a,8bab4dff,a6177608,0.08
2025-03-22T10:33:00Z,147abc6a,8bab4dff,a6177608,0.0
2025-03-22T10:36:00Z,147abc6a,8bab4dff,a6177608,0.0
2025-03-22T10:39:00Z,147abc6a,8bab4dff,a6177608,0.0
2025-03-22T10:42:00Z,147abc6a,8bab4dff,a6177608,0.0
2025-03-22T10:45:00Z,147abc6a,8bab4dff,a6177608,0.0
2025-03-22T10:48:00Z,147abc6a,8bab4dff,a6177608,0.0
2025-03-22T10:51:00Z,147abc6a,8bab4dff,a6177608,0.0
2025-03-22T10:54:00Z,147abc6a,8bab4dff,a6177608,0.0
2025-03-22T10:57:00Z,147abc6a,8bab4dff,a6177608,0.0
2025-03-22T11:00:00Z,147abc6a,8bab4dff,a6177608,0.0
2025-03-22T11:03:00Z,147abc6a,8bab4dff,a6177608,0.0
2025-03-22T11:06:00Z,147abc6a,8bab4dff,a6177608,0.0
2025-03-22T11:09:00Z,147abc6a,8bab4dff,a6177608,0.0
2025-03-22T11:12:00Z,147abc6a,8bab4dff,a6177608,0.0
2025-03-22T11:15:00Z,147abc6a,8bab4dff,a6177608,0.0
2025-03-22T11:18:00Z,147abc6a,8bab4dff,a6177608,0.01
2025-03-22T11:21:00Z,147abc6a,8bab4dff,a6177608,0.0
2025-03-22T11:24:00Z,147abc6a,8bab4dff,a6177608,0.0
2025-03-22T11:27:00Z,147abc6a,8bab4dff,a6177608,0.0
2025-03-22T11:30:00Z,147abc6a,8bab4dff,a6177608,0.0
2025-03-22T11:33:00Z,147abc6a,8bab4dff,a6177608,0.0
2025-03-22T11:36:00Z,147abc6a,8bab4dff,a6177608,0.0
2025-03-22T11:39:00Z,147abc6a,8bab4dff,a6177608,0.0
2025-03-22T11:42:00Z,147abc6a,8bab4dff,a6177608,0.0
2025-03-22T11:45:00Z,147abc6a,8bab4dff,a6177608,0.0
2025-03-22T11:48:00Z,147abc6a,8bab4dff,a6177608,0.0
2025-03-22T11:51:00Z,147abc6a,8bab4dff,a6177608,0.0
2025-03-22T11:54:00Z,147abc6a,8bab4dff,a6177608,0.0
2025-03-22T11:57:00Z,147abc6a,8bab4dff,a6177608,0.0
2025-03-22T12:00:00Z,147abc6a,8bab4dff,a6177608,0.0
2025-03-22T12:03:00Z,147abc6a,8bab4dff,a6177608,0.0
2025-03-22T12:06:00Z,147abc6a,8bab4dff,a6177608,0.0
2025-03-22T12:09:00Z,147abc6a,8bab4dff,a6177608,0.0
2025-03-22T12:12:00Z,147abc6a,8bab4dff,a6177608,0.0
2025-03-22T12:15:00Z,147abc6a,8bab4dff,a6177608,0.0
2025-03-22T12:18:00Z,147abc6a,8bab4dff,a6177608,0.0
2025-03-22T12:21:00Z,147abc6a,8bab4dff,a6177608,0.0
2025-03-22T12:24:00Z,147abc6a,8bab4dff,a6177608,0.0
2025-03-22T12:27:00Z,147abc6a,8bab4dff,a6177608,0.0
2025-03-22T12:30:00Z,147abc6a,8bab4dff,a6177608,0.0
2025-03-22T12:33:00Z,147abc6a,8bab4dff,a6177608,0.0
2025-03-22T12:36:00Z,147abc6a,8bab4dff,a6177608,0.0
2025-03-22T12:39:00Z,147abc6a,8bab4dff,a6177608,0.0
2025-03-22T12:42:00Z,147abc6a,8bab4dff,a6177608,0.0
2025-03-22T12:45:00Z,147abc6a,8bab4dff,a6177608,0.0
2025-03-22T12:48:00Z,147abc6a,8bab4dff,a6177608,0.0
2025-03-22T12:51:00Z,147abc6a,8bab4dff,a6177608,0.0
2025-03-22T12:54:00Z,147abc6a,8bab4dff,a6177608,0.0
2025-03-22T12:57:00Z,147abc6a,8bab4dff,a6177608,0.0
2025-03-22T13:00:00Z,147abc6a,8bab4dff,a6177608,0.0
2025-03-22T13:03:00Z,147abc6a,8bab4dff,a6177608,0.0
2025-03-22T13:06:00Z,147abc6a,8bab4dff,a6177608,0.0
2025-03-22T13:09:00Z,147abc6a,8bab4dff,a6177608,0.0
2025-03-22T13:12:00Z,147abc6a,8bab4dff,a6177608,0.0
2025-03-22T13:15:00Z,147abc6a,8bab4dff,a6177608,0.0
2025-03-22T13:18:00Z,147abc6a,8bab4dff,a6177608,0.0
2025-03-22T13:21:00Z,147abc6a,8bab4dff,a6177608,0.0
2025-03-22T13:24:00Z,147abc6a,8bab4dff,a6177608,0.0
2025-03-22T13:27:00Z,147abc6a,8bab4dff,a6177608,0.0
2025-03-22T13:30:00Z,147abc6a,8bab4dff,a6177608,0.0
2025-03-22T13:33:00Z,147abc6a,8bab4dff,a6177608,0.0
2025-03-22T13:36:00Z,147abc6a,8bab4dff,a6177608,0.0
2025-03-22T13:39:00Z,147abc6a,8bab4dff,a6177608,0.0
2025-03-22T13:42:00Z,147abc6a,8bab4dff,a6177608,0.0
2025-03-22T13:45:00Z,147abc6a,8bab4dff,a6177608,0.0
2025-03-22T13:48:00Z,147abc6a,8bab4dff,a6177608,0.0
2025-03-22T13:51:00Z,147abc6a,8bab4dff,a6177608,0.0
2025-03-22T13:54:00Z,147abc6a,8bab4dff,a6177608,0.0
2025-03-22T13:57:00Z,147abc6a,8bab4dff,a6177608,0.0
2025-03-22T14:00:00Z,147abc6a,8bab4dff,a6177608,0.0
2025-03-22T14:03:00Z,147abc6a,8bab4dff,a6177608,0.0
2025-03-22T14:06:00Z,147abc6a,8bab4dff,a6177608,0.0
2025-03-22T14:09:00Z,147abc6a,8bab4dff,a6177608,0.0
2025-03-22T14:12:00Z,147abc6a,8bab4dff,a6177608,0.0
2025-03-22T14:15:00Z,147abc6a,8bab4dff,a6177608,0.0
2025-03-22T14:18:00Z,147abc6a,8bab4dff,a6177608,0.0
2025-03-22T14:21:00Z,147abc6a,8bab4dff,a6177608,0.0
2025-03-22T14:24:00Z,147abc6a,8bab4dff,a6177608,0.0
2025-03-22T14:27:00Z,147abc6a,8bab4dff,a6177608,0.0
2025-03-22T14:30:00Z,147abc6a,8bab4dff,a6177608,0.0
2025-03-22T14:33:00Z,147abc6a,8bab4dff,a6177608,0.0
2025-03-22T14:36:00Z,147abc6a,8bab4dff,a6177608,0.0
2025-03-22T14:39:00Z,147abc6a,8bab4dff,a6177608,0.0
2025-03-22T14:42:00Z,147abc6a,8bab4dff,a6177608,0.0
2025-03-22T14:45:00Z,147abc6a,8bab4dff,a6177608,0.0
2025-03-22T14:48:00Z,147abc6a,8bab4dff,a6177608,0.0
2025-03-22T14:51:00Z,147abc6a,8bab4dff,a6177608,0.0
2025-03-22T14:54:00Z,147abc6a,8bab4dff,a6177608,0.0
2025-03-22T14:57:00Z,147abc6a,8bab4dff,a6177608,0.0
2025-03-22T15:00:00Z,147abc6a,8bab4dff,a6177608,0.0
2025-03-22T15:03:00Z,147abc6a,8bab4dff,a6177608,0.0
2025-03-22T15:06:00Z,147abc6a,8bab4dff,a6177608,0.0
2025-03-22T15:09:00Z,147abc6a,8bab4dff,a6177608,0.0
2025-03-22T15:12:00Z,147abc6a,8bab4dff,a6177608,0.0
2025-03-22T15:15:00Z,147abc6a,8bab4dff,a6177608,0.0
2025-03-22T15:18:00Z,147abc6a,8bab4dff,a6177608,0.0
2025-03-22T15:21:00Z,147abc6a,8bab4dff,a6177608,0.0
2025-03-22T15:24:00Z,147abc6a,8bab4dff,a6177608,0.0
2025-03-22T15:27:00Z,147abc6a,8bab4dff,a6177608,0.0
2025-03-22T15:30:00Z,147abc6a,8bab4dff,a6177608,0.0
2025-03-22T15:33:00Z,147abc6a,8bab4dff,a6177608,0.0
2025-03-22T15:36:00Z,147abc6a,8bab4dff,a6177608,0.0
2025-03-22T15:39:00Z,147abc6a,8bab4dff,a6177608,0.0
2025-03-22T15:42:00Z,147abc6a,8bab4dff,a6177608,0.0
2025-03-22T15:45:00Z,147abc6a,8bab4dff,a6177608,0.0
2025-03-22T15:48:00Z,147abc6a,8bab4dff,a6177608,0.0
2025-03-22T15:51:00Z,147abc6a,8bab4dff,a6177608,0.0
2025-03-22T15:54:00Z,147abc6a,8bab4dff,a6177608,0.0
2025-03-22T15:57:00Z,147abc6a,8bab4dff,a6177608,0.0
2025-03-22T16:00:00Z,147abc6a,8bab4dff,a6177608,0.0
2025-03-22T16:03:00Z,147abc6a,8bab4dff,a6177608,0.0
2025-03-22T16:06:00Z,147abc6a,8bab4dff,a6177608,0.0
2025-03-22T16:09:00Z,147abc6a,8bab4dff,a6177608,0.0
2025-03-22T16:12:00Z,147abc6a,8bab4dff,a6177608,0.0
2025-03-22T16:15:00Z,147abc6a,8bab4dff,a6177608,0.0
2025-03-22T16:18:00Z,147abc6a,8bab4dff,a6177608,0.0
2025-03-22T16:21:00Z,147abc6a,8bab4dff,a6177608,0.0
2025-03-22T16:24:00Z,147abc6a,8bab4dff,a6177608,0.0
2025-03-22T16:27:00Z,147abc6a,8bab4dff,a6177608,0.0
2025-03-22T16:30:00Z,147abc6a,8bab4dff,a6177608,0.0
2025-03-22T16:33:00Z,147abc6a,8bab4dff,a6177608,0.0
2025-03-22T16:36:00Z,147abc6a,8bab4dff,a6177608,0.0
2025-03-22T16:39:00Z,147abc6a,8bab4dff,a6177608,0.0
2025-03-22T16:42:00Z,147abc6a,8bab4dff,a6177608,0.0
2025-03-22T16:45:00Z,147abc6a,8bab4dff,a6177608,0.0
2025-03-22T16:48:00Z,147abc6a,8bab4dff,a6177608,0.0
2025-03-22T16:51:00Z,147abc6a,8bab4dff,a6177608,0.0
2025-03-22T16:54:00Z,147abc6a,8bab4dff,a6177608,0.0
2025-03-22T16:57:00Z,147abc6a,8bab4dff,a6177608,0.0
2025-03-22T17:00:00Z,147abc6a,8bab4dff,a6177608,0.0
2025-03-22T17:03:00Z,147abc6a,8bab4dff,a6177608,0.0
2025-03-22T17:06:00Z,147abc6a,8bab4dff,a6177608,0.0
2025-03-22T17:09:00Z,147abc6a,8bab4dff,a6177608,0.0
2025-03-22T17:12:00Z,147abc6a,8bab4dff,a6177608,0.0
2025-03-22T17:15:00Z,147abc6a,8bab4dff,a6177608,0.0
2025-03-22T17:18:00Z,147abc6a,8bab4dff,a6177608,0.0
2025-03-22T17:21:00Z,147abc6a,8bab4dff,a6177608,0.0
2025-03-22T17:24:00Z,147abc6a,8bab4dff,a6177608,0.0
2025-03-22T17:27:00Z,147abc6a,8bab4dff,a6177608,0.0
2025-03-22T17:30:00Z,147abc6a,8bab4dff,a6177608,0.0
2025-03-22T17:33:00Z,147abc6a,8bab4dff,a6177608,0.0
2025-03-22T17:36:00Z,147abc6a,8bab4dff,a6177608,0.0
2025-03-22T17:39:00Z,147abc6a,8bab4dff,a6177608,0.0
2025-03-22T17:42:00Z,147abc6a,8bab4dff,a6177608,0.0
2025-03-22T17:45:00Z,147abc6a,8bab4dff,a6177608,0.0
2025-03-22T17:48:00Z,147abc6a,8bab4dff,a6177608,0.0
2025-03-22T17:51:00Z,147abc6a,8bab4dff,a6177608,0.0
2025-03-22T17:54:00Z,147abc6a,8bab4dff,a6177608,0.0
2025-03-22T17:57:00Z,147abc6a,8bab4dff,a6177608,0.0
2025-03-22T18:00:00Z,147abc6a,8bab4dff,a6177608,0.0
2025-03-22T18:03:00Z,147abc6a,8bab4dff,a6177608,0.0
2025-03-22T18:06:00Z,147abc6a,8bab4dff,a6177608,0.0
2025-03-22T18:09:00Z,147abc6a,8bab4dff,a6177608,0.0
2025-03-22T18:12:00Z,147abc6a,8bab4dff,a6177608,0.0
2025-03-22T18:15:00Z,147abc6a,8bab4dff,a6177608,0.0
2025-03-22T18:18:00Z,147abc6a,8bab4dff,a6177608,0.0
2025-03-22T18:21:00Z,147abc6a,8bab4dff,a6177608,0.0
2025-03-22T18:24:00Z,147abc6a,8bab4dff,a6177608,0.0
2025-03-22T18:27:00Z,147abc6a,8bab4dff,a6177608,0.0
2025-03-22T18:30:00Z,147abc6a,8bab4dff,a6177608,0.0
2025-03-22T18:33:00Z,147abc6a,8bab4dff,a6177608,0.0
2025-03-22T18:36:00Z,147abc6a,8bab4dff,a6177608,0.0
2025-03-22T18:39:00Z,147abc6a,8bab4dff,a6177608,0.01
2025-03-22T18:42:00Z,147abc6a,8bab4dff,a6177608,0.01
2025-03-22T18:45:00Z,147abc6a,8bab4dff,a6177608,0.0
2025-03-22T18:48:00Z,147abc6a,8bab4dff,a6177608,0.0
2025-03-22T18:51:00Z,147abc6a,8bab4dff,a6177608,0.0
2025-03-22T18:54:00Z,147abc6a,8bab4dff,a6177608,0.0
2025-03-22T18:57:00Z,147abc6a,8bab4dff,a6177608,0.0
2025-03-22T19:00:00Z,147abc6a,8bab4dff,a6177608,0.0
2025-03-22T19:03:00Z,147abc6a,8bab4dff,a6177608,0.0
2025-03-22T19:06:00Z,147abc6a,8bab4dff,a6177608,0.0
2025-03-22T19:09:00Z,147abc6a,8bab4dff,a6177608,0.0
2025-03-22T19:12:00Z,147abc6a,8bab4dff,a6177608,0.0
2025-03-22T19:15:00Z,147abc6a,8bab4dff,a6177608,0.0
2025-03-22T19:18:00Z,147abc6a,8bab4dff,a6177608,0.0
2025-03-22T19:21:00Z,147abc6a,8bab4dff,a6177608,0.0
2025-03-22T19:24:00Z,147abc6a,8bab4dff,a6177608,0.0
2025-03-22T19:27:00Z,147abc6a,8bab4dff,a6177608,0.0
2025-03-22T19:30:00Z,147abc6a,8bab4dff,a6177608,0.0
2025-03-22T19:33:00Z,147abc6a,8bab4dff,a6177608,0.0
2025-03-22T19:36:00Z,147abc6a,8bab4dff,a6177608,0.0
2025-03-22T19:39:00Z,147abc6a,8bab4dff,a6177608,0.0
2025-03-22T19:42:00Z,147abc6a,8bab4dff,a6177608,0.0
2025-03-22T19:45:00Z,147abc6a,8bab4dff,a6177608,0.0
2025-03-22T19:48:00Z,147abc6a,8bab4dff,a6177608,0.0
2025-03-22T19:51:00Z,147abc6a,8bab4dff,a6177608,0.0
2025-03-22T19:54:00Z,147abc6a,8bab4dff,a6177608,0.0
2025-03-22T19:57:00Z,147abc6a,8bab4dff,a6177608,0.0
2025-03-22T20:00:00Z,147abc6a,8bab4dff,a6177608,0.0
2025-03-22T20:03:00Z,147abc6a,8bab4dff,a6177608,0.0
2025-03-22T20:06:00Z,147abc6a,8bab4dff,a6177608,0.0
2025-03-22T20:09:00Z,147abc6a,8bab4dff,a6177608,0.0
2025-03-22T20:12:00Z,147abc6a,8bab4dff,a6177608,0.0
2025-03-22T20:15:00Z,147abc6a,8bab4dff,a6177608,0.0
2025-03-22T20:18:00Z,147abc6a,8bab4dff,a6177608,0.0
2025-03-22T20:21:00Z,147abc6a,8bab4dff,a6177608,0.0
2025-03-22T20:24:00Z,147abc6a,8bab4dff,a6177608,0.0
2025-03-22T20:27:00Z,147abc6a,8bab4dff,a6177608,0.0
2025-03-22T20:30:00Z,147abc6a,8bab4dff,a6177608,0.0
2025-03-22T20:33:00Z,147abc6a,8bab4dff,a6177608,0.0
2025-03-22T20:36:00Z,147abc6a,8bab4dff,a6177608,0.0
2025-03-22T20:39:00Z,147abc6a,8bab4dff,a6177608,0.0
2025-03-22T20:42:00Z,147abc6a,8bab4dff,a6177608,0.0
2025-03-22T20:45:00Z,147abc6a,8bab4dff,a6177608,0.0
2025-03-22T20:48:00Z,147abc6a,8bab4dff,a6177608,0.0
2025-03-22T20:51:00Z,147abc6a,8bab4dff,a6177608,0.0
2025-03-22T20:54:00Z,147abc6a,8bab4dff,a6177608,0.0
2025-03-22T20:57:00Z,147abc6a,8bab4dff,a6177608,0.0
2025-03-22T21:00:00Z,147abc6a,8bab4dff,a6177608,0.0
2025-03-22T21:03:00Z,147abc6a,8bab4dff,a6177608,0.0
2025-03-22T21:06:00Z,147abc6a,8bab4dff,a6177608,0.0
2025-03-22T21:09:00Z,147abc6a,8bab4dff,a6177608,0.0
2025-03-22T21:12:00Z,147abc6a,8bab4dff,a6177608,0.0
2025-03-22T21:15:00Z,147abc6a,8bab4dff,a6177608,0.0
2025-03-22T21:18:00Z,147abc6a,8bab4dff,a6177608,0.0
2025-03-22T21:21:00Z,147abc6a,8bab4dff,a6177608,0.0
2025-03-22T21:24:00Z,147abc6a,8bab4dff,a6177608,0.0
2025-03-22T21:27:00Z,147abc6a,8bab4dff,a6177608,0.0
2025-03-22T21:30:00Z,147abc6a,8bab4dff,a6177608,0.0
2025-03-22T21:33:00Z,147abc6a,8bab4dff,a6177608,0.0
2025-03-22T21:36:00Z,147abc6a,8bab4dff,a6177608,0.0
2025-03-22T21:39:00Z,147abc6a,8bab4dff,a6177608,0.0
2025-03-22T21:42:00Z,147abc6a,8bab4dff,a6177608,0.0
2025-03-22T21:45:00Z,147abc6a,8bab4dff,a6177608,0.0
2025-03-22T21:48:00Z,147abc6a,8bab4dff,a6177608,0.0
2025-03-22T21:51:00Z,147abc6a,8bab4dff,a6177608,0.0
2025-03-22T21:54:00Z,147abc6a,8bab4dff,a6177608,0.0
2025-03-22T21:57:00Z,147abc6a,8bab4dff,a6177608,0.0
2025-03-22T22:00:00Z,147abc6a,8bab4dff,a6177608,0.0
2025-03-22T22:03:00Z,147abc6a,8bab4dff,a6177608,0.0
2025-03-22T22:06:00Z,147abc6a,8bab4dff,a6177608,0.0
2025-03-22T22:09:00Z,147abc6a,8bab4dff,a6177608,0.0
2025-03-22T22:12:00Z,147abc6a,8bab4dff,a6177608,0.0
2025-03-22T22:15:00Z,147abc6a,8bab4dff,a6177608,0.0
2025-03-22T22:18:00Z,147abc6a,8bab4dff,a6177608,0.0
2025-03-22T22:21:00Z,147abc6a,8bab4dff,a6177608,0.0
2025-03-22T22:24:00Z,147abc6a,8bab4dff,a6177608,0.0
2025-03-22T22:27:00Z,147abc6a,8bab4dff,a6177608,0.0
2025-03-22T22:30:00Z,147abc6a,8bab4dff,a6177608,0.0
2025-03-22T22:33:00Z,147abc6a,8bab4dff,a6177608,0.0
2025-03-22T22:36:00Z,147abc6a,8bab4dff,a6177608,0.0
2025-03-22T22:39:00Z,147abc6a,8bab4dff,a6177608,0.0
2025-03-22T22:42:00Z,147abc6a,8bab4dff,a6177608,0.0
2025-03-22T22:45:00Z,147abc6a,8bab4dff,a6177608,0.0
2025-03-22T22:48:00Z,147abc6a,8bab4dff,a6177608,0.0
2025-03-22T22:51:00Z,147abc6a,8bab4dff,a6177608,0.02
2025-03-22T22:54:00Z,147abc6a,8bab4dff,a6177608,0.0
2025-03-22T22:57:00Z,147abc6a,8bab4dff,a6177608,0.0
2025-03-22T23:00:00Z,147abc6a,8bab4dff,a6177608,0.0
2025-03-22T23:03:00Z,147abc6a,8bab4dff,a6177608,0.0
2025-03-22T23:06:00Z,147abc6a,8bab4dff,a6177608,0.0
2025-03-22T23:09:00Z,147abc6a,8bab4dff,a6177608,0.0
2025-03-22T23:12:00Z,147abc6a,8bab4dff,a6177608,0.0
2025-03-22T23:15:00Z,147abc6a,8bab4dff,a6177608,0.0
2025-03-22T23:18:00Z,147abc6a,8bab4dff,a6177608,0.0
2025-03-22T23:21:00Z,147abc6a,8bab4dff,a6177608,0.0
2025-03-22T23:24:00Z,147abc6a,8bab4dff,a6177608,0.0
2025-03-22T23:27:00Z,147abc6a,8bab4dff,a6177608,0.0
2025-03-22T23:30:00Z,147abc6a,8bab4dff,a6177608,0.0
2025-03-22T23:33:00Z,147abc6a,8bab4dff,a6177608,0.0
2025-03-22T23:36:00Z,147abc6a,8bab4dff,a6177608,0.0
2025-03-22T23:39:00Z,147abc6a,8bab4dff,a6177608,0.0
2025-03-22T23:42:00Z,147abc6a,8bab4dff,a6177608,0.0
2025-03-22T23:45:00Z,147abc6a,8bab4dff,a6177608,0.0
2025-03-22T23:48:00Z,147abc6a,8bab4dff,a6177608,0.0
2025-03-22T23:51:00Z,147abc6a,8bab4dff,a6177608,0.0
2025-03-22T23:54:00Z,147abc6a,8bab4dff,a6177608,0.0
2025-03-22T23:57:00Z,147abc6a,8bab4dff,a6177608,0.0
2025-03-23T00:00:00Z,147abc6a,8bab4dff,a6177608,0.0
2025-03-23T00:03:00Z,147abc6a,8bab4dff,a6177608,0.0
2025-03-23T00:06:00Z,147abc6a,8bab4dff,a6177608,0.0
2025-03-23T00:09:00Z,147abc6a,8bab4dff,a6177608,0.0
2025-03-23T00:12:00Z,147abc6a,8bab4dff,a6177608,0.0
2025-03-23T00:15:00Z,147abc6a,8bab4dff,a6177608,0.0
2025-03-23T00:18:00Z,147abc6a,8bab4dff,a6177608,0.0
2025-03-23T00:21:00Z,147abc6a,8bab4dff,a6177608,0.0
2025-03-23T00:24:00Z,147abc6a,8bab4dff,a6177608,0.0
2025-03-23T00:27:00Z,147abc6a,8bab4dff,a6177608,0.0
2025-03-23T00:30:00Z,147abc6a,8bab4dff,a6177608,0.0
2025-03-23T00:33:00Z,147abc6a,8bab4dff,a6177608,0.0
2025-03-23T00:36:00Z,147abc6a,8bab4dff,a6177608,0.0
2025-03-23T00:39:00Z,147abc6a,8bab4dff,a6177608,0.0
2025-03-23T00:42:00Z,147abc6a,8bab4dff,a6177608,0.0
2025-03-23T00:45:00Z,147abc6a,8bab4dff,a6177608,0.0
2025-03-23T00:48:00Z,147abc6a,8bab4dff,a6177608,0.0
2025-03-23T00:51:00Z,147abc6a,8bab4dff,a6177608,0.0
2025-03-23T00:54:00Z,147abc6a,8bab4dff,a6177608,0.0
2025-03-23T00:57:00Z,147abc6a,8bab4dff,a6177608,0.0
2025-03-23T01:00:00Z,147abc6a,8bab4dff,a6177608,0.0
2025-03-23T01:03:00Z,147abc6a,8bab4dff,a6177608,0.0
2025-03-23T01:06:00Z,147abc6a,8bab4dff,a6177608,0.0
2025-03-23T01:09:00Z,147abc6a,8bab4dff,a6177608,0.0
2025-03-23T01:12:00Z,147abc6a,8bab4dff,a6177608,0.0
2025-03-23T01:15:00Z,147abc6a,8bab4dff,a6177608,0.0
2025-03-23T01:18:00Z,147abc6a,8bab4dff,a6177608,0.0
2025-03-23T01:21:00Z,147abc6a,8bab4dff,a6177608,0.0
2025-03-23T01:24:00Z,147abc6a,8bab4dff,a6177608,0.0
2025-03-23T01:27:00Z,147abc6a,8bab4dff,a6177608,0.0
2025-03-23T01:30:00Z,147abc6a,8bab4dff,a6177608,0.0
2025-03-23T01:33:00Z,147abc6a,8bab4dff,a6177608,0.0
2025-03-23T01:36:00Z,147abc6a,8bab4dff,a6177608,0.0
2025-03-23T01:39:00Z,147abc6a,8bab4dff,a6177608,0.0
2025-03-23T01:42:00Z,147abc6a,8bab4dff,a6177608,0.0
2025-03-23T01:45:00Z,147abc6a,8bab4dff,a6177608,0.0
2025-03-23T01:48:00Z,147abc6a,8bab4dff,a6177608,0.0
2025-03-23T01:51:00Z,147abc6a,8bab4dff,a6177608,0.0
2025-03-23T01:54:00Z,147abc6a,8bab4dff,a6177608,0.0
2025-03-23T01:57:00Z,147abc6a,8bab4dff,a6177608,0.0
2025-03-23T02:00:00Z,147abc6a,8bab4dff,a6177608,0.0
2025-03-23T02:03:00Z,147abc6a,8bab4dff,a6177608,0.0
2025-03-23T02:06:00Z,147abc6a,8bab4dff,a6177608,0.0
2025-03-23T02:09:00Z,147abc6a,8bab4dff,a6177608,0.0
2025-03-23T02:12:00Z,147abc6a,8bab4dff,a6177608,0.0
2025-03-23T02:15:00Z,147abc6a,8bab4dff,a6177608,0.0
2025-03-23T02:18:00Z,147abc6a,8bab4dff,a6177608,0.0
2025-03-23T02:21:00Z,147abc6a,8bab4dff,a6177608,0.0
2025-03-23T02:24:00Z,147abc6a,8bab4dff,a6177608,0.0
2025-03-23T02:27:00Z,147abc6a,8bab4dff,a6177608,0.0
2025-03-23T02:30:00Z,147abc6a,8bab4dff,a6177608,0.0
2025-03-23T02:33:00Z,147abc6a,8bab4dff,a6177608,0.0
2025-03-23T02:36:00Z,147abc6a,8bab4dff,a6177608,0.0
2025-03-23T02:39:00Z,147abc6a,8bab4dff,a6177608,0.0
2025-03-23T02:42:00Z,147abc6a,8bab4dff,a6177608,0.0
2025-03-23T02:45:00Z,147abc6a,8bab4dff,a6177608,0.0
2025-03-23T02:48:00Z,147abc6a,8bab4dff,a6177608,0.0
2025-03-23T02:51:00Z,147abc6a,8bab4dff,a6177608,0.0
2025-03-23T02:54:00Z,147abc6a,8bab4dff,a6177608,0.0
2025-03-23T02:57:00Z,147abc6a,8bab4dff,a6177608,0.0
2025-03-23T03:00:00Z,147abc6a,8bab4dff,a6177608,0.0
2025-03-23T03:03:00Z,147abc6a,8bab4dff,a6177608,0.0
2025-03-23T03:06:00Z,147abc6a,8bab4dff,a6177608,0.0
2025-03-23T03:09:00Z,147abc6a,8bab4dff,a6177608,0.0
2025-03-23T03:12:00Z,147abc6a,8bab4dff,a6177608,0.0
2025-03-23T03:15:00Z,147abc6a,8bab4dff,a6177608,0.0
2025-03-23T03:18:00Z,147abc6a,8bab4dff,a6177608,0.0
2025-03-23T03:21:00Z,147abc6a,8bab4dff,a6177608,0.0
2025-03-23T03:24:00Z,147abc6a,8bab4dff,a6177608,0.0
2025-03-23T03:27:00Z,147abc6a,8bab4dff,a6177608,0.0
2025-03-23T03:30:00Z,147abc6a,8bab4dff,a6177608,0.0
2025-03-23T03:33:00Z,147abc6a,8bab4dff,a6177608,0.0
2025-03-23T03:36:00Z,147abc6a,8bab4dff,a6177608,0.0
2025-03-23T03:39:00Z,147abc6a,8bab4dff,a6177608,0.0
2025-03-23T03:42:00Z,147abc6a,8bab4dff,a6177608,0.0
2025-03-23T03:45:00Z,147abc6a,8bab4dff,a6177608,0.0
2025-03-23T03:48:00Z,147abc6a,8bab4dff,a6177608,0.0
2025-03-23T03:51:00Z,147abc6a,8bab4dff,a6177608,0.0
2025-03-23T03:54:00Z,147abc6a,8bab4dff,a6177608,0.0
2025-03-23T03:57:00Z,147abc6a,8bab4dff,a6177608,0.0
2025-03-23T04:00:00Z,147abc6a,8bab4dff,a6177608,0.0
2025-03-23T04:03:00Z,147abc6a,8bab4dff,a6177608,0.0
2025-03-23T04:06:00Z,147abc6a,8bab4dff,a6177608,0.0
2025-03-23T04:09:00Z,147abc6a,8bab4dff,a6177608,0.0
2025-03-23T04:12:00Z,147abc6a,8bab4dff,a6177608,0.0
2025-03-23T04:15:00Z,147abc6a,8bab4dff,a6177608,0.0
2025-03-23T04:18:00Z,147abc6a,8bab4dff,a6177608,0.0
2025-03-23T04:21:00Z,147abc6a,8bab4dff,a6177608,0.0
2025-03-23T04:24:00Z,147abc6a,8bab4dff,a6177608,0.0
2025-03-23T04:27:00Z,147abc6a,8bab4dff,a6177608,0.0
2025-03-23T04:30:00Z,147abc6a,8bab4dff,a6177608,0.0
2025-03-23T04:33:00Z,147abc6a,8bab4dff,a6177608,0.0
2025-03-23T04:36:00Z,147abc6a,8bab4dff,a6177608,0.0
2025-03-23T04:39:00Z,147abc6a,8bab4dff,a6177608,0.0
2025-03-23T04:42:00Z,147abc6a,8bab4dff,a6177608,0.0
2025-03-23T04:45:00Z,147abc6a,8bab4dff,a6177608,0.0
2025-03-23T04:48:00Z,147abc6a,8bab4dff,a6177608,0.0
2025-03-23T04:51:00Z,147abc6a,8bab4dff,a6177608,0.0
2025-03-23T04:54:00Z,147abc6a,8bab4dff,a6177608,0.0
2025-03-23T04:57:00Z,147abc6a,8bab4dff,a6177608,0.0
2025-03-23T05:00:00Z,147abc6a,8bab4dff,a6177608,0.0
2025-03-23T05:03:00Z,147abc6a,8bab4dff,a6177608,0.0
2025-03-23T05:06:00Z,147abc6a,8bab4dff,a6177608,0.0
2025-03-23T05:09:00Z,147abc6a,8bab4dff,a6177608,0.0
2025-03-23T05:12:00Z,147abc6a,8bab4dff,a6177608,0.0
2025-03-23T05:15:00Z,147abc6a,8bab4dff,a6177608,0.0
2025-03-23T05:18:00Z,147abc6a,8bab4dff,a6177608,0.0
2025-03-23T05:21:00Z,147abc6a,8bab4dff,a6177608,0.0
2025-03-23T05:24:00Z,147abc6a,8bab4dff,a6177608,0.0
2025-03-23T05:27:00Z,147abc6a,8bab4dff,a6177608,0.0
2025-03-23T05:30:00Z,147abc6a,8bab4dff,a6177608,0.0
2025-03-23T05:33:00Z,147abc6a,8bab4dff,a6177608,0.0
2025-03-23T05:36:00Z,147abc6a,8bab4dff,a6177608,0.0
2025-03-23T05:39:00Z,147abc6a,8bab4dff,a6177608,0.0
2025-03-23T05:42:00Z,147abc6a,8bab4dff,a6177608,0.0
2025-03-23T05:45:00Z,147abc6a,8bab4dff,a6177608,0.0
2025-03-23T05:48:00Z,147abc6a,8bab4dff,a6177608,0.0
2025-03-23T05:51:00Z,147abc6a,8bab4dff,a6177608,0.0
2025-03-23T05:54:00Z,147abc6a,8bab4dff,a6177608,0.0
2025-03-23T05:57:00Z,147abc6a,8bab4dff,a6177608,0.0
2025-03-23T06:00:00Z,147abc6a,8bab4dff,a6177608,0.0
2025-03-23T06:03:00Z,147abc6a,8bab4dff,a6177608,0.0
2025-03-23T06:06:00Z,147abc6a,8bab4dff,a6177608,0.03
2025-03-23T06:09:00Z,147abc6a,8bab4dff,a6177608,0.0
2025-03-23T06:12:00Z,147abc6a,8bab4dff,a6177608,0.0
2025-03-23T06:15:00Z,147abc6a,8bab4dff,a6177608,0.0
2025-03-23T06:18:00Z,147abc6a,8bab4dff,a6177608,0.0
2025-03-23T06:21:00Z,147abc6a,8bab4dff,a6177608,0.0
2025-03-23T06:24:00Z,147abc6a,8bab4dff,a6177608,0.0
2025-03-23T06:27:00Z,147abc6a,8bab4dff,a6177608,0.0
2025-03-23T06:30:00Z,147abc6a,8bab4dff,a6177608,0.0
2025-03-23T06:33:00Z,147abc6a,8bab4dff,a6177608,0.0
2025-03-23T06:36:00Z,147abc6a,8bab4dff,a6177608,0.0
2025-03-23T06:39:00Z,147abc6a,8bab4dff,a6177608,0.0
2025-03-23T06:42:00Z,147abc6a,8bab4dff,a6177608,0.0
2025-03-23T06:45:00Z,147abc6a,8bab4dff,a6177608,0.0
2025-03-23T06:48:00Z,147abc6a,8bab4dff,a6177608,0.0
2025-03-23T06:51:00Z,147abc6a,8bab4dff,a6177608,0.0
2025-03-23T06:54:00Z,147abc6a,8bab4dff,a6177608,0.0
2025-03-23T06:57:00Z,147abc6a,8bab4dff,a6177608,0.0
2025-03-23T07:00:00Z,147abc6a,8bab4dff,a6177608,0.0
2025-03-23T07:03:00Z,147abc6a,8bab4dff,a6177608,0.0
2025-03-23T07:06:00Z,147abc6a,8bab4dff,a6177608,0.0
2025-03-23T07:09:00Z,147abc6a,8bab4dff,a6177608,0.0
2025-03-23T07:12:00Z,147abc6a,8bab4dff,a6177608,0.0
2025-03-23T07:15:00Z,147abc6a,8bab4dff,a6177608,0.0
2025-03-23T07:18:00Z,147abc6a,8bab4dff,a6177608,0.0
2025-03-23T07:21:00Z,147abc6a,8bab4dff,a6177608,0.0
2025-03-23T07:24:00Z,147abc6a,8bab4dff,a6177608,0.0
2025-03-23T07:27:00Z,147abc6a,8bab4dff,a6177608,0.0
2025-03-23T07:30:00Z,147abc6a,8bab4dff,a6177608,0.0
2025-03-23T07:33:00Z,147abc6a,8bab4dff,a6177608,0.0
2025-03-23T07:36:00Z,147abc6a,8bab4dff,a6177608,0.0
2025-03-23T07:39:00Z,147abc6a,8bab4dff,a6177608,0.0
2025-03-23T07:42:00Z,147abc6a,8bab4dff,a6177608,0.0
2025-03-23T07:45:00Z,147abc6a,8bab4dff,a6177608,0.0
2025-03-23T07:48:00Z,147abc6a,8bab4dff,a6177608,0.0
2025-03-23T07:51:00Z,147abc6a,8bab4dff,a6177608,0.0
2025-03-23T07:54:00Z,147abc6a,8bab4dff,a6177608,0.0
2025-03-23T07:57:00Z,147abc6a,8bab4dff,a6177608,0.0
2025-03-23T08:00:00Z,147abc6a,8bab4dff,a6177608,0.0
2025-03-23T08:03:00Z,147abc6a,8bab4dff,a6177608,0.0
2025-03-23T08:06:00Z,147abc6a,8bab4dff,a6177608,0.0
2025-03-23T08:09:00Z,147abc6a,8bab4dff,a6177608,0.0
2025-03-23T08:12:00Z,147abc6a,8bab4dff,a6177608,0.0
2025-03-23T08:15:00Z,147abc6a,8bab4dff,a6177608,0.0
2025-03-23T08:18:00Z,147abc6a,8bab4dff,a6177608,0.0
2025-03-23T08:21:00Z,147abc6a,8bab4dff,a6177608,0.0
2025-03-23T08:24:00Z,147abc6a,8bab4dff,a6177608,0.0
2025-03-23T08:27:00Z,147abc6a,8bab4dff,a6177608,0.0
2025-03-23T08:30:00Z,147abc6a,8bab4dff,a6177608,0.0
2025-03-23T08:33:00Z,147abc6a,8bab4dff,a6177608,0.0
2025-03-23T08:36:00Z,147abc6a,8bab4dff,a6177608,0.0
2025-03-23T08:39:00Z,147abc6a,8bab4dff,a6177608,0.0
2025-03-23T08:42:00Z,147abc6a,8bab4dff,a6177608,0.0
2025-03-23T08:45:00Z,147abc6a,8bab4dff,a6177608,0.0
2025-03-23T08:48:00Z,147abc6a,8bab4dff,a6177608,0.0
2025-03-23T08:51:00Z,147abc6a,8bab4dff,a6177608,0.0
2025-03-23T08:54:00Z,147abc6a,8bab4dff,a6177608,0.0
2025-03-23T08:57:00Z,147abc6a,8bab4dff,a6177608,0.0
2025-03-23T09:00:00Z,147abc6a,8bab4dff,a6177608,0.0
2025-03-23T09:03:00Z,147abc6a,8bab4dff,a6177608,0.0
2025-03-23T09:06:00Z,147abc6a,8bab4dff,a6177608,0.0
2025-03-23T09:09:00Z,147abc6a,8bab4dff,a6177608,0.0
2025-03-23T09:12:00Z,147abc6a,8bab4dff,a6177608,0.0
2025-03-23T09:15:00Z,147abc6a,8bab4dff,a6177608,0.0
2025-03-23T09:18:00Z,147abc6a,8bab4dff,a6177608,0.0
2025-03-23T09:21:00Z,147abc6a,8bab4dff,a6177608,0.0
2025-03-23T09:24:00Z,147abc6a,8bab4dff,a6177608,0.0
2025-03-23T09:27:00Z,147abc6a,8bab4dff,a6177608,0.0
2025-03-23T09:30:00Z,147abc6a,8bab4dff,a6177608,0.0
2025-03-23T09:33:00Z,147abc6a,8bab4dff,a6177608,0.0
2025-03-23T09:36:00Z,147abc6a,8bab4dff,a6177608,0.0
2025-03-23T09:39:00Z,147abc6a,8bab4dff,a6177608,0.0
2025-03-23T09:42:00Z,147abc6a,8bab4dff,a6177608,0.0
2025-03-23T09:45:00Z,147abc6a,8bab4dff,a6177608,0.0
2025-03-23T09:48:00Z,147abc6a,8bab4dff,a6177608,0.0
2025-03-23T09:51:00Z,147abc6a,8bab4dff,a6177608,0.0
2025-03-23T09:54:00Z,147abc6a,8bab4dff,a6177608,0.0
2025-03-23T09:57:00Z,147abc6a,8bab4dff,a6177608,0.0
2025-03-23T10:00:00Z,147abc6a,8bab4dff,a6177608,0.0
2025-03-23T10:03:00Z,147abc6a,8bab4dff,a6177608,0.0
2025-03-23T10:06:00Z,147abc6a,8bab4dff,a6177608,0.0
2025-03-23T10:09:00Z,147abc6a,8bab4dff,a6177608,0.0
2025-03-23T10:12:00Z,147abc6a,8bab4dff,a6177608,0.0
2025-03-23T10:15:00Z,147abc6a,8bab4dff,a6177608,0.0
2025-03-23T10:18:00Z,147abc6a,8bab4dff,a6177608,0.0
2025-03-23T10:21:00Z,147abc6a,8bab4dff,a6177608,0.0
2025-03-23T10:24:00Z,147abc6a,8bab4dff,a6177608,0.0
2025-03-23T10:27:00Z,147abc6a,8bab4dff,a6177608,0.0
2025-03-23T10:30:00Z,147abc6a,8bab4dff,a6177608,0.0
2025-03-23T10:33:00Z,147abc6a,8bab4dff,a6177608,0.0
2025-03-23T10:36:00Z,147abc6a,8bab4dff,a6177608,0.0
2025-03-23T10:39:00Z,147abc6a,8bab4dff,a6177608,0.0
2025-03-23T10:42:00Z,147abc6a,8bab4dff,a6177608,0.0
2025-03-23T10:45:00Z,147abc6a,8bab4dff,a6177608,0.0
2025-03-23T10:48:00Z,147abc6a,8bab4dff,a6177608,0.0
2025-03-23T10:51:00Z,147abc6a,8bab4dff,a6177608,0.0
2025-03-23T10:54:00Z,147abc6a,8bab4dff,a6177608,0.0
2025-03-23T10:57:00Z,147abc6a,8bab4dff,a6177608,0.0
2025-03-23T11:00:00Z,147abc6a,8bab4dff,a6177608,0.0
2025-03-23T11:03:00Z,147abc6a,8bab4dff,a6177608,0.0
2025-03-23T11:06:00Z,147abc6a,8bab4dff,a6177608,0.0
2025-03-23T11:09:00Z,147abc6a,8bab4dff,a6177608,0.0
2025-03-23T11:12:00Z,147abc6a,8bab4dff,a6177608,0.0
2025-03-23T11:15:00Z,147abc6a,8bab4dff,a6177608,0.0
2025-03-23T11:18:00Z,147abc6a,8bab4dff,a6177608,0.0
2025-03-23T11:21:00Z,147abc6a,8bab4dff,a6177608,0.0
2025-03-23T11:24:00Z,147abc6a,8bab4dff,a6177608,0.0
2025-03-23T11:27:00Z,147abc6a,8bab4dff,a6177608,0.0
2025-03-23T11:30:00Z,147abc6a,8bab4dff,a6177608,0.0
2025-03-23T11:33:00Z,147abc6a,8bab4dff,a6177608,0.0
2025-03-23T11:36:00Z,147abc6a,8bab4dff,a6177608,0.0
2025-03-23T11:39:00Z,147abc6a,8bab4dff,a6177608,0.0
2025-03-23T11:42:00Z,147abc6a,8bab4dff,a6177608,0.0
2025-03-23T11:45:00Z,147abc6a,8bab4dff,a6177608,0.0
2025-03-23T11:48:00Z,147abc6a,8bab4dff,a6177608,0.0
2025-03-23T11:51:00Z,147abc6a,8bab4dff,a6177608,0.0
2025-03-23T11:54:00Z,147abc6a,8bab4dff,a6177608,0.0
2025-03-23T11:57:00Z,147abc6a,8bab4dff,a6177608,0.0
2025-03-23T12:00:00Z,147abc6a,8bab4dff,a6177608,0.0
2025-03-23T12:03:00Z,147abc6a,8bab4dff,a6177608,0.0
2025-03-23T12:06:00Z,147abc6a,8bab4dff,a6177608,0.07
2025-03-23T12:09:00Z,147abc6a,8bab4dff,a6177608,0.0
2025-03-23T12:12:00Z,147abc6a,8bab4dff,a6177608,0.0
2025-03-23T12:15:00Z,147abc6a,8bab4dff,a6177608,0.0
2025-03-23T12:18:00Z,147abc6a,8bab4dff,a6177608,0.0
2025-03-23T12:21:00Z,147abc6a,8bab4dff,a6177608,0.0
2025-03-23T12:24:00Z,147abc6a,8bab4dff,a6177608,0.0
2025-03-23T12:27:00Z,147abc6a,8bab4dff,a6177608,0.0
2025-03-23T12:30:00Z,147abc6a,8bab4dff,a6177608,0.0
2025-03-23T12:33:00Z,147abc6a,8bab4dff,a6177608,0.0
2025-03-23T12:36:00Z,147abc6a,8bab4dff,a6177608,0.0
2025-03-23T12:39:00Z,147abc6a,8bab4dff,a6177608,0.0
2025-03-23T12:42:00Z,147abc6a,8bab4dff,a6177608,0.0
2025-03-23T12:45:00Z,147abc6a,8bab4dff,a6177608,0.0
2025-03-23T12:48:00Z,147abc6a,8bab4dff,a6177608,0.0
2025-03-23T12:51:00Z,147abc6a,8bab4dff,a6177608,0.0
2025-03-23T12:54:00Z,147abc6a,8bab4dff,a6177608,0.0
2025-03-23T12:57:00Z,147abc6a,8bab4dff,a6177608,0.0
2025-03-23T13:00:00Z,147abc6a,8bab4dff,a6177608,0.0
2025-03-23T13:03:00Z,147abc6a,8bab4dff,a6177608,0.0
2025-03-23T13:06:00Z,147abc6a,8bab4dff,a6177608,0.0
2025-03-23T13:09:00Z,147abc6a,8bab4dff,a6177608,0.0
2025-03-23T13:12:00Z,147abc6a,8bab4dff,a6177608,0.0
2025-03-23T13:15:00Z,147abc6a,8bab4dff,a6177608,0.0
2025-03-23T13:18:00Z,147abc6a,8bab4dff,a6177608,0.0
2025-03-23T13:21:00Z,147abc6a,8bab4dff,a6177608,0.0
2025-03-23T13:24:00Z,147abc6a,8bab4dff,a6177608,0.0
2025-03-23T13:27:00Z,147abc6a,8bab4dff,a6177608,0.0
2025-03-23T13:30:00Z,147abc6a,8bab4dff,a6177608,0.0
2025-03-23T13:33:00Z,147abc6a,8bab4dff,a6177608,0.0
2025-03-23T13:36:00Z,147abc6a,8bab4dff,a6177608,0.0
2025-03-23T13:39:00Z,147abc6a,8bab4dff,a6177608,0.0
2025-03-23T13:42:00Z,147abc6a,8bab4dff,a6177608,0.0
2025-03-23T13:45:00Z,147abc6a,8bab4dff,a6177608,0.0
2025-03-23T13:48:00Z,147abc6a,8bab4dff,a6177608,0.0
2025-03-23T13:51:00Z,147abc6a,8bab4dff,a6177608,0.0
2025-03-23T13:54:00Z,147abc6a,8bab4dff,a6177608,0.0
2025-03-23T13:57:00Z,147abc6a,8bab4dff,a6177608,0.0
2025-03-23T14:00:00Z,147abc6a,8bab4dff,a6177608,0.0
2025-03-23T14:03:00Z,147abc6a,8bab4dff,a6177608,0.0
2025-03-23T14:06:00Z,147abc6a,8bab4dff,a6177608,0.0
2025-03-23T14:09:00Z,147abc6a,8bab4dff,a6177608,0.0
2025-03-23T14:12:00Z,147abc6a,8bab4dff,a6177608,0.0
2025-03-23T14:15:00Z,147abc6a,8bab4dff,a6177608,0.0
2025-03-23T14:18:00Z,147abc6a,8bab4dff,a6177608,0.0
2025-03-23T14:21:00Z,147abc6a,8bab4dff,a6177608,0.0
2025-03-23T14:24:00Z,147abc6a,8bab4dff,a6177608,0.0
2025-03-23T14:27:00Z,147abc6a,8bab4dff,a6177608,0.0
2025-03-23T14:30:00Z,147abc6a,8bab4dff,a6177608,0.0
2025-03-23T14:33:00Z,147abc6a,8bab4dff,a6177608,0.0
2025-03-23T14:36:00Z,147abc6a,8bab4dff,a6177608,0.0
2025-03-23T14:39:00Z,147abc6a,8bab4dff,a6177608,0.0
2025-03-23T14:42:00Z,147abc6a,8bab4dff,a6177608,0.0
2025-03-23T14:45:00Z,147abc6a,8bab4dff,a6177608,0.0
2025-03-23T14:48:00Z,147abc6a,8bab4dff,a6177608,0.0
2025-03-23T14:51:00Z,147abc6a,8bab4dff,a6177608,0.0
2025-03-23T14:54:00Z,147abc6a,8bab4dff,a6177608,0.0
2025-03-23T14:57:00Z,147abc6a,8bab4dff,a6177608,0.0
2025-03-23T15:00:00Z,147abc6a,8bab4dff,a6177608,0.0
2025-03-23T15:03:00Z,147abc6a,8bab4dff,a6177608,0.0
2025-03-23T15:06:00Z,147abc6a,8bab4dff,a6177608,0.0
2025-03-23T15:09:00Z,147abc6a,8bab4dff,a6177608,0.0
2025-03-23T15:12:00Z,147abc6a,8bab4dff,a6177608,0.0
2025-03-23T15:15:00Z,147abc6a,8bab4dff,a6177608,0.0
2025-03-23T15:18:00Z,147abc6a,8bab4dff,a6177608,0.0
2025-03-23T15:21:00Z,147abc6a,8bab4dff,a6177608,0.0
2025-03-23T15:24:00Z,147abc6a,8bab4dff,a6177608,0.0
2025-03-23T15:27:00Z,147abc6a,8bab4dff,a6177608,0.0
2025-03-23T15:30:00Z,147abc6a,8bab4dff,a6177608,0.0
2025-03-23T15:33:00Z,147abc6a,8bab4dff,a6177608,0.0
2025-03-23T15:36:00Z,147abc6a,8bab4dff,a6177608,0.0
2025-03-23T15:39:00Z,147abc6a,8bab4dff,a6177608,0.0
2025-03-23T15:42:00Z,147abc6a,8bab4dff,a6177608,0.0
2025-03-23T15:45:00Z,147abc6a,8bab4dff,a6177608,0.0
2025-03-23T15:48:00Z,147abc6a,8bab4dff,a6177608,0.0
2025-03-23T15:51:00Z,147abc6a,8bab4dff,a6177608,0.0
2025-03-23T15:54:00Z,147abc6a,8bab4dff,a6177608,0.0
2025-03-23T15:57:00Z,147abc6a,8bab4dff,a6177608,0.0
2025-03-23T16:00:00Z,147abc6a,8bab4dff,a6177608,0.0
2025-03-23T16:03:00Z,147abc6a,8bab4dff,a6177608,0.0
2025-03-23T16:06:00Z,147abc6a,8bab4dff,a6177608,0.0
2025-03-23T16:09:00Z,147abc6a,8bab4dff,a6177608,0.0
2025-03-23T16:12:00Z,147abc6a,8bab4dff,a6177608,0.0
2025-03-23T16:15:00Z,147abc6a,8bab4dff,a6177608,0.0
2025-03-23T16:18:00Z,147abc6a,8bab4dff,a6177608,0.0
2025-03-23T16:21:00Z,147abc6a,8bab4dff,a6177608,0.0
2025-03-23T16:24:00Z,147abc6a,8bab4dff,a6177608,0.0
2025-03-23T16:27:00Z,147abc6a,8bab4dff,a6177608,0.0
2025-03-23T16:30:00Z,147abc6a,8bab4dff,a6177608,0.0
2025-03-23T16:33:00Z,147abc6a,8bab4dff,a6177608,0.0
2025-03-23T16:36:00Z,147abc6a,8bab4dff,a6177608,0.0
2025-03-23T16:39:00Z,147abc6a,8bab4dff,a6177608,0.0
2025-03-23T16:42:00Z,147abc6a,8bab4dff,a6177608,0.0
2025-03-23T16:45:00Z,147abc6a,8bab4dff,a6177608,0.0
2025-03-23T16:48:00Z,147abc6a,8bab4dff,a6177608,0.0
2025-03-23T16:51:00Z,147abc6a,8bab4dff,a6177608,0.0
2025-03-23T16:54:00Z,147abc6a,8bab4dff,a6177608,0.0
2025-03-23T16:57:00Z,147abc6a,8bab4dff,a6177608,0.0
2025-03-23T17:00:00Z,147abc6a,8bab4dff,a6177608,0.0
2025-03-23T17:03:00Z,147abc6a,8bab4dff,a6177608,0.0
2025-03-23T17:06:00Z,147abc6a,8bab4dff,a6177608,0.0
2025-03-23T17:09:00Z,147abc6a,8bab4dff,a6177608,0.0
2025-03-23T17:12:00Z,147abc6a,8bab4dff,a6177608,0.0
2025-03-23T17:15:00Z,147abc6a,8bab4dff,a6177608,0.0
2025-03-23T17:18:00Z,147abc6a,8bab4dff,a6177608,0.0
2025-03-23T17:21:00Z,147abc6a,8bab4dff,a6177608,0.0
2025-03-23T17:24:00Z,147abc6a,8bab4dff,a6177608,0.0
2025-03-23T17:27:00Z,147abc6a,8bab4dff,a6177608,0.0
2025-03-23T17:30:00Z,147abc6a,8bab4dff,a6177608,0.0
2025-03-23T17:33:00Z,147abc6a,8bab4dff,a6177608,0.0
2025-03-23T17:36:00Z,147abc6a,8bab4dff,a6177608,0.0
2025-03-23T17:39:00Z,147abc6a,8bab4dff,a6177608,0.0
2025-03-23T17:42:00Z,147abc6a,8bab4dff,a6177608,0.0
2025-03-23T17:45:00Z,147abc6a,8bab4dff,a6177608,0.0
2025-03-23T17:48:00Z,147abc6a,8bab4dff,a6177608,0.0
2025-03-23T17:51:00Z,147abc6a,8bab4dff,a6177608,0.0
2025-03-23T17:54:00Z,147abc6a,8bab4dff,a6177608,0.0
2025-03-23T17:57:00Z,147abc6a,8bab4dff,a6177608,0.0
2025-03-23T18:00:00Z,147abc6a,8bab4dff,a6177608,0.0
2025-03-23T18:03:00Z,147abc6a,8bab4dff,a6177608,0.0
2025-03-23T18:06:00Z,147abc6a,8bab4dff,a6177608,0.0
2025-03-23T18:09:00Z,147abc6a,8bab4dff,a6177608,0.0
2025-03-23T18:12:00Z,147abc6a,8bab4dff,a6177608,0.0
2025-03-23T18:15:00Z,147abc6a,8bab4dff,a6177608,0.0
2025-03-23T18:18:00Z,147abc6a,8bab4dff,a6177608,0.0
2025-03-23T18:21:00Z,147abc6a,8bab4dff,a6177608,0.0
2025-03-23T18:24:00Z,147abc6a,8bab4dff,a6177608,0.0
2025-03-23T18:27:00Z,147abc6a,8bab4dff,a6177608,0.0
2025-03-23T18:30:00Z,147abc6a,8bab4dff,a6177608,0.0
2025-03-23T18:33:00Z,147abc6a,8bab4dff,a6177608,0.0
2025-03-23T18:36:00Z,147abc6a,8bab4dff,a6177608,0.0
2025-03-23T18:39:00Z,147abc6a,8bab4dff,a6177608,0.0
2025-03-23T18:42:00Z,147abc6a,8bab4dff,a6177608,0.0
2025-03-23T18:45:00Z,147abc6a,8bab4dff,a6177608,0.0
2025-03-23T18:48:00Z,147abc6a,8bab4dff,a6177608,0.01
2025-03-23T18:51:00Z,147abc6a,8bab4dff,a6177608,0.0
2025-03-23T18:54:00Z,147abc6a,8bab4dff,a6177608,0.0
2025-03-23T18:57:00Z,147abc6a,8bab4dff,a6177608,0.0
2025-03-23T19:00:00Z,147abc6a,8bab4dff,a6177608,0.0
2025-03-23T19:03:00Z,147abc6a,8bab4dff,a6177608,0.0
2025-03-23T19:06:00Z,147abc6a,8bab4dff,a6177608,0.0
2025-03-23T19:09:00Z,147abc6a,8bab4dff,a6177608,0.0
2025-03-23T19:12:00Z,147abc6a,8bab4dff,a6177608,0.0
2025-03-23T19:15:00Z,147abc6a,8bab4dff,a6177608,0.0
2025-03-23T19:18:00Z,147abc6a,8bab4dff,a6177608,0.0
2025-03-23T19:21:00Z,147abc6a,8bab4dff,a6177608,0.0
2025-03-23T19:24:00Z,147abc6a,8bab4dff,a6177608,0.0
2025-03-23T19:27:00Z,147abc6a,8bab4dff,a6177608,0.0
2025-03-23T19:30:00Z,147abc6a,8bab4dff,a6177608,0.0
2025-03-23T19:33:00Z,147abc6a,8bab4dff,a6177608,0.0
2025-03-23T19:36:00Z,147abc6a,8bab4dff,a6177608,0.0
2025-03-23T19:39:00Z,147abc6a,8bab4dff,a6177608,0.0
2025-03-23T19:42:00Z,147abc6a,8bab4dff,a6177608,0.0
2025-03-23T19:45:00Z,147abc6a,8bab4dff,a6177608,0.0
2025-03-23T19:48:00Z,147abc6a,8bab4dff,a6177608,0.0
2025-03-23T19:51:00Z,147abc6a,8bab4dff,a6177608,0.0
2025-03-23T19:54:00Z,147abc6a,8bab4dff,a6177608,0.0
2025-03-23T19:57:00Z,147abc6a,8bab4dff,a6177608,0.0
2025-03-23T20:00:00Z,147abc6a,8bab4dff,a6177608,0.0
2025-03-23T20:03:00Z,147abc6a,8bab4dff,a6177608,0.0
2025-03-23T20:06:00Z,147abc6a,8bab4dff,a6177608,0.0
2025-03-23T20:09:00Z,147abc6a,8bab4dff,a6177608,0.0
2025-03-23T20:12:00Z,147abc6a,8bab4dff,a6177608,0.0
2025-03-23T20:15:00Z,147abc6a,8bab4dff,a6177608,0.0
2025-03-23T20:18:00Z,147abc6a,8bab4dff,a6177608,0.0
2025-03-23T20:21:00Z,147abc6a,8bab4dff,a6177608,0.0
2025-03-23T20:24:00Z,147abc6a,8bab4dff,a6177608,0.0
2025-03-23T20:27:00Z,147abc6a,8bab4dff,a6177608,0.0
2025-03-23T20:30:00Z,147abc6a,8bab4dff,a6177608,0.0
2025-03-23T20:33:00Z,147abc6a,8bab4dff,a6177608,0.0
2025-03-23T20:36:00Z,147abc6a,8bab4dff,a6177608,0.0
2025-03-23T20:39:00Z,147abc6a,8bab4dff,a6177608,0.0
2025-03-23T20:42:00Z,147abc6a,8bab4dff,a6177608,0.0
2025-03-23T20:45:00Z,147abc6a,8bab4dff,a6177608,0.0
2025-03-23T20:48:00Z,147abc6a,8bab4dff,a6177608,0.0
2025-03-23T20:51:00Z,147abc6a,8bab4dff,a6177608,0.0
2025-03-23T20:54:00Z,147abc6a,8bab4dff,a6177608,0.0
2025-03-23T20:57:00Z,147abc6a,8bab4dff,a6177608,0.0
2025-03-23T21:00:00Z,147abc6a,8bab4dff,a6177608,0.0
2025-03-23T21:03:00Z,147abc6a,8bab4dff,a6177608,0.0
2025-03-23T21:06:00Z,147abc6a,8bab4dff,a6177608,0.0
2025-03-23T21:09:00Z,147abc6a,8bab4dff,a6177608,0.0
2025-03-23T21:12:00Z,147abc6a,8bab4dff,a6177608,0.0
2025-03-23T21:15:00Z,147abc6a,8bab4dff,a6177608,0.0
2025-03-23T21:18:00Z,147abc6a,8bab4dff,a6177608,0.0
2025-03-23T21:21:00Z,147abc6a,8bab4dff,a6177608,0.0
2025-03-23T21:24:00Z,147abc6a,8bab4dff,a6177608,0.0
2025-03-23T21:27:00Z,147abc6a,8bab4dff,a6177608,0.0
2025-03-23T21:30:00Z,147abc6a,8bab4dff,a6177608,0.0
2025-03-23T21:33:00Z,147abc6a,8bab4dff,a6177608,0.0
2025-03-23T21:36:00Z,147abc6a,8bab4dff,a6177608,0.0
2025-03-23T21:39:00Z,147abc6a,8bab4dff,a6177608,0.0
2025-03-23T21:42:00Z,147abc6a,8bab4dff,a6177608,0.0
2025-03-23T21:45:00Z,147abc6a,8bab4dff,a6177608,0.0
2025-03-23T21:48:00Z,147abc6a,8bab4dff,a6177608,0.0
2025-03-23T21:51:00Z,147abc6a,8bab4dff,a6177608,0.0
2025-03-23T21:54:00Z,147abc6a,8bab4dff,a6177608,0.0
2025-03-23T21:57:00Z,147abc6a,8bab4dff,a6177608,0.0
2025-03-23T22:00:00Z,147abc6a,8bab4dff,a6177608,0.0
2025-03-23T22:03:00Z,147abc6a,8bab4dff,a6177608,0.0
2025-03-23T22:06:00Z,147abc6a,8bab4dff,a6177608,0.0
2025-03-23T22:09:00Z,147abc6a,8bab4dff,a6177608,0.0
2025-03-23T22:12:00Z,147abc6a,8bab4dff,a6177608,0.0
2025-03-23T22:15:00Z,147abc6a,8bab4dff,a6177608,0.0
2025-03-23T22:18:00Z,147abc6a,8bab4dff,a6177608,0.0
2025-03-23T22:21:00Z,147abc6a,8bab4dff,a6177608,0.0
2025-03-23T22:24:00Z,147abc6a,8bab4dff,a6177608,0.0
2025-03-23T22:27:00Z,147abc6a,8bab4dff,a6177608,0.0
2025-03-23T22:30:00Z,147abc6a,8bab4dff,a6177608,0.0
2025-03-23T22:33:00Z,147abc6a,8bab4dff,a6177608,0.0
2025-03-23T22:36:00Z,147abc6a,8bab4dff,a6177608,0.0
2025-03-23T22:39:00Z,147abc6a,8bab4dff,a6177608,0.0
2025-03-23T22:42:00Z,147abc6a,8bab4dff,a6177608,0.0
2025-03-23T22:45:00Z,147abc6a,8bab4dff,a6177608,0.0
2025-03-23T22:48:00Z,147abc6a,8bab4dff,a6177608,0.0
2025-03-23T22:51:00Z,147abc6a,8bab4dff,a6177608,0.03
2025-03-23T22:54:00Z,147abc6a,8bab4dff,a6177608,0.0
2025-03-23T22:57:00Z,147abc6a,8bab4dff,a6177608,0.0
2025-03-23T23:00:00Z,147abc6a,8bab4dff,a6177608,0.0
2025-03-23T23:03:00Z,147abc6a,8bab4dff,a6177608,0.0
2025-03-23T23:06:00Z,147abc6a,8bab4dff,a6177608,0.0
2025-03-23T23:09:00Z,147abc6a,8bab4dff,a6177608,0.0
2025-03-23T23:12:00Z,147abc6a,8bab4dff,a6177608,0.0
2025-03-23T23:15:00Z,147abc6a,8bab4dff,a6177608,0.0
2025-03-23T23:18:00Z,147abc6a,8bab4dff,a6177608,0.0
2025-03-23T23:21:00Z,147abc6a,8bab4dff,a6177608,0.0
2025-03-23T23:24:00Z,147abc6a,8bab4dff,a6177608,0.0
2025-03-23T23:27:00Z,147abc6a,8bab4dff,a6177608,0.0
2025-03-23T23:30:00Z,147abc6a,8bab4dff,a6177608,0.0
2025-03-23T23:33:00Z,147abc6a,8bab4dff,a6177608,0.0
2025-03-23T23:36:00Z,147abc6a,8bab4dff,a6177608,0.0
2025-03-23T23:39:00Z,147abc6a,8bab4dff,a6177608,0.0
2025-03-23T23:42:00Z,147abc6a,8bab4dff,a6177608,0.0
2025-03-23T23:45:00Z,147abc6a,8bab4dff,a6177608,0.0
2025-03-23T23:48:00Z,147abc6a,8bab4dff,a6177608,0.0
2025-03-23T23:51:00Z,147abc6a,8bab4dff,a6177608,0.0
2025-03-23T23:54:00Z,147abc6a,8bab4dff,a6177608,0.0
2025-03-23T23:57:00Z,147abc6a,8bab4dff,a6177608,0.0
2025-03-24T00:00:00Z,147abc6a,8bab4dff,a6177608,0.0
2025-03-24T00:03:00Z,147abc6a,8bab4dff,a6177608,0.0
2025-03-24T00:06:00Z,147abc6a,8bab4dff,a6177608,0.0
2025-03-24T00:09:00Z,147abc6a,8bab4dff,a6177608,0.0
2025-03-24T00:12:00Z,147abc6a,8bab4dff,a6177608,0.0
2025-03-24T00:15:00Z,147abc6a,8bab4dff,a6177608,0.0
2025-03-24T00:18:00Z,147abc6a,8bab4dff,a6177608,0.0
2025-03-24T00:21:00Z,147abc6a,8bab4dff,a6177608,0.0
2025-03-24T00:24:00Z,147abc6a,8bab4dff,a6177608,0.0
2025-03-24T00:27:00Z,147abc6a,8bab4dff,a6177608,0.0
2025-03-24T00:30:00Z,147abc6a,8bab4dff,a6177608,0.0
2025-03-24T00:33:00Z,147abc6a,8bab4dff,a6177608,0.0
2025-03-24T00:36:00Z,147abc6a,8bab4dff,a6177608,0.0
2025-03-24T00:39:00Z,147abc6a,8bab4dff,a6177608,0.0
2025-03-24T00:42:00Z,147abc6a,8bab4dff,a6177608,0.0
2025-03-24T00:45:00Z,147abc6a,8bab4dff,a6177608,0.0
2025-03-24T00:48:00Z,147abc6a,8bab4dff,a6177608,0.0
2025-03-24T00:51:00Z,147abc6a,8bab4dff,a6177608,0.0
2025-03-24T00:54:00Z,147abc6a,8bab4dff,a6177608,0.0
2025-03-24T00:57:00Z,147abc6a,8bab4dff,a6177608,0.0
2025-03-24T01:00:00Z,147abc6a,8bab4dff,a6177608,0.0
2025-03-24T01:03:00Z,147abc6a,8bab4dff,a6177608,0.0
2025-03-24T01:06:00Z,147abc6a,8bab4dff,a6177608,0.0
2025-03-24T01:09:00Z,147abc6a,8bab4dff,a6177608,0.0
2025-03-24T01:12:00Z,147abc6a,8bab4dff,a6177608,0.0
2025-03-24T01:15:00Z,147abc6a,8bab4dff,a6177608,0.0
2025-03-24T01:18:00Z,147abc6a,8bab4dff,a6177608,0.0
2025-03-24T01:21:00Z,147abc6a,8bab4dff,a6177608,0.0
2025-03-24T01:24:00Z,147abc6a,8bab4dff,a6177608,0.0
2025-03-24T01:27:00Z,147abc6a,8bab4dff,a6177608,0.0
2025-03-24T01:30:00Z,147abc6a,8bab4dff,a6177608,0.0
2025-03-24T01:33:00Z,147abc6a,8bab4dff,a6177608,0.0
2025-03-24T01:36:00Z,147abc6a,8bab4dff,a6177608,0.0
2025-03-24T01:39:00Z,147abc6a,8bab4dff,a6177608,0.0
2025-03-24T01:42:00Z,147abc6a,8bab4dff,a6177608,0.0
2025-03-24T01:45:00Z,147abc6a,8bab4dff,a6177608,0.0
2025-03-24T01:48:00Z,147abc6a,8bab4dff,a6177608,0.0
2025-03-24T01:51:00Z,147abc6a,8bab4dff,a6177608,0.0
2025-03-24T01:54:00Z,147abc6a,8bab4dff,a6177608,0.0
2025-03-24T01:57:00Z,147abc6a,8bab4dff,a6177608,0.0
2025-03-24T02:00:00Z,147abc6a,8bab4dff,a6177608,0.0
2025-03-24T02:03:00Z,147abc6a,8bab4dff,a6177608,0.0
2025-03-24T02:06:00Z,147abc6a,8bab4dff,a6177608,0.0
2025-03-24T02:09:00Z,147abc6a,8bab4dff,a6177608,0.0
2025-03-24T02:12:00Z,147abc6a,8bab4dff,a6177608,0.0
2025-03-24T02:15:00Z,147abc6a,8bab4dff,a6177608,0.0
2025-03-24T02:18:00Z,147abc6a,8bab4dff,a6177608,0.0
2025-03-24T02:21:00Z,147abc6a,8bab4dff,a6177608,0.0
2025-03-24T02:24:00Z,147abc6a,8bab4dff,a6177608,0.0
2025-03-24T02:27:00Z,147abc6a,8bab4dff,a6177608,0.0
2025-03-24T02:30:00Z,147abc6a,8bab4dff,a6177608,0.0
2025-03-24T02:33:00Z,147abc6a,8bab4dff,a6177608,0.0
2025-03-24T02:36:00Z,147abc6a,8bab4dff,a6177608,0.0
2025-03-24T02:39:00Z,147abc6a,8bab4dff,a6177608,0.0
2025-03-24T02:42:00Z,147abc6a,8bab4dff,a6177608,0.0
2025-03-24T02:45:00Z,147abc6a,8bab4dff,a6177608,0.0
2025-03-24T02:48:00Z,147abc6a,8bab4dff,a6177608,0.0
2025-03-24T02:51:00Z,147abc6a,8bab4dff,a6177608,0.0
2025-03-24T02:54:00Z,147abc6a,8bab4dff,a6177608,0.0
2025-03-24T02:57:00Z,147abc6a,8bab4dff,a6177608,0.01
2025-03-24T03:00:00Z,147abc6a,8bab4dff,a6177608,0.0
2025-03-24T03:03:00Z,147abc6a,8bab4dff,a6177608,0.0
2025-03-24T03:06:00Z,147abc6a,8bab4dff,a6177608,0.0
2025-03-24T03:09:00Z,147abc6a,8bab4dff,a6177608,0.0
2025-03-24T03:12:00Z,147abc6a,8bab4dff,a6177608,0.0
2025-03-24T03:15:00Z,147abc6a,8bab4dff,a6177608,0.0
2025-03-24T03:18:00Z,147abc6a,8bab4dff,a6177608,0.0
2025-03-24T03:21:00Z,147abc6a,8bab4dff,a6177608,0.0
2025-03-24T03:24:00Z,147abc6a,8bab4dff,a6177608,0.0
2025-03-24T03:27:00Z,147abc6a,8bab4dff,a6177608,0.0
2025-03-24T03:30:00Z,147abc6a,8bab4dff,a6177608,0.0
2025-03-24T03:33:00Z,147abc6a,8bab4dff,a6177608,0.0
2025-03-24T03:36:00Z,147abc6a,8bab4dff,a6177608,0.0
2025-03-24T03:39:00Z,147abc6a,8bab4dff,a6177608,0.0
2025-03-24T03:42:00Z,147abc6a,8bab4dff,a6177608,0.0
2025-03-24T03:45:00Z,147abc6a,8bab4dff,a6177608,0.0
2025-03-24T03:48:00Z,147abc6a,8bab4dff,a6177608,0.0
2025-03-24T03:51:00Z,147abc6a,8bab4dff,a6177608,0.0
2025-03-24T03:54:00Z,147abc6a,8bab4dff,a6177608,0.0
2025-03-24T03:57:00Z,147abc6a,8bab4dff,a6177608,0.0
2025-03-24T04:00:00Z,147abc6a,8bab4dff,a6177608,0.0
2025-03-24T04:03:00Z,147abc6a,8bab4dff,a6177608,0.0
2025-03-24T04:06:00Z,147abc6a,8bab4dff,a6177608,0.0
2025-03-24T04:09:00Z,147abc6a,8bab4dff,a6177608,0.0
2025-03-24T04:12:00Z,147abc6a,8bab4dff,a6177608,0.0
2025-03-24T04:15:00Z,147abc6a,8bab4dff,a6177608,0.0
2025-03-24T04:18:00Z,147abc6a,8bab4dff,a6177608,0.0
2025-03-24T04:21:00Z,147abc6a,8bab4dff,a6177608,0.0
2025-03-24T04:24:00Z,147abc6a,8bab4dff,a6177608,0.0
2025-03-24T04:27:00Z,147abc6a,8bab4dff,a6177608,0.0
2025-03-24T04:30:00Z,147abc6a,8bab4dff,a6177608,0.0
2025-03-24T04:33:00Z,147abc6a,8bab4dff,a6177608,0.0
2025-03-24T04:36:00Z,147abc6a,8bab4dff,a6177608,0.0
2025-03-24T04:39:00Z,147abc6a,8bab4dff,a6177608,0.0
2025-03-24T04:42:00Z,147abc6a,8bab4dff,a6177608,0.0
2025-03-24T04:45:00Z,147abc6a,8bab4dff,a6177608,0.0
2025-03-24T04:48:00Z,147abc6a,8bab4dff,a6177608,0.0
2025-03-24T04:51:00Z,147abc6a,8bab4dff,a6177608,0.0
2025-03-24T04:54:00Z,147abc6a,8bab4dff,a6177608,0.0
2025-03-24T04:57:00Z,147abc6a,8bab4dff,a6177608,0.0
2025-03-24T05:00:00Z,147abc6a,8bab4dff,a6177608,0.0
2025-03-24T05:03:00Z,147abc6a,8bab4dff,a6177608,0.0
2025-03-24T05:06:00Z,147abc6a,8bab4dff,a6177608,0.0
2025-03-24T05:09:00Z,147abc6a,8bab4dff,a6177608,0.0
2025-03-24T05:12:00Z,147abc6a,8bab4dff,a6177608,0.0
2025-03-24T05:15:00Z,147abc6a,8bab4dff,a6177608,0.0
2025-03-24T05:18:00Z,147abc6a,8bab4dff,a6177608,0.0
2025-03-24T05:21:00Z,147abc6a,8bab4dff,a6177608,0.0
2025-03-24T05:24:00Z,147abc6a,8bab4dff,a6177608,0.0
2025-03-24T05:27:00Z,147abc6a,8bab4dff,a6177608,0.0
2025-03-24T05:30:00Z,147abc6a,8bab4dff,a6177608,0.0
2025-03-24T05:33:00Z,147abc6a,8bab4dff,a6177608,0.0
2025-03-24T05:36:00Z,147abc6a,8bab4dff,a6177608,0.0
2025-03-24T05:39:00Z,147abc6a,8bab4dff,a6177608,0.0
2025-03-24T05:42:00Z,147abc6a,8bab4dff,a6177608,0.0
2025-03-24T05:45:00Z,147abc6a,8bab4dff,a6177608,0.0
2025-03-24T05:48:00Z,147abc6a,8bab4dff,a6177608,0.0
2025-03-24T05:51:00Z,147abc6a,8bab4dff,a6177608,0.0
2025-03-24T05:54:00Z,147abc6a,8bab4dff,a6177608,0.0
2025-03-24T05:57:00Z,147abc6a,8bab4dff,a6177608,0.0
2025-03-24T06:00:00Z,147abc6a,8bab4dff,a6177608,0.0
2025-03-24T06:03:00Z,147abc6a,8bab4dff,a6177608,0.0
2025-03-24T06:06:00Z,147abc6a,8bab4dff,a6177608,0.0
2025-03-24T06:09:00Z,147abc6a,8bab4dff,a6177608,0.0
2025-03-24T06:12:00Z,147abc6a,8bab4dff,a6177608,0.0
2025-03-24T06:15:00Z,147abc6a,8bab4dff,a6177608,0.0
2025-03-24T06:18:00Z,147abc6a,8bab4dff,a6177608,0.0
2025-03-24T06:21:00Z,147abc6a,8bab4dff,a6177608,0.0
2025-03-24T06:24:00Z,147abc6a,8bab4dff,a6177608,0.0
2025-03-24T06:27:00Z,147abc6a,8bab4dff,a6177608,0.0
2025-03-24T06:30:00Z,147abc6a,8bab4dff,a6177608,0.0
2025-03-24T06:33:00Z,147abc6a,8bab4dff,a6177608,0.0
2025-03-24T06:36:00Z,147abc6a,8bab4dff,a6177608,0.0
2025-03-24T06:39:00Z,147abc6a,8bab4dff,a6177608,0.0
2025-03-24T06:42:00Z,147abc6a,8bab4dff,a6177608,0.0
2025-03-24T06:45:00Z,147abc6a,8bab4dff,a6177608,0.0
2025-03-24T06:48:00Z,147abc6a,8bab4dff,a6177608,0.03
2025-03-24T06:51:00Z,147abc6a,8bab4dff,a6177608,0.0
2025-03-24T06:54:00Z,147abc6a,8bab4dff,a6177608,0.0
2025-03-24T06:57:00Z,147abc6a,8bab4dff,a6177608,0.0
2025-03-24T07:00:00Z,147abc6a,8bab4dff,a6177608,0.0
2025-03-24T07:03:00Z,147abc6a,8bab4dff,a6177608,0.0
2025-03-24T07:06:00Z,147abc6a,8bab4dff,a6177608,0.0
2025-03-24T07:09:00Z,147abc6a,8bab4dff,a6177608,0.0
2025-03-24T07:12:00Z,147abc6a,8bab4dff,a6177608,0.0
2025-03-24T07:15:00Z,147abc6a,8bab4dff,a6177608,0.0
2025-03-24T07:18:00Z,147abc6a,8bab4dff,a6177608,0.0
2025-03-24T07:21:00Z,147abc6a,8bab4dff,a6177608,0.0
2025-03-24T07:24:00Z,147abc6a,8bab4dff,a6177608,0.0
2025-03-24T07:27:00Z,147abc6a,8bab4dff,a6177608,0.0
2025-03-24T07:30:00Z,147abc6a,8bab4dff,a6177608,0.0
2025-03-24T07:33:00Z,147abc6a,8bab4dff,a6177608,0.0
2025-03-24T07:36:00Z,147abc6a,8bab4dff,a6177608,0.0
2025-03-24T07:39:00Z,147abc6a,8bab4dff,a6177608,0.0
2025-03-24T07:42:00Z,147abc6a,8bab4dff,a6177608,0.0
2025-03-24T07:45:00Z,147abc6a,8bab4dff,a6177608,0.0
2025-03-24T07:48:00Z,147abc6a,8bab4dff,a6177608,0.0
2025-03-24T07:51:00Z,147abc6a,8bab4dff,a6177608,0.0
2025-03-24T07:54:00Z,147abc6a,8bab4dff,a6177608,0.0
2025-03-24T07:57:00Z,147abc6a,8bab4dff,a6177608,0.0
2025-03-24T08:00:00Z,147abc6a,8bab4dff,a6177608,0.0
2025-03-24T08:03:00Z,147abc6a,8bab4dff,a6177608,0.0
2025-03-24T08:06:00Z,147abc6a,8bab4dff,a6177608,0.0
2025-03-24T08:09:00Z,147abc6a,8bab4dff,a6177608,0.0
2025-03-24T08:12:00Z,147abc6a,8bab4dff,a6177608,0.0
2025-03-24T08:15:00Z,147abc6a,8bab4dff,a6177608,0.0
2025-03-24T08:18:00Z,147abc6a,8bab4dff,a6177608,0.0
2025-03-24T08:21:00Z,147abc6a,8bab4dff,a6177608,0.0
2025-03-24T08:24:00Z,147abc6a,8bab4dff,a6177608,0.0
2025-03-24T08:27:00Z,147abc6a,8bab4dff,a6177608,0.0
2025-03-24T08:30:00Z,147abc6a,8bab4dff,a6177608,0.0
2025-03-24T08:33:00Z,147abc6a,8bab4dff,a6177608,0.0
2025-03-24T08:36:00Z,147abc6a,8bab4dff,a6177608,0.0
2025-03-24T08:39:00Z,147abc6a,8bab4dff,a6177608,0.0
2025-03-24T08:42:00Z,147abc6a,8bab4dff,a6177608,0.0
2025-03-24T08:45:00Z,147abc6a,8bab4dff,a6177608,0.0
2025-03-24T08:48:00Z,147abc6a,8bab4dff,a6177608,0.0
2025-03-24T08:51:00Z,147abc6a,8bab4dff,a6177608,0.0
2025-03-24T08:54:00Z,147abc6a,8bab4dff,a6177608,0.0
2025-03-24T08:57:00Z,147abc6a,8bab4dff,a6177608,0.0
2025-03-24T09:00:00Z,147abc6a,8bab4dff,a6177608,0.0
2025-03-24T09:03:00Z,147abc6a,8bab4dff,a6177608,0.0
2025-03-24T09:06:00Z,147abc6a,8bab4dff,a6177608,0.0
2025-03-24T09:09:00Z,147abc6a,8bab4dff,a6177608,0.0
2025-03-24T09:12:00Z,147abc6a,8bab4dff,a6177608,0.0
2025-03-24T09:15:00Z,147abc6a,8bab4dff,a6177608,0.0
2025-03-24T09:18:00Z,147abc6a,8bab4dff,a6177608,0.0
2025-03-24T09:21:00Z,147abc6a,8bab4dff,a6177608,0.0
2025-03-24T09:24:00Z,147abc6a,8bab4dff,a6177608,0.0
2025-03-24T09:27:00Z,147abc6a,8bab4dff,a6177608,0.0
2025-03-24T09:30:00Z,147abc6a,8bab4dff,a6177608,0.0
2025-03-24T09:33:00Z,147abc6a,8bab4dff,a6177608,0.0
2025-03-24T09:36:00Z,147abc6a,8bab4dff,a6177608,0.0
2025-03-24T09:39:00Z,147abc6a,8bab4dff,a6177608,0.0
2025-03-24T09:42:00Z,147abc6a,8bab4dff,a6177608,0.0
2025-03-24T09:45:00Z,147abc6a,8bab4dff,a6177608,0.0
2025-03-24T09:48:00Z,147abc6a,8bab4dff,a6177608,0.0
2025-03-24T09:51:00Z,147abc6a,8bab4dff,a6177608,0.0
2025-03-24T09:54:00Z,147abc6a,8bab4dff,a6177608,0.0
2025-03-24T09:57:00Z,147abc6a,8bab4dff,a6177608,0.0
2025-03-24T10:00:00Z,147abc6a,8bab4dff,a6177608,0.0
2025-03-24T10:03:00Z,147abc6a,8bab4dff,a6177608,0.0
2025-03-24T10:06:00Z,147abc6a,8bab4dff,a6177608,0.0
2025-03-24T10:09:00Z,147abc6a,8bab4dff,a6177608,0.0
2025-03-24T10:12:00Z,147abc6a,8bab4dff,a6177608,0.0
2025-03-24T10:15:00Z,147abc6a,8bab4dff,a6177608,0.0
2025-03-24T10:18:00Z,147abc6a,8bab4dff,a6177608,0.0
2025-03-24T10:21:00Z,147abc6a,8bab4dff,a6177608,0.0
2025-03-24T10:24:00Z,147abc6a,8bab4dff,a6177608,0.0
2025-03-24T10:27:00Z,147abc6a,8bab4dff,a6177608,0.0
2025-03-24T10:30:00Z,147abc6a,8bab4dff,a6177608,0.14
2025-03-24T10:33:00Z,147abc6a,8bab4dff,a6177608,0.0
2025-03-24T10:36:00Z,147abc6a,8bab4dff,a6177608,0.0
2025-03-24T10:39:00Z,147abc6a,8bab4dff,a6177608,0.0
2025-03-24T10:42:00Z,147abc6a,8bab4dff,a6177608,0.0
2025-03-24T10:45:00Z,147abc6a,8bab4dff,a6177608,0.0
2025-03-24T10:48:00Z,147abc6a,8bab4dff,a6177608,0.0
2025-03-24T10:51:00Z,147abc6a,8bab4dff,a6177608,0.0
2025-03-24T10:54:00Z,147abc6a,8bab4dff,a6177608,0.0
2025-03-24T10:57:00Z,147abc6a,8bab4dff,a6177608,0.0
2025-03-24T11:00:00Z,147abc6a,8bab4dff,a6177608,0.0
2025-03-24T11:03:00Z,147abc6a,8bab4dff,a6177608,0.0
2025-03-24T11:06:00Z,147abc6a,8bab4dff,a6177608,0.0
2025-03-24T11:09:00Z,147abc6a,8bab4dff,a6177608,0.0
2025-03-24T11:12:00Z,147abc6a,8bab4dff,a6177608,0.0
2025-03-24T11:15:00Z,147abc6a,8bab4dff,a6177608,0.0
2025-03-24T11:18:00Z,147abc6a,8bab4dff,a6177608,0.0
2025-03-24T11:21:00Z,147abc6a,8bab4dff,a6177608,0.0
2025-03-24T11:24:00Z,147abc6a,8bab4dff,a6177608,0.0
2025-03-24T11:27:00Z,147abc6a,8bab4dff,a6177608,0.0
2025-03-24T11:30:00Z,147abc6a,8bab4dff,a6177608,0.0
2025-03-24T11:33:00Z,147abc6a,8bab4dff,a6177608,0.0
2025-03-24T11:36:00Z,147abc6a,8bab4dff,a6177608,0.0
2025-03-24T11:39:00Z,147abc6a,8bab4dff,a6177608,0.0
2025-03-24T11:42:00Z,147abc6a,8bab4dff,a6177608,0.0
2025-03-24T11:45:00Z,147abc6a,8bab4dff,a6177608,0.0
2025-03-24T11:48:00Z,147abc6a,8bab4dff,a6177608,0.0
2025-03-24T11:51:00Z,147abc6a,8bab4dff,a6177608,0.0
2025-03-24T11:54:00Z,147abc6a,8bab4dff,a6177608,0.0
2025-03-24T11:57:00Z,147abc6a,8bab4dff,a6177608,0.0
2025-03-24T12:00:00Z,147abc6a,8bab4dff,a6177608,0.0
2025-03-24T12:03:00Z,147abc6a,8bab4dff,a6177608,0.0
2025-03-24T12:06:00Z,147abc6a,8bab4dff,a6177608,0.0
2025-03-24T12:09:00Z,147abc6a,8bab4dff,a6177608,0.0
2025-03-24T12:12:00Z,147abc6a,8bab4dff,a6177608,0.0
2025-03-24T12:15:00Z,147abc6a,8bab4dff,a6177608,0.0
2025-03-24T12:18:00Z,147abc6a,8bab4dff,a6177608,0.0
2025-03-24T12:21:00Z,147abc6a,8bab4dff,a6177608,0.0
2025-03-24T12:24:00Z,147abc6a,8bab4dff,a6177608,0.0
2025-03-24T12:27:00Z,147abc6a,8bab4dff,a6177608,0.0
2025-03-24T12:30:00Z,147abc6a,8bab4dff,a6177608,0.0
2025-03-24T12:33:00Z,147abc6a,8bab4dff,a6177608,0.0
2025-03-24T12:36:00Z,147abc6a,8bab4dff,a6177608,0.0
2025-03-24T12:39:00Z,147abc6a,8bab4dff,a6177608,0.0
2025-03-24T12:42:00Z,147abc6a,8bab4dff,a6177608,0.0
2025-03-24T12:45:00Z,147abc6a,8bab4dff,a6177608,0.0
2025-03-24T12:48:00Z,147abc6a,8bab4dff,a6177608,0.0
2025-03-24T12:51:00Z,147abc6a,8bab4dff,a6177608,0.0
2025-03-24T12:54:00Z,147abc6a,8bab4dff,a6177608,0.0
2025-03-24T12:57:00Z,147abc6a,8bab4dff,a6177608,0.0
2025-03-24T13:00:00Z,147abc6a,8bab4dff,a6177608,0.0
2025-03-24T13:03:00Z,147abc6a,8bab4dff,a6177608,0.0
2025-03-24T13:06:00Z,147abc6a,8bab4dff,a6177608,0.0
2025-03-24T13:09:00Z,147abc6a,8bab4dff,a6177608,0.0
2025-03-24T13:12:00Z,147abc6a,8bab4dff,a6177608,0.0
2025-03-24T13:15:00Z,147abc6a,8bab4dff,a6177608,0.0
2025-03-24T13:18:00Z,147abc6a,8bab4dff,a6177608,0.0
2025-03-24T13:21:00Z,147abc6a,8bab4dff,a6177608,0.0
2025-03-24T13:24:00Z,147abc6a,8bab4dff,a6177608,0.0
2025-03-24T13:27:00Z,147abc6a,8bab4dff,a6177608,0.0
2025-03-24T13:30:00Z,147abc6a,8bab4dff,a6177608,0.0
2025-03-24T13:33:00Z,147abc6a,8bab4dff,a6177608,0.0
2025-03-24T13:36:00Z,147abc6a,8bab4dff,a6177608,0.0
2025-03-24T13:39:00Z,147abc6a,8bab4dff,a6177608,0.0
2025-03-24T13:42:00Z,147abc6a,8bab4dff,a6177608,0.0
2025-03-24T13:45:00Z,147abc6a,8bab4dff,a6177608,0.0
2025-03-24T13:48:00Z,147abc6a,8bab4dff,a6177608,0.0
2025-03-24T13:51:00Z,147abc6a,8bab4dff,a6177608,0.0
2025-03-24T13:54:00Z,147abc6a,8bab4dff,a6177608,0.0
2025-03-24T13:57:00Z,147abc6a,8bab4dff,a6177608,0.0
2025-03-24T14:00:00Z,147abc6a,8bab4dff,a6177608,0.0
2025-03-24T14:03:00Z,147abc6a,8bab4dff,a6177608,0.0
2025-03-24T14:06:00Z,147abc6a,8bab4dff,a6177608,0.0
2025-03-24T14:09:00Z,147abc6a,8bab4dff,a6177608,0.0
2025-03-24T14:12:00Z,147abc6a,8bab4dff,a6177608,0.0
2025-03-24T14:15:00Z,147abc6a,8bab4dff,a6177608,0.0
2025-03-24T14:18:00Z,147abc6a,8bab4dff,a6177608,0.0
2025-03-24T14:21:00Z,147abc6a,8bab4dff,a6177608,0.0
2025-03-24T14:24:00Z,147abc6a,8bab4dff,a6177608,0.0
2025-03-24T14:27:00Z,147abc6a,8bab4dff,a6177608,0.0
2025-03-24T14:30:00Z,147abc6a,8bab4dff,a6177608,0.0
2025-03-24T14:33:00Z,147abc6a,8bab4dff,a6177608,0.0
2025-03-24T14:36:00Z,147abc6a,8bab4dff,a6177608,0.0
2025-03-24T14:39:00Z,147abc6a,8bab4dff,a6177608,0.0
2025-03-24T14:42:00Z,147abc6a,8bab4dff,a6177608,0.0
2025-03-24T14:45:00Z,147abc6a,8bab4dff,a6177608,0.0
2025-03-24T14:48:00Z,147abc6a,8bab4dff,a6177608,0.0
2025-03-24T14:51:00Z,147abc6a,8bab4dff,a6177608,0.0
2025-03-24T14:54:00Z,147abc6a,8bab4dff,a6177608,0.0
2025-03-24T14:57:00Z,147abc6a,8bab4dff,a6177608,0.0
2025-03-24T15:00:00Z,147abc6a,8bab4dff,a6177608,0.0
2025-03-24T15:03:00Z,147abc6a,8bab4dff,a6177608,0.0
2025-03-24T15:06:00Z,147abc6a,8bab4dff,a6177608,0.0
2025-03-24T15:09:00Z,147abc6a,8bab4dff,a6177608,0.0
2025-03-24T15:12:00Z,147abc6a,8bab4dff,a6177608,0.0
2025-03-24T15:15:00Z,147abc6a,8bab4dff,a6177608,0.0
2025-03-24T15:18:00Z,147abc6a,8bab4dff,a6177608,0.0
2025-03-24T15:21:00Z,147abc6a,8bab4dff,a6177608,0.0
2025-03-24T15:24:00Z,147abc6a,8bab4dff,a6177608,0.0
2025-03-24T15:27:00Z,147abc6a,8bab4dff,a6177608,0.0
2025-03-24T15:30:00Z,147abc6a,8bab4dff,a6177608,0.0
2025-03-24T15:33:00Z,147abc6a,8bab4dff,a6177608,0.0
2025-03-24T15:36:00Z,147abc6a,8bab4dff,a6177608,0.0
2025-03-24T15:39:00Z,147abc6a,8bab4dff,a6177608,0.0
2025-03-24T15:42:00Z,147abc6a,8bab4dff,a6177608,0.0
2025-03-24T15:45:00Z,147abc6a,8bab4dff,a6177608,0.0
2025-03-24T15:48:00Z,147abc6a,8bab4dff,a6177608,0.0
2025-03-24T15:51:00Z,147abc6a,8bab4dff,a6177608,0.0
2025-03-24T15:54:00Z,147abc6a,8bab4dff,a6177608,0.0
2025-03-24T15:57:00Z,147abc6a,8bab4dff,a6177608,0.0
2025-03-24T16:00:00Z,147abc6a,8bab4dff,a6177608,0.0
2025-03-24T16:03:00Z,147abc6a,8bab4dff,a6177608,0.0
2025-03-24T16:06:00Z,147abc6a,8bab4dff,a6177608,0.0
2025-03-24T16:09:00Z,147abc6a,8bab4dff,a6177608,0.0
2025-03-24T16:12:00Z,147abc6a,8bab4dff,a6177608,0.0
2025-03-24T16:15:00Z,147abc6a,8bab4dff,a6177608,0.0
2025-03-24T16:18:00Z,147abc6a,8bab4dff,a6177608,0.0
2025-03-24T16:21:00Z,147abc6a,8bab4dff,a6177608,0.0
2025-03-24T16:24:00Z,147abc6a,8bab4dff,a6177608,0.0
2025-03-24T16:27:00Z,147abc6a,8bab4dff,a6177608,0.0
2025-03-24T16:30:00Z,147abc6a,8bab4dff,a6177608,0.0
2025-03-24T16:33:00Z,147abc6a,8bab4dff,a6177608,0.0
2025-03-24T16:36:00Z,147abc6a,8bab4dff,a6177608,0.0
2025-03-24T16:39:00Z,147abc6a,8bab4dff,a6177608,0.0
2025-03-24T16:42:00Z,147abc6a,8bab4dff,a6177608,0.0
2025-03-24T16:45:00Z,147abc6a,8bab4dff,a6177608,0.0
2025-03-24T16:48:00Z,147abc6a,8bab4dff,a6177608,0.0
2025-03-24T16:51:00Z,147abc6a,8bab4dff,a6177608,0.0
2025-03-24T16:54:00Z,147abc6a,8bab4dff,a6177608,0.0
2025-03-24T16:57:00Z,147abc6a,8bab4dff,a6177608,0.0
2025-03-24T17:00:00Z,147abc6a,8bab4dff,a6177608,0.0
2025-03-24T17:03:00Z,147abc6a,8bab4dff,a6177608,0.0
2025-03-24T17:06:00Z,147abc6a,8bab4dff,a6177608,0.0
2025-03-24T17:09:00Z,147abc6a,8bab4dff,a6177608,0.0
2025-03-24T17:12:00Z,147abc6a,8bab4dff,a6177608,0.0
2025-03-24T17:15:00Z,147abc6a,8bab4dff,a6177608,0.0
2025-03-24T17:18:00Z,147abc6a,8bab4dff,a6177608,0.0
2025-03-24T17:21:00Z,147abc6a,8bab4dff,a6177608,0.0
2025-03-24T17:24:00Z,147abc6a,8bab4dff,a6177608,0.0
2025-03-24T17:27:00Z,147abc6a,8bab4dff,a6177608,0.0
2025-03-24T17:30:00Z,147abc6a,8bab4dff,a6177608,0.0
2025-03-24T17:33:00Z,147abc6a,8bab4dff,a6177608,0.0
2025-03-24T17:36:00Z,147abc6a,8bab4dff,a6177608,0.0
2025-03-24T17:39:00Z,147abc6a,8bab4dff,a6177608,0.0
2025-03-24T17:42:00Z,147abc6a,8bab4dff,a6177608,0.0
2025-03-24T17:45:00Z,147abc6a,8bab4dff,a6177608,0.0
2025-03-24T17:48:00Z,147abc6a,8bab4dff,a6177608,0.0
2025-03-24T17:51:00Z,147abc6a,8bab4dff,a6177608,0.0
2025-03-24T17:54:00Z,147abc6a,8bab4dff,a6177608,0.0
2025-03-24T17:57:00Z,147abc6a,8bab4dff,a6177608,0.0
2025-03-24T18:00:00Z,147abc6a,8bab4dff,a6177608,0.0
2025-03-24T18:03:00Z,147abc6a,8bab4dff,a6177608,0.0
2025-03-24T18:06:00Z,147abc6a,8bab4dff,a6177608,0.0
2025-03-24T18:09:00Z,147abc6a,8bab4dff,a6177608,0.0
2025-03-24T18:12:00Z,147abc6a,8bab4dff,a6177608,0.0
2025-03-24T18:15:00Z,147abc6a,8bab4dff,a6177608,0.0
2025-03-24T18:18:00Z,147abc6a,8bab4dff,a6177608,0.0
2025-03-24T18:21:00Z,147abc6a,8bab4dff,a6177608,0.0
2025-03-24T18:24:00Z,147abc6a,8bab4dff,a6177608,0.0
2025-03-24T18:27:00Z,147abc6a,8bab4dff,a6177608,0.0
2025-03-24T18:30:00Z,147abc6a,8bab4dff,a6177608,0.0
2025-03-24T18:33:00Z,147abc6a,8bab4dff,a6177608,0.0
2025-03-24T18:36:00Z,147abc6a,8bab4dff,a6177608,0.0
2025-03-24T18:39:00Z,147abc6a,8bab4dff,a6177608,0.0
2025-03-24T18:42:00Z,147abc6a,8bab4dff,a6177608,0.0
2025-03-24T18:45:00Z,147abc6a,8bab4dff,a6177608,0.0
2025-03-24T18:48:00Z,147abc6a,8bab4dff,a6177608,0.0
2025-03-24T18:51:00Z,147abc6a,8bab4dff,a6177608,0.0
2025-03-24T18:54:00Z,147abc6a,8bab4dff,a6177608,0.0
2025-03-24T18:57:00Z,147abc6a,8bab4dff,a6177608,0.0
2025-03-24T19:00:00Z,147abc6a,8bab4dff,a6177608,0.0
2025-03-24T19:03:00Z,147abc6a,8bab4dff,a6177608,0.0
2025-03-24T19:06:00Z,147abc6a,8bab4dff,a6177608,0.0
2025-03-24T19:09:00Z,147abc6a,8bab4dff,a6177608,0.0
2025-03-24T19:12:00Z,147abc6a,8bab4dff,a6177608,0.0
2025-03-24T19:15:00Z,147abc6a,8bab4dff,a6177608,0.0
2025-03-24T19:18:00Z,147abc6a,8bab4dff,a6177608,0.0
2025-03-24T19:21:00Z,147abc6a,8bab4dff,a6177608,0.0
2025-03-24T19:24:00Z,147abc6a,8bab4dff,a6177608,0.0
2025-03-24T19:27:00Z,147abc6a,8bab4dff,a6177608,0.0
2025-03-24T19:30:00Z,147abc6a,8bab4dff,a6177608,0.0
2025-03-24T19:33:00Z,147abc6a,8bab4dff,a6177608,0.0
2025-03-24T19:36:00Z,147abc6a,8bab4dff,a6177608,0.0
2025-03-24T19:39:00Z,147abc6a,8bab4dff,a6177608,0.0
2025-03-24T19:42:00Z,147abc6a,8bab4dff,a6177608,0.0
2025-03-24T19:45:00Z,147abc6a,8bab4dff,a6177608,0.0
2025-03-24T19:48:00Z,147abc6a,8bab4dff,a6177608,0.0
2025-03-24T19:51:00Z,147abc6a,8bab4dff,a6177608,0.0
2025-03-24T19:54:00Z,147abc6a,8bab4dff,a6177608,0.0
2025-03-24T19:57:00Z,147abc6a,8bab4dff,a6177608,0.0
2025-03-24T20:00:00Z,147abc6a,8bab4dff,a6177608,0.0
2025-03-24T20:03:00Z,147abc6a,8bab4dff,a6177608,0.0
2025-03-24T20:06:00Z,147abc6a,8bab4dff,a6177608,0.0
2025-03-24T20:09:00Z,147abc6a,8bab4dff,a6177608,0.0
2025-03-24T20:12:00Z,147abc6a,8bab4dff,a6177608,0.0
2025-03-24T20:15:00Z,147abc6a,8bab4dff,a6177608,0.0
2025-03-24T20:18:00Z,147abc6a,8bab4dff,a6177608,0.0
2025-03-24T20:21:00Z,147abc6a,8bab4dff,a6177608,0.0
2025-03-24T20:24:00Z,147abc6a,8bab4dff,a6177608,0.0
2025-03-24T20:27:00Z,147abc6a,8bab4dff,a6177608,0.0
2025-03-24T20:30:00Z,147abc6a,8bab4dff,a6177608,0.0
2025-03-24T20:33:00Z,147abc6a,8bab4dff,a6177608,0.0
2025-03-24T20:36:00Z,147abc6a,8bab4dff,a6177608,0.0
2025-03-24T20:39:00Z,147abc6a,8bab4dff,a6177608,0.0
2025-03-24T20:42:00Z,147abc6a,8bab4dff,a6177608,0.0
2025-03-24T20:45:00Z,147abc6a,8bab4dff,a6177608,0.0
2025-03-24T20:48:00Z,147abc6a,8bab4dff,a6177608,0.01
2025-03-24T20:51:00Z,147abc6a,8bab4dff,a6177608,0.0
2025-03-24T20:54:00Z,147abc6a,8bab4dff,a6177608,0.0
2025-03-24T20:57:00Z,147abc6a,8bab4dff,a6177608,0.0
2025-03-24T21:00:00Z,147abc6a,8bab4dff,a6177608,0.0
2025-03-24T21:03:00Z,147abc6a,8bab4dff,a6177608,0.0
2025-03-24T21:06:00Z,147abc6a,8bab4dff,a6177608,0.0
2025-03-24T21:09:00Z,147abc6a,8bab4dff,a6177608,0.0
2025-03-24T21:12:00Z,147abc6a,8bab4dff,a6177608,0.0
2025-03-24T21:15:00Z,147abc6a,8bab4dff,a6177608,0.0
2025-03-24T21:18:00Z,147abc6a,8bab4dff,a6177608,0.0
2025-03-24T21:21:00Z,147abc6a,8bab4dff,a6177608,0.0
2025-03-24T21:24:00Z,147abc6a,8bab4dff,a6177608,0.0
2025-03-24T21:27:00Z,147abc6a,8bab4dff,a6177608,0.0
2025-03-24T21:30:00Z,147abc6a,8bab4dff,a6177608,0.0
2025-03-24T21:33:00Z,147abc6a,8bab4dff,a6177608,0.0
2025-03-24T21:36:00Z,147abc6a,8bab4dff,a6177608,0.0
2025-03-24T21:39:00Z,147abc6a,8bab4dff,a6177608,0.0
2025-03-24T21:42:00Z,147abc6a,8bab4dff,a6177608,0.0
2025-03-24T21:45:00Z,147abc6a,8bab4dff,a6177608,0.0
2025-03-24T21:48:00Z,147abc6a,8bab4dff,a6177608,0.0
2025-03-24T21:51:00Z,147abc6a,8bab4dff,a6177608,0.0
2025-03-24T21:54:00Z,147abc6a,8bab4dff,a6177608,0.0
2025-03-24T21:57:00Z,147abc6a,8bab4dff,a6177608,0.0
2025-03-24T22:00:00Z,147abc6a,8bab4dff,a6177608,0.0
2025-03-24T22:03:00Z,147abc6a,8bab4dff,a6177608,0.0
2025-03-24T22:06:00Z,147abc6a,8bab4dff,a6177608,0.0
2025-03-24T22:09:00Z,147abc6a,8bab4dff,a6177608,0.0
2025-03-24T22:12:00Z,147abc6a,8bab4dff,a6177608,0.0
2025-03-24T22:15:00Z,147abc6a,8bab4dff,a6177608,0.0
2025-03-24T22:18:00Z,147abc6a,8bab4dff,a6177608,0.0
2025-03-24T22:21:00Z,147abc6a,8bab4dff,a6177608,0.0
2025-03-24T22:24:00Z,147abc6a,8bab4dff,a6177608,0.0
2025-03-24T22:27:00Z,147abc6a,8bab4dff,a6177608,0.0
2025-03-24T22:30:00Z,147abc6a,8bab4dff,a6177608,0.0
2025-03-24T22:33:00Z,147abc6a,8bab4dff,a6177608,0.0
2025-03-24T22:36:00Z,147abc6a,8bab4dff,a6177608,0.0
2025-03-24T22:39:00Z,147abc6a,8bab4dff,a6177608,0.0
2025-03-24T22:42:00Z,147abc6a,8bab4dff,a6177608,0.0
2025-03-24T22:45:00Z,147abc6a,8bab4dff,a6177608,0.0
2025-03-24T22:48:00Z,147abc6a,8bab4dff,a6177608,0.0
2025-03-24T22:51:00Z,147abc6a,8bab4dff,a6177608,0.01
2025-03-24T22:54:00Z,147abc6a,8bab4dff,a6177608,0.0
2025-03-24T22:57:00Z,147abc6a,8bab4dff,a6177608,0.0
2025-03-24T23:00:00Z,147abc6a,8bab4dff,a6177608,0.0
2025-03-24T23:03:00Z,147abc6a,8bab4dff,a6177608,0.0
2025-03-24T23:06:00Z,147abc6a,8bab4dff,a6177608,0.0
2025-03-24T23:09:00Z,147abc6a,8bab4dff,a6177608,0.0
2025-03-24T23:12:00Z,147abc6a,8bab4dff,a6177608,0.0
2025-03-24T23:15:00Z,147abc6a,8bab4dff,a6177608,0.0
2025-03-24T23:18:00Z,147abc6a,8bab4dff,a6177608,0.0
2025-03-24T23:21:00Z,147abc6a,8bab4dff,a6177608,0.0
2025-03-24T23:24:00Z,147abc6a,8bab4dff,a6177608,0.0
2025-03-24T23:27:00Z,147abc6a,8bab4dff,a6177608,0.0
2025-03-24T23:30:00Z,147abc6a,8bab4dff,a6177608,0.0
2025-03-24T23:33:00Z,147abc6a,8bab4dff,a6177608,0.0
2025-03-24T23:36:00Z,147abc6a,8bab4dff,a6177608,0.0
2025-03-24T23:39:00Z,147abc6a,8bab4dff,a6177608,0.0
2025-03-24T23:42:00Z,147abc6a,8bab4dff,a6177608,0.0
2025-03-24T23:45:00Z,147abc6a,8bab4dff,a6177608,0.0
2025-03-24T23:48:00Z,147abc6a,8bab4dff,a6177608,0.0
2025-03-24T23:51:00Z,147abc6a,8bab4dff,a6177608,0.0
2025-03-24T23:54:00Z,147abc6a,8bab4dff,a6177608,0.0
2025-03-24T23:57:00Z,147abc6a,8bab4dff,a6177608,0.0
2025-03-25T00:00:00Z,147abc6a,8bab4dff,a6177608,0.0
2025-03-25T00:03:00Z,147abc6a,8bab4dff,a6177608,0.0
2025-03-25T00:06:00Z,147abc6a,8bab4dff,a6177608,0.0
2025-03-25T00:09:00Z,147abc6a,8bab4dff,a6177608,0.0
2025-03-25T00:12:00Z,147abc6a,8bab4dff,a6177608,0.0
2025-03-25T00:15:00Z,147abc6a,8bab4dff,a6177608,0.0
2025-03-25T00:18:00Z,147abc6a,8bab4dff,a6177608,0.0
2025-03-25T00:21:00Z,147abc6a,8bab4dff,a6177608,0.0
2025-03-25T00:24:00Z,147abc6a,8bab4dff,a6177608,0.0
2025-03-25T00:27:00Z,147abc6a,8bab4dff,a6177608,0.0
2025-03-25T00:30:00Z,147abc6a,8bab4dff,a6177608,0.0
2025-03-25T00:33:00Z,147abc6a,8bab4dff,a6177608,0.0
2025-03-25T00:36:00Z,147abc6a,8bab4dff,a6177608,0.0
2025-03-25T00:39:00Z,147abc6a,8bab4dff,a6177608,0.0
2025-03-25T00:42:00Z,147abc6a,8bab4dff,a6177608,0.0
2025-03-25T00:45:00Z,147abc6a,8bab4dff,a6177608,0.0
2025-03-25T00:48:00Z,147abc6a,8bab4dff,a6177608,0.0
2025-03-25T00:51:00Z,147abc6a,8bab4dff,a6177608,0.0
2025-03-25T00:54:00Z,147abc6a,8bab4dff,a6177608,0.0
2025-03-25T00:57:00Z,147abc6a,8bab4dff,a6177608,0.0
2025-03-25T01:00:00Z,147abc6a,8bab4dff,a6177608,0.0
2025-03-25T01:03:00Z,147abc6a,8bab4dff,a6177608,0.0
2025-03-25T01:06:00Z,147abc6a,8bab4dff,a6177608,0.0
2025-03-25T01:09:00Z,147abc6a,8bab4dff,a6177608,0.0
2025-03-25T01:12:00Z,147abc6a,8bab4dff,a6177608,0.0
2025-03-25T01:15:00Z,147abc6a,8bab4dff,a6177608,0.0
2025-03-25T01:18:00Z,147abc6a,8bab4dff,a6177608,0.0
2025-03-25T01:21:00Z,147abc6a,8bab4dff,a6177608,0.0
2025-03-25T01:24:00Z,147abc6a,8bab4dff,a6177608,0.0
2025-03-25T01:27:00Z,147abc6a,8bab4dff,a6177608,0.0
2025-03-25T01:30:00Z,147abc6a,8bab4dff,a6177608,0.0
2025-03-25T01:33:00Z,147abc6a,8bab4dff,a6177608,0.0
2025-03-25T01:36:00Z,147abc6a,8bab4dff,a6177608,0.0
2025-03-25T01:39:00Z,147abc6a,8bab4dff,a6177608,0.0
2025-03-25T01:42:00Z,147abc6a,8bab4dff,a6177608,0.0
2025-03-25T01:45:00Z,147abc6a,8bab4dff,a6177608,0.0
2025-03-25T01:48:00Z,147abc6a,8bab4dff,a6177608,0.0
2025-03-25T01:51:00Z,147abc6a,8bab4dff,a6177608,0.0
2025-03-25T01:54:00Z,147abc6a,8bab4dff,a6177608,0.0
2025-03-25T01:57:00Z,147abc6a,8bab4dff,a6177608,0.0
2025-03-25T02:00:00Z,147abc6a,8bab4dff,a6177608,0.0
2025-03-25T02:03:00Z,147abc6a,8bab4dff,a6177608,0.0
2025-03-25T02:06:00Z,147abc6a,8bab4dff,a6177608,0.0
2025-03-25T02:09:00Z,147abc6a,8bab4dff,a6177608,0.0
2025-03-25T02:12:00Z,147abc6a,8bab4dff,a6177608,0.0
2025-03-25T02:15:00Z,147abc6a,8bab4dff,a6177608,0.0
2025-03-25T02:18:00Z,147abc6a,8bab4dff,a6177608,0.0
2025-03-25T02:21:00Z,147abc6a,8bab4dff,a6177608,0.0
2025-03-25T02:24:00Z,147abc6a,8bab4dff,a6177608,0.0
2025-03-25T02:27:00Z,147abc6a,8bab4dff,a6177608,0.0
2025-03-25T02:30:00Z,147abc6a,8bab4dff,a6177608,0.0
2025-03-25T02:33:00Z,147abc6a,8bab4dff,a6177608,0.0
2025-03-25T02:36:00Z,147abc6a,8bab4dff,a6177608,0.0
2025-03-25T02:39:00Z,147abc6a,8bab4dff,a6177608,0.0
2025-03-25T02:42:00Z,147abc6a,8bab4dff,a6177608,0.0
2025-03-25T02:45:00Z,147abc6a,8bab4dff,a6177608,0.0
2025-03-25T02:48:00Z,147abc6a,8bab4dff,a6177608,0.0
2025-03-25T02:51:00Z,147abc6a,8bab4dff,a6177608,0.0
2025-03-25T02:54:00Z,147abc6a,8bab4dff,a6177608,0.0
2025-03-25T02:57:00Z,147abc6a,8bab4dff,a6177608,0.0
2025-03-25T03:00:00Z,147abc6a,8bab4dff,a6177608,0.0
2025-03-25T03:03:00Z,147abc6a,8bab4dff,a6177608,0.0
2025-03-25T03:06:00Z,147abc6a,8bab4dff,a6177608,0.0
2025-03-25T03:09:00Z,147abc6a,8bab4dff,a6177608,0.0
2025-03-25T03:12:00Z,147abc6a,8bab4dff,a6177608,0.0
2025-03-25T03:15:00Z,147abc6a,8bab4dff,a6177608,0.0
2025-03-25T03:18:00Z,147abc6a,8bab4dff,a6177608,0.0
2025-03-25T03:21:00Z,147abc6a,8bab4dff,a6177608,0.0
2025-03-25T03:24:00Z,147abc6a,8bab4dff,a6177608,0.0
2025-03-25T03:27:00Z,147abc6a,8bab4dff,a6177608,0.0
2025-03-25T03:30:00Z,147abc6a,8bab4dff,a6177608,0.0
2025-03-25T03:33:00Z,147abc6a,8bab4dff,a6177608,0.0
2025-03-25T03:36:00Z,147abc6a,8bab4dff,a6177608,0.0
2025-03-25T03:39:00Z,147abc6a,8bab4dff,a6177608,0.0
2025-03-25T03:42:00Z,147abc6a,8bab4dff,a6177608,0.0
2025-03-25T03:45:00Z,147abc6a,8bab4dff,a6177608,0.0
2025-03-25T03:48:00Z,147abc6a,8bab4dff,a6177608,0.0
2025-03-25T03:51:00Z,147abc6a,8bab4dff,a6177608,0.0
2025-03-25T03:54:00Z,147abc6a,8bab4dff,a6177608,0.0
2025-03-25T03:57:00Z,147abc6a,8bab4dff,a6177608,0.0
2025-03-25T04:00:00Z,147abc6a,8bab4dff,a6177608,0.0
2025-03-25T04:03:00Z,147abc6a,8bab4dff,a6177608,0.0
2025-03-25T04:06:00Z,147abc6a,8bab4dff,a6177608,0.0
2025-03-25T04:09:00Z,147abc6a,8bab4dff,a6177608,0.0
2025-03-25T04:12:00Z,147abc6a,8bab4dff,a6177608,0.0
2025-03-25T04:15:00Z,147abc6a,8bab4dff,a6177608,0.0
2025-03-25T04:18:00Z,147abc6a,8bab4dff,a6177608,0.0
2025-03-25T04:21:00Z,147abc6a,8bab4dff,a6177608,0.0
2025-03-25T04:24:00Z,147abc6a,8bab4dff,a6177608,0.0
2025-03-25T04:27:00Z,147abc6a,8bab4dff,a6177608,0.0
2025-03-25T04:30:00Z,147abc6a,8bab4dff,a6177608,0.0
2025-03-25T04:33:00Z,147abc6a,8bab4dff,a6177608,0.0
2025-03-25T04:36:00Z,147abc6a,8bab4dff,a6177608,0.0
2025-03-25T04:39:00Z,147abc6a,8bab4dff,a6177608,0.0
2025-03-25T04:42:00Z,147abc6a,8bab4dff,a6177608,0.0
2025-03-25T04:45:00Z,147abc6a,8bab4dff,a6177608,0.0
2025-03-25T04:48:00Z,147abc6a,8bab4dff,a6177608,0.0
2025-03-25T04:51:00Z,147abc6a,8bab4dff,a6177608,0.0
2025-03-25T04:54:00Z,147abc6a,8bab4dff,a6177608,0.0
2025-03-25T04:57:00Z,147abc6a,8bab4dff,a6177608,0.0
2025-03-25T05:00:00Z,147abc6a,8bab4dff,a6177608,0.0
2025-03-25T05:03:00Z,147abc6a,8bab4dff,a6177608,0.0
2025-03-25T05:06:00Z,147abc6a,8bab4dff,a6177608,0.0
2025-03-25T05:09:00Z,147abc6a,8bab4dff,a6177608,0.0
2025-03-25T05:12:00Z,147abc6a,8bab4dff,a6177608,0.0
2025-03-25T05:15:00Z,147abc6a,8bab4dff,a6177608,0.0
2025-03-25T05:18:00Z,147abc6a,8bab4dff,a6177608,0.0
2025-03-25T05:21:00Z,147abc6a,8bab4dff,a6177608,0.0
2025-03-25T05:24:00Z,147abc6a,8bab4dff,a6177608,0.0
2025-03-25T05:27:00Z,147abc6a,8bab4dff,a6177608,0.0
2025-03-25T05:30:00Z,147abc6a,8bab4dff,a6177608,0.0
2025-03-25T05:33:00Z,147abc6a,8bab4dff,a6177608,0.0
2025-03-25T05:36:00Z,147abc6a,8bab4dff,a6177608,0.0
2025-03-25T05:39:00Z,147abc6a,8bab4dff,a6177608,0.0
2025-03-25T05:42:00Z,147abc6a,8bab4dff,a6177608,0.0
2025-03-25T05:45:00Z,147abc6a,8bab4dff,a6177608,0.0
2025-03-25T05:48:00Z,147abc6a,8bab4dff,a6177608,0.0
2025-03-25T05:51:00Z,147abc6a,8bab4dff,a6177608,0.0
2025-03-25T05:54:00Z,147abc6a,8bab4dff,a6177608,0.0
2025-03-25T05:57:00Z,147abc6a,8bab4dff,a6177608,0.0
2025-03-25T06:00:00Z,147abc6a,8bab4dff,a6177608,0.0
2025-03-25T06:03:00Z,147abc6a,8bab4dff,a6177608,0.0
2025-03-25T06:06:00Z,147abc6a,8bab4dff,a6177608,0.0
2025-03-25T06:09:00Z,147abc6a,8bab4dff,a6177608,0.0
2025-03-25T06:12:00Z,147abc6a,8bab4dff,a6177608,0.02
2025-03-25T06:15:00Z,147abc6a,8bab4dff,a6177608,0.0
2025-03-25T06:18:00Z,147abc6a,8bab4dff,a6177608,0.0
2025-03-25T06:21:00Z,147abc6a,8bab4dff,a6177608,0.0
2025-03-25T06:24:00Z,147abc6a,8bab4dff,a6177608,0.0
2025-03-25T06:27:00Z,147abc6a,8bab4dff,a6177608,0.0
2025-03-25T06:30:00Z,147abc6a,8bab4dff,a6177608,0.0
2025-03-25T06:33:00Z,147abc6a,8bab4dff,a6177608,0.0
2025-03-25T06:36:00Z,147abc6a,8bab4dff,a6177608,0.0
2025-03-25T06:39:00Z,147abc6a,8bab4dff,a6177608,0.0
2025-03-25T06:42:00Z,147abc6a,8bab4dff,a6177608,0.0
2025-03-25T06:45:00Z,147abc6a,8bab4dff,a6177608,0.0
2025-03-25T06:48:00Z,147abc6a,8bab4dff,a6177608,0.0
2025-03-25T06:51:00Z,147abc6a,8bab4dff,a6177608,0.0
2025-03-25T06:54:00Z,147abc6a,8bab4dff,a6177608,0.0
2025-03-25T06:57:00Z,147abc6a,8bab4dff,a6177608,0.0
2025-03-25T07:00:00Z,147abc6a,8bab4dff,a6177608,0.0
2025-03-25T07:03:00Z,147abc6a,8bab4dff,a6177608,0.0
2025-03-25T07:06:00Z,147abc6a,8bab4dff,a6177608,0.0
2025-03-25T07:09:00Z,147abc6a,8bab4dff,a6177608,0.0
2025-03-25T07:12:00Z,147abc6a,8bab4dff,a6177608,0.0
2025-03-25T07:15:00Z,147abc6a,8bab4dff,a6177608,0.0
2025-03-25T07:18:00Z,147abc6a,8bab4dff,a6177608,0.0
2025-03-25T07:21:00Z,147abc6a,8bab4dff,a6177608,0.0
2025-03-25T07:24:00Z,147abc6a,8bab4dff,a6177608,0.0
2025-03-25T07:27:00Z,147abc6a,8bab4dff,a6177608,0.0
2025-03-25T07:30:00Z,147abc6a,8bab4dff,a6177608,0.0
2025-03-25T07:33:00Z,147abc6a,8bab4dff,a6177608,0.0
2025-03-25T07:36:00Z,147abc6a,8bab4dff,a6177608,0.0
2025-03-25T07:39:00Z,147abc6a,8bab4dff,a6177608,0.08
2025-03-25T07:42:00Z,147abc6a,8bab4dff,a6177608,0.09
2025-03-25T07:45:00Z,147abc6a,8bab4dff,a6177608,0.0
2025-03-25T07:48:00Z,147abc6a,8bab4dff,a6177608,0.0
2025-03-25T07:51:00Z,147abc6a,8bab4dff,a6177608,0.0
2025-03-25T07:54:00Z,147abc6a,8bab4dff,a6177608,0.0
2025-03-25T07:57:00Z,147abc6a,8bab4dff,a6177608,0.0
2025-03-25T08:00:00Z,147abc6a,8bab4dff,a6177608,0.0
2025-03-25T08:03:00Z,147abc6a,8bab4dff,a6177608,0.0
2025-03-25T08:06:00Z,147abc6a,8bab4dff,a6177608,0.0
2025-03-25T08:09:00Z,147abc6a,8bab4dff,a6177608,0.0
2025-03-25T08:12:00Z,147abc6a,8bab4dff,a6177608,0.0
2025-03-25T08:15:00Z,147abc6a,8bab4dff,a6177608,0.0
2025-03-25T08:18:00Z,147abc6a,8bab4dff,a6177608,0.0
2025-03-25T08:21:00Z,147abc6a,8bab4dff,a6177608,0.0
2025-03-25T08:24:00Z,147abc6a,8bab4dff,a6177608,0.0
2025-03-25T08:27:00Z,147abc6a,8bab4dff,a6177608,0.0
2025-03-25T08:30:00Z,147abc6a,8bab4dff,a6177608,0.0
2025-03-25T08:33:00Z,147abc6a,8bab4dff,a6177608,0.0
2025-03-25T08:36:00Z,147abc6a,8bab4dff,a6177608,0.0
2025-03-25T08:39:00Z,147abc6a,8bab4dff,a6177608,0.0
2025-03-25T08:42:00Z,147abc6a,8bab4dff,a6177608,0.0
2025-03-25T08:45:00Z,147abc6a,8bab4dff,a6177608,0.0
2025-03-25T08:48:00Z,147abc6a,8bab4dff,a6177608,0.0
2025-03-25T08:51:00Z,147abc6a,8bab4dff,a6177608,0.0
2025-03-25T08:54:00Z,147abc6a,8bab4dff,a6177608,0.0
2025-03-25T08:57:00Z,147abc6a,8bab4dff,a6177608,0.0
2025-03-25T09:00:00Z,147abc6a,8bab4dff,a6177608,0.0
2025-03-25T09:03:00Z,147abc6a,8bab4dff,a6177608,0.0
2025-03-25T09:06:00Z,147abc6a,8bab4dff,a6177608,0.0
2025-03-25T09:09:00Z,147abc6a,8bab4dff,a6177608,0.0
2025-03-25T09:12:00Z,147abc6a,8bab4dff,a6177608,0.0
2025-03-25T09:15:00Z,147abc6a,8bab4dff,a6177608,0.0
2025-03-25T09:18:00Z,147abc6a,8bab4dff,a6177608,0.0
2025-03-25T09:21:00Z,147abc6a,8bab4dff,a6177608,0.0
2025-03-25T09:24:00Z,147abc6a,8bab4dff,a6177608,0.0
2025-03-25T09:27:00Z,147abc6a,8bab4dff,a6177608,0.0
2025-03-25T09:30:00Z,147abc6a,8bab4dff,a6177608,0.0
2025-03-25T09:33:00Z,147abc6a,8bab4dff,a6177608,0.0
2025-03-25T09:36:00Z,147abc6a,8bab4dff,a6177608,0.0
2025-03-25T09:39:00Z,147abc6a,8bab4dff,a6177608,0.0
2025-03-25T09:42:00Z,147abc6a,8bab4dff,a6177608,0.0
2025-03-25T09:45:00Z,147abc6a,8bab4dff,a6177608,0.0
2025-03-25T09:48:00Z,147abc6a,8bab4dff,a6177608,0.0
2025-03-25T09:51:00Z,147abc6a,8bab4dff,a6177608,0.0
2025-03-25T09:54:00Z,147abc6a,8bab4dff,a6177608,0.0
2025-03-25T09:57:00Z,147abc6a,8bab4dff,a6177608,0.0
2025-03-25T10:00:00Z,147abc6a,8bab4dff,a6177608,0.0
2025-03-25T10:03:00Z,147abc6a,8bab4dff,a6177608,0.0
2025-03-25T10:06:00Z,147abc6a,8bab4dff,a6177608,0.0
2025-03-25T10:09:00Z,147abc6a,8bab4dff,a6177608,0.0
2025-03-25T10:12:00Z,147abc6a,8bab4dff,a6177608,0.0
2025-03-25T10:15:00Z,147abc6a,8bab4dff,a6177608,0.0
2025-03-25T10:18:00Z,147abc6a,8bab4dff,a6177608,0.0
2025-03-25T10:21:00Z,147abc6a,8bab4dff,a6177608,0.0
2025-03-25T10:24:00Z,147abc6a,8bab4dff,a6177608,0.0
2025-03-25T10:27:00Z,147abc6a,8bab4dff,a6177608,0.0
2025-03-25T10:30:00Z,147abc6a,8bab4dff,a6177608,0.0
2025-03-25T10:33:00Z,147abc6a,8bab4dff,a6177608,0.04
2025-03-25T10:36:00Z,147abc6a,8bab4dff,a6177608,0.37
2025-03-25T10:39:00Z,147abc6a,8bab4dff,a6177608,0.12
2025-03-25T10:42:00Z,147abc6a,8bab4dff,a6177608,0.0
2025-03-25T10:45:00Z,147abc6a,8bab4dff,a6177608,0.0
2025-03-25T10:48:00Z,147abc6a,8bab4dff,a6177608,0.0
2025-03-25T10:51:00Z,147abc6a,8bab4dff,a6177608,0.0
2025-03-25T10:54:00Z,147abc6a,8bab4dff,a6177608,0.23
2025-03-25T10:57:00Z,147abc6a,8bab4dff,a6177608,0.02
2025-03-25T11:00:00Z,147abc6a,8bab4dff,a6177608,0.01
2025-03-25T11:03:00Z,147abc6a,8bab4dff,a6177608,0.0
2025-03-25T11:06:00Z,147abc6a,8bab4dff,a6177608,0.01
2025-03-25T11:09:00Z,147abc6a,8bab4dff,a6177608,0.0
2025-03-25T11:12:00Z,147abc6a,8bab4dff,a6177608,0.0
2025-03-25T11:15:00Z,147abc6a,8bab4dff,a6177608,0.0
2025-03-25T11:18:00Z,147abc6a,8bab4dff,a6177608,0.0
2025-03-25T11:21:00Z,147abc6a,8bab4dff,a6177608,0.0
2025-03-25T11:24:00Z,147abc6a,8bab4dff,a6177608,0.0
2025-03-25T11:27:00Z,147abc6a,8bab4dff,a6177608,0.0
2025-03-25T11:30:00Z,147abc6a,8bab4dff,a6177608,0.03
2025-03-25T11:33:00Z,147abc6a,8bab4dff,a6177608,0.01
2025-03-25T11:36:00Z,147abc6a,8bab4dff,a6177608,0.0
2025-03-25T11:39:00Z,147abc6a,8bab4dff,a6177608,0.0
2025-03-25T11:42:00Z,147abc6a,8bab4dff,a6177608,0.0
2025-03-25T11:45:00Z,147abc6a,8bab4dff,a6177608,0.0
2025-03-25T11:48:00Z,147abc6a,8bab4dff,a6177608,0.0
2025-03-25T11:51:00Z,147abc6a,8bab4dff,a6177608,0.0
2025-03-25T11:54:00Z,147abc6a,8bab4dff,a6177608,0.0
2025-03-25T11:57:00Z,147abc6a,8bab4dff,a6177608,0.0
2025-03-25T12:00:00Z,147abc6a,8bab4dff,a6177608,0.0
2025-03-25T12:03:00Z,147abc6a,8bab4dff,a6177608,0.0
2025-03-25T12:06:00Z,147abc6a,8bab4dff,a6177608,0.0
2025-03-25T12:09:00Z,147abc6a,8bab4dff,a6177608,0.0
2025-03-25T12:12:00Z,147abc6a,8bab4dff,a6177608,0.0
2025-03-25T12:15:00Z,147abc6a,8bab4dff,a6177608,0.0
2025-03-25T12:18:00Z,147abc6a,8bab4dff,a6177608,0.0
2025-03-25T12:21:00Z,147abc6a,8bab4dff,a6177608,0.0
2025-03-25T12:24:00Z,147abc6a,8bab4dff,a6177608,0.0
2025-03-25T12:27:00Z,147abc6a,8bab4dff,a6177608,0.0
2025-03-25T12:30:00Z,147abc6a,8bab4dff,a6177608,0.0
2025-03-25T12:33:00Z,147abc6a,8bab4dff,a6177608,0.0
2025-03-25T12:36:00Z,147abc6a,8bab4dff,a6177608,0.0
2025-03-25T12:39:00Z,147abc6a,8bab4dff,a6177608,0.0
2025-03-25T12:42:00Z,147abc6a,8bab4dff,a6177608,0.0
2025-03-25T12:45:00Z,147abc6a,8bab4dff,a6177608,0.0
2025-03-25T12:48:00Z,147abc6a,8bab4dff,a6177608,0.0
2025-03-25T12:51:00Z,147abc6a,8bab4dff,a6177608,0.0
2025-03-25T12:54:00Z,147abc6a,8bab4dff,a6177608,0.0
2025-03-25T12:57:00Z,147abc6a,8bab4dff,a6177608,0.0
2025-03-25T13:00:00Z,147abc6a,8bab4dff,a6177608,0.0
2025-03-25T13:03:00Z,147abc6a,8bab4dff,a6177608,0.0
2025-03-25T13:06:00Z,147abc6a,8bab4dff,a6177608,0.0
2025-03-25T13:09:00Z,147abc6a,8bab4dff,a6177608,0.0
2025-03-25T13:12:00Z,147abc6a,8bab4dff,a6177608,0.0
2025-03-25T13:15:00Z,147abc6a,8bab4dff,a6177608,0.0
2025-03-25T13:18:00Z,147abc6a,8bab4dff,a6177608,0.0
2025-03-25T13:21:00Z,147abc6a,8bab4dff,a6177608,0.0
2025-03-25T13:24:00Z,147abc6a,8bab4dff,a6177608,0.0
2025-03-25T13:27:00Z,147abc6a,8bab4dff,a6177608,0.0
2025-03-25T13:30:00Z,147abc6a,8bab4dff,a6177608,0.0
2025-03-25T13:33:00Z,147abc6a,8bab4dff,a6177608,0.0
2025-03-25T13:36:00Z,147abc6a,8bab4dff,a6177608,0.0
2025-03-25T13:39:00Z,147abc6a,8bab4dff,a6177608,0.0
2025-03-25T13:42:00Z,147abc6a,8bab4dff,a6177608,0.0
2025-03-25T13:45:00Z,147abc6a,8bab4dff,a6177608,0.0
2025-03-25T13:48:00Z,147abc6a,8bab4dff,a6177608,0.0
2025-03-25T13:51:00Z,147abc6a,8bab4dff,a6177608,0.0
2025-03-25T13:54:00Z,147abc6a,8bab4dff,a6177608,0.0
2025-03-25T13:57:00Z,147abc6a,8bab4dff,a6177608,0.0
2025-03-25T14:00:00Z,147abc6a,8bab4dff,a6177608,0.0
2025-03-25T14:03:00Z,147abc6a,8bab4dff,a6177608,0.0
2025-03-25T14:06:00Z,147abc6a,8bab4dff,a6177608,0.0
2025-03-25T14:09:00Z,147abc6a,8bab4dff,a6177608,0.0
2025-03-25T14:12:00Z,147abc6a,8bab4dff,a6177608,0.0
2025-03-25T14:15:00Z,147abc6a,8bab4dff,a6177608,0.0
2025-03-25T14:18:00Z,147abc6a,8bab4dff,a6177608,0.0
2025-03-25T14:21:00Z,147abc6a,8bab4dff,a6177608,0.0
2025-03-25T14:24:00Z,147abc6a,8bab4dff,a6177608,0.0
2025-03-25T14:27:00Z,147abc6a,8bab4dff,a6177608,0.0
2025-03-25T14:30:00Z,147abc6a,8bab4dff,a6177608,0.0
2025-03-25T14:33:00Z,147abc6a,8bab4dff,a6177608,0.0
2025-03-25T14:36:00Z,147abc6a,8bab4dff,a6177608,0.0
2025-03-25T14:39:00Z,147abc6a,8bab4dff,a6177608,0.0
2025-03-25T14:42:00Z,147abc6a,8bab4dff,a6177608,0.0
2025-03-25T14:45:00Z,147abc6a,8bab4dff,a6177608,0.0
2025-03-25T14:48:00Z,147abc6a,8bab4dff,a6177608,0.0
2025-03-25T14:51:00Z,147abc6a,8bab4dff,a6177608,0.0
2025-03-25T14:54:00Z,147abc6a,8bab4dff,a6177608,0.0
2025-03-25T14:57:00Z,147abc6a,8bab4dff,a6177608,0.0
2025-03-25T15:00:00Z,147abc6a,8bab4dff,a6177608,0.0
2025-03-25T15:03:00Z,147abc6a,8bab4dff,a6177608,0.0
2025-03-25T15:06:00Z,147abc6a,8bab4dff,a6177608,0.0
2025-03-25T15:09:00Z,147abc6a,8bab4dff,a6177608,0.0
2025-03-25T15:12:00Z,147abc6a,8bab4dff,a6177608,0.0
2025-03-25T15:15:00Z,147abc6a,8bab4dff,a6177608,0.0
2025-03-25T15:18:00Z,147abc6a,8bab4dff,a6177608,0.0
2025-03-25T15:21:00Z,147abc6a,8bab4dff,a6177608,0.0
2025-03-25T15:24:00Z,147abc6a,8bab4dff,a6177608,0.0
2025-03-25T15:27:00Z,147abc6a,8bab4dff,a6177608,0.0
2025-03-25T15:30:00Z,147abc6a,8bab4dff,a6177608,0.0
2025-03-25T15:33:00Z,147abc6a,8bab4dff,a6177608,0.0
2025-03-25T15:36:00Z,147abc6a,8bab4dff,a6177608,0.0
2025-03-25T15:39:00Z,147abc6a,8bab4dff,a6177608,0.0
2025-03-25T15:42:00Z,147abc6a,8bab4dff,a6177608,0.0
2025-03-25T15:45:00Z,147abc6a,8bab4dff,a6177608,0.0
2025-03-25T15:48:00Z,147abc6a,8bab4dff,a6177608,0.0
2025-03-25T15:51:00Z,147abc6a,8bab4dff,a6177608,0.0
2025-03-25T15:54:00Z,147abc6a,8bab4dff,a6177608,0.0
2025-03-25T15:57:00Z,147abc6a,8bab4dff,a6177608,0.0
2025-03-25T16:00:00Z,147abc6a,8bab4dff,a6177608,0.0
2025-03-25T16:03:00Z,147abc6a,8bab4dff,a6177608,0.0
2025-03-25T16:06:00Z,147abc6a,8bab4dff,a6177608,0.0
2025-03-25T16:09:00Z,147abc6a,8bab4dff,a6177608,0.0
2025-03-25T16:12:00Z,147abc6a,8bab4dff,a6177608,0.0
2025-03-25T16:15:00Z,147abc6a,8bab4dff,a6177608,0.0
2025-03-25T16:18:00Z,147abc6a,8bab4dff,a6177608,0.0
2025-03-25T16:21:00Z,147abc6a,8bab4dff,a6177608,0.0
2025-03-25T16:24:00Z,147abc6a,8bab4dff,a6177608,0.0
2025-03-25T16:27:00Z,147abc6a,8bab4dff,a6177608,0.0
2025-03-25T16:30:00Z,147abc6a,8bab4dff,a6177608,0.0
2025-03-25T16:33:00Z,147abc6a,8bab4dff,a6177608,0.0
2025-03-25T16:36:00Z,147abc6a,8bab4dff,a6177608,0.0
2025-03-25T16:39:00Z,147abc6a,8bab4dff,a6177608,0.0
2025-03-25T16:42:00Z,147abc6a,8bab4dff,a6177608,0.0
2025-03-25T16:45:00Z,147abc6a,8bab4dff,a6177608,0.0
2025-03-25T16:48:00Z,147abc6a,8bab4dff,a6177608,0.0
2025-03-25T16:51:00Z,147abc6a,8bab4dff,a6177608,0.0
2025-03-25T16:54:00Z,147abc6a,8bab4dff,a6177608,0.0
2025-03-25T16:57:00Z,147abc6a,8bab4dff,a6177608,0.0
2025-03-25T17:00:00Z,147abc6a,8bab4dff,a6177608,0.0
2025-03-25T17:03:00Z,147abc6a,8bab4dff,a6177608,0.0
2025-03-25T17:06:00Z,147abc6a,8bab4dff,a6177608,0.0
2025-03-25T17:09:00Z,147abc6a,8bab4dff,a6177608,0.0
2025-03-25T17:12:00Z,147abc6a,8bab4dff,a6177608,0.0
2025-03-25T17:15:00Z,147abc6a,8bab4dff,a6177608,0.0
2025-03-25T17:18:00Z,147abc6a,8bab4dff,a6177608,0.0
2025-03-25T17:21:00Z,147abc6a,8bab4dff,a6177608,0.0
2025-03-25T17:24:00Z,147abc6a,8bab4dff,a6177608,0.0
2025-03-25T17:27:00Z,147abc6a,8bab4dff,a6177608,0.0
2025-03-25T17:30:00Z,147abc6a,8bab4dff,a6177608,0.0
2025-03-25T17:33:00Z,147abc6a,8bab4dff,a6177608,0.0
2025-03-25T17:36:00Z,147abc6a,8bab4dff,a6177608,0.0
2025-03-25T17:39:00Z,147abc6a,8bab4dff,a6177608,0.0
2025-03-25T17:42:00Z,147abc6a,8bab4dff,a6177608,0.0
2025-03-25T17:45:00Z,147abc6a,8bab4dff,a6177608,0.0
2025-03-25T17:48:00Z,147abc6a,8bab4dff,a6177608,0.0
2025-03-25T17:51:00Z,147abc6a,8bab4dff,a6177608,0.0
2025-03-25T17:54:00Z,147abc6a,8bab4dff,a6177608,0.0
2025-03-25T17:57:00Z,147abc6a,8bab4dff,a6177608,0.0
2025-03-25T18:00:00Z,147abc6a,8bab4dff,a6177608,0.0
2025-03-25T18:03:00Z,147abc6a,8bab4dff,a6177608,0.0
2025-03-25T18:06:00Z,147abc6a,8bab4dff,a6177608,0.0
2025-03-25T18:09:00Z,147abc6a,8bab4dff,a6177608,0.0
2025-03-25T18:12:00Z,147abc6a,8bab4dff,a6177608,0.0
2025-03-25T18:15:00Z,147abc6a,8bab4dff,a6177608,0.0
2025-03-25T18:18:00Z,147abc6a,8bab4dff,a6177608,0.0
2025-03-25T18:21:00Z,147abc6a,8bab4dff,a6177608,0.0
2025-03-25T18:24:00Z,147abc6a,8bab4dff,a6177608,0.0
2025-03-25T18:27:00Z,147abc6a,8bab4dff,a6177608,0.0
2025-03-25T18:30:00Z,147abc6a,8bab4dff,a6177608,0.0
2025-03-25T18:33:00Z,147abc6a,8bab4dff,a6177608,0.0
2025-03-25T18:36:00Z,147abc6a,8bab4dff,a6177608,0.0
2025-03-25T18:39:00Z,147abc6a,8bab4dff,a6177608,0.0
2025-03-25T18:42:00Z,147abc6a,8bab4dff,a6177608,0.0
2025-03-25T18:45:00Z,147abc6a,8bab4dff,a6177608,0.0
2025-03-25T18:48:00Z,147abc6a,8bab4dff,a6177608,0.0
2025-03-25T18:51:00Z,147abc6a,8bab4dff,a6177608,0.0
2025-03-25T18:54:00Z,147abc6a,8bab4dff,a6177608,0.0
2025-03-25T18:57:00Z,147abc6a,8bab4dff,a6177608,0.0
2025-03-25T19:00:00Z,147abc6a,8bab4dff,a6177608,0.0
2025-03-25T19:03:00Z,147abc6a,8bab4dff,a6177608,0.0
2025-03-25T19:06:00Z,147abc6a,8bab4dff,a6177608,0.0
2025-03-25T19:09:00Z,147abc6a,8bab4dff,a6177608,0.0
2025-03-25T19:12:00Z,147abc6a,8bab4dff,a6177608,0.0
2025-03-25T19:15:00Z,147abc6a,8bab4dff,a6177608,0.0
2025-03-25T19:18:00Z,147abc6a,8bab4dff,a6177608,0.0
2025-03-25T19:21:00Z,147abc6a,8bab4dff,a6177608,0.0
2025-03-25T19:24:00Z,147abc6a,8bab4dff,a6177608,0.0
2025-03-25T19:27:00Z,147abc6a,8bab4dff,a6177608,0.0
2025-03-25T19:30:00Z,147abc6a,8bab4dff,a6177608,0.0
2025-03-25T19:33:00Z,147abc6a,8bab4dff,a6177608,0.0
2025-03-25T19:36:00Z,147abc6a,8bab4dff,a6177608,0.0
2025-03-25T19:39:00Z,147abc6a,8bab4dff,a6177608,0.0
2025-03-25T19:42:00Z,147abc6a,8bab4dff,a6177608,0.0
2025-03-25T19:45:00Z,147abc6a,8bab4dff,a6177608,0.0
2025-03-25T19:48:00Z,147abc6a,8bab4dff,a6177608,0.0
2025-03-25T19:51:00Z,147abc6a,8bab4dff,a6177608,0.0
2025-03-25T19:54:00Z,147abc6a,8bab4dff,a6177608,0.0
2025-03-25T19:57:00Z,147abc6a,8bab4dff,a6177608,0.0
2025-03-25T20:00:00Z,147abc6a,8bab4dff,a6177608,0.0
2025-03-25T20:03:00Z,147abc6a,8bab4dff,a6177608,0.0
2025-03-25T20:06:00Z,147abc6a,8bab4dff,a6177608,0.0
2025-03-25T20:09:00Z,147abc6a,8bab4dff,a6177608,0.0
2025-03-25T20:12:00Z,147abc6a,8bab4dff,a6177608,0.0
2025-03-25T20:15:00Z,147abc6a,8bab4dff,a6177608,0.0
2025-03-25T20:18:00Z,147abc6a,8bab4dff,a6177608,0.0
2025-03-25T20:21:00Z,147abc6a,8bab4dff,a6177608,0.0
2025-03-25T20:24:00Z,147abc6a,8bab4dff,a6177608,0.0
2025-03-25T20:27:00Z,147abc6a,8bab4dff,a6177608,0.0
2025-03-25T20:30:00Z,147abc6a,8bab4dff,a6177608,0.0
2025-03-25T20:33:00Z,147abc6a,8bab4dff,a6177608,0.0
2025-03-25T20:36:00Z,147abc6a,8bab4dff,a6177608,0.0
2025-03-25T20:39:00Z,147abc6a,8bab4dff,a6177608,0.0
2025-03-25T20:42:00Z,147abc6a,8bab4dff,a6177608,0.0
2025-03-25T20:45:00Z,147abc6a,8bab4dff,a6177608,0.0
2025-03-25T20:48:00Z,147abc6a,8bab4dff,a6177608,0.0
2025-03-25T20:51:00Z,147abc6a,8bab4dff,a6177608,0.0
2025-03-25T20:54:00Z,147abc6a,8bab4dff,a6177608,0.0
2025-03-25T20:57:00Z,147abc6a,8bab4dff,a6177608,0.0
2025-03-25T21:00:00Z,147abc6a,8bab4dff,a6177608,0.0
2025-03-25T21:03:00Z,147abc6a,8bab4dff,a6177608,0.0
2025-03-25T21:06:00Z,147abc6a,8bab4dff,a6177608,0.0
2025-03-25T21:09:00Z,147abc6a,8bab4dff,a6177608,0.0
2025-03-25T21:12:00Z,147abc6a,8bab4dff,a6177608,0.0
2025-03-25T21:15:00Z,147abc6a,8bab4dff,a6177608,0.0
2025-03-25T21:18:00Z,147abc6a,8bab4dff,a6177608,0.0
2025-03-25T21:21:00Z,147abc6a,8bab4dff,a6177608,0.0
2025-03-25T21:24:00Z,147abc6a,8bab4dff,a6177608,0.0
2025-03-25T21:27:00Z,147abc6a,8bab4dff,a6177608,0.0
2025-03-25T21:30:00Z,147abc6a,8bab4dff,a6177608,0.0
2025-03-25T21:33:00Z,147abc6a,8bab4dff,a6177608,0.0
2025-03-25T21:36:00Z,147abc6a,8bab4dff,a6177608,0.0
2025-03-25T21:39:00Z,147abc6a,8bab4dff,a6177608,0.0
2025-03-25T21:42:00Z,147abc6a,8bab4dff,a6177608,0.0
2025-03-25T21:45:00Z,147abc6a,8bab4dff,a6177608,0.0
2025-03-25T21:48:00Z,147abc6a,8bab4dff,a6177608,0.0
2025-03-25T21:51:00Z,147abc6a,8bab4dff,a6177608,0.0
2025-03-25T21:54:00Z,147abc6a,8bab4dff,a6177608,0.0
2025-03-25T21:57:00Z,147abc6a,8bab4dff,a6177608,0.0
2025-03-25T22:00:00Z,147abc6a,8bab4dff,a6177608,0.0
2025-03-25T22:03:00Z,147abc6a,8bab4dff,a6177608,0.0
2025-03-25T22:06:00Z,147abc6a,8bab4dff,a6177608,0.0
2025-03-25T22:09:00Z,147abc6a,8bab4dff,a6177608,0.0
2025-03-25T22:12:00Z,147abc6a,8bab4dff,a6177608,0.0
2025-03-25T22:15:00Z,147abc6a,8bab4dff,a6177608,0.0
2025-03-25T22:18:00Z,147abc6a,8bab4dff,a6177608,0.0
2025-03-25T22:21:00Z,147abc6a,8bab4dff,a6177608,0.0
2025-03-25T22:24:00Z,147abc6a,8bab4dff,a6177608,0.0
2025-03-25T22:27:00Z,147abc6a,8bab4dff,a6177608,0.0
2025-03-25T22:30:00Z,147abc6a,8bab4dff,a6177608,0.0
2025-03-25T22:33:00Z,147abc6a,8bab4dff,a6177608,0.0
2025-03-25T22:36:00Z,147abc6a,8bab4dff,a6177608,0.0
2025-03-25T22:39:00Z,147abc6a,8bab4dff,a6177608,0.0
2025-03-25T22:42:00Z,147abc6a,8bab4dff,a6177608,0.0
2025-03-25T22:45:00Z,147abc6a,8bab4dff,a6177608,0.0
2025-03-25T22:48:00Z,147abc6a,8bab4dff,a6177608,0.0
2025-03-25T22:51:00Z,147abc6a,8bab4dff,a6177608,0.01
2025-03-25T22:54:00Z,147abc6a,8bab4dff,a6177608,0.0
2025-03-25T22:57:00Z,147abc6a,8bab4dff,a6177608,0.0
2025-03-25T23:00:00Z,147abc6a,8bab4dff,a6177608,0.0
2025-03-25T23:03:00Z,147abc6a,8bab4dff,a6177608,0.0
2025-03-25T23:06:00Z,147abc6a,8bab4dff,a6177608,0.0
2025-03-25T23:09:00Z,147abc6a,8bab4dff,a6177608,0.0
2025-03-25T23:12:00Z,147abc6a,8bab4dff,a6177608,0.0
2025-03-25T23:15:00Z,147abc6a,8bab4dff,a6177608,0.0
2025-03-25T23:18:00Z,147abc6a,8bab4dff,a6177608,0.0
2025-03-25T23:21:00Z,147abc6a,8bab4dff,a6177608,0.0
2025-03-25T23:24:00Z,147abc6a,8bab4dff,a6177608,0.0
2025-03-25T23:27:00Z,147abc6a,8bab4dff,a6177608,0.0
2025-03-25T23:30:00Z,147abc6a,8bab4dff,a6177608,0.0
2025-03-25T23:33:00Z,147abc6a,8bab4dff,a6177608,0.0
2025-03-25T23:36:00Z,147abc6a,8bab4dff,a6177608,0.0
2025-03-25T23:39:00Z,147abc6a,8bab4dff,a6177608,0.0
2025-03-25T23:42:00Z,147abc6a,8bab4dff,a6177608,0.0
2025-03-25T23:45:00Z,147abc6a,8bab4dff,a6177608,0.0
2025-03-25T23:48:00Z,147abc6a,8bab4dff,a6177608,0.0
2025-03-25T23:51:00Z,147abc6a,8bab4dff,a6177608,0.0
2025-03-25T23:54:00Z,147abc6a,8bab4dff,a6177608,0.0
2025-03-25T23:57:00Z,147abc6a,8bab4dff,a6177608,0.0
2025-03-26T00:00:00Z,147abc6a,8bab4dff,a6177608,0.0
2025-03-26T00:03:00Z,147abc6a,8bab4dff,a6177608,0.0
2025-03-26T00:06:00Z,147abc6a,8bab4dff,a6177608,0.0
2025-03-26T00:09:00Z,147abc6a,8bab4dff,a6177608,0.0
2025-03-26T00:12:00Z,147abc6a,8bab4dff,a6177608,0.0
2025-03-26T00:15:00Z,147abc6a,8bab4dff,a6177608,0.0
2025-03-26T00:18:00Z,147abc6a,8bab4dff,a6177608,0.0
2025-03-26T00:21:00Z,147abc6a,8bab4dff,a6177608,0.0
2025-03-26T00:24:00Z,147abc6a,8bab4dff,a6177608,0.0
2025-03-26T00:27:00Z,147abc6a,8bab4dff,a6177608,0.0
2025-03-26T00:30:00Z,147abc6a,8bab4dff,a6177608,0.0
2025-03-26T00:33:00Z,147abc6a,8bab4dff,a6177608,0.0
2025-03-26T00:36:00Z,147abc6a,8bab4dff,a6177608,0.0
2025-03-26T00:39:00Z,147abc6a,8bab4dff,a6177608,0.0
2025-03-26T00:42:00Z,147abc6a,8bab4dff,a6177608,0.0
2025-03-26T00:45:00Z,147abc6a,8bab4dff,a6177608,0.0
2025-03-26T00:48:00Z,147abc6a,8bab4dff,a6177608,0.0
2025-03-26T00:51:00Z,147abc6a,8bab4dff,a6177608,0.0
2025-03-26T00:54:00Z,147abc6a,8bab4dff,a6177608,0.0
2025-03-26T00:57:00Z,147abc6a,8bab4dff,a6177608,0.0
2025-03-26T01:00:00Z,147abc6a,8bab4dff,a6177608,0.0
2025-03-26T01:03:00Z,147abc6a,8bab4dff,a6177608,0.0
2025-03-26T01:06:00Z,147abc6a,8bab4dff,a6177608,0.0
2025-03-26T01:09:00Z,147abc6a,8bab4dff,a6177608,0.0
2025-03-26T01:12:00Z,147abc6a,8bab4dff,a6177608,0.0
2025-03-26T01:15:00Z,147abc6a,8bab4dff,a6177608,0.0
2025-03-26T01:18:00Z,147abc6a,8bab4dff,a6177608,0.0
2025-03-26T01:21:00Z,147abc6a,8bab4dff,a6177608,0.0
2025-03-26T01:24:00Z,147abc6a,8bab4dff,a6177608,0.0
2025-03-26T01:27:00Z,147abc6a,8bab4dff,a6177608,0.0
2025-03-26T01:30:00Z,147abc6a,8bab4dff,a6177608,0.0
2025-03-26T01:33:00Z,147abc6a,8bab4dff,a6177608,0.0
2025-03-26T01:36:00Z,147abc6a,8bab4dff,a6177608,0.0
2025-03-26T01:39:00Z,147abc6a,8bab4dff,a6177608,0.0
2025-03-26T01:42:00Z,147abc6a,8bab4dff,a6177608,0.0
2025-03-26T01:45:00Z,147abc6a,8bab4dff,a6177608,0.0
2025-03-26T01:48:00Z,147abc6a,8bab4dff,a6177608,0.0
2025-03-26T01:51:00Z,147abc6a,8bab4dff,a6177608,0.0
2025-03-26T01:54:00Z,147abc6a,8bab4dff,a6177608,0.0
2025-03-26T01:57:00Z,147abc6a,8bab4dff,a6177608,0.0
2025-03-26T02:00:00Z,147abc6a,8bab4dff,a6177608,0.08
2025-03-26T02:03:00Z,147abc6a,8bab4dff,a6177608,0.0
2025-03-26T02:06:00Z,147abc6a,8bab4dff,a6177608,0.0
2025-03-26T02:09:00Z,147abc6a,8bab4dff,a6177608,0.0
2025-03-26T02:12:00Z,147abc6a,8bab4dff,a6177608,0.0
2025-03-26T02:15:00Z,147abc6a,8bab4dff,a6177608,0.0
2025-03-26T02:18:00Z,147abc6a,8bab4dff,a6177608,0.0
2025-03-26T02:21:00Z,147abc6a,8bab4dff,a6177608,0.0
2025-03-26T02:24:00Z,147abc6a,8bab4dff,a6177608,0.0
2025-03-26T02:27:00Z,147abc6a,8bab4dff,a6177608,0.0
2025-03-26T02:30:00Z,147abc6a,8bab4dff,a6177608,0.0
2025-03-26T02:33:00Z,147abc6a,8bab4dff,a6177608,0.0
2025-03-26T02:36:00Z,147abc6a,8bab4dff,a6177608,0.01
2025-03-26T02:39:00Z,147abc6a,8bab4dff,a6177608,0.0
2025-03-26T02:42:00Z,147abc6a,8bab4dff,a6177608,0.0
2025-03-26T02:45:00Z,147abc6a,8bab4dff,a6177608,0.0
2025-03-26T02:48:00Z,147abc6a,8bab4dff,a6177608,0.0
2025-03-26T02:51:00Z,147abc6a,8bab4dff,a6177608,0.0
2025-03-26T02:54:00Z,147abc6a,8bab4dff,a6177608,0.0
2025-03-26T02:57:00Z,147abc6a,8bab4dff,a6177608,0.0
2025-03-26T03:00:00Z,147abc6a,8bab4dff,a6177608,0.0
2025-03-26T03:03:00Z,147abc6a,8bab4dff,a6177608,0.0
2025-03-26T03:06:00Z,147abc6a,8bab4dff,a6177608,0.0
2025-03-26T03:09:00Z,147abc6a,8bab4dff,a6177608,0.0
2025-03-26T03:12:00Z,147abc6a,8bab4dff,a6177608,0.0
2025-03-26T03:15:00Z,147abc6a,8bab4dff,a6177608,0.0
2025-03-26T03:18:00Z,147abc6a,8bab4dff,a6177608,0.0
2025-03-26T03:21:00Z,147abc6a,8bab4dff,a6177608,0.0
2025-03-26T03:24:00Z,147abc6a,8bab4dff,a6177608,0.0
2025-03-26T03:27:00Z,147abc6a,8bab4dff,a6177608,0.0
2025-03-26T03:30:00Z,147abc6a,8bab4dff,a6177608,0.0
2025-03-26T03:33:00Z,147abc6a,8bab4dff,a6177608,0.0
2025-03-26T03:36:00Z,147abc6a,8bab4dff,a6177608,0.0
2025-03-26T03:39:00Z,147abc6a,8bab4dff,a6177608,0.0
2025-03-26T03:42:00Z,147abc6a,8bab4dff,a6177608,0.0
2025-03-26T03:45:00Z,147abc6a,8bab4dff,a6177608,0.0
2025-03-26T03:48:00Z,147abc6a,8bab4dff,a6177608,0.0
2025-03-26T03:51:00Z,147abc6a,8bab4dff,a6177608,0.0
2025-03-26T03:54:00Z,147abc6a,8bab4dff,a6177608,0.0
2025-03-26T03:57:00Z,147abc6a,8bab4dff,a6177608,0.0
2025-03-26T04:00:00Z,147abc6a,8bab4dff,a6177608,0.0
2025-03-26T04:03:00Z,147abc6a,8bab4dff,a6177608,0.0
2025-03-26T04:06:00Z,147abc6a,8bab4dff,a6177608,0.0
2025-03-26T04:09:00Z,147abc6a,8bab4dff,a6177608,0.0
2025-03-26T04:12:00Z,147abc6a,8bab4dff,a6177608,0.0
2025-03-26T04:15:00Z,147abc6a,8bab4dff,a6177608,0.0
2025-03-26T04:18:00Z,147abc6a,8bab4dff,a6177608,0.0
2025-03-26T04:21:00Z,147abc6a,8bab4dff,a6177608,0.0
2025-03-26T04:24:00Z,147abc6a,8bab4dff,a6177608,0.0
2025-03-26T04:27:00Z,147abc6a,8bab4dff,a6177608,0.0
2025-03-26T04:30:00Z,147abc6a,8bab4dff,a6177608,0.0
2025-03-26T04:33:00Z,147abc6a,8bab4dff,a6177608,0.0
2025-03-26T04:36:00Z,147abc6a,8bab4dff,a6177608,0.0
2025-03-26T04:39:00Z,147abc6a,8bab4dff,a6177608,0.0
2025-03-26T04:42:00Z,147abc6a,8bab4dff,a6177608,0.0
2025-03-26T04:45:00Z,147abc6a,8bab4dff,a6177608,0.0
2025-03-26T04:48:00Z,147abc6a,8bab4dff,a6177608,0.0
2025-03-26T04:51:00Z,147abc6a,8bab4dff,a6177608,0.0
2025-03-26T04:54:00Z,147abc6a,8bab4dff,a6177608,0.0
2025-03-26T04:57:00Z,147abc6a,8bab4dff,a6177608,0.0
2025-03-26T05:00:00Z,147abc6a,8bab4dff,a6177608,0.0
2025-03-26T05:03:00Z,147abc6a,8bab4dff,a6177608,0.0
2025-03-26T05:06:00Z,147abc6a,8bab4dff,a6177608,0.0
2025-03-26T05:09:00Z,147abc6a,8bab4dff,a6177608,0.0
2025-03-26T05:12:00Z,147abc6a,8bab4dff,a6177608,0.0
2025-03-26T05:15:00Z,147abc6a,8bab4dff,a6177608,0.0
2025-03-26T05:18:00Z,147abc6a,8bab4dff,a6177608,0.0
2025-03-26T05:21:00Z,147abc6a,8bab4dff,a6177608,0.0
2025-03-26T05:24:00Z,147abc6a,8bab4dff,a6177608,0.0
2025-03-26T05:27:00Z,147abc6a,8bab4dff,a6177608,0.0
2025-03-26T05:30:00Z,147abc6a,8bab4dff,a6177608,0.0
2025-03-26T05:33:00Z,147abc6a,8bab4dff,a6177608,0.0
2025-03-26T05:36:00Z,147abc6a,8bab4dff,a6177608,0.0
2025-03-26T05:39:00Z,147abc6a,8bab4dff,a6177608,0.0
2025-03-26T05:42:00Z,147abc6a,8bab4dff,a6177608,0.0
2025-03-26T05:45:00Z,147abc6a,8bab4dff,a6177608,0.0
2025-03-26T05:48:00Z,147abc6a,8bab4dff,a6177608,0.0
2025-03-26T05:51:00Z,147abc6a,8bab4dff,a6177608,0.0
2025-03-26T05:54:00Z,147abc6a,8bab4dff,a6177608,0.0
2025-03-26T05:57:00Z,147abc6a,8bab4dff,a6177608,0.0
2025-03-26T06:00:00Z,147abc6a,8bab4dff,a6177608,0.0
2025-03-26T06:03:00Z,147abc6a,8bab4dff,a6177608,0.0
2025-03-26T06:06:00Z,147abc6a,8bab4dff,a6177608,0.0
2025-03-26T06:09:00Z,147abc6a,8bab4dff,a6177608,0.0
2025-03-26T06:12:00Z,147abc6a,8bab4dff,a6177608,0.0
2025-03-26T06:15:00Z,147abc6a,8bab4dff,a6177608,0.0
2025-03-26T06:18:00Z,147abc6a,8bab4dff,a6177608,0.0
2025-03-26T06:21:00Z,147abc6a,8bab4dff,a6177608,0.0
2025-03-26T06:24:00Z,147abc6a,8bab4dff,a6177608,0.0
2025-03-26T06:27:00Z,147abc6a,8bab4dff,a6177608,0.01
2025-03-26T06:30:00Z,147abc6a,8bab4dff,a6177608,0.0
2025-03-26T06:33:00Z,147abc6a,8bab4dff,a6177608,0.0
2025-03-26T06:36:00Z,147abc6a,8bab4dff,a6177608,0.0
2025-03-26T06:39:00Z,147abc6a,8bab4dff,a6177608,0.0
2025-03-26T06:42:00Z,147abc6a,8bab4dff,a6177608,0.0
2025-03-26T06:45:00Z,147abc6a,8bab4dff,a6177608,0.0
2025-03-26T06:48:00Z,147abc6a,8bab4dff,a6177608,0.0
2025-03-26T06:51:00Z,147abc6a,8bab4dff,a6177608,0.0
2025-03-26T06:54:00Z,147abc6a,8bab4dff,a6177608,0.01
2025-03-26T06:57:00Z,147abc6a,8bab4dff,a6177608,0.0
2025-03-26T07:00:00Z,147abc6a,8bab4dff,a6177608,0.0
2025-03-26T07:03:00Z,147abc6a,8bab4dff,a6177608,0.0
2025-03-26T07:06:00Z,147abc6a,8bab4dff,a6177608,0.0
2025-03-26T07:09:00Z,147abc6a,8bab4dff,a6177608,0.0
2025-03-26T07:12:00Z,147abc6a,8bab4dff,a6177608,0.0
2025-03-26T07:15:00Z,147abc6a,8bab4dff,a6177608,0.0
2025-03-26T07:18:00Z,147abc6a,8bab4dff,a6177608,0.0
2025-03-26T07:21:00Z,147abc6a,8bab4dff,a6177608,0.0
2025-03-26T07:24:00Z,147abc6a,8bab4dff,a6177608,0.0
2025-03-26T07:27:00Z,147abc6a,8bab4dff,a6177608,0.0
2025-03-26T07:30:00Z,147abc6a,8bab4dff,a6177608,0.0
2025-03-26T07:33:00Z,147abc6a,8bab4dff,a6177608,0.0
2025-03-26T07:36:00Z,147abc6a,8bab4dff,a6177608,0.0
2025-03-26T07:39:00Z,147abc6a,8bab4dff,a6177608,0.0
2025-03-26T07:42:00Z,147abc6a,8bab4dff,a6177608,0.0
2025-03-26T07:45:00Z,147abc6a,8bab4dff,a6177608,0.0
2025-03-26T07:48:00Z,147abc6a,8bab4dff,a6177608,0.0
2025-03-26T07:51:00Z,147abc6a,8bab4dff,a6177608,0.0
2025-03-26T07:54:00Z,147abc6a,8bab4dff,a6177608,0.0
2025-03-26T07:57:00Z,147abc6a,8bab4dff,a6177608,0.0
2025-03-26T08:00:00Z,147abc6a,8bab4dff,a6177608,0.0
2025-03-26T08:03:00Z,147abc6a,8bab4dff,a6177608,0.0
2025-03-26T08:06:00Z,147abc6a,8bab4dff,a6177608,0.0
2025-03-26T08:09:00Z,147abc6a,8bab4dff,a6177608,0.0
2025-03-26T08:12:00Z,147abc6a,8bab4dff,a6177608,0.0
2025-03-26T08:15:00Z,147abc6a,8bab4dff,a6177608,0.0
2025-03-26T08:18:00Z,147abc6a,8bab4dff,a6177608,0.0
2025-03-26T08:21:00Z,147abc6a,8bab4dff,a6177608,0.0
2025-03-26T08:24:00Z,147abc6a,8bab4dff,a6177608,0.0
2025-03-26T08:27:00Z,147abc6a,8bab4dff,a6177608,0.0
2025-03-26T08:30:00Z,147abc6a,8bab4dff,a6177608,0.0
2025-03-26T08:33:00Z,147abc6a,8bab4dff,a6177608,0.0
2025-03-26T08:36:00Z,147abc6a,8bab4dff,a6177608,0.0
2025-03-26T08:39:00Z,147abc6a,8bab4dff,a6177608,0.0
2025-03-26T08:42:00Z,147abc6a,8bab4dff,a6177608,0.0
2025-03-26T08:45:00Z,147abc6a,8bab4dff,a6177608,0.0
2025-03-26T08:48:00Z,147abc6a,8bab4dff,a6177608,0.0
2025-03-26T08:51:00Z,147abc6a,8bab4dff,a6177608,0.0
2025-03-26T08:54:00Z,147abc6a,8bab4dff,a6177608,0.0
2025-03-26T08:57:00Z,147abc6a,8bab4dff,a6177608,0.0
2025-03-26T09:00:00Z,147abc6a,8bab4dff,a6177608,0.0
2025-03-26T09:03:00Z,147abc6a,8bab4dff,a6177608,0.0
2025-03-26T09:06:00Z,147abc6a,8bab4dff,a6177608,0.0
2025-03-26T09:09:00Z,147abc6a,8bab4dff,a6177608,0.0
2025-03-26T09:12:00Z,147abc6a,8bab4dff,a6177608,0.0
2025-03-26T09:15:00Z,147abc6a,8bab4dff,a6177608,0.0
2025-03-26T09:18:00Z,147abc6a,8bab4dff,a6177608,0.0
2025-03-26T09:21:00Z,147abc6a,8bab4dff,a6177608,0.0
2025-03-26T09:24:00Z,147abc6a,8bab4dff,a6177608,0.0
2025-03-26T09:27:00Z,147abc6a,8bab4dff,a6177608,0.0
2025-03-26T09:30:00Z,147abc6a,8bab4dff,a6177608,0.0
2025-03-26T09:33:00Z,147abc6a,8bab4dff,a6177608,0.0
2025-03-26T09:36:00Z,147abc6a,8bab4dff,a6177608,0.0
2025-03-26T09:39:00Z,147abc6a,8bab4dff,a6177608,0.0
2025-03-26T09:42:00Z,147abc6a,8bab4dff,a6177608,0.0
2025-03-26T09:45:00Z,147abc6a,8bab4dff,a6177608,0.0
2025-03-26T09:48:00Z,147abc6a,8bab4dff,a6177608,0.0
2025-03-26T09:51:00Z,147abc6a,8bab4dff,a6177608,0.0
2025-03-26T09:54:00Z,147abc6a,8bab4dff,a6177608,0.0
2025-03-26T09:57:00Z,147abc6a,8bab4dff,a6177608,0.0
2025-03-26T10:00:00Z,147abc6a,8bab4dff,a6177608,0.0
2025-03-26T10:03:00Z,147abc6a,8bab4dff,a6177608,0.0
2025-03-26T10:06:00Z,147abc6a,8bab4dff,a6177608,0.0
2025-03-26T10:09:00Z,147abc6a,8bab4dff,a6177608,0.0
2025-03-26T10:12:00Z,147abc6a,8bab4dff,a6177608,0.0
2025-03-26T10:15:00Z,147abc6a,8bab4dff,a6177608,0.0
2025-03-26T10:18:00Z,147abc6a,8bab4dff,a6177608,0.0
2025-03-26T10:21:00Z,147abc6a,8bab4dff,a6177608,0.0
2025-03-26T10:24:00Z,147abc6a,8bab4dff,a6177608,0.0
2025-03-26T10:27:00Z,147abc6a,8bab4dff,a6177608,0.0
2025-03-26T10:30:00Z,147abc6a,8bab4dff,a6177608,0.0
2025-03-26T10:33:00Z,147abc6a,8bab4dff,a6177608,0.0
2025-03-26T10:36:00Z,147abc6a,8bab4dff,a6177608,0.0
2025-03-26T10:39:00Z,147abc6a,8bab4dff,a6177608,0.0
2025-03-26T10:42:00Z,147abc6a,8bab4dff,a6177608,0.0
2025-03-26T10:45:00Z,147abc6a,8bab4dff,a6177608,0.0
2025-03-26T10:48:00Z,147abc6a,8bab4dff,a6177608,0.0
2025-03-26T10:51:00Z,147abc6a,8bab4dff,a6177608,0.0
2025-03-26T10:54:00Z,147abc6a,8bab4dff,a6177608,0.0
2025-03-26T10:57:00Z,147abc6a,8bab4dff,a6177608,0.0
2025-03-26T11:00:00Z,147abc6a,8bab4dff,a6177608,0.0
2025-03-26T11:03:00Z,147abc6a,8bab4dff,a6177608,0.0
2025-03-26T11:06:00Z,147abc6a,8bab4dff,a6177608,0.0
2025-03-26T11:09:00Z,147abc6a,8bab4dff,a6177608,0.0
2025-03-26T11:12:00Z,147abc6a,8bab4dff,a6177608,0.0
2025-03-26T11:15:00Z,147abc6a,8bab4dff,a6177608,0.0
2025-03-26T11:18:00Z,147abc6a,8bab4dff,a6177608,0.0
2025-03-26T11:21:00Z,147abc6a,8bab4dff,a6177608,0.0
2025-03-26T11:24:00Z,147abc6a,8bab4dff,a6177608,0.0
2025-03-26T11:27:00Z,147abc6a,8bab4dff,a6177608,0.0
2025-03-26T11:30:00Z,147abc6a,8bab4dff,a6177608,0.0
2025-03-26T11:33:00Z,147abc6a,8bab4dff,a6177608,0.0
2025-03-26T11:36:00Z,147abc6a,8bab4dff,a6177608,0.0
2025-03-26T11:39:00Z,147abc6a,8bab4dff,a6177608,0.0
2025-03-26T11:42:00Z,147abc6a,8bab4dff,a6177608,0.0
2025-03-26T11:45:00Z,147abc6a,8bab4dff,a6177608,0.0
2025-03-26T11:48:00Z,147abc6a,8bab4dff,a6177608,0.0
2025-03-26T11:51:00Z,147abc6a,8bab4dff,a6177608,0.0
2025-03-26T11:54:00Z,147abc6a,8bab4dff,a6177608,0.0
2025-03-26T11:57:00Z,147abc6a,8bab4dff,a6177608,0.0
2025-03-26T12:00:00Z,147abc6a,8bab4dff,a6177608,0.0
2025-03-26T12:03:00Z,147abc6a,8bab4dff,a6177608,0.0
2025-03-26T12:06:00Z,147abc6a,8bab4dff,a6177608,0.0
2025-03-26T12:09:00Z,147abc6a,8bab4dff,a6177608,0.0
2025-03-26T12:12:00Z,147abc6a,8bab4dff,a6177608,0.0
2025-03-26T12:15:00Z,147abc6a,8bab4dff,a6177608,0.0
2025-03-26T12:18:00Z,147abc6a,8bab4dff,a6177608,0.0
2025-03-26T12:21:00Z,147abc6a,8bab4dff,a6177608,0.0
2025-03-26T12:24:00Z,147abc6a,8bab4dff,a6177608,0.0
2025-03-26T12:27:00Z,147abc6a,8bab4dff,a6177608,0.0
2025-03-26T12:30:00Z,147abc6a,8bab4dff,a6177608,0.0
2025-03-26T12:33:00Z,147abc6a,8bab4dff,a6177608,0.0
2025-03-26T12:36:00Z,147abc6a,8bab4dff,a6177608,0.0
2025-03-26T12:39:00Z,147abc6a,8bab4dff,a6177608,0.0
2025-03-26T12:42:00Z,147abc6a,8bab4dff,a6177608,0.0
2025-03-26T12:45:00Z,147abc6a,8bab4dff,a6177608,0.0
2025-03-26T12:48:00Z,147abc6a,8bab4dff,a6177608,0.0
2025-03-26T12:51:00Z,147abc6a,8bab4dff,a6177608,0.0
2025-03-26T12:54:00Z,147abc6a,8bab4dff,a6177608,0.0
2025-03-26T12:57:00Z,147abc6a,8bab4dff,a6177608,0.0
2025-03-26T13:00:00Z,147abc6a,8bab4dff,a6177608,0.0
2025-03-26T13:03:00Z,147abc6a,8bab4dff,a6177608,0.0
2025-03-26T13:06:00Z,147abc6a,8bab4dff,a6177608,0.0
2025-03-26T13:09:00Z,147abc6a,8bab4dff,a6177608,0.0
2025-03-26T13:12:00Z,147abc6a,8bab4dff,a6177608,0.0
2025-03-26T13:15:00Z,147abc6a,8bab4dff,a6177608,0.0
2025-03-26T13:18:00Z,147abc6a,8bab4dff,a6177608,0.0
2025-03-26T13:21:00Z,147abc6a,8bab4dff,a6177608,0.0
2025-03-26T13:24:00Z,147abc6a,8bab4dff,a6177608,0.0
2025-03-26T13:27:00Z,147abc6a,8bab4dff,a6177608,0.0
2025-03-26T13:30:00Z,147abc6a,8bab4dff,a6177608,0.0
2025-03-26T13:33:00Z,147abc6a,8bab4dff,a6177608,0.0
2025-03-26T13:36:00Z,147abc6a,8bab4dff,a6177608,0.0
2025-03-26T13:39:00Z,147abc6a,8bab4dff,a6177608,0.0
2025-03-26T13:42:00Z,147abc6a,8bab4dff,a6177608,0.0
2025-03-26T13:45:00Z,147abc6a,8bab4dff,a6177608,0.0
2025-03-26T13:48:00Z,147abc6a,8bab4dff,a6177608,0.0
2025-03-26T13:51:00Z,147abc6a,8bab4dff,a6177608,0.0
2025-03-26T13:54:00Z,147abc6a,8bab4dff,a6177608,0.0
2025-03-26T13:57:00Z,147abc6a,8bab4dff,a6177608,0.0
2025-03-26T14:00:00Z,147abc6a,8bab4dff,a6177608,0.0
2025-03-26T14:03:00Z,147abc6a,8bab4dff,a6177608,0.0
2025-03-26T14:06:00Z,147abc6a,8bab4dff,a6177608,0.0
2025-03-26T14:09:00Z,147abc6a,8bab4dff,a6177608,0.0
2025-03-26T14:12:00Z,147abc6a,8bab4dff,a6177608,0.0
2025-03-26T14:15:00Z,147abc6a,8bab4dff,a6177608,0.0
2025-03-26T14:18:00Z,147abc6a,8bab4dff,a6177608,0.0
2025-03-26T14:21:00Z,147abc6a,8bab4dff,a6177608,0.0
2025-03-26T14:24:00Z,147abc6a,8bab4dff,a6177608,0.0
2025-03-26T14:27:00Z,147abc6a,8bab4dff,a6177608,0.0
2025-03-26T14:30:00Z,147abc6a,8bab4dff,a6177608,0.0
2025-03-26T14:33:00Z,147abc6a,8bab4dff,a6177608,0.0
2025-03-26T14:36:00Z,147abc6a,8bab4dff,a6177608,0.0
2025-03-26T14:39:00Z,147abc6a,8bab4dff,a6177608,0.0
2025-03-26T14:42:00Z,147abc6a,8bab4dff,a6177608,0.0
2025-03-26T14:45:00Z,147abc6a,8bab4dff,a6177608,0.0
2025-03-26T14:48:00Z,147abc6a,8bab4dff,a6177608,0.0
2025-03-26T14:51:00Z,147abc6a,8bab4dff,a6177608,0.0
2025-03-26T14:54:00Z,147abc6a,8bab4dff,a6177608,0.0
2025-03-26T14:57:00Z,147abc6a,8bab4dff,a6177608,0.0
2025-03-26T15:00:00Z,147abc6a,8bab4dff,a6177608,0.0
2025-03-26T15:03:00Z,147abc6a,8bab4dff,a6177608,0.0
2025-03-26T15:06:00Z,147abc6a,8bab4dff,a6177608,0.0
2025-03-26T15:09:00Z,147abc6a,8bab4dff,a6177608,0.0
2025-03-26T15:12:00Z,147abc6a,8bab4dff,a6177608,0.0
2025-03-26T15:15:00Z,147abc6a,8bab4dff,a6177608,0.0
2025-03-26T15:18:00Z,147abc6a,8bab4dff,a6177608,0.0
2025-03-26T15:21:00Z,147abc6a,8bab4dff,a6177608,0.0
2025-03-26T15:24:00Z,147abc6a,8bab4dff,a6177608,0.0
2025-03-26T15:27:00Z,147abc6a,8bab4dff,a6177608,0.0
2025-03-26T15:30:00Z,147abc6a,8bab4dff,a6177608,0.0
2025-03-26T15:33:00Z,147abc6a,8bab4dff,a6177608,0.0
2025-03-26T15:36:00Z,147abc6a,8bab4dff,a6177608,0.0
2025-03-26T15:39:00Z,147abc6a,8bab4dff,a6177608,0.0
2025-03-26T15:42:00Z,147abc6a,8bab4dff,a6177608,0.0
2025-03-26T15:45:00Z,147abc6a,8bab4dff,a6177608,0.0
2025-03-26T15:48:00Z,147abc6a,8bab4dff,a6177608,0.0
2025-03-26T15:51:00Z,147abc6a,8bab4dff,a6177608,0.0
2025-03-26T15:54:00Z,147abc6a,8bab4dff,a6177608,0.0
2025-03-26T15:57:00Z,147abc6a,8bab4dff,a6177608,0.0
2025-03-26T16:00:00Z,147abc6a,8bab4dff,a6177608,0.0
2025-03-26T16:03:00Z,147abc6a,8bab4dff,a6177608,0.0
2025-03-26T16:06:00Z,147abc6a,8bab4dff,a6177608,0.0
2025-03-26T16:09:00Z,147abc6a,8bab4dff,a6177608,0.0
2025-03-26T16:12:00Z,147abc6a,8bab4dff,a6177608,0.0
2025-03-26T16:15:00Z,147abc6a,8bab4dff,a6177608,0.0
2025-03-26T16:18:00Z,147abc6a,8bab4dff,a6177608,0.0
2025-03-26T16:21:00Z,147abc6a,8bab4dff,a6177608,0.0
2025-03-26T16:24:00Z,147abc6a,8bab4dff,a6177608,0.0
2025-03-26T16:27:00Z,147abc6a,8bab4dff,a6177608,0.0
2025-03-26T16:30:00Z,147abc6a,8bab4dff,a6177608,0.0
2025-03-26T16:33:00Z,147abc6a,8bab4dff,a6177608,0.0
2025-03-26T16:36:00Z,147abc6a,8bab4dff,a6177608,0.0
2025-03-26T16:39:00Z,147abc6a,8bab4dff,a6177608,0.0
2025-03-26T16:42:00Z,147abc6a,8bab4dff,a6177608,0.0
2025-03-26T16:45:00Z,147abc6a,8bab4dff,a6177608,0.0
2025-03-26T16:48:00Z,147abc6a,8bab4dff,a6177608,0.0
2025-03-26T16:51:00Z,147abc6a,8bab4dff,a6177608,0.0
2025-03-26T16:54:00Z,147abc6a,8bab4dff,a6177608,0.0
2025-03-26T16:57:00Z,147abc6a,8bab4dff,a6177608,0.0
2025-03-26T17:00:00Z,147abc6a,8bab4dff,a6177608,0.0
2025-03-26T17:03:00Z,147abc6a,8bab4dff,a6177608,0.0
2025-03-26T17:06:00Z,147abc6a,8bab4dff,a6177608,0.0
2025-03-26T17:09:00Z,147abc6a,8bab4dff,a6177608,0.0
2025-03-26T17:12:00Z,147abc6a,8bab4dff,a6177608,0.0
2025-03-26T17:15:00Z,147abc6a,8bab4dff,a6177608,0.0
2025-03-26T17:18:00Z,147abc6a,8bab4dff,a6177608,0.0
2025-03-26T17:21:00Z,147abc6a,8bab4dff,a6177608,0.0
2025-03-26T17:24:00Z,147abc6a,8bab4dff,a6177608,0.0
2025-03-26T17:27:00Z,147abc6a,8bab4dff,a6177608,0.0
2025-03-26T17:30:00Z,147abc6a,8bab4dff,a6177608,0.0
2025-03-26T17:33:00Z,147abc6a,8bab4dff,a6177608,0.0
2025-03-26T17:36:00Z,147abc6a,8bab4dff,a6177608,0.0
2025-03-26T17:39:00Z,147abc6a,8bab4dff,a6177608,0.0
2025-03-26T17:42:00Z,147abc6a,8bab4dff,a6177608,0.0
2025-03-26T17:45:00Z,147abc6a,8bab4dff,a6177608,0.0
2025-03-26T17:48:00Z,147abc6a,8bab4dff,a6177608,0.0
2025-03-26T17:51:00Z,147abc6a,8bab4dff,a6177608,0.0
2025-03-26T17:54:00Z,147abc6a,8bab4dff,a6177608,0.0
2025-03-26T17:57:00Z,147abc6a,8bab4dff,a6177608,0.0
2025-03-26T18:00:00Z,147abc6a,8bab4dff,a6177608,0.0
2025-03-26T18:03:00Z,147abc6a,8bab4dff,a6177608,0.0
2025-03-26T18:06:00Z,147abc6a,8bab4dff,a6177608,0.0
2025-03-26T18:09:00Z,147abc6a,8bab4dff,a6177608,0.0
2025-03-26T18:12:00Z,147abc6a,8bab4dff,a6177608,0.0
2025-03-26T18:15:00Z,147abc6a,8bab4dff,a6177608,0.0
2025-03-26T18:18:00Z,147abc6a,8bab4dff,a6177608,0.0
2025-03-26T18:21:00Z,147abc6a,8bab4dff,a6177608,0.0
2025-03-26T18:24:00Z,147abc6a,8bab4dff,a6177608,0.0
2025-03-26T18:27:00Z,147abc6a,8bab4dff,a6177608,0.0
2025-03-26T18:30:00Z,147abc6a,8bab4dff,a6177608,0.0
2025-03-26T18:33:00Z,147abc6a,8bab4dff,a6177608,0.0
2025-03-26T18:36:00Z,147abc6a,8bab4dff,a6177608,0.0
2025-03-26T18:39:00Z,147abc6a,8bab4dff,a6177608,0.0
2025-03-26T18:42:00Z,147abc6a,8bab4dff,a6177608,0.0
2025-03-26T18:45:00Z,147abc6a,8bab4dff,a6177608,0.0
2025-03-26T18:48:00Z,147abc6a,8bab4dff,a6177608,0.0
2025-03-26T18:51:00Z,147abc6a,8bab4dff,a6177608,0.0
2025-03-26T18:54:00Z,147abc6a,8bab4dff,a6177608,0.0
2025-03-26T18:57:00Z,147abc6a,8bab4dff,a6177608,0.0
2025-03-26T19:00:00Z,147abc6a,8bab4dff,a6177608,0.0
2025-03-26T19:03:00Z,147abc6a,8bab4dff,a6177608,0.0
2025-03-26T19:06:00Z,147abc6a,8bab4dff,a6177608,0.0
2025-03-26T19:09:00Z,147abc6a,8bab4dff,a6177608,0.0
2025-03-26T19:12:00Z,147abc6a,8bab4dff,a6177608,0.0
2025-03-26T19:15:00Z,147abc6a,8bab4dff,a6177608,0.01
2025-03-26T19:18:00Z,147abc6a,8bab4dff,a6177608,0.0
2025-03-26T19:21:00Z,147abc6a,8bab4dff,a6177608,0.0
2025-03-26T19:24:00Z,147abc6a,8bab4dff,a6177608,0.0
2025-03-26T19:27:00Z,147abc6a,8bab4dff,a6177608,0.0
2025-03-26T19:30:00Z,147abc6a,8bab4dff,a6177608,0.0
2025-03-26T19:33:00Z,147abc6a,8bab4dff,a6177608,0.0
2025-03-26T19:36:00Z,147abc6a,8bab4dff,a6177608,0.0
2025-03-26T19:39:00Z,147abc6a,8bab4dff,a6177608,0.0
2025-03-26T19:42:00Z,147abc6a,8bab4dff,a6177608,0.0
2025-03-26T19:45:00Z,147abc6a,8bab4dff,a6177608,0.0
2025-03-26T19:48:00Z,147abc6a,8bab4dff,a6177608,0.0
2025-03-26T19:51:00Z,147abc6a,8bab4dff,a6177608,0.0
2025-03-26T19:54:00Z,147abc6a,8bab4dff,a6177608,0.0
2025-03-26T19:57:00Z,147abc6a,8bab4dff,a6177608,0.0
2025-03-26T20:00:00Z,147abc6a,8bab4dff,a6177608,0.0
2025-03-26T20:03:00Z,147abc6a,8bab4dff,a6177608,0.0
2025-03-26T20:06:00Z,147abc6a,8bab4dff,a6177608,0.0
2025-03-26T20:09:00Z,147abc6a,8bab4dff,a6177608,0.0
2025-03-26T20:12:00Z,147abc6a,8bab4dff,a6177608,0.0
2025-03-26T20:15:00Z,147abc6a,8bab4dff,a6177608,0.0
2025-03-26T20:18:00Z,147abc6a,8bab4dff,a6177608,0.0
2025-03-26T20:21:00Z,147abc6a,8bab4dff,a6177608,0.0
2025-03-26T20:24:00Z,147abc6a,8bab4dff,a6177608,0.0
2025-03-26T20:27:00Z,147abc6a,8bab4dff,a6177608,0.0
2025-03-26T20:30:00Z,147abc6a,8bab4dff,a6177608,0.0
2025-03-26T20:33:00Z,147abc6a,8bab4dff,a6177608,0.0
2025-03-26T20:36:00Z,147abc6a,8bab4dff,a6177608,0.0
2025-03-26T20:39:00Z,147abc6a,8bab4dff,a6177608,0.0
2025-03-26T20:42:00Z,147abc6a,8bab4dff,a6177608,0.0
2025-03-26T20:45:00Z,147abc6a,8bab4dff,a6177608,0.0
2025-03-26T20:48:00Z,147abc6a,8bab4dff,a6177608,0.0
2025-03-26T20:51:00Z,147abc6a,8bab4dff,a6177608,0.0
2025-03-26T20:54:00Z,147abc6a,8bab4dff,a6177608,0.0
2025-03-26T20:57:00Z,147abc6a,8bab4dff,a6177608,0.0
2025-03-26T21:00:00Z,147abc6a,8bab4dff,a6177608,0.0
2025-03-26T21:03:00Z,147abc6a,8bab4dff,a6177608,0.0
2025-03-26T21:06:00Z,147abc6a,8bab4dff,a6177608,0.0
2025-03-26T21:09:00Z,147abc6a,8bab4dff,a6177608,0.0
2025-03-26T21:12:00Z,147abc6a,8bab4dff,a6177608,0.0
2025-03-26T21:15:00Z,147abc6a,8bab4dff,a6177608,0.0
2025-03-26T21:18:00Z,147abc6a,8bab4dff,a6177608,0.01
2025-03-26T21:21:00Z,147abc6a,8bab4dff,a6177608,0.0
2025-03-26T21:24:00Z,147abc6a,8bab4dff,a6177608,0.0
2025-03-26T21:27:00Z,147abc6a,8bab4dff,a6177608,0.0
2025-03-26T21:30:00Z,147abc6a,8bab4dff,a6177608,0.0
2025-03-26T21:33:00Z,147abc6a,8bab4dff,a6177608,0.0
2025-03-26T21:36:00Z,147abc6a,8bab4dff,a6177608,0.0
2025-03-26T21:39:00Z,147abc6a,8bab4dff,a6177608,0.0
2025-03-26T21:42:00Z,147abc6a,8bab4dff,a6177608,0.0
2025-03-26T21:45:00Z,147abc6a,8bab4dff,a6177608,0.0
2025-03-26T21:48:00Z,147abc6a,8bab4dff,a6177608,0.0
2025-03-26T21:51:00Z,147abc6a,8bab4dff,a6177608,0.0
2025-03-26T21:54:00Z,147abc6a,8bab4dff,a6177608,0.0
2025-03-26T21:57:00Z,147abc6a,8bab4dff,a6177608,0.0
2025-03-26T22:00:00Z,147abc6a,8bab4dff,a6177608,0.0
2025-03-26T22:03:00Z,147abc6a,8bab4dff,a6177608,0.0
2025-03-26T22:06:00Z,147abc6a,8bab4dff,a6177608,0.0
2025-03-26T22:09:00Z,147abc6a,8bab4dff,a6177608,0.0
2025-03-26T22:12:00Z,147abc6a,8bab4dff,a6177608,0.0
2025-03-26T22:15:00Z,147abc6a,8bab4dff,a6177608,0.0
2025-03-26T22:18:00Z,147abc6a,8bab4dff,a6177608,0.0
2025-03-26T22:21:00Z,147abc6a,8bab4dff,a6177608,0.0
2025-03-26T22:24:00Z,147abc6a,8bab4dff,a6177608,0.0
2025-03-26T22:27:00Z,147abc6a,8bab4dff,a6177608,0.0
2025-03-26T22:30:00Z,147abc6a,8bab4dff,a6177608,0.0
2025-03-26T22:33:00Z,147abc6a,8bab4dff,a6177608,0.0
2025-03-26T22:36:00Z,147abc6a,8bab4dff,a6177608,0.0
2025-03-26T22:39:00Z,147abc6a,8bab4dff,a6177608,0.0
2025-03-26T22:42:00Z,147abc6a,8bab4dff,a6177608,0.0
2025-03-26T22:45:00Z,147abc6a,8bab4dff,a6177608,0.0
2025-03-26T22:48:00Z,147abc6a,8bab4dff,a6177608,0.0
2025-03-26T22:51:00Z,147abc6a,8bab4dff,a6177608,0.02
2025-03-26T22:54:00Z,147abc6a,8bab4dff,a6177608,0.0
2025-03-26T22:57:00Z,147abc6a,8bab4dff,a6177608,0.0
2025-03-26T23:00:00Z,147abc6a,8bab4dff,a6177608,0.0
2025-03-26T23:03:00Z,147abc6a,8bab4dff,a6177608,0.0
2025-03-26T23:06:00Z,147abc6a,8bab4dff,a6177608,0.0
2025-03-26T23:09:00Z,147abc6a,8bab4dff,a6177608,0.0
2025-03-26T23:12:00Z,147abc6a,8bab4dff,a6177608,0.0
2025-03-26T23:15:00Z,147abc6a,8bab4dff,a6177608,0.0
2025-03-26T23:18:00Z,147abc6a,8bab4dff,a6177608,0.0
2025-03-26T23:21:00Z,147abc6a,8bab4dff,a6177608,0.0
2025-03-26T23:24:00Z,147abc6a,8bab4dff,a6177608,0.0
2025-03-26T23:27:00Z,147abc6a,8bab4dff,a6177608,0.0
2025-03-26T23:30:00Z,147abc6a,8bab4dff,a6177608,0.0
2025-03-26T23:33:00Z,147abc6a,8bab4dff,a6177608,0.0
2025-03-26T23:36:00Z,147abc6a,8bab4dff,a6177608,0.0
2025-03-26T23:39:00Z,147abc6a,8bab4dff,a6177608,0.0
2025-03-26T23:42:00Z,147abc6a,8bab4dff,a6177608,0.0
2025-03-26T23:45:00Z,147abc6a,8bab4dff,a6177608,0.0
2025-03-26T23:48:00Z,147abc6a,8bab4dff,a6177608,0.0
2025-03-26T23:51:00Z,147abc6a,8bab4dff,a6177608,0.0
2025-03-26T23:54:00Z,147abc6a,8bab4dff,a6177608,0.0
2025-03-26T23:57:00Z,147abc6a,8bab4dff,a6177608,0.0
2025-03-27T00:00:00Z,147abc6a,8bab4dff,a6177608,0.0
2025-03-27T00:03:00Z,147abc6a,8bab4dff,a6177608,0.0
2025-03-27T00:06:00Z,147abc6a,8bab4dff,a6177608,0.0
2025-03-27T00:09:00Z,147abc6a,8bab4dff,a6177608,0.0
2025-03-27T00:12:00Z,147abc6a,8bab4dff,a6177608,0.0
2025-03-27T00:15:00Z,147abc6a,8bab4dff,a6177608,0.0
2025-03-27T00:18:00Z,147abc6a,8bab4dff,a6177608,0.0
2025-03-27T00:21:00Z,147abc6a,8bab4dff,a6177608,0.0
2025-03-27T00:24:00Z,147abc6a,8bab4dff,a6177608,0.0
2025-03-27T00:27:00Z,147abc6a,8bab4dff,a6177608,0.0
2025-03-27T00:30:00Z,147abc6a,8bab4dff,a6177608,0.0
2025-03-27T00:33:00Z,147abc6a,8bab4dff,a6177608,0.0
2025-03-27T00:36:00Z,147abc6a,8bab4dff,a6177608,0.0
2025-03-27T00:39:00Z,147abc6a,8bab4dff,a6177608,0.0
2025-03-27T00:42:00Z,147abc6a,8bab4dff,a6177608,0.0
2025-03-27T00:45:00Z,147abc6a,8bab4dff,a6177608,0.0
2025-03-27T00:48:00Z,147abc6a,8bab4dff,a6177608,0.0
2025-03-27T00:51:00Z,147abc6a,8bab4dff,a6177608,0.0
2025-03-27T00:54:00Z,147abc6a,8bab4dff,a6177608,0.0
2025-03-27T00:57:00Z,147abc6a,8bab4dff,a6177608,0.0
2025-03-27T01:00:00Z,147abc6a,8bab4dff,a6177608,0.0
2025-03-27T01:03:00Z,147abc6a,8bab4dff,a6177608,0.0
2025-03-27T01:06:00Z,147abc6a,8bab4dff,a6177608,0.0
2025-03-27T01:09:00Z,147abc6a,8bab4dff,a6177608,0.0
2025-03-27T01:12:00Z,147abc6a,8bab4dff,a6177608,0.0
2025-03-27T01:15:00Z,147abc6a,8bab4dff,a6177608,0.0
2025-03-27T01:18:00Z,147abc6a,8bab4dff,a6177608,0.0
2025-03-27T01:21:00Z,147abc6a,8bab4dff,a6177608,0.0
2025-03-27T01:24:00Z,147abc6a,8bab4dff,a6177608,0.0
2025-03-27T01:27:00Z,147abc6a,8bab4dff,a6177608,0.0
2025-03-27T01:30:00Z,147abc6a,8bab4dff,a6177608,0.0
2025-03-27T01:33:00Z,147abc6a,8bab4dff,a6177608,0.0
2025-03-27T01:36:00Z,147abc6a,8bab4dff,a6177608,0.0
2025-03-27T01:39:00Z,147abc6a,8bab4dff,a6177608,0.0
2025-03-27T01:42:00Z,147abc6a,8bab4dff,a6177608,0.0
2025-03-27T01:45:00Z,147abc6a,8bab4dff,a6177608,0.0
2025-03-27T01:48:00Z,147abc6a,8bab4dff,a6177608,0.0
2025-03-27T01:51:00Z,147abc6a,8bab4dff,a6177608,0.0
2025-03-27T01:54:00Z,147abc6a,8bab4dff,a6177608,0.0
2025-03-27T01:57:00Z,147abc6a,8bab4dff,a6177608,0.0
2025-03-27T02:00:00Z,147abc6a,8bab4dff,a6177608,0.0
2025-03-27T02:03:00Z,147abc6a,8bab4dff,a6177608,0.0
2025-03-27T02:06:00Z,147abc6a,8bab4dff,a6177608,0.0
2025-03-27T02:09:00Z,147abc6a,8bab4dff,a6177608,0.0
2025-03-27T02:12:00Z,147abc6a,8bab4dff,a6177608,0.0
2025-03-27T02:15:00Z,147abc6a,8bab4dff,a6177608,0.0
2025-03-27T02:18:00Z,147abc6a,8bab4dff,a6177608,0.0
2025-03-27T02:21:00Z,147abc6a,8bab4dff,a6177608,0.0
2025-03-27T02:24:00Z,147abc6a,8bab4dff,a6177608,0.0
2025-03-27T02:27:00Z,147abc6a,8bab4dff,a6177608,0.0
2025-03-27T02:30:00Z,147abc6a,8bab4dff,a6177608,0.0
2025-03-27T02:33:00Z,147abc6a,8bab4dff,a6177608,0.0
2025-03-27T02:36:00Z,147abc6a,8bab4dff,a6177608,0.0
2025-03-27T02:39:00Z,147abc6a,8bab4dff,a6177608,0.0
2025-03-27T02:42:00Z,147abc6a,8bab4dff,a6177608,0.0
2025-03-27T02:45:00Z,147abc6a,8bab4dff,a6177608,0.0
2025-03-27T02:48:00Z,147abc6a,8bab4dff,a6177608,0.0
2025-03-27T02:51:00Z,147abc6a,8bab4dff,a6177608,0.0
2025-03-27T02:54:00Z,147abc6a,8bab4dff,a6177608,0.0
2025-03-27T02:57:00Z,147abc6a,8bab4dff,a6177608,0.0
2025-03-27T03:00:00Z,147abc6a,8bab4dff,a6177608,0.0
2025-03-27T03:03:00Z,147abc6a,8bab4dff,a6177608,0.0
2025-03-27T03:06:00Z,147abc6a,8bab4dff,a6177608,0.0
2025-03-27T03:09:00Z,147abc6a,8bab4dff,a6177608,0.0
2025-03-27T03:12:00Z,147abc6a,8bab4dff,a6177608,0.0
2025-03-27T03:15:00Z,147abc6a,8bab4dff,a6177608,0.0
2025-03-27T03:18:00Z,147abc6a,8bab4dff,a6177608,0.0
2025-03-27T03:21:00Z,147abc6a,8bab4dff,a6177608,0.0
2025-03-27T03:24:00Z,147abc6a,8bab4dff,a6177608,0.0
2025-03-27T03:27:00Z,147abc6a,8bab4dff,a6177608,0.0
2025-03-27T03:30:00Z,147abc6a,8bab4dff,a6177608,0.0
2025-03-27T03:33:00Z,147abc6a,8bab4dff,a6177608,0.0
2025-03-27T03:36:00Z,147abc6a,8bab4dff,a6177608,0.0
2025-03-27T03:39:00Z,147abc6a,8bab4dff,a6177608,0.0
2025-03-27T03:42:00Z,147abc6a,8bab4dff,a6177608,0.0
2025-03-27T03:45:00Z,147abc6a,8bab4dff,a6177608,0.0
2025-03-27T03:48:00Z,147abc6a,8bab4dff,a6177608,0.0
2025-03-27T03:51:00Z,147abc6a,8bab4dff,a6177608,0.0
2025-03-27T03:54:00Z,147abc6a,8bab4dff,a6177608,0.0
2025-03-27T03:57:00Z,147abc6a,8bab4dff,a6177608,0.0
2025-03-27T04:00:00Z,147abc6a,8bab4dff,a6177608,0.0
2025-03-27T04:03:00Z,147abc6a,8bab4dff,a6177608,0.0
2025-03-27T04:06:00Z,147abc6a,8bab4dff,a6177608,0.0
2025-03-27T04:09:00Z,147abc6a,8bab4dff,a6177608,0.0
2025-03-27T04:12:00Z,147abc6a,8bab4dff,a6177608,0.0
2025-03-27T04:15:00Z,147abc6a,8bab4dff,a6177608,0.0
2025-03-27T04:18:00Z,147abc6a,8bab4dff,a6177608,0.0
2025-03-27T04:21:00Z,147abc6a,8bab4dff,a6177608,0.0
2025-03-27T04:24:00Z,147abc6a,8bab4dff,a6177608,0.0
2025-03-27T04:27:00Z,147abc6a,8bab4dff,a6177608,0.0
2025-03-27T04:30:00Z,147abc6a,8bab4dff,a6177608,0.0
2025-03-27T04:33:00Z,147abc6a,8bab4dff,a6177608,0.0
2025-03-27T04:36:00Z,147abc6a,8bab4dff,a6177608,0.0
2025-03-27T04:39:00Z,147abc6a,8bab4dff,a6177608,0.0
2025-03-27T04:42:00Z,147abc6a,8bab4dff,a6177608,0.0
2025-03-27T04:45:00Z,147abc6a,8bab4dff,a6177608,0.0
2025-03-27T04:48:00Z,147abc6a,8bab4dff,a6177608,0.0
2025-03-27T04:51:00Z,147abc6a,8bab4dff,a6177608,0.0
2025-03-27T04:54:00Z,147abc6a,8bab4dff,a6177608,0.0
2025-03-27T04:57:00Z,147abc6a,8bab4dff,a6177608,0.0
2025-03-27T05:00:00Z,147abc6a,8bab4dff,a6177608,0.0
2025-03-27T05:03:00Z,147abc6a,8bab4dff,a6177608,0.0
2025-03-27T05:06:00Z,147abc6a,8bab4dff,a6177608,0.0
2025-03-27T05:09:00Z,147abc6a,8bab4dff,a6177608,0.0
2025-03-27T05:12:00Z,147abc6a,8bab4dff,a6177608,0.0
2025-03-27T05:15:00Z,147abc6a,8bab4dff,a6177608,0.0
2025-03-27T05:18:00Z,147abc6a,8bab4dff,a6177608,0.0
2025-03-27T05:21:00Z,147abc6a,8bab4dff,a6177608,0.0
2025-03-27T05:24:00Z,147abc6a,8bab4dff,a6177608,0.0
2025-03-27T05:27:00Z,147abc6a,8bab4dff,a6177608,0.0
2025-03-27T05:30:00Z,147abc6a,8bab4dff,a6177608,0.0
2025-03-27T05:33:00Z,147abc6a,8bab4dff,a6177608,0.0
2025-03-27T05:36:00Z,147abc6a,8bab4dff,a6177608,0.0
2025-03-27T05:39:00Z,147abc6a,8bab4dff,a6177608,0.0
2025-03-27T05:42:00Z,147abc6a,8bab4dff,a6177608,0.0
2025-03-27T05:45:00Z,147abc6a,8bab4dff,a6177608,0.0
2025-03-27T05:48:00Z,147abc6a,8bab4dff,a6177608,0.0
2025-03-27T05:51:00Z,147abc6a,8bab4dff,a6177608,0.0
2025-03-27T05:54:00Z,147abc6a,8bab4dff,a6177608,0.0
2025-03-27T05:57:00Z,147abc6a,8bab4dff,a6177608,0.0
2025-03-27T06:00:00Z,147abc6a,8bab4dff,a6177608,0.0
2025-03-27T06:03:00Z,147abc6a,8bab4dff,a6177608,0.0
2025-03-27T06:06:00Z,147abc6a,8bab4dff,a6177608,0.0
2025-03-27T06:09:00Z,147abc6a,8bab4dff,a6177608,0.0
2025-03-27T06:12:00Z,147abc6a,8bab4dff,a6177608,0.0
2025-03-27T06:15:00Z,147abc6a,8bab4dff,a6177608,0.03
2025-03-27T06:18:00Z,147abc6a,8bab4dff,a6177608,0.0
2025-03-27T06:21:00Z,147abc6a,8bab4dff,a6177608,0.0
2025-03-27T06:24:00Z,147abc6a,8bab4dff,a6177608,0.0
2025-03-27T06:27:00Z,147abc6a,8bab4dff,a6177608,0.0
2025-03-27T06:30:00Z,147abc6a,8bab4dff,a6177608,0.0
2025-03-27T06:33:00Z,147abc6a,8bab4dff,a6177608,0.0
2025-03-27T06:36:00Z,147abc6a,8bab4dff,a6177608,0.0
2025-03-27T06:39:00Z,147abc6a,8bab4dff,a6177608,0.0
2025-03-27T06:42:00Z,147abc6a,8bab4dff,a6177608,0.0
2025-03-27T06:45:00Z,147abc6a,8bab4dff,a6177608,0.0
2025-03-27T06:48:00Z,147abc6a,8bab4dff,a6177608,0.0
2025-03-27T06:51:00Z,147abc6a,8bab4dff,a6177608,0.0
2025-03-27T06:54:00Z,147abc6a,8bab4dff,a6177608,0.0
2025-03-27T06:57:00Z,147abc6a,8bab4dff,a6177608,0.0
2025-03-27T07:00:00Z,147abc6a,8bab4dff,a6177608,0.0
2025-03-27T07:03:00Z,147abc6a,8bab4dff,a6177608,0.0
2025-03-27T07:06:00Z,147abc6a,8bab4dff,a6177608,0.0
2025-03-27T07:09:00Z,147abc6a,8bab4dff,a6177608,0.0
2025-03-27T07:12:00Z,147abc6a,8bab4dff,a6177608,0.0
2025-03-27T07:15:00Z,147abc6a,8bab4dff,a6177608,0.0
2025-03-27T07:18:00Z,147abc6a,8bab4dff,a6177608,0.0
2025-03-27T07:21:00Z,147abc6a,8bab4dff,a6177608,0.0
2025-03-27T07:24:00Z,147abc6a,8bab4dff,a6177608,0.0
2025-03-27T07:27:00Z,147abc6a,8bab4dff,a6177608,0.0
2025-03-27T07:30:00Z,147abc6a,8bab4dff,a6177608,0.0
2025-03-27T07:33:00Z,147abc6a,8bab4dff,a6177608,0.0
2025-03-27T07:36:00Z,147abc6a,8bab4dff,a6177608,0.0
2025-03-27T07:39:00Z,147abc6a,8bab4dff,a6177608,0.0
2025-03-27T07:42:00Z,147abc6a,8bab4dff,a6177608,0.0
2025-03-27T07:45:00Z,147abc6a,8bab4dff,a6177608,0.0
2025-03-27T07:48:00Z,147abc6a,8bab4dff,a6177608,0.0
2025-03-27T07:51:00Z,147abc6a,8bab4dff,a6177608,0.0
2025-03-27T07:54:00Z,147abc6a,8bab4dff,a6177608,0.0
2025-03-27T07:57:00Z,147abc6a,8bab4dff,a6177608,0.0
2025-03-27T08:00:00Z,147abc6a,8bab4dff,a6177608,0.0
2025-03-27T08:03:00Z,147abc6a,8bab4dff,a6177608,0.0
2025-03-27T08:06:00Z,147abc6a,8bab4dff,a6177608,0.0
2025-03-27T08:09:00Z,147abc6a,8bab4dff,a6177608,0.0
2025-03-27T08:12:00Z,147abc6a,8bab4dff,a6177608,0.0
2025-03-27T08:15:00Z,147abc6a,8bab4dff,a6177608,0.0
2025-03-27T08:18:00Z,147abc6a,8bab4dff,a6177608,0.0
2025-03-27T08:21:00Z,147abc6a,8bab4dff,a6177608,0.0
2025-03-27T08:24:00Z,147abc6a,8bab4dff,a6177608,0.01
2025-03-27T08:27:00Z,147abc6a,8bab4dff,a6177608,0.0
2025-03-27T08:30:00Z,147abc6a,8bab4dff,a6177608,0.0
2025-03-27T08:33:00Z,147abc6a,8bab4dff,a6177608,0.0
2025-03-27T08:36:00Z,147abc6a,8bab4dff,a6177608,0.0
2025-03-27T08:39:00Z,147abc6a,8bab4dff,a6177608,0.0
2025-03-27T08:42:00Z,147abc6a,8bab4dff,a6177608,0.0
2025-03-27T08:45:00Z,147abc6a,8bab4dff,a6177608,0.0
2025-03-27T08:48:00Z,147abc6a,8bab4dff,a6177608,0.0
2025-03-27T08:51:00Z,147abc6a,8bab4dff,a6177608,0.0
2025-03-27T08:54:00Z,147abc6a,8bab4dff,a6177608,0.0
2025-03-27T08:57:00Z,147abc6a,8bab4dff,a6177608,0.0
2025-03-27T09:00:00Z,147abc6a,8bab4dff,a6177608,0.0
2025-03-27T09:03:00Z,147abc6a,8bab4dff,a6177608,0.0
2025-03-27T09:06:00Z,147abc6a,8bab4dff,a6177608,0.0
2025-03-27T09:09:00Z,147abc6a,8bab4dff,a6177608,0.0
2025-03-27T09:12:00Z,147abc6a,8bab4dff,a6177608,0.0
2025-03-27T09:15:00Z,147abc6a,8bab4dff,a6177608,0.0
2025-03-27T09:18:00Z,147abc6a,8bab4dff,a6177608,0.0
2025-03-27T09:21:00Z,147abc6a,8bab4dff,a6177608,0.0
2025-03-27T09:24:00Z,147abc6a,8bab4dff,a6177608,0.0
2025-03-27T09:27:00Z,147abc6a,8bab4dff,a6177608,0.0
2025-03-27T09:30:00Z,147abc6a,8bab4dff,a6177608,0.0
2025-03-27T09:33:00Z,147abc6a,8bab4dff,a6177608,0.0
2025-03-27T09:36:00Z,147abc6a,8bab4dff,a6177608,0.0
2025-03-27T09:39:00Z,147abc6a,8bab4dff,a6177608,0.0
2025-03-27T09:42:00Z,147abc6a,8bab4dff,a6177608,0.0
2025-03-27T09:45:00Z,147abc6a,8bab4dff,a6177608,0.0
2025-03-27T09:48:00Z,147abc6a,8bab4dff,a6177608,0.0
2025-03-27T09:51:00Z,147abc6a,8bab4dff,a6177608,0.0
2025-03-27T09:54:00Z,147abc6a,8bab4dff,a6177608,0.0
2025-03-27T09:57:00Z,147abc6a,8bab4dff,a6177608,0.0
2025-03-27T10:00:00Z,147abc6a,8bab4dff,a6177608,0.0
2025-03-27T10:03:00Z,147abc6a,8bab4dff,a6177608,0.0
2025-03-27T10:06:00Z,147abc6a,8bab4dff,a6177608,0.0
2025-03-27T10:09:00Z,147abc6a,8bab4dff,a6177608,0.0
2025-03-27T10:12:00Z,147abc6a,8bab4dff,a6177608,0.0
2025-03-27T10:15:00Z,147abc6a,8bab4dff,a6177608,0.0
2025-03-27T10:18:00Z,147abc6a,8bab4dff,a6177608,0.0
2025-03-27T10:21:00Z,147abc6a,8bab4dff,a6177608,0.0
2025-03-27T10:24:00Z,147abc6a,8bab4dff,a6177608,0.0
2025-03-27T10:27:00Z,147abc6a,8bab4dff,a6177608,0.0
2025-03-27T10:30:00Z,147abc6a,8bab4dff,a6177608,0.0
2025-03-27T10:33:00Z,147abc6a,8bab4dff,a6177608,0.0
2025-03-27T10:36:00Z,147abc6a,8bab4dff,a6177608,0.0
2025-03-27T10:39:00Z,147abc6a,8bab4dff,a6177608,0.0
2025-03-27T10:42:00Z,147abc6a,8bab4dff,a6177608,0.0
2025-03-27T10:45:00Z,147abc6a,8bab4dff,a6177608,0.0
2025-03-27T10:48:00Z,147abc6a,8bab4dff,a6177608,0.0
2025-03-27T10:51:00Z,147abc6a,8bab4dff,a6177608,0.0
2025-03-27T10:54:00Z,147abc6a,8bab4dff,a6177608,0.0
2025-03-27T10:57:00Z,147abc6a,8bab4dff,a6177608,0.0
2025-03-27T11:00:00Z,147abc6a,8bab4dff,a6177608,0.0
2025-03-27T11:03:00Z,147abc6a,8bab4dff,a6177608,0.0
2025-03-27T11:06:00Z,147abc6a,8bab4dff,a6177608,0.0
2025-03-27T11:09:00Z,147abc6a,8bab4dff,a6177608,0.0
2025-03-27T11:12:00Z,147abc6a,8bab4dff,a6177608,0.0
2025-03-27T11:15:00Z,147abc6a,8bab4dff,a6177608,0.0
2025-03-27T11:18:00Z,147abc6a,8bab4dff,a6177608,0.0
2025-03-27T11:21:00Z,147abc6a,8bab4dff,a6177608,0.0
2025-03-27T11:24:00Z,147abc6a,8bab4dff,a6177608,0.0
2025-03-27T11:27:00Z,147abc6a,8bab4dff,a6177608,0.0
2025-03-27T11:30:00Z,147abc6a,8bab4dff,a6177608,0.0
2025-03-27T11:33:00Z,147abc6a,8bab4dff,a6177608,0.0
2025-03-27T11:36:00Z,147abc6a,8bab4dff,a6177608,0.0
2025-03-27T11:39:00Z,147abc6a,8bab4dff,a6177608,0.0
2025-03-27T11:42:00Z,147abc6a,8bab4dff,a6177608,0.0
2025-03-27T11:45:00Z,147abc6a,8bab4dff,a6177608,0.0
2025-03-27T11:48:00Z,147abc6a,8bab4dff,a6177608,0.0
2025-03-27T11:51:00Z,147abc6a,8bab4dff,a6177608,0.0
2025-03-27T11:54:00Z,147abc6a,8bab4dff,a6177608,0.0
2025-03-27T11:57:00Z,147abc6a,8bab4dff,a6177608,0.0
2025-03-27T12:00:00Z,147abc6a,8bab4dff,a6177608,0.0
2025-03-27T12:03:00Z,147abc6a,8bab4dff,a6177608,0.0
2025-03-27T12:06:00Z,147abc6a,8bab4dff,a6177608,0.0
2025-03-27T12:09:00Z,147abc6a,8bab4dff,a6177608,0.0
2025-03-27T12:12:00Z,147abc6a,8bab4dff,a6177608,0.0
2025-03-27T12:15:00Z,147abc6a,8bab4dff,a6177608,0.0
2025-03-27T12:18:00Z,147abc6a,8bab4dff,a6177608,0.0
2025-03-27T12:21:00Z,147abc6a,8bab4dff,a6177608,0.0
2025-03-27T12:24:00Z,147abc6a,8bab4dff,a6177608,0.0
2025-03-27T12:27:00Z,147abc6a,8bab4dff,a6177608,0.0
2025-03-27T12:30:00Z,147abc6a,8bab4dff,a6177608,0.0
2025-03-27T12:33:00Z,147abc6a,8bab4dff,a6177608,0.0
2025-03-27T12:36:00Z,147abc6a,8bab4dff,a6177608,0.0
2025-03-27T12:39:00Z,147abc6a,8bab4dff,a6177608,0.0
2025-03-27T12:42:00Z,147abc6a,8bab4dff,a6177608,0.0
2025-03-27T12:45:00Z,147abc6a,8bab4dff,a6177608,0.0
2025-03-27T12:48:00Z,147abc6a,8bab4dff,a6177608,0.0
2025-03-27T12:51:00Z,147abc6a,8bab4dff,a6177608,0.0
2025-03-27T12:54:00Z,147abc6a,8bab4dff,a6177608,0.0
2025-03-27T12:57:00Z,147abc6a,8bab4dff,a6177608,0.0
2025-03-27T13:00:00Z,147abc6a,8bab4dff,a6177608,0.0
2025-03-27T13:03:00Z,147abc6a,8bab4dff,a6177608,0.0
2025-03-27T13:06:00Z,147abc6a,8bab4dff,a6177608,0.0
2025-03-27T13:09:00Z,147abc6a,8bab4dff,a6177608,0.0
2025-03-27T13:12:00Z,147abc6a,8bab4dff,a6177608,0.0
2025-03-27T13:15:00Z,147abc6a,8bab4dff,a6177608,0.0
2025-03-27T13:18:00Z,147abc6a,8bab4dff,a6177608,0.0
2025-03-27T13:21:00Z,147abc6a,8bab4dff,a6177608,0.0
2025-03-27T13:24:00Z,147abc6a,8bab4dff,a6177608,0.0
2025-03-27T13:27:00Z,147abc6a,8bab4dff,a6177608,0.0
2025-03-27T13:30:00Z,147abc6a,8bab4dff,a6177608,0.0
2025-03-27T13:33:00Z,147abc6a,8bab4dff,a6177608,0.0
2025-03-27T13:36:00Z,147abc6a,8bab4dff,a6177608,0.0
2025-03-27T13:39:00Z,147abc6a,8bab4dff,a6177608,0.0
2025-03-27T13:42:00Z,147abc6a,8bab4dff,a6177608,0.0
2025-03-27T13:45:00Z,147abc6a,8bab4dff,a6177608,0.0
2025-03-27T13:48:00Z,147abc6a,8bab4dff,a6177608,0.0
2025-03-27T13:51:00Z,147abc6a,8bab4dff,a6177608,0.0
2025-03-27T13:54:00Z,147abc6a,8bab4dff,a6177608,0.0
2025-03-27T13:57:00Z,147abc6a,8bab4dff,a6177608,0.0
2025-03-27T14:00:00Z,147abc6a,8bab4dff,a6177608,0.0
2025-03-27T14:03:00Z,147abc6a,8bab4dff,a6177608,0.0
2025-03-27T14:06:00Z,147abc6a,8bab4dff,a6177608,0.0
2025-03-27T14:09:00Z,147abc6a,8bab4dff,a6177608,0.0
2025-03-27T14:12:00Z,147abc6a,8bab4dff,a6177608,0.0
2025-03-27T14:15:00Z,147abc6a,8bab4dff,a6177608,0.0
2025-03-27T14:18:00Z,147abc6a,8bab4dff,a6177608,0.0
2025-03-27T14:21:00Z,147abc6a,8bab4dff,a6177608,0.0
2025-03-27T14:24:00Z,147abc6a,8bab4dff,a6177608,0.0
2025-03-27T14:27:00Z,147abc6a,8bab4dff,a6177608,0.0
2025-03-27T14:30:00Z,147abc6a,8bab4dff,a6177608,0.0
2025-03-27T14:33:00Z,147abc6a,8bab4dff,a6177608,0.0
2025-03-27T14:36:00Z,147abc6a,8bab4dff,a6177608,0.0
2025-03-27T14:39:00Z,147abc6a,8bab4dff,a6177608,0.0
2025-03-27T14:42:00Z,147abc6a,8bab4dff,a6177608,0.0
2025-03-27T14:45:00Z,147abc6a,8bab4dff,a6177608,0.0
2025-03-27T14:48:00Z,147abc6a,8bab4dff,a6177608,0.0
2025-03-27T14:51:00Z,147abc6a,8bab4dff,a6177608,0.0
2025-03-27T14:54:00Z,147abc6a,8bab4dff,a6177608,0.0
2025-03-27T14:57:00Z,147abc6a,8bab4dff,a6177608,0.0
2025-03-27T15:00:00Z,147abc6a,8bab4dff,a6177608,0.0
2025-03-27T15:03:00Z,147abc6a,8bab4dff,a6177608,0.0
2025-03-27T15:06:00Z,147abc6a,8bab4dff,a6177608,0.0
2025-03-27T15:09:00Z,147abc6a,8bab4dff,a6177608,0.0
2025-03-27T15:12:00Z,147abc6a,8bab4dff,a6177608,0.0
2025-03-27T15:15:00Z,147abc6a,8bab4dff,a6177608,0.0
2025-03-27T15:18:00Z,147abc6a,8bab4dff,a6177608,0.0
2025-03-27T15:21:00Z,147abc6a,8bab4dff,a6177608,0.0
2025-03-27T15:24:00Z,147abc6a,8bab4dff,a6177608,0.0
2025-03-27T15:27:00Z,147abc6a,8bab4dff,a6177608,0.0
2025-03-27T15:30:00Z,147abc6a,8bab4dff,a6177608,0.0
2025-03-27T15:33:00Z,147abc6a,8bab4dff,a6177608,0.0
2025-03-27T15:36:00Z,147abc6a,8bab4dff,a6177608,0.0
2025-03-27T15:39:00Z,147abc6a,8bab4dff,a6177608,0.0
2025-03-27T15:42:00Z,147abc6a,8bab4dff,a6177608,0.0
2025-03-27T15:45:00Z,147abc6a,8bab4dff,a6177608,0.0
2025-03-27T15:48:00Z,147abc6a,8bab4dff,a6177608,0.0
2025-03-27T15:51:00Z,147abc6a,8bab4dff,a6177608,0.0
2025-03-27T15:54:00Z,147abc6a,8bab4dff,a6177608,0.0
2025-03-27T15:57:00Z,147abc6a,8bab4dff,a6177608,0.0
2025-03-27T16:00:00Z,147abc6a,8bab4dff,a6177608,0.0
2025-03-27T16:03:00Z,147abc6a,8bab4dff,a6177608,0.0
2025-03-27T16:06:00Z,147abc6a,8bab4dff,a6177608,0.0
2025-03-27T16:09:00Z,147abc6a,8bab4dff,a6177608,0.0
2025-03-27T16:12:00Z,147abc6a,8bab4dff,a6177608,0.0
2025-03-27T16:15:00Z,147abc6a,8bab4dff,a6177608,0.0
2025-03-27T16:18:00Z,147abc6a,8bab4dff,a6177608,0.0
2025-03-27T16:21:00Z,147abc6a,8bab4dff,a6177608,0.0
2025-03-27T16:24:00Z,147abc6a,8bab4dff,a6177608,0.0
2025-03-27T16:27:00Z,147abc6a,8bab4dff,a6177608,0.0
2025-03-27T16:30:00Z,147abc6a,8bab4dff,a6177608,0.0
2025-03-27T16:33:00Z,147abc6a,8bab4dff,a6177608,0.09
2025-03-27T16:36:00Z,147abc6a,8bab4dff,a6177608,0.0
2025-03-27T16:39:00Z,147abc6a,8bab4dff,a6177608,0.0
2025-03-27T16:42:00Z,147abc6a,8bab4dff,a6177608,0.0
2025-03-27T16:45:00Z,147abc6a,8bab4dff,a6177608,0.0
2025-03-27T16:48:00Z,147abc6a,8bab4dff,a6177608,0.0
2025-03-27T16:51:00Z,147abc6a,8bab4dff,a6177608,0.0
2025-03-27T16:54:00Z,147abc6a,8bab4dff,a6177608,0.0
2025-03-27T16:57:00Z,147abc6a,8bab4dff,a6177608,0.0
2025-03-27T17:00:00Z,147abc6a,8bab4dff,a6177608,0.0
2025-03-27T17:03:00Z,147abc6a,8bab4dff,a6177608,0.0
2025-03-27T17:06:00Z,147abc6a,8bab4dff,a6177608,0.0
2025-03-27T17:09:00Z,147abc6a,8bab4dff,a6177608,0.0
2025-03-27T17:12:00Z,147abc6a,8bab4dff,a6177608,0.0
2025-03-27T17:15:00Z,147abc6a,8bab4dff,a6177608,0.0
2025-03-27T17:18:00Z,147abc6a,8bab4dff,a6177608,0.0
2025-03-27T17:21:00Z,147abc6a,8bab4dff,a6177608,0.0
2025-03-27T17:24:00Z,147abc6a,8bab4dff,a6177608,0.0
2025-03-27T17:27:00Z,147abc6a,8bab4dff,a6177608,0.0
2025-03-27T17:30:00Z,147abc6a,8bab4dff,a6177608,0.0
2025-03-27T17:33:00Z,147abc6a,8bab4dff,a6177608,0.0
2025-03-27T17:36:00Z,147abc6a,8bab4dff,a6177608,0.0
2025-03-27T17:39:00Z,147abc6a,8bab4dff,a6177608,0.0
2025-03-27T17:42:00Z,147abc6a,8bab4dff,a6177608,0.0
2025-03-27T17:45:00Z,147abc6a,8bab4dff,a6177608,0.0
2025-03-27T17:48:00Z,147abc6a,8bab4dff,a6177608,0.0
2025-03-27T17:51:00Z,147abc6a,8bab4dff,a6177608,0.0
2025-03-27T17:54:00Z,147abc6a,8bab4dff,a6177608,0.0
2025-03-27T17:57:00Z,147abc6a,8bab4dff,a6177608,0.0
2025-03-27T18:00:00Z,147abc6a,8bab4dff,a6177608,0.0
2025-03-27T18:03:00Z,147abc6a,8bab4dff,a6177608,0.0
2025-03-27T18:06:00Z,147abc6a,8bab4dff,a6177608,0.0
2025-03-27T18:09:00Z,147abc6a,8bab4dff,a6177608,0.0
2025-03-27T18:12:00Z,147abc6a,8bab4dff,a6177608,0.0
2025-03-27T18:15:00Z,147abc6a,8bab4dff,a6177608,0.0
2025-03-27T18:18:00Z,147abc6a,8bab4dff,a6177608,0.0
2025-03-27T18:21:00Z,147abc6a,8bab4dff,a6177608,0.0
2025-03-27T18:24:00Z,147abc6a,8bab4dff,a6177608,0.0
2025-03-27T18:27:00Z,147abc6a,8bab4dff,a6177608,0.0
2025-03-27T18:30:00Z,147abc6a,8bab4dff,a6177608,0.0
2025-03-27T18:33:00Z,147abc6a,8bab4dff,a6177608,0.0
2025-03-27T18:36:00Z,147abc6a,8bab4dff,a6177608,0.0
2025-03-27T18:39:00Z,147abc6a,8bab4dff,a6177608,0.0
2025-03-27T18:42:00Z,147abc6a,8bab4dff,a6177608,0.0
2025-03-27T18:45:00Z,147abc6a,8bab4dff,a6177608,0.0
2025-03-27T18:48:00Z,147abc6a,8bab4dff,a6177608,0.0
2025-03-27T18:51:00Z,147abc6a,8bab4dff,a6177608,0.0
2025-03-27T18:54:00Z,147abc6a,8bab4dff,a6177608,0.0
2025-03-27T18:57:00Z,147abc6a,8bab4dff,a6177608,0.0
2025-03-27T19:00:00Z,147abc6a,8bab4dff,a6177608,0.0
2025-03-27T19:03:00Z,147abc6a,8bab4dff,a6177608,0.0
2025-03-27T19:06:00Z,147abc6a,8bab4dff,a6177608,0.0
2025-03-27T19:09:00Z,147abc6a,8bab4dff,a6177608,0.0
2025-03-27T19:12:00Z,147abc6a,8bab4dff,a6177608,0.0
2025-03-27T19:15:00Z,147abc6a,8bab4dff,a6177608,0.0
2025-03-27T19:18:00Z,147abc6a,8bab4dff,a6177608,0.0
2025-03-27T19:21:00Z,147abc6a,8bab4dff,a6177608,0.0
2025-03-27T19:24:00Z,147abc6a,8bab4dff,a6177608,0.0
2025-03-27T19:27:00Z,147abc6a,8bab4dff,a6177608,0.0
2025-03-27T19:30:00Z,147abc6a,8bab4dff,a6177608,0.0
2025-03-27T19:33:00Z,147abc6a,8bab4dff,a6177608,0.0
2025-03-27T19:36:00Z,147abc6a,8bab4dff,a6177608,0.0
2025-03-27T19:39:00Z,147abc6a,8bab4dff,a6177608,0.0
2025-03-27T19:42:00Z,147abc6a,8bab4dff,a6177608,0.0
2025-03-27T19:45:00Z,147abc6a,8bab4dff,a6177608,0.0
2025-03-27T19:48:00Z,147abc6a,8bab4dff,a6177608,0.0
2025-03-27T19:51:00Z,147abc6a,8bab4dff,a6177608,0.0
2025-03-27T19:54:00Z,147abc6a,8bab4dff,a6177608,0.0
2025-03-27T19:57:00Z,147abc6a,8bab4dff,a6177608,0.0
2025-03-27T20:00:00Z,147abc6a,8bab4dff,a6177608,0.0
2025-03-27T20:03:00Z,147abc6a,8bab4dff,a6177608,0.0
2025-03-27T20:06:00Z,147abc6a,8bab4dff,a6177608,0.0
2025-03-27T20:09:00Z,147abc6a,8bab4dff,a6177608,0.0
2025-03-27T20:12:00Z,147abc6a,8bab4dff,a6177608,0.0
2025-03-27T20:15:00Z,147abc6a,8bab4dff,a6177608,0.0
2025-03-27T20:18:00Z,147abc6a,8bab4dff,a6177608,0.0
2025-03-27T20:21:00Z,147abc6a,8bab4dff,a6177608,0.0
2025-03-27T20:24:00Z,147abc6a,8bab4dff,a6177608,0.0
2025-03-27T20:27:00Z,147abc6a,8bab4dff,a6177608,0.0
2025-03-27T20:30:00Z,147abc6a,8bab4dff,a6177608,0.0
2025-03-27T20:33:00Z,147abc6a,8bab4dff,a6177608,0.0
2025-03-27T20:36:00Z,147abc6a,8bab4dff,a6177608,0.0
2025-03-27T20:39:00Z,147abc6a,8bab4dff,a6177608,0.0
2025-03-27T20:42:00Z,147abc6a,8bab4dff,a6177608,0.0
2025-03-27T20:45:00Z,147abc6a,8bab4dff,a6177608,0.0
2025-03-27T20:48:00Z,147abc6a,8bab4dff,a6177608,0.0
2025-03-27T20:51:00Z,147abc6a,8bab4dff,a6177608,0.0
2025-03-27T20:54:00Z,147abc6a,8bab4dff,a6177608,0.0
2025-03-27T20:57:00Z,147abc6a,8bab4dff,a6177608,0.0
2025-03-27T21:00:00Z,147abc6a,8bab4dff,a6177608,0.0
2025-03-27T21:03:00Z,147abc6a,8bab4dff,a6177608,0.0
2025-03-27T21:06:00Z,147abc6a,8bab4dff,a6177608,0.0
2025-03-27T21:09:00Z,147abc6a,8bab4dff,a6177608,0.0
2025-03-27T21:12:00Z,147abc6a,8bab4dff,a6177608,0.0
2025-03-27T21:15:00Z,147abc6a,8bab4dff,a6177608,0.0
2025-03-27T21:18:00Z,147abc6a,8bab4dff,a6177608,0.0
2025-03-27T21:21:00Z,147abc6a,8bab4dff,a6177608,0.0
2025-03-27T21:24:00Z,147abc6a,8bab4dff,a6177608,0.0
2025-03-27T21:27:00Z,147abc6a,8bab4dff,a6177608,0.0
2025-03-27T21:30:00Z,147abc6a,8bab4dff,a6177608,0.0
2025-03-27T21:33:00Z,147abc6a,8bab4dff,a6177608,0.0
2025-03-27T21:36:00Z,147abc6a,8bab4dff,a6177608,0.0
2025-03-27T21:39:00Z,147abc6a,8bab4dff,a6177608,0.0
2025-03-27T21:42:00Z,147abc6a,8bab4dff,a6177608,0.0
2025-03-27T21:45:00Z,147abc6a,8bab4dff,a6177608,0.0
2025-03-27T21:48:00Z,147abc6a,8bab4dff,a6177608,0.0
2025-03-27T21:51:00Z,147abc6a,8bab4dff,a6177608,0.0
2025-03-27T21:54:00Z,147abc6a,8bab4dff,a6177608,0.0
2025-03-27T21:57:00Z,147abc6a,8bab4dff,a6177608,0.0
2025-03-27T22:00:00Z,147abc6a,8bab4dff,a6177608,0.0
2025-03-27T22:03:00Z,147abc6a,8bab4dff,a6177608,0.0
2025-03-27T22:06:00Z,147abc6a,8bab4dff,a6177608,0.0
2025-03-27T22:09:00Z,147abc6a,8bab4dff,a6177608,0.0
2025-03-27T22:12:00Z,147abc6a,8bab4dff,a6177608,0.0
2025-03-27T22:15:00Z,147abc6a,8bab4dff,a6177608,0.0
2025-03-27T22:18:00Z,147abc6a,8bab4dff,a6177608,0.0
2025-03-27T22:21:00Z,147abc6a,8bab4dff,a6177608,0.0
2025-03-27T22:24:00Z,147abc6a,8bab4dff,a6177608,0.0
2025-03-27T22:27:00Z,147abc6a,8bab4dff,a6177608,0.0
2025-03-27T22:30:00Z,147abc6a,8bab4dff,a6177608,0.0
2025-03-27T22:33:00Z,147abc6a,8bab4dff,a6177608,0.0
2025-03-27T22:36:00Z,147abc6a,8bab4dff,a6177608,0.0
2025-03-27T22:39:00Z,147abc6a,8bab4dff,a6177608,0.0
2025-03-27T22:42:00Z,147abc6a,8bab4dff,a6177608,0.0
2025-03-27T22:45:00Z,147abc6a,8bab4dff,a6177608,0.0
2025-03-27T22:48:00Z,147abc6a,8bab4dff,a6177608,0.0
2025-03-27T22:51:00Z,147abc6a,8bab4dff,a6177608,0.02
2025-03-27T22:54:00Z,147abc6a,8bab4dff,a6177608,0.0
2025-03-27T22:57:00Z,147abc6a,8bab4dff,a6177608,0.0
2025-03-27T23:00:00Z,147abc6a,8bab4dff,a6177608,0.0
2025-03-27T23:03:00Z,147abc6a,8bab4dff,a6177608,0.0
2025-03-27T23:06:00Z,147abc6a,8bab4dff,a6177608,0.0
2025-03-27T23:09:00Z,147abc6a,8bab4dff,a6177608,0.0
2025-03-27T23:12:00Z,147abc6a,8bab4dff,a6177608,0.0
2025-03-27T23:15:00Z,147abc6a,8bab4dff,a6177608,0.0
2025-03-27T23:18:00Z,147abc6a,8bab4dff,a6177608,0.0
2025-03-27T23:21:00Z,147abc6a,8bab4dff,a6177608,0.0
2025-03-27T23:24:00Z,147abc6a,8bab4dff,a6177608,0.0
2025-03-27T23:27:00Z,147abc6a,8bab4dff,a6177608,0.0
2025-03-27T23:30:00Z,147abc6a,8bab4dff,a6177608,0.0
2025-03-27T23:33:00Z,147abc6a,8bab4dff,a6177608,0.0
2025-03-27T23:36:00Z,147abc6a,8bab4dff,a6177608,0.0
2025-03-27T23:39:00Z,147abc6a,8bab4dff,a6177608,0.0
2025-03-27T23:42:00Z,147abc6a,8bab4dff,a6177608,0.0
2025-03-27T23:45:00Z,147abc6a,8bab4dff,a6177608,0.0
2025-03-27T23:48:00Z,147abc6a,8bab4dff,a6177608,0.0
2025-03-27T23:51:00Z,147abc6a,8bab4dff,a6177608,0.0
2025-03-27T23:54:00Z,147abc6a,8bab4dff,a6177608,0.0
2025-03-27T23:57:00Z,147abc6a,8bab4dff,a6177608,0.0
2025-03-28T00:00:00Z,147abc6a,8bab4dff,a6177608,0.0
2025-03-28T00:03:00Z,147abc6a,8bab4dff,a6177608,0.0
2025-03-28T00:06:00Z,147abc6a,8bab4dff,a6177608,0.0
2025-03-28T00:09:00Z,147abc6a,8bab4dff,a6177608,0.0
2025-03-28T00:12:00Z,147abc6a,8bab4dff,a6177608,0.0
2025-03-28T00:15:00Z,147abc6a,8bab4dff,a6177608,0.0
2025-03-28T00:18:00Z,147abc6a,8bab4dff,a6177608,0.0
2025-03-28T00:21:00Z,147abc6a,8bab4dff,a6177608,0.0
2025-03-28T00:24:00Z,147abc6a,8bab4dff,a6177608,0.0
2025-03-28T00:27:00Z,147abc6a,8bab4dff,a6177608,0.0
2025-03-28T00:30:00Z,147abc6a,8bab4dff,a6177608,0.0
2025-03-28T00:33:00Z,147abc6a,8bab4dff,a6177608,0.0
2025-03-28T00:36:00Z,147abc6a,8bab4dff,a6177608,0.0
2025-03-28T00:39:00Z,147abc6a,8bab4dff,a6177608,0.0
2025-03-28T00:42:00Z,147abc6a,8bab4dff,a6177608,0.0
2025-03-28T00:45:00Z,147abc6a,8bab4dff,a6177608,0.0
2025-03-28T00:48:00Z,147abc6a,8bab4dff,a6177608,0.0
2025-03-28T00:51:00Z,147abc6a,8bab4dff,a6177608,0.0
2025-03-28T00:54:00Z,147abc6a,8bab4dff,a6177608,0.0
2025-03-28T00:57:00Z,147abc6a,8bab4dff,a6177608,0.0
2025-03-28T01:00:00Z,147abc6a,8bab4dff,a6177608,0.0
2025-03-28T01:03:00Z,147abc6a,8bab4dff,a6177608,0.0
2025-03-28T01:06:00Z,147abc6a,8bab4dff,a6177608,0.0
2025-03-28T01:09:00Z,147abc6a,8bab4dff,a6177608,0.0
2025-03-28T01:12:00Z,147abc6a,8bab4dff,a6177608,0.0
2025-03-28T01:15:00Z,147abc6a,8bab4dff,a6177608,0.0
2025-03-28T01:18:00Z,147abc6a,8bab4dff,a6177608,0.0
2025-03-28T01:21:00Z,147abc6a,8bab4dff,a6177608,0.0
2025-03-28T01:24:00Z,147abc6a,8bab4dff,a6177608,0.0
2025-03-28T01:27:00Z,147abc6a,8bab4dff,a6177608,0.0
2025-03-28T01:30:00Z,147abc6a,8bab4dff,a6177608,0.0
2025-03-28T01:33:00Z,147abc6a,8bab4dff,a6177608,0.0
2025-03-28T01:36:00Z,147abc6a,8bab4dff,a6177608,0.0
2025-03-28T01:39:00Z,147abc6a,8bab4dff,a6177608,0.0
2025-03-28T01:42:00Z,147abc6a,8bab4dff,a6177608,0.0
2025-03-28T01:45:00Z,147abc6a,8bab4dff,a6177608,0.0
2025-03-28T01:48:00Z,147abc6a,8bab4dff,a6177608,0.0
2025-03-28T01:51:00Z,147abc6a,8bab4dff,a6177608,0.0
2025-03-28T01:54:00Z,147abc6a,8bab4dff,a6177608,0.0
2025-03-28T01:57:00Z,147abc6a,8bab4dff,a6177608,0.0
2025-03-28T02:00:00Z,147abc6a,8bab4dff,a6177608,0.0
2025-03-28T02:03:00Z,147abc6a,8bab4dff,a6177608,0.0
2025-03-28T02:06:00Z,147abc6a,8bab4dff,a6177608,0.0
2025-03-28T02:09:00Z,147abc6a,8bab4dff,a6177608,0.0
2025-03-28T02:12:00Z,147abc6a,8bab4dff,a6177608,0.0
2025-03-28T02:15:00Z,147abc6a,8bab4dff,a6177608,0.0
2025-03-28T02:18:00Z,147abc6a,8bab4dff,a6177608,0.0
2025-03-28T02:21:00Z,147abc6a,8bab4dff,a6177608,0.0
2025-03-28T02:24:00Z,147abc6a,8bab4dff,a6177608,0.0
2025-03-28T02:27:00Z,147abc6a,8bab4dff,a6177608,0.0
2025-03-28T02:30:00Z,147abc6a,8bab4dff,a6177608,0.0
2025-03-28T02:33:00Z,147abc6a,8bab4dff,a6177608,0.0
2025-03-28T02:36:00Z,147abc6a,8bab4dff,a6177608,0.0
2025-03-28T02:39:00Z,147abc6a,8bab4dff,a6177608,0.0
2025-03-28T02:42:00Z,147abc6a,8bab4dff,a6177608,0.0
2025-03-28T02:45:00Z,147abc6a,8bab4dff,a6177608,0.0
2025-03-28T02:48:00Z,147abc6a,8bab4dff,a6177608,0.0
2025-03-28T02:51:00Z,147abc6a,8bab4dff,a6177608,0.0
2025-03-28T02:54:00Z,147abc6a,8bab4dff,a6177608,0.0
2025-03-28T02:57:00Z,147abc6a,8bab4dff,a6177608,0.0
2025-03-28T03:00:00Z,147abc6a,8bab4dff,a6177608,0.0
2025-03-28T03:03:00Z,147abc6a,8bab4dff,a6177608,0.0
2025-03-28T03:06:00Z,147abc6a,8bab4dff,a6177608,0.0
2025-03-28T03:09:00Z,147abc6a,8bab4dff,a6177608,0.0
2025-03-28T03:12:00Z,147abc6a,8bab4dff,a6177608,0.0
2025-03-28T03:15:00Z,147abc6a,8bab4dff,a6177608,0.0
2025-03-28T03:18:00Z,147abc6a,8bab4dff,a6177608,0.0
2025-03-28T03:21:00Z,147abc6a,8bab4dff,a6177608,0.0
2025-03-28T03:24:00Z,147abc6a,8bab4dff,a6177608,0.0
2025-03-28T03:27:00Z,147abc6a,8bab4dff,a6177608,0.0
2025-03-28T03:30:00Z,147abc6a,8bab4dff,a6177608,0.0
2025-03-28T03:33:00Z,147abc6a,8bab4dff,a6177608,0.0
2025-03-28T03:36:00Z,147abc6a,8bab4dff,a6177608,0.0
2025-03-28T03:39:00Z,147abc6a,8bab4dff,a6177608,0.0
2025-03-28T03:42:00Z,147abc6a,8bab4dff,a6177608,0.0
2025-03-28T03:45:00Z,147abc6a,8bab4dff,a6177608,0.0
2025-03-28T03:48:00Z,147abc6a,8bab4dff,a6177608,0.0
2025-03-28T03:51:00Z,147abc6a,8bab4dff,a6177608,0.0
2025-03-28T03:54:00Z,147abc6a,8bab4dff,a6177608,0.0
2025-03-28T03:57:00Z,147abc6a,8bab4dff,a6177608,0.0
2025-03-28T04:00:00Z,147abc6a,8bab4dff,a6177608,0.0
2025-03-28T04:03:00Z,147abc6a,8bab4dff,a6177608,0.0
2025-03-28T04:06:00Z,147abc6a,8bab4dff,a6177608,0.0
2025-03-28T04:09:00Z,147abc6a,8bab4dff,a6177608,0.0
2025-03-28T04:12:00Z,147abc6a,8bab4dff,a6177608,0.0
2025-03-28T04:15:00Z,147abc6a,8bab4dff,a6177608,0.0
2025-03-28T04:18:00Z,147abc6a,8bab4dff,a6177608,0.0
2025-03-28T04:21:00Z,147abc6a,8bab4dff,a6177608,0.0
2025-03-28T04:24:00Z,147abc6a,8bab4dff,a6177608,0.0
2025-03-28T04:27:00Z,147abc6a,8bab4dff,a6177608,0.0
2025-03-28T04:30:00Z,147abc6a,8bab4dff,a6177608,0.0
2025-03-28T04:33:00Z,147abc6a,8bab4dff,a6177608,0.0
2025-03-28T04:36:00Z,147abc6a,8bab4dff,a6177608,0.0
2025-03-28T04:39:00Z,147abc6a,8bab4dff,a6177608,0.0
2025-03-28T04:42:00Z,147abc6a,8bab4dff,a6177608,0.0
2025-03-28T04:45:00Z,147abc6a,8bab4dff,a6177608,0.0
2025-03-28T04:48:00Z,147abc6a,8bab4dff,a6177608,0.0
2025-03-28T04:51:00Z,147abc6a,8bab4dff,a6177608,0.0
2025-03-28T04:54:00Z,147abc6a,8bab4dff,a6177608,0.0
2025-03-28T04:57:00Z,147abc6a,8bab4dff,a6177608,0.0
2025-03-28T05:00:00Z,147abc6a,8bab4dff,a6177608,0.0
2025-03-28T05:03:00Z,147abc6a,8bab4dff,a6177608,0.0
2025-03-28T05:06:00Z,147abc6a,8bab4dff,a6177608,0.0
2025-03-28T05:09:00Z,147abc6a,8bab4dff,a6177608,0.0
2025-03-28T05:12:00Z,147abc6a,8bab4dff,a6177608,0.0
2025-03-28T05:15:00Z,147abc6a,8bab4dff,a6177608,0.0
2025-03-28T05:18:00Z,147abc6a,8bab4dff,a6177608,0.0
2025-03-28T05:21:00Z,147abc6a,8bab4dff,a6177608,0.0
2025-03-28T05:24:00Z,147abc6a,8bab4dff,a6177608,0.0
2025-03-28T05:27:00Z,147abc6a,8bab4dff,a6177608,0.0
2025-03-28T05:30:00Z,147abc6a,8bab4dff,a6177608,0.0
2025-03-28T05:33:00Z,147abc6a,8bab4dff,a6177608,0.0
2025-03-28T05:36:00Z,147abc6a,8bab4dff,a6177608,0.0
2025-03-28T05:39:00Z,147abc6a,8bab4dff,a6177608,0.0
2025-03-28T05:42:00Z,147abc6a,8bab4dff,a6177608,0.0
2025-03-28T05:45:00Z,147abc6a,8bab4dff,a6177608,0.0
2025-03-28T05:48:00Z,147abc6a,8bab4dff,a6177608,0.01
2025-03-28T05:51:00Z,147abc6a,8bab4dff,a6177608,0.0
2025-03-28T05:54:00Z,147abc6a,8bab4dff,a6177608,0.0
2025-03-28T05:57:00Z,147abc6a,8bab4dff,a6177608,0.0
2025-03-28T06:00:00Z,147abc6a,8bab4dff,a6177608,0.0
2025-03-28T06:03:00Z,147abc6a,8bab4dff,a6177608,0.0
2025-03-28T06:06:00Z,147abc6a,8bab4dff,a6177608,0.0
2025-03-28T06:09:00Z,147abc6a,8bab4dff,a6177608,0.0
2025-03-28T06:12:00Z,147abc6a,8bab4dff,a6177608,0.05
2025-03-28T06:15:00Z,147abc6a,8bab4dff,a6177608,0.0
2025-03-28T06:18:00Z,147abc6a,8bab4dff,a6177608,0.0
2025-03-28T06:21:00Z,147abc6a,8bab4dff,a6177608,0.0
2025-03-28T06:24:00Z,147abc6a,8bab4dff,a6177608,0.0
2025-03-28T06:27:00Z,147abc6a,8bab4dff,a6177608,0.0
2025-03-28T06:30:00Z,147abc6a,8bab4dff,a6177608,0.0
2025-03-28T06:33:00Z,147abc6a,8bab4dff,a6177608,0.0
2025-03-28T06:36:00Z,147abc6a,8bab4dff,a6177608,0.0
2025-03-28T06:39:00Z,147abc6a,8bab4dff,a6177608,0.0
2025-03-28T06:42:00Z,147abc6a,8bab4dff,a6177608,0.0
2025-03-28T06:45:00Z,147abc6a,8bab4dff,a6177608,0.0
2025-03-28T06:48:00Z,147abc6a,8bab4dff,a6177608,0.0
2025-03-28T06:51:00Z,147abc6a,8bab4dff,a6177608,0.0
2025-03-28T06:54:00Z,147abc6a,8bab4dff,a6177608,0.0
2025-03-28T06:57:00Z,147abc6a,8bab4dff,a6177608,0.0
2025-03-28T07:00:00Z,147abc6a,8bab4dff,a6177608,0.0
2025-03-28T07:03:00Z,147abc6a,8bab4dff,a6177608,0.0
2025-03-28T07:06:00Z,147abc6a,8bab4dff,a6177608,0.0
2025-03-28T07:09:00Z,147abc6a,8bab4dff,a6177608,0.0
2025-03-28T07:12:00Z,147abc6a,8bab4dff,a6177608,0.0
2025-03-28T07:15:00Z,147abc6a,8bab4dff,a6177608,0.0
2025-03-28T07:18:00Z,147abc6a,8bab4dff,a6177608,0.0
2025-03-28T07:21:00Z,147abc6a,8bab4dff,a6177608,0.0
2025-03-28T07:24:00Z,147abc6a,8bab4dff,a6177608,0.0
2025-03-28T07:27:00Z,147abc6a,8bab4dff,a6177608,0.0
2025-03-28T07:30:00Z,147abc6a,8bab4dff,a6177608,0.0
2025-03-28T07:33:00Z,147abc6a,8bab4dff,a6177608,0.0
2025-03-28T07:36:00Z,147abc6a,8bab4dff,a6177608,0.0
2025-03-28T07:39:00Z,147abc6a,8bab4dff,a6177608,0.0
2025-03-28T07:42:00Z,147abc6a,8bab4dff,a6177608,0.0
2025-03-28T07:45:00Z,147abc6a,8bab4dff,a6177608,0.0
2025-03-28T07:48:00Z,147abc6a,8bab4dff,a6177608,0.0
2025-03-28T07:51:00Z,147abc6a,8bab4dff,a6177608,0.0
2025-03-28T07:54:00Z,147abc6a,8bab4dff,a6177608,0.0
2025-03-28T07:57:00Z,147abc6a,8bab4dff,a6177608,0.0
2025-03-28T08:00:00Z,147abc6a,8bab4dff,a6177608,0.0
2025-03-28T08:03:00Z,147abc6a,8bab4dff,a6177608,0.0
2025-03-28T08:06:00Z,147abc6a,8bab4dff,a6177608,0.0
2025-03-28T08:09:00Z,147abc6a,8bab4dff,a6177608,0.0
2025-03-28T08:12:00Z,147abc6a,8bab4dff,a6177608,0.0
2025-03-28T08:15:00Z,147abc6a,8bab4dff,a6177608,0.0
2025-03-28T08:18:00Z,147abc6a,8bab4dff,a6177608,0.0
2025-03-28T08:21:00Z,147abc6a,8bab4dff,a6177608,0.0
2025-03-28T08:24:00Z,147abc6a,8bab4dff,a6177608,0.0
2025-03-28T08:27:00Z,147abc6a,8bab4dff,a6177608,0.0
2025-03-28T08:30:00Z,147abc6a,8bab4dff,a6177608,0.0
2025-03-28T08:33:00Z,147abc6a,8bab4dff,a6177608,0.0
2025-03-28T08:36:00Z,147abc6a,8bab4dff,a6177608,0.0
2025-03-28T08:39:00Z,147abc6a,8bab4dff,a6177608,0.0
2025-03-28T08:42:00Z,147abc6a,8bab4dff,a6177608,0.0
2025-03-28T08:45:00Z,147abc6a,8bab4dff,a6177608,0.0
2025-03-28T08:48:00Z,147abc6a,8bab4dff,a6177608,0.0
2025-03-28T08:51:00Z,147abc6a,8bab4dff,a6177608,0.0
2025-03-28T08:54:00Z,147abc6a,8bab4dff,a6177608,0.0
2025-03-28T08:57:00Z,147abc6a,8bab4dff,a6177608,0.0
2025-03-28T09:00:00Z,147abc6a,8bab4dff,a6177608,0.0
2025-03-28T09:03:00Z,147abc6a,8bab4dff,a6177608,0.0
2025-03-28T09:06:00Z,147abc6a,8bab4dff,a6177608,0.0
2025-03-28T09:09:00Z,147abc6a,8bab4dff,a6177608,0.0
2025-03-28T09:12:00Z,147abc6a,8bab4dff,a6177608,0.0
2025-03-28T09:15:00Z,147abc6a,8bab4dff,a6177608,0.0
2025-03-28T09:18:00Z,147abc6a,8bab4dff,a6177608,0.0
2025-03-28T09:21:00Z,147abc6a,8bab4dff,a6177608,0.0
2025-03-28T09:24:00Z,147abc6a,8bab4dff,a6177608,0.0
2025-03-28T09:27:00Z,147abc6a,8bab4dff,a6177608,0.0
2025-03-28T09:30:00Z,147abc6a,8bab4dff,a6177608,0.0
2025-03-28T09:33:00Z,147abc6a,8bab4dff,a6177608,0.0
2025-03-28T09:36:00Z,147abc6a,8bab4dff,a6177608,0.0
2025-03-28T09:39:00Z,147abc6a,8bab4dff,a6177608,0.0
2025-03-28T09:42:00Z,147abc6a,8bab4dff,a6177608,0.0
2025-03-28T09:45:00Z,147abc6a,8bab4dff,a6177608,0.0
2025-03-28T09:48:00Z,147abc6a,8bab4dff,a6177608,0.0
2025-03-28T09:51:00Z,147abc6a,8bab4dff,a6177608,0.0
2025-03-28T09:54:00Z,147abc6a,8bab4dff,a6177608,0.0
2025-03-28T09:57:00Z,147abc6a,8bab4dff,a6177608,0.0
2025-03-28T10:00:00Z,147abc6a,8bab4dff,a6177608,0.0
2025-03-28T10:03:00Z,147abc6a,8bab4dff,a6177608,0.0
2025-03-28T10:06:00Z,147abc6a,8bab4dff,a6177608,0.0
2025-03-28T10:09:00Z,147abc6a,8bab4dff,a6177608,0.0
2025-03-28T10:12:00Z,147abc6a,8bab4dff,a6177608,0.0
2025-03-28T10:15:00Z,147abc6a,8bab4dff,a6177608,0.0
2025-03-28T10:18:00Z,147abc6a,8bab4dff,a6177608,0.0
2025-03-28T10:21:00Z,147abc6a,8bab4dff,a6177608,0.0
2025-03-28T10:24:00Z,147abc6a,8bab4dff,a6177608,0.0
2025-03-28T10:27:00Z,147abc6a,8bab4dff,a6177608,0.0
2025-03-28T10:30:00Z,147abc6a,8bab4dff,a6177608,0.0
2025-03-28T10:33:00Z,147abc6a,8bab4dff,a6177608,0.0
2025-03-28T10:36:00Z,147abc6a,8bab4dff,a6177608,0.0
2025-03-28T10:39:00Z,147abc6a,8bab4dff,a6177608,0.0
2025-03-28T10:42:00Z,147abc6a,8bab4dff,a6177608,0.0
2025-03-28T10:45:00Z,147abc6a,8bab4dff,a6177608,0.0
2025-03-28T10:48:00Z,147abc6a,8bab4dff,a6177608,0.0
2025-03-28T10:51:00Z,147abc6a,8bab4dff,a6177608,0.0
2025-03-28T10:54:00Z,147abc6a,8bab4dff,a6177608,0.0
2025-03-28T10:57:00Z,147abc6a,8bab4dff,a6177608,0.0
2025-03-28T11:00:00Z,147abc6a,8bab4dff,a6177608,0.0
2025-03-28T11:03:00Z,147abc6a,8bab4dff,a6177608,0.0
2025-03-28T11:06:00Z,147abc6a,8bab4dff,a6177608,0.0
2025-03-28T11:09:00Z,147abc6a,8bab4dff,a6177608,0.0
2025-03-28T11:12:00Z,147abc6a,8bab4dff,a6177608,0.0
2025-03-28T11:15:00Z,147abc6a,8bab4dff,a6177608,0.0
2025-03-28T11:18:00Z,147abc6a,8bab4dff,a6177608,0.0
2025-03-28T11:21:00Z,147abc6a,8bab4dff,a6177608,0.0
2025-03-28T11:24:00Z,147abc6a,8bab4dff,a6177608,0.0
2025-03-28T11:27:00Z,147abc6a,8bab4dff,a6177608,0.0
2025-03-28T11:30:00Z,147abc6a,8bab4dff,a6177608,0.0
2025-03-28T11:33:00Z,147abc6a,8bab4dff,a6177608,0.0
2025-03-28T11:36:00Z,147abc6a,8bab4dff,a6177608,0.0
2025-03-28T11:39:00Z,147abc6a,8bab4dff,a6177608,0.0
2025-03-28T11:42:00Z,147abc6a,8bab4dff,a6177608,0.0
2025-03-28T11:45:00Z,147abc6a,8bab4dff,a6177608,0.0
2025-03-28T11:48:00Z,147abc6a,8bab4dff,a6177608,0.0
2025-03-28T11:51:00Z,147abc6a,8bab4dff,a6177608,0.0
2025-03-28T11:54:00Z,147abc6a,8bab4dff,a6177608,0.0
2025-03-28T11:57:00Z,147abc6a,8bab4dff,a6177608,0.0
2025-03-28T12:00:00Z,147abc6a,8bab4dff,a6177608,0.0
2025-03-28T12:03:00Z,147abc6a,8bab4dff,a6177608,0.0
2025-03-28T12:06:00Z,147abc6a,8bab4dff,a6177608,0.0
2025-03-28T12:09:00Z,147abc6a,8bab4dff,a6177608,0.0
2025-03-28T12:12:00Z,147abc6a,8bab4dff,a6177608,0.0
2025-03-28T12:15:00Z,147abc6a,8bab4dff,a6177608,0.0
2025-03-28T12:18:00Z,147abc6a,8bab4dff,a6177608,0.0
2025-03-28T12:21:00Z,147abc6a,8bab4dff,a6177608,0.0
2025-03-28T12:24:00Z,147abc6a,8bab4dff,a6177608,0.0
2025-03-28T12:27:00Z,147abc6a,8bab4dff,a6177608,0.0
2025-03-28T12:30:00Z,147abc6a,8bab4dff,a6177608,0.0
2025-03-28T12:33:00Z,147abc6a,8bab4dff,a6177608,0.0
2025-03-28T12:36:00Z,147abc6a,8bab4dff,a6177608,0.0
2025-03-28T12:39:00Z,147abc6a,8bab4dff,a6177608,0.0
2025-03-28T12:42:00Z,147abc6a,8bab4dff,a6177608,0.0
2025-03-28T12:45:00Z,147abc6a,8bab4dff,a6177608,0.0
2025-03-28T12:48:00Z,147abc6a,8bab4dff,a6177608,0.0
2025-03-28T12:51:00Z,147abc6a,8bab4dff,a6177608,0.0
2025-03-28T12:54:00Z,147abc6a,8bab4dff,a6177608,0.0
2025-03-28T12:57:00Z,147abc6a,8bab4dff,a6177608,0.0
2025-03-28T13:00:00Z,147abc6a,8bab4dff,a6177608,0.0
2025-03-28T13:03:00Z,147abc6a,8bab4dff,a6177608,0.0
2025-03-28T13:06:00Z,147abc6a,8bab4dff,a6177608,0.0
2025-03-28T13:09:00Z,147abc6a,8bab4dff,a6177608,0.0
2025-03-28T13:12:00Z,147abc6a,8bab4dff,a6177608,0.0
2025-03-28T13:15:00Z,147abc6a,8bab4dff,a6177608,0.0
2025-03-28T13:18:00Z,147abc6a,8bab4dff,a6177608,0.0
2025-03-28T13:21:00Z,147abc6a,8bab4dff,a6177608,0.0
2025-03-28T13:24:00Z,147abc6a,8bab4dff,a6177608,0.0
2025-03-28T13:27:00Z,147abc6a,8bab4dff,a6177608,0.0
2025-03-28T13:30:00Z,147abc6a,8bab4dff,a6177608,0.0
2025-03-28T13:33:00Z,147abc6a,8bab4dff,a6177608,0.0
2025-03-28T13:36:00Z,147abc6a,8bab4dff,a6177608,0.0
2025-03-28T13:39:00Z,147abc6a,8bab4dff,a6177608,0.0
2025-03-28T13:42:00Z,147abc6a,8bab4dff,a6177608,0.0
2025-03-28T13:45:00Z,147abc6a,8bab4dff,a6177608,0.0
2025-03-28T13:48:00Z,147abc6a,8bab4dff,a6177608,0.0
2025-03-28T13:51:00Z,147abc6a,8bab4dff,a6177608,0.0
2025-03-28T13:54:00Z,147abc6a,8bab4dff,a6177608,0.0
2025-03-28T13:57:00Z,147abc6a,8bab4dff,a6177608,0.0
2025-03-28T14:00:00Z,147abc6a,8bab4dff,a6177608,0.0
2025-03-28T14:03:00Z,147abc6a,8bab4dff,a6177608,0.0
2025-03-28T14:06:00Z,147abc6a,8bab4dff,a6177608,0.0
2025-03-28T14:09:00Z,147abc6a,8bab4dff,a6177608,0.0
2025-03-28T14:12:00Z,147abc6a,8bab4dff,a6177608,0.0
2025-03-28T14:15:00Z,147abc6a,8bab4dff,a6177608,0.0
2025-03-28T14:18:00Z,147abc6a,8bab4dff,a6177608,0.0
2025-03-28T14:21:00Z,147abc6a,8bab4dff,a6177608,0.0
2025-03-28T14:24:00Z,147abc6a,8bab4dff,a6177608,0.0
2025-03-28T14:27:00Z,147abc6a,8bab4dff,a6177608,0.0
2025-03-28T14:30:00Z,147abc6a,8bab4dff,a6177608,0.0
2025-03-28T14:33:00Z,147abc6a,8bab4dff,a6177608,0.0
2025-03-28T14:36:00Z,147abc6a,8bab4dff,a6177608,0.0
2025-03-28T14:39:00Z,147abc6a,8bab4dff,a6177608,0.0
2025-03-28T14:42:00Z,147abc6a,8bab4dff,a6177608,0.0
2025-03-28T14:45:00Z,147abc6a,8bab4dff,a6177608,0.0
2025-03-28T14:48:00Z,147abc6a,8bab4dff,a6177608,0.0
2025-03-28T14:51:00Z,147abc6a,8bab4dff,a6177608,0.0
2025-03-28T14:54:00Z,147abc6a,8bab4dff,a6177608,0.0
2025-03-28T14:57:00Z,147abc6a,8bab4dff,a6177608,0.0
2025-03-28T15:00:00Z,147abc6a,8bab4dff,a6177608,0.0
2025-03-28T15:03:00Z,147abc6a,8bab4dff,a6177608,0.0
2025-03-28T15:06:00Z,147abc6a,8bab4dff,a6177608,0.0
2025-03-28T15:09:00Z,147abc6a,8bab4dff,a6177608,0.0
2025-03-28T15:12:00Z,147abc6a,8bab4dff,a6177608,0.0
2025-03-28T15:15:00Z,147abc6a,8bab4dff,a6177608,0.0
2025-03-28T15:18:00Z,147abc6a,8bab4dff,a6177608,0.0
2025-03-28T15:21:00Z,147abc6a,8bab4dff,a6177608,0.0
2025-03-28T15:24:00Z,147abc6a,8bab4dff,a6177608,0.0
2025-03-28T15:27:00Z,147abc6a,8bab4dff,a6177608,0.0
2025-03-28T15:30:00Z,147abc6a,8bab4dff,a6177608,0.0
2025-03-28T15:33:00Z,147abc6a,8bab4dff,a6177608,0.0
2025-03-28T15:36:00Z,147abc6a,8bab4dff,a6177608,0.0
2025-03-28T15:39:00Z,147abc6a,8bab4dff,a6177608,0.0
2025-03-28T15:42:00Z,147abc6a,8bab4dff,a6177608,0.0
2025-03-28T15:45:00Z,147abc6a,8bab4dff,a6177608,0.0
2025-03-28T15:48:00Z,147abc6a,8bab4dff,a6177608,0.0
2025-03-28T15:51:00Z,147abc6a,8bab4dff,a6177608,0.0
2025-03-28T15:54:00Z,147abc6a,8bab4dff,a6177608,0.0
2025-03-28T15:57:00Z,147abc6a,8bab4dff,a6177608,0.0
2025-03-28T16:00:00Z,147abc6a,8bab4dff,a6177608,0.0
2025-03-28T16:03:00Z,147abc6a,8bab4dff,a6177608,0.0
2025-03-28T16:06:00Z,147abc6a,8bab4dff,a6177608,0.0
2025-03-28T16:09:00Z,147abc6a,8bab4dff,a6177608,0.0
2025-03-28T16:12:00Z,147abc6a,8bab4dff,a6177608,0.0
2025-03-28T16:15:00Z,147abc6a,8bab4dff,a6177608,0.0
2025-03-28T16:18:00Z,147abc6a,8bab4dff,a6177608,0.0
2025-03-28T16:21:00Z,147abc6a,8bab4dff,a6177608,0.0
2025-03-28T16:24:00Z,147abc6a,8bab4dff,a6177608,0.0
2025-03-28T16:27:00Z,147abc6a,8bab4dff,a6177608,0.0
2025-03-28T16:30:00Z,147abc6a,8bab4dff,a6177608,0.0
2025-03-28T16:33:00Z,147abc6a,8bab4dff,a6177608,0.0
2025-03-28T16:36:00Z,147abc6a,8bab4dff,a6177608,0.0
2025-03-28T16:39:00Z,147abc6a,8bab4dff,a6177608,0.0
2025-03-28T16:42:00Z,147abc6a,8bab4dff,a6177608,0.0
2025-03-28T16:45:00Z,147abc6a,8bab4dff,a6177608,0.0
2025-03-28T16:48:00Z,147abc6a,8bab4dff,a6177608,0.0
2025-03-28T16:51:00Z,147abc6a,8bab4dff,a6177608,0.0
2025-03-28T16:54:00Z,147abc6a,8bab4dff,a6177608,0.0
2025-03-28T16:57:00Z,147abc6a,8bab4dff,a6177608,0.0
2025-03-28T17:00:00Z,147abc6a,8bab4dff,a6177608,0.0
2025-03-28T17:03:00Z,147abc6a,8bab4dff,a6177608,0.0
2025-03-28T17:06:00Z,147abc6a,8bab4dff,a6177608,0.0
2025-03-28T17:09:00Z,147abc6a,8bab4dff,a6177608,0.0
2025-03-28T17:12:00Z,147abc6a,8bab4dff,a6177608,0.0
2025-03-28T17:15:00Z,147abc6a,8bab4dff,a6177608,0.0
2025-03-28T17:18:00Z,147abc6a,8bab4dff,a6177608,0.0
2025-03-28T17:21:00Z,147abc6a,8bab4dff,a6177608,0.0
2025-03-28T17:24:00Z,147abc6a,8bab4dff,a6177608,0.0
2025-03-28T17:27:00Z,147abc6a,8bab4dff,a6177608,0.0
2025-03-28T17:30:00Z,147abc6a,8bab4dff,a6177608,0.0
2025-03-28T17:33:00Z,147abc6a,8bab4dff,a6177608,0.0
2025-03-28T17:36:00Z,147abc6a,8bab4dff,a6177608,0.0
2025-03-28T17:39:00Z,147abc6a,8bab4dff,a6177608,0.0
2025-03-28T17:42:00Z,147abc6a,8bab4dff,a6177608,0.0
2025-03-28T17:45:00Z,147abc6a,8bab4dff,a6177608,0.0
2025-03-28T17:48:00Z,147abc6a,8bab4dff,a6177608,0.13
2025-03-28T17:51:00Z,147abc6a,8bab4dff,a6177608,0.0
2025-03-28T17:54:00Z,147abc6a,8bab4dff,a6177608,0.0
2025-03-28T17:57:00Z,147abc6a,8bab4dff,a6177608,0.0
2025-03-28T18:00:00Z,147abc6a,8bab4dff,a6177608,0.0
2025-03-28T18:03:00Z,147abc6a,8bab4dff,a6177608,0.0
2025-03-28T18:06:00Z,147abc6a,8bab4dff,a6177608,0.0
2025-03-28T18:09:00Z,147abc6a,8bab4dff,a6177608,0.0
2025-03-28T18:12:00Z,147abc6a,8bab4dff,a6177608,0.0
2025-03-28T18:15:00Z,147abc6a,8bab4dff,a6177608,0.0
2025-03-28T18:18:00Z,147abc6a,8bab4dff,a6177608,0.0
2025-03-28T18:21:00Z,147abc6a,8bab4dff,a6177608,0.0
2025-03-28T18:24:00Z,147abc6a,8bab4dff,a6177608,0.0
2025-03-28T18:27:00Z,147abc6a,8bab4dff,a6177608,0.0
2025-03-28T18:30:00Z,147abc6a,8bab4dff,a6177608,0.0
2025-03-28T18:33:00Z,147abc6a,8bab4dff,a6177608,0.0
2025-03-28T18:36:00Z,147abc6a,8bab4dff,a6177608,0.0
2025-03-28T18:39:00Z,147abc6a,8bab4dff,a6177608,0.0
2025-03-28T18:42:00Z,147abc6a,8bab4dff,a6177608,0.0
2025-03-28T18:45:00Z,147abc6a,8bab4dff,a6177608,0.0
2025-03-28T18:48:00Z,147abc6a,8bab4dff,a6177608,0.0
2025-03-28T18:51:00Z,147abc6a,8bab4dff,a6177608,0.0
2025-03-28T18:54:00Z,147abc6a,8bab4dff,a6177608,0.0
2025-03-28T18:57:00Z,147abc6a,8bab4dff,a6177608,0.0
2025-03-28T19:00:00Z,147abc6a,8bab4dff,a6177608,0.0
2025-03-28T19:03:00Z,147abc6a,8bab4dff,a6177608,0.0
2025-03-28T19:06:00Z,147abc6a,8bab4dff,a6177608,0.0
2025-03-28T19:09:00Z,147abc6a,8bab4dff,a6177608,0.0
2025-03-28T19:12:00Z,147abc6a,8bab4dff,a6177608,0.0
2025-03-28T19:15:00Z,147abc6a,8bab4dff,a6177608,0.0
2025-03-28T19:18:00Z,147abc6a,8bab4dff,a6177608,0.0
2025-03-28T19:21:00Z,147abc6a,8bab4dff,a6177608,0.0
2025-03-28T19:24:00Z,147abc6a,8bab4dff,a6177608,0.0
2025-03-28T19:27:00Z,147abc6a,8bab4dff,a6177608,0.0
2025-03-28T19:30:00Z,147abc6a,8bab4dff,a6177608,0.0
2025-03-28T19:33:00Z,147abc6a,8bab4dff,a6177608,0.0
2025-03-28T19:36:00Z,147abc6a,8bab4dff,a6177608,0.0
2025-03-28T19:39:00Z,147abc6a,8bab4dff,a6177608,0.0
2025-03-28T19:42:00Z,147abc6a,8bab4dff,a6177608,0.0
2025-03-28T19:45:00Z,147abc6a,8bab4dff,a6177608,0.0
2025-03-28T19:48:00Z,147abc6a,8bab4dff,a6177608,0.0
2025-03-28T19:51:00Z,147abc6a,8bab4dff,a6177608,0.0
2025-03-28T19:54:00Z,147abc6a,8bab4dff,a6177608,0.0
2025-03-28T19:57:00Z,147abc6a,8bab4dff,a6177608,0.0
2025-03-28T20:00:00Z,147abc6a,8bab4dff,a6177608,0.0
2025-03-28T20:03:00Z,147abc6a,8bab4dff,a6177608,0.0
2025-03-28T20:06:00Z,147abc6a,8bab4dff,a6177608,0.0
2025-03-28T20:09:00Z,147abc6a,8bab4dff,a6177608,0.0
2025-03-28T20:12:00Z,147abc6a,8bab4dff,a6177608,0.0
2025-03-28T20:15:00Z,147abc6a,8bab4dff,a6177608,0.0
2025-03-28T20:18:00Z,147abc6a,8bab4dff,a6177608,0.0
2025-03-28T20:21:00Z,147abc6a,8bab4dff,a6177608,0.0
2025-03-28T20:24:00Z,147abc6a,8bab4dff,a6177608,0.0
2025-03-28T20:27:00Z,147abc6a,8bab4dff,a6177608,0.0
2025-03-28T20:30:00Z,147abc6a,8bab4dff,a6177608,0.0
2025-03-28T20:33:00Z,147abc6a,8bab4dff,a6177608,0.0
2025-03-28T20:36:00Z,147abc6a,8bab4dff,a6177608,0.0
2025-03-28T20:39:00Z,147abc6a,8bab4dff,a6177608,0.0
2025-03-28T20:42:00Z,147abc6a,8bab4dff,a6177608,0.0
2025-03-28T20:45:00Z,147abc6a,8bab4dff,a6177608,0.0
2025-03-28T20:48:00Z,147abc6a,8bab4dff,a6177608,0.0
2025-03-28T20:51:00Z,147abc6a,8bab4dff,a6177608,0.0
2025-03-28T20:54:00Z,147abc6a,8bab4dff,a6177608,0.0
2025-03-28T20:57:00Z,147abc6a,8bab4dff,a6177608,0.0
2025-03-28T21:00:00Z,147abc6a,8bab4dff,a6177608,0.0
2025-03-28T21:03:00Z,147abc6a,8bab4dff,a6177608,0.0
2025-03-28T21:06:00Z,147abc6a,8bab4dff,a6177608,0.0
2025-03-28T21:09:00Z,147abc6a,8bab4dff,a6177608,0.0
2025-03-28T21:12:00Z,147abc6a,8bab4dff,a6177608,0.0
2025-03-28T21:15:00Z,147abc6a,8bab4dff,a6177608,0.0
2025-03-28T21:18:00Z,147abc6a,8bab4dff,a6177608,0.0
2025-03-28T21:21:00Z,147abc6a,8bab4dff,a6177608,0.0
2025-03-28T21:24:00Z,147abc6a,8bab4dff,a6177608,0.0
2025-03-28T21:27:00Z,147abc6a,8bab4dff,a6177608,0.0
2025-03-28T21:30:00Z,147abc6a,8bab4dff,a6177608,0.0
2025-03-28T21:33:00Z,147abc6a,8bab4dff,a6177608,0.0
2025-03-28T21:36:00Z,147abc6a,8bab4dff,a6177608,0.0
2025-03-28T21:39:00Z,147abc6a,8bab4dff,a6177608,0.0
2025-03-28T21:42:00Z,147abc6a,8bab4dff,a6177608,0.0
2025-03-28T21:45:00Z,147abc6a,8bab4dff,a6177608,0.0
2025-03-28T21:48:00Z,147abc6a,8bab4dff,a6177608,0.0
2025-03-28T21:51:00Z,147abc6a,8bab4dff,a6177608,0.0
2025-03-28T21:54:00Z,147abc6a,8bab4dff,a6177608,0.0
2025-03-28T21:57:00Z,147abc6a,8bab4dff,a6177608,0.0
2025-03-28T22:00:00Z,147abc6a,8bab4dff,a6177608,0.0
2025-03-28T22:03:00Z,147abc6a,8bab4dff,a6177608,0.0
2025-03-28T22:06:00Z,147abc6a,8bab4dff,a6177608,0.0
2025-03-28T22:09:00Z,147abc6a,8bab4dff,a6177608,0.0
2025-03-28T22:12:00Z,147abc6a,8bab4dff,a6177608,0.0
2025-03-28T22:15:00Z,147abc6a,8bab4dff,a6177608,0.0
2025-03-28T22:18:00Z,147abc6a,8bab4dff,a6177608,0.0
2025-03-28T22:21:00Z,147abc6a,8bab4dff,a6177608,0.0
2025-03-28T22:24:00Z,147abc6a,8bab4dff,a6177608,0.0
2025-03-28T22:27:00Z,147abc6a,8bab4dff,a6177608,0.0
2025-03-28T22:30:00Z,147abc6a,8bab4dff,a6177608,0.0
2025-03-28T22:33:00Z,147abc6a,8bab4dff,a6177608,0.0
2025-03-28T22:36:00Z,147abc6a,8bab4dff,a6177608,0.0
2025-03-28T22:39:00Z,147abc6a,8bab4dff,a6177608,0.0
2025-03-28T22:42:00Z,147abc6a,8bab4dff,a6177608,0.0
2025-03-28T22:45:00Z,147abc6a,8bab4dff,a6177608,0.0
2025-03-28T22:48:00Z,147abc6a,8bab4dff,a6177608,0.0
2025-03-28T22:51:00Z,147abc6a,8bab4dff,a6177608,0.01
2025-03-28T22:54:00Z,147abc6a,8bab4dff,a6177608,0.0
2025-03-28T22:57:00Z,147abc6a,8bab4dff,a6177608,0.0
2025-03-28T23:00:00Z,147abc6a,8bab4dff,a6177608,0.0
2025-03-28T23:03:00Z,147abc6a,8bab4dff,a6177608,0.0
2025-03-28T23:06:00Z,147abc6a,8bab4dff,a6177608,0.0
2025-03-28T23:09:00Z,147abc6a,8bab4dff,a6177608,0.0
2025-03-28T23:12:00Z,147abc6a,8bab4dff,a6177608,0.0
2025-03-28T23:15:00Z,147abc6a,8bab4dff,a6177608,0.0
2025-03-28T23:18:00Z,147abc6a,8bab4dff,a6177608,0.0
2025-03-28T23:21:00Z,147abc6a,8bab4dff,a6177608,0.0
2025-03-28T23:24:00Z,147abc6a,8bab4dff,a6177608,0.0
2025-03-28T23:27:00Z,147abc6a,8bab4dff,a6177608,0.0
2025-03-28T23:30:00Z,147abc6a,8bab4dff,a6177608,0.0
2025-03-28T23:33:00Z,147abc6a,8bab4dff,a6177608,0.0
2025-03-28T23:36:00Z,147abc6a,8bab4dff,a6177608,0.0
2025-03-28T23:39:00Z,147abc6a,8bab4dff,a6177608,0.0
2025-03-28T23:42:00Z,147abc6a,8bab4dff,a6177608,0.0
2025-03-28T23:45:00Z,147abc6a,8bab4dff,a6177608,0.0
2025-03-28T23:48:00Z,147abc6a,8bab4dff,a6177608,0.0
2025-03-28T23:51:00Z,147abc6a,8bab4dff,a6177608,0.0
2025-03-28T23:54:00Z,147abc6a,8bab4dff,a6177608,0.0
2025-03-28T23:57:00Z,147abc6a,8bab4dff,a6177608,0.0
2025-03-29T00:00:00Z,147abc6a,8bab4dff,a6177608,0.0
2025-03-29T00:03:00Z,147abc6a,8bab4dff,a6177608,0.0
2025-03-29T00:06:00Z,147abc6a,8bab4dff,a6177608,0.0
2025-03-29T00:09:00Z,147abc6a,8bab4dff,a6177608,0.0
2025-03-29T00:12:00Z,147abc6a,8bab4dff,a6177608,0.0
2025-03-29T00:15:00Z,147abc6a,8bab4dff,a6177608,0.0
2025-03-29T00:18:00Z,147abc6a,8bab4dff,a6177608,0.0
2025-03-29T00:21:00Z,147abc6a,8bab4dff,a6177608,0.0
2025-03-29T00:24:00Z,147abc6a,8bab4dff,a6177608,0.0
2025-03-29T00:27:00Z,147abc6a,8bab4dff,a6177608,0.0
2025-03-29T00:30:00Z,147abc6a,8bab4dff,a6177608,0.0
2025-03-29T00:33:00Z,147abc6a,8bab4dff,a6177608,0.0
2025-03-29T00:36:00Z,147abc6a,8bab4dff,a6177608,0.0
2025-03-29T00:39:00Z,147abc6a,8bab4dff,a6177608,0.0
2025-03-29T00:42:00Z,147abc6a,8bab4dff,a6177608,0.0
2025-03-29T00:45:00Z,147abc6a,8bab4dff,a6177608,0.0
2025-03-29T00:48:00Z,147abc6a,8bab4dff,a6177608,0.0
2025-03-29T00:51:00Z,147abc6a,8bab4dff,a6177608,0.0
2025-03-29T00:54:00Z,147abc6a,8bab4dff,a6177608,0.0
2025-03-29T00:57:00Z,147abc6a,8bab4dff,a6177608,0.0
2025-03-29T01:00:00Z,147abc6a,8bab4dff,a6177608,0.0
2025-03-29T01:03:00Z,147abc6a,8bab4dff,a6177608,0.0
2025-03-29T01:06:00Z,147abc6a,8bab4dff,a6177608,0.0
2025-03-29T01:09:00Z,147abc6a,8bab4dff,a6177608,0.0
2025-03-29T01:12:00Z,147abc6a,8bab4dff,a6177608,0.0
2025-03-29T01:15:00Z,147abc6a,8bab4dff,a6177608,0.0
2025-03-29T01:18:00Z,147abc6a,8bab4dff,a6177608,0.0
2025-03-29T01:21:00Z,147abc6a,8bab4dff,a6177608,0.0
2025-03-29T01:24:00Z,147abc6a,8bab4dff,a6177608,0.0
2025-03-29T01:27:00Z,147abc6a,8bab4dff,a6177608,0.0
2025-03-29T01:30:00Z,147abc6a,8bab4dff,a6177608,0.0
2025-03-29T01:33:00Z,147abc6a,8bab4dff,a6177608,0.0
2025-03-29T01:36:00Z,147abc6a,8bab4dff,a6177608,0.0
2025-03-29T01:39:00Z,147abc6a,8bab4dff,a6177608,0.0
2025-03-29T01:42:00Z,147abc6a,8bab4dff,a6177608,0.0
2025-03-29T01:45:00Z,147abc6a,8bab4dff,a6177608,0.0
2025-03-29T01:48:00Z,147abc6a,8bab4dff,a6177608,0.0
2025-03-29T01:51:00Z,147abc6a,8bab4dff,a6177608,0.0
2025-03-29T01:54:00Z,147abc6a,8bab4dff,a6177608,0.0
2025-03-29T01:57:00Z,147abc6a,8bab4dff,a6177608,0.0
2025-03-29T02:00:00Z,147abc6a,8bab4dff,a6177608,0.0
2025-03-29T02:03:00Z,147abc6a,8bab4dff,a6177608,0.0
2025-03-29T02:06:00Z,147abc6a,8bab4dff,a6177608,0.0
2025-03-29T02:09:00Z,147abc6a,8bab4dff,a6177608,0.0
2025-03-29T02:12:00Z,147abc6a,8bab4dff,a6177608,0.0
2025-03-29T02:15:00Z,147abc6a,8bab4dff,a6177608,0.0
2025-03-29T02:18:00Z,147abc6a,8bab4dff,a6177608,0.0
2025-03-29T02:21:00Z,147abc6a,8bab4dff,a6177608,0.0
2025-03-29T02:24:00Z,147abc6a,8bab4dff,a6177608,0.0
2025-03-29T02:27:00Z,147abc6a,8bab4dff,a6177608,0.0
2025-03-29T02:30:00Z,147abc6a,8bab4dff,a6177608,0.0
2025-03-29T02:33:00Z,147abc6a,8bab4dff,a6177608,0.0
2025-03-29T02:36:00Z,147abc6a,8bab4dff,a6177608,0.0
2025-03-29T02:39:00Z,147abc6a,8bab4dff,a6177608,0.0
2025-03-29T02:42:00Z,147abc6a,8bab4dff,a6177608,0.0
2025-03-29T02:45:00Z,147abc6a,8bab4dff,a6177608,0.0
2025-03-29T02:48:00Z,147abc6a,8bab4dff,a6177608,0.0
2025-03-29T02:51:00Z,147abc6a,8bab4dff,a6177608,0.0
2025-03-29T02:54:00Z,147abc6a,8bab4dff,a6177608,0.0
2025-03-29T02:57:00Z,147abc6a,8bab4dff,a6177608,0.0
2025-03-29T03:00:00Z,147abc6a,8bab4dff,a6177608,0.0
2025-03-29T03:03:00Z,147abc6a,8bab4dff,a6177608,0.0
2025-03-29T03:06:00Z,147abc6a,8bab4dff,a6177608,0.02
2025-03-29T03:09:00Z,147abc6a,8bab4dff,a6177608,0.0
2025-03-29T03:12:00Z,147abc6a,8bab4dff,a6177608,0.0
2025-03-29T03:15:00Z,147abc6a,8bab4dff,a6177608,0.0
2025-03-29T03:18:00Z,147abc6a,8bab4dff,a6177608,0.0
2025-03-29T03:21:00Z,147abc6a,8bab4dff,a6177608,0.0
2025-03-29T03:24:00Z,147abc6a,8bab4dff,a6177608,0.0
2025-03-29T03:27:00Z,147abc6a,8bab4dff,a6177608,0.0
2025-03-29T03:30:00Z,147abc6a,8bab4dff,a6177608,0.0
2025-03-29T03:33:00Z,147abc6a,8bab4dff,a6177608,0.0
2025-03-29T03:36:00Z,147abc6a,8bab4dff,a6177608,0.0
2025-03-29T03:39:00Z,147abc6a,8bab4dff,a6177608,0.0
2025-03-29T03:42:00Z,147abc6a,8bab4dff,a6177608,0.0
2025-03-29T03:45:00Z,147abc6a,8bab4dff,a6177608,0.0
2025-03-29T03:48:00Z,147abc6a,8bab4dff,a6177608,0.0
2025-03-29T03:51:00Z,147abc6a,8bab4dff,a6177608,0.0
2025-03-29T03:54:00Z,147abc6a,8bab4dff,a6177608,0.0
2025-03-29T03:57:00Z,147abc6a,8bab4dff,a6177608,0.0
2025-03-29T04:00:00Z,147abc6a,8bab4dff,a6177608,0.0
2025-03-29T04:03:00Z,147abc6a,8bab4dff,a6177608,0.0
2025-03-29T04:06:00Z,147abc6a,8bab4dff,a6177608,0.0
2025-03-29T04:09:00Z,147abc6a,8bab4dff,a6177608,0.0
2025-03-29T04:12:00Z,147abc6a,8bab4dff,a6177608,0.0
2025-03-29T04:15:00Z,147abc6a,8bab4dff,a6177608,0.0
2025-03-29T04:18:00Z,147abc6a,8bab4dff,a6177608,0.0
2025-03-29T04:21:00Z,147abc6a,8bab4dff,a6177608,0.0
2025-03-29T04:24:00Z,147abc6a,8bab4dff,a6177608,0.0
2025-03-29T04:27:00Z,147abc6a,8bab4dff,a6177608,0.0
2025-03-29T04:30:00Z,147abc6a,8bab4dff,a6177608,0.0
2025-03-29T04:33:00Z,147abc6a,8bab4dff,a6177608,0.0
2025-03-29T04:36:00Z,147abc6a,8bab4dff,a6177608,0.0
2025-03-29T04:39:00Z,147abc6a,8bab4dff,a6177608,0.0
2025-03-29T04:42:00Z,147abc6a,8bab4dff,a6177608,0.0
2025-03-29T04:45:00Z,147abc6a,8bab4dff,a6177608,0.0
2025-03-29T04:48:00Z,147abc6a,8bab4dff,a6177608,0.0
2025-03-29T04:51:00Z,147abc6a,8bab4dff,a6177608,0.0
2025-03-29T04:54:00Z,147abc6a,8bab4dff,a6177608,0.0
2025-03-29T04:57:00Z,147abc6a,8bab4dff,a6177608,0.0
2025-03-29T05:00:00Z,147abc6a,8bab4dff,a6177608,0.0
2025-03-29T05:03:00Z,147abc6a,8bab4dff,a6177608,0.0
2025-03-29T05:06:00Z,147abc6a,8bab4dff,a6177608,0.0
2025-03-29T05:09:00Z,147abc6a,8bab4dff,a6177608,0.0
2025-03-29T05:12:00Z,147abc6a,8bab4dff,a6177608,0.0
2025-03-29T05:15:00Z,147abc6a,8bab4dff,a6177608,0.0
2025-03-29T05:18:00Z,147abc6a,8bab4dff,a6177608,0.0
2025-03-29T05:21:00Z,147abc6a,8bab4dff,a6177608,0.0
2025-03-29T05:24:00Z,147abc6a,8bab4dff,a6177608,0.0
2025-03-29T05:27:00Z,147abc6a,8bab4dff,a6177608,0.0
2025-03-29T05:30:00Z,147abc6a,8bab4dff,a6177608,0.0
2025-03-29T05:33:00Z,147abc6a,8bab4dff,a6177608,0.0
2025-03-29T05:36:00Z,147abc6a,8bab4dff,a6177608,0.0
2025-03-29T05:39:00Z,147abc6a,8bab4dff,a6177608,0.0
2025-03-29T05:42:00Z,147abc6a,8bab4dff,a6177608,0.0
2025-03-29T05:45:00Z,147abc6a,8bab4dff,a6177608,0.0
2025-03-29T05:48:00Z,147abc6a,8bab4dff,a6177608,0.0
2025-03-29T05:51:00Z,147abc6a,8bab4dff,a6177608,0.0
2025-03-29T05:54:00Z,147abc6a,8bab4dff,a6177608,0.0
2025-03-29T05:57:00Z,147abc6a,8bab4dff,a6177608,0.0
2025-03-29T06:00:00Z,147abc6a,8bab4dff,a6177608,0.0
2025-03-29T06:03:00Z,147abc6a,8bab4dff,a6177608,0.0
2025-03-29T06:06:00Z,147abc6a,8bab4dff,a6177608,0.0
2025-03-29T06:09:00Z,147abc6a,8bab4dff,a6177608,0.0
2025-03-29T06:12:00Z,147abc6a,8bab4dff,a6177608,0.0
2025-03-29T06:15:00Z,147abc6a,8bab4dff,a6177608,0.0
2025-03-29T06:18:00Z,147abc6a,8bab4dff,a6177608,0.0
2025-03-29T06:21:00Z,147abc6a,8bab4dff,a6177608,0.0
2025-03-29T06:24:00Z,147abc6a,8bab4dff,a6177608,0.0
2025-03-29T06:27:00Z,147abc6a,8bab4dff,a6177608,0.0
2025-03-29T06:30:00Z,147abc6a,8bab4dff,a6177608,0.0
2025-03-29T06:33:00Z,147abc6a,8bab4dff,a6177608,0.0
2025-03-29T06:36:00Z,147abc6a,8bab4dff,a6177608,0.0
2025-03-29T06:39:00Z,147abc6a,8bab4dff,a6177608,0.0
2025-03-29T06:42:00Z,147abc6a,8bab4dff,a6177608,0.0
2025-03-29T06:45:00Z,147abc6a,8bab4dff,a6177608,0.0
2025-03-29T06:48:00Z,147abc6a,8bab4dff,a6177608,0.0
2025-03-29T06:51:00Z,147abc6a,8bab4dff,a6177608,0.0
2025-03-29T06:54:00Z,147abc6a,8bab4dff,a6177608,0.0
2025-03-29T06:57:00Z,147abc6a,8bab4dff,a6177608,0.0
2025-03-29T07:00:00Z,147abc6a,8bab4dff,a6177608,0.0
2025-03-29T07:03:00Z,147abc6a,8bab4dff,a6177608,0.0
2025-03-29T07:06:00Z,147abc6a,8bab4dff,a6177608,0.0
2025-03-29T07:09:00Z,147abc6a,8bab4dff,a6177608,0.0
2025-03-29T07:12:00Z,147abc6a,8bab4dff,a6177608,0.0
2025-03-29T07:15:00Z,147abc6a,8bab4dff,a6177608,0.0
2025-03-29T07:18:00Z,147abc6a,8bab4dff,a6177608,0.0
2025-03-29T07:21:00Z,147abc6a,8bab4dff,a6177608,0.0
2025-03-29T07:24:00Z,147abc6a,8bab4dff,a6177608,0.0
2025-03-29T07:27:00Z,147abc6a,8bab4dff,a6177608,0.0
2025-03-29T07:30:00Z,147abc6a,8bab4dff,a6177608,0.0
2025-03-29T07:33:00Z,147abc6a,8bab4dff,a6177608,0.0
2025-03-29T07:36:00Z,147abc6a,8bab4dff,a6177608,0.0
2025-03-29T07:39:00Z,147abc6a,8bab4dff,a6177608,0.0
2025-03-29T07:42:00Z,147abc6a,8bab4dff,a6177608,0.0
2025-03-29T07:45:00Z,147abc6a,8bab4dff,a6177608,0.0
2025-03-29T07:48:00Z,147abc6a,8bab4dff,a6177608,0.0
2025-03-29T07:51:00Z,147abc6a,8bab4dff,a6177608,0.0
2025-03-29T07:54:00Z,147abc6a,8bab4dff,a6177608,0.0
2025-03-29T07:57:00Z,147abc6a,8bab4dff,a6177608,0.0
2025-03-29T08:00:00Z,147abc6a,8bab4dff,a6177608,0.0
2025-03-29T08:03:00Z,147abc6a,8bab4dff,a6177608,0.0
2025-03-29T08:06:00Z,147abc6a,8bab4dff,a6177608,0.0
2025-03-29T08:09:00Z,147abc6a,8bab4dff,a6177608,0.0
2025-03-29T08:12:00Z,147abc6a,8bab4dff,a6177608,0.0
2025-03-29T08:15:00Z,147abc6a,8bab4dff,a6177608,0.0
2025-03-29T08:18:00Z,147abc6a,8bab4dff,a6177608,0.0
2025-03-29T08:21:00Z,147abc6a,8bab4dff,a6177608,0.0
2025-03-29T08:24:00Z,147abc6a,8bab4dff,a6177608,0.0
2025-03-29T08:27:00Z,147abc6a,8bab4dff,a6177608,0.0
2025-03-29T08:30:00Z,147abc6a,8bab4dff,a6177608,0.0
2025-03-29T08:33:00Z,147abc6a,8bab4dff,a6177608,0.0
2025-03-29T08:36:00Z,147abc6a,8bab4dff,a6177608,0.0
2025-03-29T08:39:00Z,147abc6a,8bab4dff,a6177608,0.0
2025-03-29T08:42:00Z,147abc6a,8bab4dff,a6177608,0.0
2025-03-29T08:45:00Z,147abc6a,8bab4dff,a6177608,0.0
2025-03-29T08:48:00Z,147abc6a,8bab4dff,a6177608,0.0
2025-03-29T08:51:00Z,147abc6a,8bab4dff,a6177608,0.0
2025-03-29T08:54:00Z,147abc6a,8bab4dff,a6177608,0.0
2025-03-29T08:57:00Z,147abc6a,8bab4dff,a6177608,0.0
2025-03-29T09:00:00Z,147abc6a,8bab4dff,a6177608,0.0
2025-03-29T09:03:00Z,147abc6a,8bab4dff,a6177608,0.0
2025-03-29T09:06:00Z,147abc6a,8bab4dff,a6177608,0.0
2025-03-29T09:09:00Z,147abc6a,8bab4dff,a6177608,0.0
2025-03-29T09:12:00Z,147abc6a,8bab4dff,a6177608,0.0
2025-03-29T09:15:00Z,147abc6a,8bab4dff,a6177608,0.0
2025-03-29T09:18:00Z,147abc6a,8bab4dff,a6177608,0.0
2025-03-29T09:21:00Z,147abc6a,8bab4dff,a6177608,0.0
2025-03-29T09:24:00Z,147abc6a,8bab4dff,a6177608,0.0
2025-03-29T09:27:00Z,147abc6a,8bab4dff,a6177608,0.0
2025-03-29T09:30:00Z,147abc6a,8bab4dff,a6177608,0.0
2025-03-29T09:33:00Z,147abc6a,8bab4dff,a6177608,0.0
2025-03-29T09:36:00Z,147abc6a,8bab4dff,a6177608,0.0
2025-03-29T09:39:00Z,147abc6a,8bab4dff,a6177608,0.0
2025-03-29T09:42:00Z,147abc6a,8bab4dff,a6177608,0.0
2025-03-29T09:45:00Z,147abc6a,8bab4dff,a6177608,0.0
2025-03-29T09:48:00Z,147abc6a,8bab4dff,a6177608,0.0
2025-03-29T09:51:00Z,147abc6a,8bab4dff,a6177608,0.0
2025-03-29T09:54:00Z,147abc6a,8bab4dff,a6177608,0.0
2025-03-29T09:57:00Z,147abc6a,8bab4dff,a6177608,0.0
2025-03-29T10:00:00Z,147abc6a,8bab4dff,a6177608,0.0
2025-03-29T10:03:00Z,147abc6a,8bab4dff,a6177608,0.0
2025-03-29T10:06:00Z,147abc6a,8bab4dff,a6177608,0.0
2025-03-29T10:09:00Z,147abc6a,8bab4dff,a6177608,0.0
2025-03-29T10:12:00Z,147abc6a,8bab4dff,a6177608,0.0
2025-03-29T10:15:00Z,147abc6a,8bab4dff,a6177608,0.0
2025-03-29T10:18:00Z,147abc6a,8bab4dff,a6177608,0.0
2025-03-29T10:21:00Z,147abc6a,8bab4dff,a6177608,0.0
2025-03-29T10:24:00Z,147abc6a,8bab4dff,a6177608,0.0
2025-03-29T10:27:00Z,147abc6a,8bab4dff,a6177608,0.0
2025-03-29T10:30:00Z,147abc6a,8bab4dff,a6177608,0.0
2025-03-29T10:33:00Z,147abc6a,8bab4dff,a6177608,0.0
2025-03-29T10:36:00Z,147abc6a,8bab4dff,a6177608,0.0
2025-03-29T10:39:00Z,147abc6a,8bab4dff,a6177608,0.0
2025-03-29T10:42:00Z,147abc6a,8bab4dff,a6177608,0.0
2025-03-29T10:45:00Z,147abc6a,8bab4dff,a6177608,0.0
2025-03-29T10:48:00Z,147abc6a,8bab4dff,a6177608,0.0
2025-03-29T10:51:00Z,147abc6a,8bab4dff,a6177608,0.0
2025-03-29T10:54:00Z,147abc6a,8bab4dff,a6177608,0.0
2025-03-29T10:57:00Z,147abc6a,8bab4dff,a6177608,0.0
2025-03-29T11:00:00Z,147abc6a,8bab4dff,a6177608,0.0
2025-03-29T11:03:00Z,147abc6a,8bab4dff,a6177608,0.0
2025-03-29T11:06:00Z,147abc6a,8bab4dff,a6177608,0.0
2025-03-29T11:09:00Z,147abc6a,8bab4dff,a6177608,0.0
2025-03-29T11:12:00Z,147abc6a,8bab4dff,a6177608,0.0
2025-03-29T11:15:00Z,147abc6a,8bab4dff,a6177608,0.0
2025-03-29T11:18:00Z,147abc6a,8bab4dff,a6177608,0.0
2025-03-29T11:21:00Z,147abc6a,8bab4dff,a6177608,0.0
2025-03-29T11:24:00Z,147abc6a,8bab4dff,a6177608,0.0
2025-03-29T11:27:00Z,147abc6a,8bab4dff,a6177608,0.0
2025-03-29T11:30:00Z,147abc6a,8bab4dff,a6177608,0.0
2025-03-29T11:33:00Z,147abc6a,8bab4dff,a6177608,0.0
2025-03-29T11:36:00Z,147abc6a,8bab4dff,a6177608,0.0
2025-03-29T11:39:00Z,147abc6a,8bab4dff,a6177608,0.0
2025-03-29T11:42:00Z,147abc6a,8bab4dff,a6177608,0.0
2025-03-29T11:45:00Z,147abc6a,8bab4dff,a6177608,0.0
2025-03-29T11:48:00Z,147abc6a,8bab4dff,a6177608,0.0
2025-03-29T11:51:00Z,147abc6a,8bab4dff,a6177608,0.0
2025-03-29T11:54:00Z,147abc6a,8bab4dff,a6177608,0.0
2025-03-29T11:57:00Z,147abc6a,8bab4dff,a6177608,0.0
2025-03-29T12:00:00Z,147abc6a,8bab4dff,a6177608,0.0
2025-03-29T12:03:00Z,147abc6a,8bab4dff,a6177608,0.0
2025-03-29T12:06:00Z,147abc6a,8bab4dff,a6177608,0.0
2025-03-29T12:09:00Z,147abc6a,8bab4dff,a6177608,0.0
2025-03-29T12:12:00Z,147abc6a,8bab4dff,a6177608,0.0
2025-03-29T12:15:00Z,147abc6a,8bab4dff,a6177608,0.0
2025-03-29T12:18:00Z,147abc6a,8bab4dff,a6177608,0.0
2025-03-29T12:21:00Z,147abc6a,8bab4dff,a6177608,0.0
2025-03-29T12:24:00Z,147abc6a,8bab4dff,a6177608,0.0
2025-03-29T12:27:00Z,147abc6a,8bab4dff,a6177608,0.0
2025-03-29T12:30:00Z,147abc6a,8bab4dff,a6177608,0.0
2025-03-29T12:33:00Z,147abc6a,8bab4dff,a6177608,0.0
2025-03-29T12:36:00Z,147abc6a,8bab4dff,a6177608,0.0
2025-03-29T12:39:00Z,147abc6a,8bab4dff,a6177608,0.0
2025-03-29T12:42:00Z,147abc6a,8bab4dff,a6177608,0.0
2025-03-29T12:45:00Z,147abc6a,8bab4dff,a6177608,0.0
2025-03-29T12:48:00Z,147abc6a,8bab4dff,a6177608,0.0
2025-03-29T12:51:00Z,147abc6a,8bab4dff,a6177608,0.0
2025-03-29T12:54:00Z,147abc6a,8bab4dff,a6177608,0.0
2025-03-29T12:57:00Z,147abc6a,8bab4dff,a6177608,0.0
2025-03-29T13:00:00Z,147abc6a,8bab4dff,a6177608,0.0
2025-03-29T13:03:00Z,147abc6a,8bab4dff,a6177608,0.0
2025-03-29T13:06:00Z,147abc6a,8bab4dff,a6177608,0.0
2025-03-29T13:09:00Z,147abc6a,8bab4dff,a6177608,0.0
2025-03-29T13:12:00Z,147abc6a,8bab4dff,a6177608,0.0
2025-03-29T13:15:00Z,147abc6a,8bab4dff,a6177608,0.0
2025-03-29T13:18:00Z,147abc6a,8bab4dff,a6177608,0.0
2025-03-29T13:21:00Z,147abc6a,8bab4dff,a6177608,0.0
2025-03-29T13:24:00Z,147abc6a,8bab4dff,a6177608,0.0
2025-03-29T13:27:00Z,147abc6a,8bab4dff,a6177608,0.0
2025-03-29T13:30:00Z,147abc6a,8bab4dff,a6177608,0.0
2025-03-29T13:33:00Z,147abc6a,8bab4dff,a6177608,0.0
2025-03-29T13:36:00Z,147abc6a,8bab4dff,a6177608,0.0
2025-03-29T13:39:00Z,147abc6a,8bab4dff,a6177608,0.0
2025-03-29T13:42:00Z,147abc6a,8bab4dff,a6177608,0.0
2025-03-29T13:45:00Z,147abc6a,8bab4dff,a6177608,0.0
2025-03-29T13:48:00Z,147abc6a,8bab4dff,a6177608,0.0
2025-03-29T13:51:00Z,147abc6a,8bab4dff,a6177608,0.0
2025-03-29T13:54:00Z,147abc6a,8bab4dff,a6177608,0.0
2025-03-29T13:57:00Z,147abc6a,8bab4dff,a6177608,0.0
2025-03-29T14:00:00Z,147abc6a,8bab4dff,a6177608,0.0
2025-03-29T14:03:00Z,147abc6a,8bab4dff,a6177608,0.0
2025-03-29T14:06:00Z,147abc6a,8bab4dff,a6177608,0.0
2025-03-29T14:09:00Z,147abc6a,8bab4dff,a6177608,0.0
2025-03-29T14:12:00Z,147abc6a,8bab4dff,a6177608,0.0
2025-03-29T14:15:00Z,147abc6a,8bab4dff,a6177608,0.0
2025-03-29T14:18:00Z,147abc6a,8bab4dff,a6177608,0.0
2025-03-29T14:21:00Z,147abc6a,8bab4dff,a6177608,0.0
2025-03-29T14:24:00Z,147abc6a,8bab4dff,a6177608,0.0
2025-03-29T14:27:00Z,147abc6a,8bab4dff,a6177608,0.0
2025-03-29T14:30:00Z,147abc6a,8bab4dff,a6177608,0.0
2025-03-29T14:33:00Z,147abc6a,8bab4dff,a6177608,0.0
2025-03-29T14:36:00Z,147abc6a,8bab4dff,a6177608,0.0
2025-03-29T14:39:00Z,147abc6a,8bab4dff,a6177608,0.0
2025-03-29T14:42:00Z,147abc6a,8bab4dff,a6177608,0.0
2025-03-29T14:45:00Z,147abc6a,8bab4dff,a6177608,0.0
2025-03-29T14:48:00Z,147abc6a,8bab4dff,a6177608,0.0
2025-03-29T14:51:00Z,147abc6a,8bab4dff,a6177608,0.0
2025-03-29T14:54:00Z,147abc6a,8bab4dff,a6177608,0.0
2025-03-29T14:57:00Z,147abc6a,8bab4dff,a6177608,0.0
2025-03-29T15:00:00Z,147abc6a,8bab4dff,a6177608,0.0
2025-03-29T15:03:00Z,147abc6a,8bab4dff,a6177608,0.0
2025-03-29T15:06:00Z,147abc6a,8bab4dff,a6177608,0.0
2025-03-29T15:09:00Z,147abc6a,8bab4dff,a6177608,0.0
2025-03-29T15:12:00Z,147abc6a,8bab4dff,a6177608,0.0
2025-03-29T15:15:00Z,147abc6a,8bab4dff,a6177608,0.0
2025-03-29T15:18:00Z,147abc6a,8bab4dff,a6177608,0.01
2025-03-29T15:21:00Z,147abc6a,8bab4dff,a6177608,0.0
2025-03-29T15:24:00Z,147abc6a,8bab4dff,a6177608,0.0
2025-03-29T15:27:00Z,147abc6a,8bab4dff,a6177608,0.0
2025-03-29T15:30:00Z,147abc6a,8bab4dff,a6177608,0.0
2025-03-29T15:33:00Z,147abc6a,8bab4dff,a6177608,0.0
2025-03-29T15:36:00Z,147abc6a,8bab4dff,a6177608,0.0
2025-03-29T15:39:00Z,147abc6a,8bab4dff,a6177608,0.0
2025-03-29T15:42:00Z,147abc6a,8bab4dff,a6177608,0.0
2025-03-29T15:45:00Z,147abc6a,8bab4dff,a6177608,0.0
2025-03-29T15:48:00Z,147abc6a,8bab4dff,a6177608,0.0
2025-03-29T15:51:00Z,147abc6a,8bab4dff,a6177608,0.0
2025-03-29T15:54:00Z,147abc6a,8bab4dff,a6177608,0.0
2025-03-29T15:57:00Z,147abc6a,8bab4dff,a6177608,0.0
2025-03-29T16:00:00Z,147abc6a,8bab4dff,a6177608,0.0
2025-03-29T16:03:00Z,147abc6a,8bab4dff,a6177608,0.0
2025-03-29T16:06:00Z,147abc6a,8bab4dff,a6177608,0.0
2025-03-29T16:09:00Z,147abc6a,8bab4dff,a6177608,0.0
2025-03-29T16:12:00Z,147abc6a,8bab4dff,a6177608,0.0
2025-03-29T16:15:00Z,147abc6a,8bab4dff,a6177608,0.0
2025-03-29T16:18:00Z,147abc6a,8bab4dff,a6177608,0.0
2025-03-29T16:21:00Z,147abc6a,8bab4dff,a6177608,0.0
2025-03-29T16:24:00Z,147abc6a,8bab4dff,a6177608,0.0
2025-03-29T16:27:00Z,147abc6a,8bab4dff,a6177608,0.0
2025-03-29T16:30:00Z,147abc6a,8bab4dff,a6177608,0.0
2025-03-29T16:33:00Z,147abc6a,8bab4dff,a6177608,0.0
2025-03-29T16:36:00Z,147abc6a,8bab4dff,a6177608,0.0
2025-03-29T16:39:00Z,147abc6a,8bab4dff,a6177608,0.0
2025-03-29T16:42:00Z,147abc6a,8bab4dff,a6177608,0.0
2025-03-29T16:45:00Z,147abc6a,8bab4dff,a6177608,0.0
2025-03-29T16:48:00Z,147abc6a,8bab4dff,a6177608,0.0
2025-03-29T16:51:00Z,147abc6a,8bab4dff,a6177608,0.0
2025-03-29T16:54:00Z,147abc6a,8bab4dff,a6177608,0.0
2025-03-29T16:57:00Z,147abc6a,8bab4dff,a6177608,0.01
2025-03-29T17:00:00Z,147abc6a,8bab4dff,a6177608,0.0
2025-03-29T17:03:00Z,147abc6a,8bab4dff,a6177608,0.0
2025-03-29T17:06:00Z,147abc6a,8bab4dff,a6177608,0.0
2025-03-29T17:09:00Z,147abc6a,8bab4dff,a6177608,0.0
2025-03-29T17:12:00Z,147abc6a,8bab4dff,a6177608,0.0
2025-03-29T17:15:00Z,147abc6a,8bab4dff,a6177608,0.0
2025-03-29T17:18:00Z,147abc6a,8bab4dff,a6177608,0.0
2025-03-29T17:21:00Z,147abc6a,8bab4dff,a6177608,0.0
2025-03-29T17:24:00Z,147abc6a,8bab4dff,a6177608,0.0
2025-03-29T17:27:00Z,147abc6a,8bab4dff,a6177608,0.0
2025-03-29T17:30:00Z,147abc6a,8bab4dff,a6177608,0.0
2025-03-29T17:33:00Z,147abc6a,8bab4dff,a6177608,0.0
2025-03-29T17:36:00Z,147abc6a,8bab4dff,a6177608,0.0
2025-03-29T17:39:00Z,147abc6a,8bab4dff,a6177608,0.0
2025-03-29T17:42:00Z,147abc6a,8bab4dff,a6177608,0.0
2025-03-29T17:45:00Z,147abc6a,8bab4dff,a6177608,0.0
2025-03-29T17:48:00Z,147abc6a,8bab4dff,a6177608,0.0
2025-03-29T17:51:00Z,147abc6a,8bab4dff,a6177608,0.0
2025-03-29T17:54:00Z,147abc6a,8bab4dff,a6177608,0.0
2025-03-29T17:57:00Z,147abc6a,8bab4dff,a6177608,0.0
2025-03-29T18:00:00Z,147abc6a,8bab4dff,a6177608,0.0
2025-03-29T18:03:00Z,147abc6a,8bab4dff,a6177608,0.0
2025-03-29T18:06:00Z,147abc6a,8bab4dff,a6177608,0.0
2025-03-29T18:09:00Z,147abc6a,8bab4dff,a6177608,0.0
2025-03-29T18:12:00Z,147abc6a,8bab4dff,a6177608,0.0
2025-03-29T18:15:00Z,147abc6a,8bab4dff,a6177608,0.0
2025-03-29T18:18:00Z,147abc6a,8bab4dff,a6177608,0.0
2025-03-29T18:21:00Z,147abc6a,8bab4dff,a6177608,0.0
2025-03-29T18:24:00Z,147abc6a,8bab4dff,a6177608,0.0
2025-03-29T18:27:00Z,147abc6a,8bab4dff,a6177608,0.0
2025-03-29T18:30:00Z,147abc6a,8bab4dff,a6177608,0.0
2025-03-29T18:33:00Z,147abc6a,8bab4dff,a6177608,0.0
2025-03-29T18:36:00Z,147abc6a,8bab4dff,a6177608,0.0
2025-03-29T18:39:00Z,147abc6a,8bab4dff,a6177608,0.0
2025-03-29T18:42:00Z,147abc6a,8bab4dff,a6177608,0.0
2025-03-29T18:45:00Z,147abc6a,8bab4dff,a6177608,0.0
2025-03-29T18:48:00Z,147abc6a,8bab4dff,a6177608,0.0
2025-03-29T18:51:00Z,147abc6a,8bab4dff,a6177608,0.0
2025-03-29T18:54:00Z,147abc6a,8bab4dff,a6177608,0.0
2025-03-29T18:57:00Z,147abc6a,8bab4dff,a6177608,0.0
2025-03-29T19:00:00Z,147abc6a,8bab4dff,a6177608,0.0
2025-03-29T19:03:00Z,147abc6a,8bab4dff,a6177608,0.0
2025-03-29T19:06:00Z,147abc6a,8bab4dff,a6177608,0.0
2025-03-29T19:09:00Z,147abc6a,8bab4dff,a6177608,0.0
2025-03-29T19:12:00Z,147abc6a,8bab4dff,a6177608,0.0
2025-03-29T19:15:00Z,147abc6a,8bab4dff,a6177608,0.0
2025-03-29T19:18:00Z,147abc6a,8bab4dff,a6177608,0.0
2025-03-29T19:21:00Z,147abc6a,8bab4dff,a6177608,0.0
2025-03-29T19:24:00Z,147abc6a,8bab4dff,a6177608,0.0
2025-03-29T19:27:00Z,147abc6a,8bab4dff,a6177608,0.0
2025-03-29T19:30:00Z,147abc6a,8bab4dff,a6177608,0.0
2025-03-29T19:33:00Z,147abc6a,8bab4dff,a6177608,0.0
2025-03-29T19:36:00Z,147abc6a,8bab4dff,a6177608,0.0
2025-03-29T19:39:00Z,147abc6a,8bab4dff,a6177608,0.0
2025-03-29T19:42:00Z,147abc6a,8bab4dff,a6177608,0.0
2025-03-29T19:45:00Z,147abc6a,8bab4dff,a6177608,0.0
2025-03-29T19:48:00Z,147abc6a,8bab4dff,a6177608,0.0
2025-03-29T19:51:00Z,147abc6a,8bab4dff,a6177608,0.0
2025-03-29T19:54:00Z,147abc6a,8bab4dff,a6177608,0.0
2025-03-29T19:57:00Z,147abc6a,8bab4dff,a6177608,0.0
2025-03-29T20:00:00Z,147abc6a,8bab4dff,a6177608,0.0
2025-03-29T20:03:00Z,147abc6a,8bab4dff,a6177608,0.0
2025-03-29T20:06:00Z,147abc6a,8bab4dff,a6177608,0.0
2025-03-29T20:09:00Z,147abc6a,8bab4dff,a6177608,0.0
2025-03-29T20:12:00Z,147abc6a,8bab4dff,a6177608,0.0
2025-03-29T20:15:00Z,147abc6a,8bab4dff,a6177608,0.0
2025-03-29T20:18:00Z,147abc6a,8bab4dff,a6177608,0.0
2025-03-29T20:21:00Z,147abc6a,8bab4dff,a6177608,0.0
2025-03-29T20:24:00Z,147abc6a,8bab4dff,a6177608,0.0
2025-03-29T20:27:00Z,147abc6a,8bab4dff,a6177608,0.0
2025-03-29T20:30:00Z,147abc6a,8bab4dff,a6177608,0.0
2025-03-29T20:33:00Z,147abc6a,8bab4dff,a6177608,0.0
2025-03-29T20:36:00Z,147abc6a,8bab4dff,a6177608,0.0
2025-03-29T20:39:00Z,147abc6a,8bab4dff,a6177608,0.0
2025-03-29T20:42:00Z,147abc6a,8bab4dff,a6177608,0.0
2025-03-29T20:45:00Z,147abc6a,8bab4dff,a6177608,0.0
2025-03-29T20:48:00Z,147abc6a,8bab4dff,a6177608,0.0
2025-03-29T20:51:00Z,147abc6a,8bab4dff,a6177608,0.0
2025-03-29T20:54:00Z,147abc6a,8bab4dff,a6177608,0.0
2025-03-29T20:57:00Z,147abc6a,8bab4dff,a6177608,0.0
2025-03-29T21:00:00Z,147abc6a,8bab4dff,a6177608,0.0
2025-03-29T21:03:00Z,147abc6a,8bab4dff,a6177608,0.0
2025-03-29T21:06:00Z,147abc6a,8bab4dff,a6177608,0.0
2025-03-29T21:09:00Z,147abc6a,8bab4dff,a6177608,0.0
2025-03-29T21:12:00Z,147abc6a,8bab4dff,a6177608,0.0
2025-03-29T21:15:00Z,147abc6a,8bab4dff,a6177608,0.0
2025-03-29T21:18:00Z,147abc6a,8bab4dff,a6177608,0.0
2025-03-29T21:21:00Z,147abc6a,8bab4dff,a6177608,0.0
2025-03-29T21:24:00Z,147abc6a,8bab4dff,a6177608,0.0
2025-03-29T21:27:00Z,147abc6a,8bab4dff,a6177608,0.0
2025-03-29T21:30:00Z,147abc6a,8bab4dff,a6177608,0.0
2025-03-29T21:33:00Z,147abc6a,8bab4dff,a6177608,0.0
2025-03-29T21:36:00Z,147abc6a,8bab4dff,a6177608,0.0
2025-03-29T21:39:00Z,147abc6a,8bab4dff,a6177608,0.0
2025-03-29T21:42:00Z,147abc6a,8bab4dff,a6177608,0.0
2025-03-29T21:45:00Z,147abc6a,8bab4dff,a6177608,0.0
2025-03-29T21:48:00Z,147abc6a,8bab4dff,a6177608,0.0
2025-03-29T21:51:00Z,147abc6a,8bab4dff,a6177608,0.0
2025-03-29T21:54:00Z,147abc6a,8bab4dff,a6177608,0.0
2025-03-29T21:57:00Z,147abc6a,8bab4dff,a6177608,0.0
2025-03-29T22:00:00Z,147abc6a,8bab4dff,a6177608,0.0
2025-03-29T22:03:00Z,147abc6a,8bab4dff,a6177608,0.0
2025-03-29T22:06:00Z,147abc6a,8bab4dff,a6177608,0.0
2025-03-29T22:09:00Z,147abc6a,8bab4dff,a6177608,0.0
2025-03-29T22:12:00Z,147abc6a,8bab4dff,a6177608,0.0
2025-03-29T22:15:00Z,147abc6a,8bab4dff,a6177608,0.0
2025-03-29T22:18:00Z,147abc6a,8bab4dff,a6177608,0.0
2025-03-29T22:21:00Z,147abc6a,8bab4dff,a6177608,0.0
2025-03-29T22:24:00Z,147abc6a,8bab4dff,a6177608,0.0
2025-03-29T22:27:00Z,147abc6a,8bab4dff,a6177608,0.0
2025-03-29T22:30:00Z,147abc6a,8bab4dff,a6177608,0.0
2025-03-29T22:33:00Z,147abc6a,8bab4dff,a6177608,0.0
2025-03-29T22:36:00Z,147abc6a,8bab4dff,a6177608,0.0
2025-03-29T22:39:00Z,147abc6a,8bab4dff,a6177608,0.0
2025-03-29T22:42:00Z,147abc6a,8bab4dff,a6177608,0.0
2025-03-29T22:45:00Z,147abc6a,8bab4dff,a6177608,0.0
2025-03-29T22:48:00Z,147abc6a,8bab4dff,a6177608,0.0
2025-03-29T22:51:00Z,147abc6a,8bab4dff,a6177608,0.01
2025-03-29T22:54:00Z,147abc6a,8bab4dff,a6177608,0.0
2025-03-29T22:57:00Z,147abc6a,8bab4dff,a6177608,0.0
2025-03-29T23:00:00Z,147abc6a,8bab4dff,a6177608,0.0
2025-03-29T23:03:00Z,147abc6a,8bab4dff,a6177608,0.0
2025-03-29T23:06:00Z,147abc6a,8bab4dff,a6177608,0.0
2025-03-29T23:09:00Z,147abc6a,8bab4dff,a6177608,0.0
2025-03-29T23:12:00Z,147abc6a,8bab4dff,a6177608,0.0
2025-03-29T23:15:00Z,147abc6a,8bab4dff,a6177608,0.0
2025-03-29T23:18:00Z,147abc6a,8bab4dff,a6177608,0.0
2025-03-29T23:21:00Z,147abc6a,8bab4dff,a6177608,0.0
2025-03-29T23:24:00Z,147abc6a,8bab4dff,a6177608,0.0
2025-03-29T23:27:00Z,147abc6a,8bab4dff,a6177608,0.0
2025-03-29T23:30:00Z,147abc6a,8bab4dff,a6177608,0.0
2025-03-29T23:33:00Z,147abc6a,8bab4dff,a6177608,0.01
2025-03-29T23:36:00Z,147abc6a,8bab4dff,a6177608,0.0
2025-03-29T23:39:00Z,147abc6a,8bab4dff,a6177608,0.0
2025-03-29T23:42:00Z,147abc6a,8bab4dff,a6177608,0.0
2025-03-29T23:45:00Z,147abc6a,8bab4dff,a6177608,0.0
2025-03-29T23:48:00Z,147abc6a,8bab4dff,a6177608,0.0
2025-03-29T23:51:00Z,147abc6a,8bab4dff,a6177608,0.0
2025-03-29T23:54:00Z,147abc6a,8bab4dff,a6177608,0.0
2025-03-29T23:57:00Z,147abc6a,8bab4dff,a6177608,0.0
2025-03-30T00:00:00Z,147abc6a,8bab4dff,a6177608,0.0
2025-03-30T00:03:00Z,147abc6a,8bab4dff,a6177608,0.0
2025-03-30T00:06:00Z,147abc6a,8bab4dff,a6177608,0.0
2025-03-30T00:09:00Z,147abc6a,8bab4dff,a6177608,0.0
2025-03-30T00:12:00Z,147abc6a,8bab4dff,a6177608,0.0
2025-03-30T00:15:00Z,147abc6a,8bab4dff,a6177608,0.0
2025-03-30T00:18:00Z,147abc6a,8bab4dff,a6177608,0.0
2025-03-30T00:21:00Z,147abc6a,8bab4dff,a6177608,0.0
2025-03-30T00:24:00Z,147abc6a,8bab4dff,a6177608,0.0
2025-03-30T00:27:00Z,147abc6a,8bab4dff,a6177608,0.0
2025-03-30T00:30:00Z,147abc6a,8bab4dff,a6177608,0.0
2025-03-30T00:33:00Z,147abc6a,8bab4dff,a6177608,0.0
2025-03-30T00:36:00Z,147abc6a,8bab4dff,a6177608,0.0
2025-03-30T00:39:00Z,147abc6a,8bab4dff,a6177608,0.0
2025-03-30T00:42:00Z,147abc6a,8bab4dff,a6177608,0.0
2025-03-30T00:45:00Z,147abc6a,8bab4dff,a6177608,0.0
2025-03-30T00:48:00Z,147abc6a,8bab4dff,a6177608,0.0
2025-03-30T00:51:00Z,147abc6a,8bab4dff,a6177608,0.0
2025-03-30T00:54:00Z,147abc6a,8bab4dff,a6177608,0.0
2025-03-30T00:57:00Z,147abc6a,8bab4dff,a6177608,0.0
2025-03-30T01:00:00Z,147abc6a,8bab4dff,a6177608,0.0
2025-03-30T01:03:00Z,147abc6a,8bab4dff,a6177608,0.0
2025-03-30T01:06:00Z,147abc6a,8bab4dff,a6177608,0.0
2025-03-30T01:09:00Z,147abc6a,8bab4dff,a6177608,0.0
2025-03-30T01:12:00Z,147abc6a,8bab4dff,a6177608,0.0
2025-03-30T01:15:00Z,147abc6a,8bab4dff,a6177608,0.0
2025-03-30T01:18:00Z,147abc6a,8bab4dff,a6177608,0.0
2025-03-30T01:21:00Z,147abc6a,8bab4dff,a6177608,0.0
2025-03-30T01:24:00Z,147abc6a,8bab4dff,a6177608,0.0
2025-03-30T01:27:00Z,147abc6a,8bab4dff,a6177608,0.0
2025-03-30T01:30:00Z,147abc6a,8bab4dff,a6177608,0.0
2025-03-30T01:33:00Z,147abc6a,8bab4dff,a6177608,0.0
2025-03-30T01:36:00Z,147abc6a,8bab4dff,a6177608,0.0
2025-03-30T01:39:00Z,147abc6a,8bab4dff,a6177608,0.0
2025-03-30T01:42:00Z,147abc6a,8bab4dff,a6177608,0.0
2025-03-30T01:45:00Z,147abc6a,8bab4dff,a6177608,0.0
2025-03-30T01:48:00Z,147abc6a,8bab4dff,a6177608,0.0
2025-03-30T01:51:00Z,147abc6a,8bab4dff,a6177608,0.0
2025-03-30T01:54:00Z,147abc6a,8bab4dff,a6177608,0.0
2025-03-30T01:57:00Z,147abc6a,8bab4dff,a6177608,0.0
2025-03-30T02:00:00Z,147abc6a,8bab4dff,a6177608,0.0
2025-03-30T02:03:00Z,147abc6a,8bab4dff,a6177608,0.0
2025-03-30T02:06:00Z,147abc6a,8bab4dff,a6177608,0.0
2025-03-30T02:09:00Z,147abc6a,8bab4dff,a6177608,0.0
2025-03-30T02:12:00Z,147abc6a,8bab4dff,a6177608,0.0
2025-03-30T02:15:00Z,147abc6a,8bab4dff,a6177608,0.0
2025-03-30T02:18:00Z,147abc6a,8bab4dff,a6177608,0.0
2025-03-30T02:21:00Z,147abc6a,8bab4dff,a6177608,0.0
2025-03-30T02:24:00Z,147abc6a,8bab4dff,a6177608,0.0
2025-03-30T02:27:00Z,147abc6a,8bab4dff,a6177608,0.0
2025-03-30T02:30:00Z,147abc6a,8bab4dff,a6177608,0.0
2025-03-30T02:33:00Z,147abc6a,8bab4dff,a6177608,0.0
2025-03-30T02:36:00Z,147abc6a,8bab4dff,a6177608,0.0
2025-03-30T02:39:00Z,147abc6a,8bab4dff,a6177608,0.0
2025-03-30T02:42:00Z,147abc6a,8bab4dff,a6177608,0.0
2025-03-30T02:45:00Z,147abc6a,8bab4dff,a6177608,0.0
2025-03-30T02:48:00Z,147abc6a,8bab4dff,a6177608,0.0
2025-03-30T02:51:00Z,147abc6a,8bab4dff,a6177608,0.0
2025-03-30T02:54:00Z,147abc6a,8bab4dff,a6177608,0.0
2025-03-30T02:57:00Z,147abc6a,8bab4dff,a6177608,0.0
2025-03-30T03:00:00Z,147abc6a,8bab4dff,a6177608,0.0
2025-03-30T03:03:00Z,147abc6a,8bab4dff,a6177608,0.0
2025-03-30T03:06:00Z,147abc6a,8bab4dff,a6177608,0.0
2025-03-30T03:09:00Z,147abc6a,8bab4dff,a6177608,0.0
2025-03-30T03:12:00Z,147abc6a,8bab4dff,a6177608,0.0
2025-03-30T03:15:00Z,147abc6a,8bab4dff,a6177608,0.0
2025-03-30T03:18:00Z,147abc6a,8bab4dff,a6177608,0.0
2025-03-30T03:21:00Z,147abc6a,8bab4dff,a6177608,0.0
2025-03-30T03:24:00Z,147abc6a,8bab4dff,a6177608,0.0
2025-03-30T03:27:00Z,147abc6a,8bab4dff,a6177608,0.0
2025-03-30T03:30:00Z,147abc6a,8bab4dff,a6177608,0.0
2025-03-30T03:33:00Z,147abc6a,8bab4dff,a6177608,0.0
2025-03-30T03:36:00Z,147abc6a,8bab4dff,a6177608,0.0
2025-03-30T03:39:00Z,147abc6a,8bab4dff,a6177608,0.0
2025-03-30T03:42:00Z,147abc6a,8bab4dff,a6177608,0.0
2025-03-30T03:45:00Z,147abc6a,8bab4dff,a6177608,0.0
2025-03-30T03:48:00Z,147abc6a,8bab4dff,a6177608,0.0
2025-03-30T03:51:00Z,147abc6a,8bab4dff,a6177608,0.0
2025-03-30T03:54:00Z,147abc6a,8bab4dff,a6177608,0.0
2025-03-30T03:57:00Z,147abc6a,8bab4dff,a6177608,0.0
2025-03-30T04:00:00Z,147abc6a,8bab4dff,a6177608,0.0
2025-03-30T04:03:00Z,147abc6a,8bab4dff,a6177608,0.0
2025-03-30T04:06:00Z,147abc6a,8bab4dff,a6177608,0.0
2025-03-30T04:09:00Z,147abc6a,8bab4dff,a6177608,0.0
2025-03-30T04:12:00Z,147abc6a,8bab4dff,a6177608,0.0
2025-03-30T04:15:00Z,147abc6a,8bab4dff,a6177608,0.0
2025-03-30T04:18:00Z,147abc6a,8bab4dff,a6177608,0.0
2025-03-30T04:21:00Z,147abc6a,8bab4dff,a6177608,0.0
2025-03-30T04:24:00Z,147abc6a,8bab4dff,a6177608,0.0
2025-03-30T04:27:00Z,147abc6a,8bab4dff,a6177608,0.0
2025-03-30T04:30:00Z,147abc6a,8bab4dff,a6177608,0.0
2025-03-30T04:33:00Z,147abc6a,8bab4dff,a6177608,0.0
2025-03-30T04:36:00Z,147abc6a,8bab4dff,a6177608,0.0
2025-03-30T04:39:00Z,147abc6a,8bab4dff,a6177608,0.0
2025-03-30T04:42:00Z,147abc6a,8bab4dff,a6177608,0.0
2025-03-30T04:45:00Z,147abc6a,8bab4dff,a6177608,0.0
2025-03-30T04:48:00Z,147abc6a,8bab4dff,a6177608,0.0
2025-03-30T04:51:00Z,147abc6a,8bab4dff,a6177608,0.0
2025-03-30T04:54:00Z,147abc6a,8bab4dff,a6177608,0.0
2025-03-30T04:57:00Z,147abc6a,8bab4dff,a6177608,0.0
2025-03-30T05:00:00Z,147abc6a,8bab4dff,a6177608,0.0
2025-03-30T05:03:00Z,147abc6a,8bab4dff,a6177608,0.0
2025-03-30T05:06:00Z,147abc6a,8bab4dff,a6177608,0.0
2025-03-30T05:09:00Z,147abc6a,8bab4dff,a6177608,0.0
2025-03-30T05:12:00Z,147abc6a,8bab4dff,a6177608,0.0
2025-03-30T05:15:00Z,147abc6a,8bab4dff,a6177608,0.0
2025-03-30T05:18:00Z,147abc6a,8bab4dff,a6177608,0.0
2025-03-30T05:21:00Z,147abc6a,8bab4dff,a6177608,0.0
2025-03-30T05:24:00Z,147abc6a,8bab4dff,a6177608,0.0
2025-03-30T05:27:00Z,147abc6a,8bab4dff,a6177608,0.0
2025-03-30T05:30:00Z,147abc6a,8bab4dff,a6177608,0.0
2025-03-30T05:33:00Z,147abc6a,8bab4dff,a6177608,0.0
2025-03-30T05:36:00Z,147abc6a,8bab4dff,a6177608,0.0
2025-03-30T05:39:00Z,147abc6a,8bab4dff,a6177608,0.0
2025-03-30T05:42:00Z,147abc6a,8bab4dff,a6177608,0.0
2025-03-30T05:45:00Z,147abc6a,8bab4dff,a6177608,0.0
2025-03-30T05:48:00Z,147abc6a,8bab4dff,a6177608,0.0
2025-03-30T05:51:00Z,147abc6a,8bab4dff,a6177608,0.0
2025-03-30T05:54:00Z,147abc6a,8bab4dff,a6177608,0.0
2025-03-30T05:57:00Z,147abc6a,8bab4dff,a6177608,0.0
2025-03-30T06:00:00Z,147abc6a,8bab4dff,a6177608,0.0
2025-03-30T06:03:00Z,147abc6a,8bab4dff,a6177608,0.0
2025-03-30T06:06:00Z,147abc6a,8bab4dff,a6177608,0.0
2025-03-30T06:09:00Z,147abc6a,8bab4dff,a6177608,0.0
2025-03-30T06:12:00Z,147abc6a,8bab4dff,a6177608,0.0
2025-03-30T06:15:00Z,147abc6a,8bab4dff,a6177608,0.0
2025-03-30T06:18:00Z,147abc6a,8bab4dff,a6177608,0.0
2025-03-30T06:21:00Z,147abc6a,8bab4dff,a6177608,0.0
2025-03-30T06:24:00Z,147abc6a,8bab4dff,a6177608,0.0
2025-03-30T06:27:00Z,147abc6a,8bab4dff,a6177608,0.0
2025-03-30T06:30:00Z,147abc6a,8bab4dff,a6177608,0.02
2025-03-30T06:33:00Z,147abc6a,8bab4dff,a6177608,0.0
2025-03-30T06:36:00Z,147abc6a,8bab4dff,a6177608,0.0
2025-03-30T06:39:00Z,147abc6a,8bab4dff,a6177608,0.0
2025-03-30T06:42:00Z,147abc6a,8bab4dff,a6177608,0.0
2025-03-30T06:45:00Z,147abc6a,8bab4dff,a6177608,0.0
2025-03-30T06:48:00Z,147abc6a,8bab4dff,a6177608,0.0
2025-03-30T06:51:00Z,147abc6a,8bab4dff,a6177608,0.0
2025-03-30T06:54:00Z,147abc6a,8bab4dff,a6177608,0.0
2025-03-30T06:57:00Z,147abc6a,8bab4dff,a6177608,0.0
2025-03-30T07:00:00Z,147abc6a,8bab4dff,a6177608,0.0
2025-03-30T07:03:00Z,147abc6a,8bab4dff,a6177608,0.0
2025-03-30T07:06:00Z,147abc6a,8bab4dff,a6177608,0.0
2025-03-30T07:09:00Z,147abc6a,8bab4dff,a6177608,0.0
2025-03-30T07:12:00Z,147abc6a,8bab4dff,a6177608,0.0
2025-03-30T07:15:00Z,147abc6a,8bab4dff,a6177608,0.0
2025-03-30T07:18:00Z,147abc6a,8bab4dff,a6177608,0.0
2025-03-30T07:21:00Z,147abc6a,8bab4dff,a6177608,0.0
2025-03-30T07:24:00Z,147abc6a,8bab4dff,a6177608,0.0
2025-03-30T07:27:00Z,147abc6a,8bab4dff,a6177608,0.0
2025-03-30T07:30:00Z,147abc6a,8bab4dff,a6177608,0.0
2025-03-30T07:33:00Z,147abc6a,8bab4dff,a6177608,0.0
2025-03-30T07:36:00Z,147abc6a,8bab4dff,a6177608,0.0
2025-03-30T07:39:00Z,147abc6a,8bab4dff,a6177608,0.0
2025-03-30T07:42:00Z,147abc6a,8bab4dff,a6177608,0.0
2025-03-30T07:45:00Z,147abc6a,8bab4dff,a6177608,0.0
2025-03-30T07:48:00Z,147abc6a,8bab4dff,a6177608,0.0
2025-03-30T07:51:00Z,147abc6a,8bab4dff,a6177608,0.0
2025-03-30T07:54:00Z,147abc6a,8bab4dff,a6177608,0.0
2025-03-30T07:57:00Z,147abc6a,8bab4dff,a6177608,0.0
2025-03-30T08:00:00Z,147abc6a,8bab4dff,a6177608,0.0
2025-03-30T08:03:00Z,147abc6a,8bab4dff,a6177608,0.0
2025-03-30T08:06:00Z,147abc6a,8bab4dff,a6177608,0.0
2025-03-30T08:09:00Z,147abc6a,8bab4dff,a6177608,0.0
2025-03-30T08:12:00Z,147abc6a,8bab4dff,a6177608,0.0
2025-03-30T08:15:00Z,147abc6a,8bab4dff,a6177608,0.0
2025-03-30T08:18:00Z,147abc6a,8bab4dff,a6177608,0.0
2025-03-30T08:21:00Z,147abc6a,8bab4dff,a6177608,0.0
2025-03-30T08:24:00Z,147abc6a,8bab4dff,a6177608,0.0
2025-03-30T08:27:00Z,147abc6a,8bab4dff,a6177608,0.0
2025-03-30T08:30:00Z,147abc6a,8bab4dff,a6177608,0.0
2025-03-30T08:33:00Z,147abc6a,8bab4dff,a6177608,0.0
2025-03-30T08:36:00Z,147abc6a,8bab4dff,a6177608,0.0
2025-03-30T08:39:00Z,147abc6a,8bab4dff,a6177608,0.0
2025-03-30T08:42:00Z,147abc6a,8bab4dff,a6177608,0.0
2025-03-30T08:45:00Z,147abc6a,8bab4dff,a6177608,0.0
2025-03-30T08:48:00Z,147abc6a,8bab4dff,a6177608,0.0
2025-03-30T08:51:00Z,147abc6a,8bab4dff,a6177608,0.0
2025-03-30T08:54:00Z,147abc6a,8bab4dff,a6177608,0.0
2025-03-30T08:57:00Z,147abc6a,8bab4dff,a6177608,0.0
2025-03-30T09:00:00Z,147abc6a,8bab4dff,a6177608,0.0
2025-03-30T09:03:00Z,147abc6a,8bab4dff,a6177608,0.0
2025-03-30T09:06:00Z,147abc6a,8bab4dff,a6177608,0.0
2025-03-30T09:09:00Z,147abc6a,8bab4dff,a6177608,0.0
2025-03-30T09:12:00Z,147abc6a,8bab4dff,a6177608,0.0
2025-03-30T09:15:00Z,147abc6a,8bab4dff,a6177608,0.0
2025-03-30T09:18:00Z,147abc6a,8bab4dff,a6177608,0.0
2025-03-30T09:21:00Z,147abc6a,8bab4dff,a6177608,0.0
2025-03-30T09:24:00Z,147abc6a,8bab4dff,a6177608,0.0
2025-03-30T09:27:00Z,147abc6a,8bab4dff,a6177608,0.0
2025-03-30T09:30:00Z,147abc6a,8bab4dff,a6177608,0.0
2025-03-30T09:33:00Z,147abc6a,8bab4dff,a6177608,0.0
2025-03-30T09:36:00Z,147abc6a,8bab4dff,a6177608,0.0
2025-03-30T09:39:00Z,147abc6a,8bab4dff,a6177608,0.0
2025-03-30T09:42:00Z,147abc6a,8bab4dff,a6177608,0.0
2025-03-30T09:45:00Z,147abc6a,8bab4dff,a6177608,0.0
2025-03-30T09:48:00Z,147abc6a,8bab4dff,a6177608,0.0
2025-03-30T09:51:00Z,147abc6a,8bab4dff,a6177608,0.0
2025-03-30T09:54:00Z,147abc6a,8bab4dff,a6177608,0.0
2025-03-30T09:57:00Z,147abc6a,8bab4dff,a6177608,0.0
2025-03-30T10:00:00Z,147abc6a,8bab4dff,a6177608,0.0
2025-03-30T10:03:00Z,147abc6a,8bab4dff,a6177608,0.0
2025-03-30T10:06:00Z,147abc6a,8bab4dff,a6177608,0.0
2025-03-30T10:09:00Z,147abc6a,8bab4dff,a6177608,0.0
2025-03-30T10:12:00Z,147abc6a,8bab4dff,a6177608,0.0
2025-03-30T10:15:00Z,147abc6a,8bab4dff,a6177608,0.0
2025-03-30T10:18:00Z,147abc6a,8bab4dff,a6177608,0.0
2025-03-30T10:21:00Z,147abc6a,8bab4dff,a6177608,0.0
2025-03-30T10:24:00Z,147abc6a,8bab4dff,a6177608,0.0
2025-03-30T10:27:00Z,147abc6a,8bab4dff,a6177608,0.0
2025-03-30T10:30:00Z,147abc6a,8bab4dff,a6177608,0.0
2025-03-30T10:33:00Z,147abc6a,8bab4dff,a6177608,0.0
2025-03-30T10:36:00Z,147abc6a,8bab4dff,a6177608,0.0
2025-03-30T10:39:00Z,147abc6a,8bab4dff,a6177608,0.0
2025-03-30T10:42:00Z,147abc6a,8bab4dff,a6177608,0.0
2025-03-30T10:45:00Z,147abc6a,8bab4dff,a6177608,0.0
2025-03-30T10:48:00Z,147abc6a,8bab4dff,a6177608,0.0
2025-03-30T10:51:00Z,147abc6a,8bab4dff,a6177608,0.0
2025-03-30T10:54:00Z,147abc6a,8bab4dff,a6177608,0.0
2025-03-30T10:57:00Z,147abc6a,8bab4dff,a6177608,0.0
2025-03-30T11:00:00Z,147abc6a,8bab4dff,a6177608,0.0
2025-03-30T11:03:00Z,147abc6a,8bab4dff,a6177608,0.0
2025-03-30T11:06:00Z,147abc6a,8bab4dff,a6177608,0.0
2025-03-30T11:09:00Z,147abc6a,8bab4dff,a6177608,0.0
2025-03-30T11:12:00Z,147abc6a,8bab4dff,a6177608,0.0
2025-03-30T11:15:00Z,147abc6a,8bab4dff,a6177608,0.0
2025-03-30T11:18:00Z,147abc6a,8bab4dff,a6177608,0.0
2025-03-30T11:21:00Z,147abc6a,8bab4dff,a6177608,0.0
2025-03-30T11:24:00Z,147abc6a,8bab4dff,a6177608,0.0
2025-03-30T11:27:00Z,147abc6a,8bab4dff,a6177608,0.0
2025-03-30T11:30:00Z,147abc6a,8bab4dff,a6177608,0.0
2025-03-30T11:33:00Z,147abc6a,8bab4dff,a6177608,0.0
2025-03-30T11:36:00Z,147abc6a,8bab4dff,a6177608,0.0
2025-03-30T11:39:00Z,147abc6a,8bab4dff,a6177608,0.0
2025-03-30T11:42:00Z,147abc6a,8bab4dff,a6177608,0.0
2025-03-30T11:45:00Z,147abc6a,8bab4dff,a6177608,0.0
2025-03-30T11:48:00Z,147abc6a,8bab4dff,a6177608,0.0
2025-03-30T11:51:00Z,147abc6a,8bab4dff,a6177608,0.0
2025-03-30T11:54:00Z,147abc6a,8bab4dff,a6177608,0.0
2025-03-30T11:57:00Z,147abc6a,8bab4dff,a6177608,0.0
2025-03-30T12:00:00Z,147abc6a,8bab4dff,a6177608,0.0
2025-03-30T12:03:00Z,147abc6a,8bab4dff,a6177608,0.0
2025-03-30T12:06:00Z,147abc6a,8bab4dff,a6177608,0.0
2025-03-30T12:09:00Z,147abc6a,8bab4dff,a6177608,0.0
2025-03-30T12:12:00Z,147abc6a,8bab4dff,a6177608,0.0
2025-03-30T12:15:00Z,147abc6a,8bab4dff,a6177608,0.0
2025-03-30T12:18:00Z,147abc6a,8bab4dff,a6177608,0.0
2025-03-30T12:21:00Z,147abc6a,8bab4dff,a6177608,0.0
2025-03-30T12:24:00Z,147abc6a,8bab4dff,a6177608,0.0
2025-03-30T12:27:00Z,147abc6a,8bab4dff,a6177608,0.0
2025-03-30T12:30:00Z,147abc6a,8bab4dff,a6177608,0.0
2025-03-30T12:33:00Z,147abc6a,8bab4dff,a6177608,0.0
2025-03-30T12:36:00Z,147abc6a,8bab4dff,a6177608,0.0
2025-03-30T12:39:00Z,147abc6a,8bab4dff,a6177608,0.07
2025-03-30T12:42:00Z,147abc6a,8bab4dff,a6177608,0.0
2025-03-30T12:45:00Z,147abc6a,8bab4dff,a6177608,0.0
2025-03-30T12:48:00Z,147abc6a,8bab4dff,a6177608,0.0
2025-03-30T12:51:00Z,147abc6a,8bab4dff,a6177608,0.0
2025-03-30T12:54:00Z,147abc6a,8bab4dff,a6177608,0.0
2025-03-30T12:57:00Z,147abc6a,8bab4dff,a6177608,0.0
2025-03-30T13:00:00Z,147abc6a,8bab4dff,a6177608,0.0
2025-03-30T13:03:00Z,147abc6a,8bab4dff,a6177608,0.0
2025-03-30T13:06:00Z,147abc6a,8bab4dff,a6177608,0.0
2025-03-30T13:09:00Z,147abc6a,8bab4dff,a6177608,0.0
2025-03-30T13:12:00Z,147abc6a,8bab4dff,a6177608,0.0
2025-03-30T13:15:00Z,147abc6a,8bab4dff,a6177608,0.0
2025-03-30T13:18:00Z,147abc6a,8bab4dff,a6177608,0.0
2025-03-30T13:21:00Z,147abc6a,8bab4dff,a6177608,0.0
2025-03-30T13:24:00Z,147abc6a,8bab4dff,a6177608,0.0
2025-03-30T13:27:00Z,147abc6a,8bab4dff,a6177608,0.0
2025-03-30T13:30:00Z,147abc6a,8bab4dff,a6177608,0.0
2025-03-30T13:33:00Z,147abc6a,8bab4dff,a6177608,0.0
2025-03-30T13:36:00Z,147abc6a,8bab4dff,a6177608,0.0
2025-03-30T13:39:00Z,147abc6a,8bab4dff,a6177608,0.0
2025-03-30T13:42:00Z,147abc6a,8bab4dff,a6177608,0.0
2025-03-30T13:45:00Z,147abc6a,8bab4dff,a6177608,0.0
2025-03-30T13:48:00Z,147abc6a,8bab4dff,a6177608,0.0
2025-03-30T13:51:00Z,147abc6a,8bab4dff,a6177608,0.0
2025-03-30T13:54:00Z,147abc6a,8bab4dff,a6177608,0.0
2025-03-30T13:57:00Z,147abc6a,8bab4dff,a6177608,0.0
2025-03-30T14:00:00Z,147abc6a,8bab4dff,a6177608,0.0
2025-03-30T14:03:00Z,147abc6a,8bab4dff,a6177608,0.0
2025-03-30T14:06:00Z,147abc6a,8bab4dff,a6177608,0.0
2025-03-30T14:09:00Z,147abc6a,8bab4dff,a6177608,0.0
2025-03-30T14:12:00Z,147abc6a,8bab4dff,a6177608,0.0
2025-03-30T14:15:00Z,147abc6a,8bab4dff,a6177608,0.0
2025-03-30T14:18:00Z,147abc6a,8bab4dff,a6177608,0.0
2025-03-30T14:21:00Z,147abc6a,8bab4dff,a6177608,0.0
2025-03-30T14:24:00Z,147abc6a,8bab4dff,a6177608,0.0
2025-03-30T14:27:00Z,147abc6a,8bab4dff,a6177608,0.0
2025-03-30T14:30:00Z,147abc6a,8bab4dff,a6177608,0.0
2025-03-30T14:33:00Z,147abc6a,8bab4dff,a6177608,0.0
2025-03-30T14:36:00Z,147abc6a,8bab4dff,a6177608,0.0
2025-03-30T14:39:00Z,147abc6a,8bab4dff,a6177608,0.0
2025-03-30T14:42:00Z,147abc6a,8bab4dff,a6177608,0.0
2025-03-30T14:45:00Z,147abc6a,8bab4dff,a6177608,0.0
2025-03-30T14:48:00Z,147abc6a,8bab4dff,a6177608,0.0
2025-03-30T14:51:00Z,147abc6a,8bab4dff,a6177608,0.0
2025-03-30T14:54:00Z,147abc6a,8bab4dff,a6177608,0.0
2025-03-30T14:57:00Z,147abc6a,8bab4dff,a6177608,0.0
2025-03-30T15:00:00Z,147abc6a,8bab4dff,a6177608,0.0
2025-03-30T15:03:00Z,147abc6a,8bab4dff,a6177608,0.0
2025-03-30T15:06:00Z,147abc6a,8bab4dff,a6177608,0.0
2025-03-30T15:09:00Z,147abc6a,8bab4dff,a6177608,0.0
2025-03-30T15:12:00Z,147abc6a,8bab4dff,a6177608,0.0
2025-03-30T15:15:00Z,147abc6a,8bab4dff,a6177608,0.0
2025-03-30T15:18:00Z,147abc6a,8bab4dff,a6177608,0.0
2025-03-30T15:21:00Z,147abc6a,8bab4dff,a6177608,0.0
2025-03-30T15:24:00Z,147abc6a,8bab4dff,a6177608,0.0
2025-03-30T15:27:00Z,147abc6a,8bab4dff,a6177608,0.0
2025-03-30T15:30:00Z,147abc6a,8bab4dff,a6177608,0.0
2025-03-30T15:33:00Z,147abc6a,8bab4dff,a6177608,0.0
2025-03-30T15:36:00Z,147abc6a,8bab4dff,a6177608,0.0
2025-03-30T15:39:00Z,147abc6a,8bab4dff,a6177608,0.0
2025-03-30T15:42:00Z,147abc6a,8bab4dff,a6177608,0.0
2025-03-30T15:45:00Z,147abc6a,8bab4dff,a6177608,0.0
2025-03-30T15:48:00Z,147abc6a,8bab4dff,a6177608,0.0
2025-03-30T15:51:00Z,147abc6a,8bab4dff,a6177608,0.0
2025-03-30T15:54:00Z,147abc6a,8bab4dff,a6177608,0.0
2025-03-30T15:57:00Z,147abc6a,8bab4dff,a6177608,0.0
2025-03-30T16:00:00Z,147abc6a,8bab4dff,a6177608,0.0
2025-03-30T16:03:00Z,147abc6a,8bab4dff,a6177608,0.0
2025-03-30T16:06:00Z,147abc6a,8bab4dff,a6177608,0.0
2025-03-30T16:09:00Z,147abc6a,8bab4dff,a6177608,0.0
2025-03-30T16:12:00Z,147abc6a,8bab4dff,a6177608,0.0
2025-03-30T16:15:00Z,147abc6a,8bab4dff,a6177608,0.0
2025-03-30T16:18:00Z,147abc6a,8bab4dff,a6177608,0.0
2025-03-30T16:21:00Z,147abc6a,8bab4dff,a6177608,0.0
2025-03-30T16:24:00Z,147abc6a,8bab4dff,a6177608,0.0
2025-03-30T16:27:00Z,147abc6a,8bab4dff,a6177608,0.0
2025-03-30T16:30:00Z,147abc6a,8bab4dff,a6177608,0.0
2025-03-30T16:33:00Z,147abc6a,8bab4dff,a6177608,0.0
2025-03-30T16:36:00Z,147abc6a,8bab4dff,a6177608,0.0
2025-03-30T16:39:00Z,147abc6a,8bab4dff,a6177608,0.0
2025-03-30T16:42:00Z,147abc6a,8bab4dff,a6177608,0.0
2025-03-30T16:45:00Z,147abc6a,8bab4dff,a6177608,0.0
2025-03-30T16:48:00Z,147abc6a,8bab4dff,a6177608,0.0
2025-03-30T16:51:00Z,147abc6a,8bab4dff,a6177608,0.0
2025-03-30T16:54:00Z,147abc6a,8bab4dff,a6177608,0.0
2025-03-30T16:57:00Z,147abc6a,8bab4dff,a6177608,0.0
2025-03-30T17:00:00Z,147abc6a,8bab4dff,a6177608,0.0
2025-03-30T17:03:00Z,147abc6a,8bab4dff,a6177608,0.0
2025-03-30T17:06:00Z,147abc6a,8bab4dff,a6177608,0.0
2025-03-30T17:09:00Z,147abc6a,8bab4dff,a6177608,0.0
2025-03-30T17:12:00Z,147abc6a,8bab4dff,a6177608,0.0
2025-03-30T17:15:00Z,147abc6a,8bab4dff,a6177608,0.0
2025-03-30T17:18:00Z,147abc6a,8bab4dff,a6177608,0.0
2025-03-30T17:21:00Z,147abc6a,8bab4dff,a6177608,0.0
2025-03-30T17:24:00Z,147abc6a,8bab4dff,a6177608,0.0
2025-03-30T17:27:00Z,147abc6a,8bab4dff,a6177608,0.0
2025-03-30T17:30:00Z,147abc6a,8bab4dff,a6177608,0.0
2025-03-30T17:33:00Z,147abc6a,8bab4dff,a6177608,0.0
2025-03-30T17:36:00Z,147abc6a,8bab4dff,a6177608,0.0
2025-03-30T17:39:00Z,147abc6a,8bab4dff,a6177608,0.0
2025-03-30T17:42:00Z,147abc6a,8bab4dff,a6177608,0.0
2025-03-30T17:45:00Z,147abc6a,8bab4dff,a6177608,0.0
2025-03-30T17:48:00Z,147abc6a,8bab4dff,a6177608,0.0
2025-03-30T17:51:00Z,147abc6a,8bab4dff,a6177608,0.0
2025-03-30T17:54:00Z,147abc6a,8bab4dff,a6177608,0.0
2025-03-30T17:57:00Z,147abc6a,8bab4dff,a6177608,0.0
2025-03-30T18:00:00Z,147abc6a,8bab4dff,a6177608,0.0
2025-03-30T18:03:00Z,147abc6a,8bab4dff,a6177608,0.0
2025-03-30T18:06:00Z,147abc6a,8bab4dff,a6177608,0.0
2025-03-30T18:09:00Z,147abc6a,8bab4dff,a6177608,0.0
2025-03-30T18:12:00Z,147abc6a,8bab4dff,a6177608,0.0
2025-03-30T18:15:00Z,147abc6a,8bab4dff,a6177608,0.0
2025-03-30T18:18:00Z,147abc6a,8bab4dff,a6177608,0.0
2025-03-30T18:21:00Z,147abc6a,8bab4dff,a6177608,0.0
2025-03-30T18:24:00Z,147abc6a,8bab4dff,a6177608,0.0
2025-03-30T18:27:00Z,147abc6a,8bab4dff,a6177608,0.0
2025-03-30T18:30:00Z,147abc6a,8bab4dff,a6177608,0.0
2025-03-30T18:33:00Z,147abc6a,8bab4dff,a6177608,0.0
2025-03-30T18:36:00Z,147abc6a,8bab4dff,a6177608,0.0
2025-03-30T18:39:00Z,147abc6a,8bab4dff,a6177608,0.0
2025-03-30T18:42:00Z,147abc6a,8bab4dff,a6177608,0.0
2025-03-30T18:45:00Z,147abc6a,8bab4dff,a6177608,0.0
2025-03-30T18:48:00Z,147abc6a,8bab4dff,a6177608,0.0
2025-03-30T18:51:00Z,147abc6a,8bab4dff,a6177608,0.0
2025-03-30T18:54:00Z,147abc6a,8bab4dff,a6177608,0.0
2025-03-30T18:57:00Z,147abc6a,8bab4dff,a6177608,0.0
2025-03-30T19:00:00Z,147abc6a,8bab4dff,a6177608,0.0
2025-03-30T19:03:00Z,147abc6a,8bab4dff,a6177608,0.0
2025-03-30T19:06:00Z,147abc6a,8bab4dff,a6177608,0.0
2025-03-30T19:09:00Z,147abc6a,8bab4dff,a6177608,0.0
2025-03-30T19:12:00Z,147abc6a,8bab4dff,a6177608,0.0
2025-03-30T19:15:00Z,147abc6a,8bab4dff,a6177608,0.0
2025-03-30T19:18:00Z,147abc6a,8bab4dff,a6177608,0.0
2025-03-30T19:21:00Z,147abc6a,8bab4dff,a6177608,0.0
2025-03-30T19:24:00Z,147abc6a,8bab4dff,a6177608,0.0
2025-03-30T19:27:00Z,147abc6a,8bab4dff,a6177608,0.0
2025-03-30T19:30:00Z,147abc6a,8bab4dff,a6177608,0.0
2025-03-30T19:33:00Z,147abc6a,8bab4dff,a6177608,0.0
2025-03-30T19:36:00Z,147abc6a,8bab4dff,a6177608,0.0
2025-03-30T19:39:00Z,147abc6a,8bab4dff,a6177608,0.0
2025-03-30T19:42:00Z,147abc6a,8bab4dff,a6177608,0.0
2025-03-30T19:45:00Z,147abc6a,8bab4dff,a6177608,0.0
2025-03-30T19:48:00Z,147abc6a,8bab4dff,a6177608,0.0
2025-03-30T19:51:00Z,147abc6a,8bab4dff,a6177608,0.0
2025-03-30T19:54:00Z,147abc6a,8bab4dff,a6177608,0.0
2025-03-30T19:57:00Z,147abc6a,8bab4dff,a6177608,0.0
2025-03-30T20:00:00Z,147abc6a,8bab4dff,a6177608,0.0
2025-03-30T20:03:00Z,147abc6a,8bab4dff,a6177608,0.0
2025-03-30T20:06:00Z,147abc6a,8bab4dff,a6177608,0.0
2025-03-30T20:09:00Z,147abc6a,8bab4dff,a6177608,0.0
2025-03-30T20:12:00Z,147abc6a,8bab4dff,a6177608,0.0
2025-03-30T20:15:00Z,147abc6a,8bab4dff,a6177608,0.0
2025-03-30T20:18:00Z,147abc6a,8bab4dff,a6177608,0.0
2025-03-30T20:21:00Z,147abc6a,8bab4dff,a6177608,0.0
2025-03-30T20:24:00Z,147abc6a,8bab4dff,a6177608,0.0
2025-03-30T20:27:00Z,147abc6a,8bab4dff,a6177608,0.0
2025-03-30T20:30:00Z,147abc6a,8bab4dff,a6177608,0.0
2025-03-30T20:33:00Z,147abc6a,8bab4dff,a6177608,0.0
2025-03-30T20:36:00Z,147abc6a,8bab4dff,a6177608,0.0
2025-03-30T20:39:00Z,147abc6a,8bab4dff,a6177608,0.0
2025-03-30T20:42:00Z,147abc6a,8bab4dff,a6177608,0.0
2025-03-30T20:45:00Z,147abc6a,8bab4dff,a6177608,0.0
2025-03-30T20:48:00Z,147abc6a,8bab4dff,a6177608,0.0
2025-03-30T20:51:00Z,147abc6a,8bab4dff,a6177608,0.0
2025-03-30T20:54:00Z,147abc6a,8bab4dff,a6177608,0.0
2025-03-30T20:57:00Z,147abc6a,8bab4dff,a6177608,0.0
2025-03-30T21:00:00Z,147abc6a,8bab4dff,a6177608,0.0
2025-03-30T21:03:00Z,147abc6a,8bab4dff,a6177608,0.0
2025-03-30T21:06:00Z,147abc6a,8bab4dff,a6177608,0.0
2025-03-30T21:09:00Z,147abc6a,8bab4dff,a6177608,0.0
2025-03-30T21:12:00Z,147abc6a,8bab4dff,a6177608,0.0
2025-03-30T21:15:00Z,147abc6a,8bab4dff,a6177608,0.0
2025-03-30T21:18:00Z,147abc6a,8bab4dff,a6177608,0.0
2025-03-30T21:21:00Z,147abc6a,8bab4dff,a6177608,0.0
2025-03-30T21:24:00Z,147abc6a,8bab4dff,a6177608,0.0
2025-03-30T21:27:00Z,147abc6a,8bab4dff,a6177608,0.0
2025-03-30T21:30:00Z,147abc6a,8bab4dff,a6177608,0.0
2025-03-30T21:33:00Z,147abc6a,8bab4dff,a6177608,0.0
2025-03-30T21:36:00Z,147abc6a,8bab4dff,a6177608,0.0
2025-03-30T21:39:00Z,147abc6a,8bab4dff,a6177608,0.0
2025-03-30T21:42:00Z,147abc6a,8bab4dff,a6177608,0.0
2025-03-30T21:45:00Z,147abc6a,8bab4dff,a6177608,0.0
2025-03-30T21:48:00Z,147abc6a,8bab4dff,a6177608,0.0
2025-03-30T21:51:00Z,147abc6a,8bab4dff,a6177608,0.01
2025-03-30T21:54:00Z,147abc6a,8bab4dff,a6177608,0.0
2025-03-30T21:57:00Z,147abc6a,8bab4dff,a6177608,0.0
2025-03-30T22:00:00Z,147abc6a,8bab4dff,a6177608,0.0
2025-03-30T22:03:00Z,147abc6a,8bab4dff,a6177608,0.0
2025-03-30T22:06:00Z,147abc6a,8bab4dff,a6177608,0.0
2025-03-30T22:09:00Z,147abc6a,8bab4dff,a6177608,0.0
2025-03-30T22:12:00Z,147abc6a,8bab4dff,a6177608,0.0
2025-03-30T22:15:00Z,147abc6a,8bab4dff,a6177608,0.0
2025-03-30T22:18:00Z,147abc6a,8bab4dff,a6177608,0.0
2025-03-30T22:21:00Z,147abc6a,8bab4dff,a6177608,0.0
2025-03-30T22:24:00Z,147abc6a,8bab4dff,a6177608,0.0
2025-03-30T22:27:00Z,147abc6a,8bab4dff,a6177608,0.0
2025-03-30T22:30:00Z,147abc6a,8bab4dff,a6177608,0.0
2025-03-30T22:33:00Z,147abc6a,8bab4dff,a6177608,0.0
2025-03-30T22:36:00Z,147abc6a,8bab4dff,a6177608,0.0
2025-03-30T22:39:00Z,147abc6a,8bab4dff,a6177608,0.0
2025-03-30T22:42:00Z,147abc6a,8bab4dff,a6177608,0.0
2025-03-30T22:45:00Z,147abc6a,8bab4dff,a6177608,0.0
2025-03-30T22:48:00Z,147abc6a,8bab4dff,a6177608,0.0
2025-03-30T22:51:00Z,147abc6a,8bab4dff,a6177608,0.0
2025-03-30T22:54:00Z,147abc6a,8bab4dff,a6177608,0.0
2025-03-30T22:57:00Z,147abc6a,8bab4dff,a6177608,0.0
2025-03-30T23:00:00Z,147abc6a,8bab4dff,a6177608,0.0
2025-03-30T23:03:00Z,147abc6a,8bab4dff,a6177608,0.0
2025-03-30T23:06:00Z,147abc6a,8bab4dff,a6177608,0.0
2025-03-30T23:09:00Z,147abc6a,8bab4dff,a6177608,0.0
2025-03-30T23:12:00Z,147abc6a,8bab4dff,a6177608,0.0
2025-03-30T23:15:00Z,147abc6a,8bab4dff,a6177608,0.0
2025-03-30T23:18:00Z,147abc6a,8bab4dff,a6177608,0.0
2025-03-30T23:21:00Z,147abc6a,8bab4dff,a6177608,0.0
2025-03-30T23:24:00Z,147abc6a,8bab4dff,a6177608,0.0
2025-03-30T23:27:00Z,147abc6a,8bab4dff,a6177608,0.0
2025-03-30T23:30:00Z,147abc6a,8bab4dff,a6177608,0.0
2025-03-30T23:33:00Z,147abc6a,8bab4dff,a6177608,0.0
2025-03-30T23:36:00Z,147abc6a,8bab4dff,a6177608,0.0
2025-03-30T23:39:00Z,147abc6a,8bab4dff,a6177608,0.0
2025-03-30T23:42:00Z,147abc6a,8bab4dff,a6177608,0.0
2025-03-30T23:45:00Z,147abc6a,8bab4dff,a6177608,0.0
2025-03-30T23:48:00Z,147abc6a,8bab4dff,a6177608,0.0
2025-03-30T23:51:00Z,147abc6a,8bab4dff,a6177608,0.0
2025-03-30T23:54:00Z,147abc6a,8bab4dff,a6177608,0.0
2025-03-30T23:57:00Z,147abc6a,8bab4dff,a6177608,0.0
2025-03-31T00:00:00Z,147abc6a,8bab4dff,a6177608,0.0
2025-03-31T00:03:00Z,147abc6a,8bab4dff,a6177608,0.0
2025-03-31T00:06:00Z,147abc6a,8bab4dff,a6177608,0.0
2025-03-31T00:09:00Z,147abc6a,8bab4dff,a6177608,0.0
2025-03-31T00:12:00Z,147abc6a,8bab4dff,a6177608,0.0
2025-03-31T00:15:00Z,147abc6a,8bab4dff,a6177608,0.0
2025-03-31T00:18:00Z,147abc6a,8bab4dff,a6177608,0.0
2025-03-31T00:21:00Z,147abc6a,8bab4dff,a6177608,0.0
2025-03-31T00:24:00Z,147abc6a,8bab4dff,a6177608,0.0
2025-03-31T00:27:00Z,147abc6a,8bab4dff,a6177608,0.0
2025-03-31T00:30:00Z,147abc6a,8bab4dff,a6177608,0.0
2025-03-31T00:33:00Z,147abc6a,8bab4dff,a6177608,0.0
2025-03-31T00:36:00Z,147abc6a,8bab4dff,a6177608,0.0
2025-03-31T00:39:00Z,147abc6a,8bab4dff,a6177608,0.0
2025-03-31T00:42:00Z,147abc6a,8bab4dff,a6177608,0.0
2025-03-31T00:45:00Z,147abc6a,8bab4dff,a6177608,0.0
2025-03-31T00:48:00Z,147abc6a,8bab4dff,a6177608,0.0
2025-03-31T00:51:00Z,147abc6a,8bab4dff,a6177608,0.0
2025-03-31T00:54:00Z,147abc6a,8bab4dff,a6177608,0.0
2025-03-31T00:57:00Z,147abc6a,8bab4dff,a6177608,0.01
2025-03-31T01:00:00Z,147abc6a,8bab4dff,a6177608,0.01
2025-03-31T01:03:00Z,147abc6a,8bab4dff,a6177608,0.0
2025-03-31T01:06:00Z,147abc6a,8bab4dff,a6177608,0.0
2025-03-31T01:09:00Z,147abc6a,8bab4dff,a6177608,0.0
2025-03-31T01:12:00Z,147abc6a,8bab4dff,a6177608,0.0
2025-03-31T01:15:00Z,147abc6a,8bab4dff,a6177608,0.0
2025-03-31T01:18:00Z,147abc6a,8bab4dff,a6177608,0.0
2025-03-31T01:21:00Z,147abc6a,8bab4dff,a6177608,0.0
2025-03-31T01:24:00Z,147abc6a,8bab4dff,a6177608,0.0
2025-03-31T01:27:00Z,147abc6a,8bab4dff,a6177608,0.0
2025-03-31T01:30:00Z,147abc6a,8bab4dff,a6177608,0.0
2025-03-31T01:33:00Z,147abc6a,8bab4dff,a6177608,0.0
2025-03-31T01:36:00Z,147abc6a,8bab4dff,a6177608,0.0
2025-03-31T01:39:00Z,147abc6a,8bab4dff,a6177608,0.0
2025-03-31T01:42:00Z,147abc6a,8bab4dff,a6177608,0.0
2025-03-31T01:45:00Z,147abc6a,8bab4dff,a6177608,0.0
2025-03-31T01:48:00Z,147abc6a,8bab4dff,a6177608,0.0
2025-03-31T01:51:00Z,147abc6a,8bab4dff,a6177608,0.0
2025-03-31T01:54:00Z,147abc6a,8bab4dff,a6177608,0.0
2025-03-31T01:57:00Z,147abc6a,8bab4dff,a6177608,0.0
2025-03-31T02:00:00Z,147abc6a,8bab4dff,a6177608,0.0
2025-03-31T02:03:00Z,147abc6a,8bab4dff,a6177608,0.0
2025-03-31T02:06:00Z,147abc6a,8bab4dff,a6177608,0.0
2025-03-31T02:09:00Z,147abc6a,8bab4dff,a6177608,0.0
2025-03-31T02:12:00Z,147abc6a,8bab4dff,a6177608,0.0
2025-03-31T02:15:00Z,147abc6a,8bab4dff,a6177608,0.0
2025-03-31T02:18:00Z,147abc6a,8bab4dff,a6177608,0.0
2025-03-31T02:21:00Z,147abc6a,8bab4dff,a6177608,0.0
2025-03-31T02:24:00Z,147abc6a,8bab4dff,a6177608,0.0
2025-03-31T02:27:00Z,147abc6a,8bab4dff,a6177608,0.0
2025-03-31T02:30:00Z,147abc6a,8bab4dff,a6177608,0.0
2025-03-31T02:33:00Z,147abc6a,8bab4dff,a6177608,0.0
2025-03-31T02:36:00Z,147abc6a,8bab4dff,a6177608,0.0
2025-03-31T02:39:00Z,147abc6a,8bab4dff,a6177608,0.0
2025-03-31T02:42:00Z,147abc6a,8bab4dff,a6177608,0.0
2025-03-31T02:45:00Z,147abc6a,8bab4dff,a6177608,0.14
2025-03-31T02:48:00Z,147abc6a,8bab4dff,a6177608,0.0
2025-03-31T02:51:00Z,147abc6a,8bab4dff,a6177608,0.0
2025-03-31T02:54:00Z,147abc6a,8bab4dff,a6177608,0.0
2025-03-31T02:57:00Z,147abc6a,8bab4dff,a6177608,0.0
2025-03-31T03:00:00Z,147abc6a,8bab4dff,a6177608,0.0
2025-03-31T03:03:00Z,147abc6a,8bab4dff,a6177608,0.0
2025-03-31T03:06:00Z,147abc6a,8bab4dff,a6177608,0.0
2025-03-31T03:09:00Z,147abc6a,8bab4dff,a6177608,0.0
2025-03-31T03:12:00Z,147abc6a,8bab4dff,a6177608,0.0
2025-03-31T03:15:00Z,147abc6a,8bab4dff,a6177608,0.0
2025-03-31T03:18:00Z,147abc6a,8bab4dff,a6177608,0.0
2025-03-31T03:21:00Z,147abc6a,8bab4dff,a6177608,0.0
2025-03-31T03:24:00Z,147abc6a,8bab4dff,a6177608,0.0
2025-03-31T03:27:00Z,147abc6a,8bab4dff,a6177608,0.0
2025-03-31T03:30:00Z,147abc6a,8bab4dff,a6177608,0.0
2025-03-31T03:33:00Z,147abc6a,8bab4dff,a6177608,0.0
2025-03-31T03:36:00Z,147abc6a,8bab4dff,a6177608,0.0
2025-03-31T03:39:00Z,147abc6a,8bab4dff,a6177608,0.0
2025-03-31T03:42:00Z,147abc6a,8bab4dff,a6177608,0.0
2025-03-31T03:45:00Z,147abc6a,8bab4dff,a6177608,0.0
2025-03-31T03:48:00Z,147abc6a,8bab4dff,a6177608,0.0
2025-03-31T03:51:00Z,147abc6a,8bab4dff,a6177608,0.0
2025-03-31T03:54:00Z,147abc6a,8bab4dff,a6177608,0.0
2025-03-31T03:57:00Z,147abc6a,8bab4dff,a6177608,0.0
2025-03-31T04:00:00Z,147abc6a,8bab4dff,a6177608,0.0
2025-03-31T04:03:00Z,147abc6a,8bab4dff,a6177608,0.0
2025-03-31T04:06:00Z,147abc6a,8bab4dff,a6177608,0.0
2025-03-31T04:09:00Z,147abc6a,8bab4dff,a6177608,0.0
2025-03-31T04:12:00Z,147abc6a,8bab4dff,a6177608,0.0
2025-03-31T04:15:00Z,147abc6a,8bab4dff,a6177608,0.0
2025-03-31T04:18:00Z,147abc6a,8bab4dff,a6177608,0.0
2025-03-31T04:21:00Z,147abc6a,8bab4dff,a6177608,0.0
2025-03-31T04:24:00Z,147abc6a,8bab4dff,a6177608,0.0
2025-03-31T04:27:00Z,147abc6a,8bab4dff,a6177608,0.0
2025-03-31T04:30:00Z,147abc6a,8bab4dff,a6177608,0.0
2025-03-31T04:33:00Z,147abc6a,8bab4dff,a6177608,0.0
2025-03-31T04:36:00Z,147abc6a,8bab4dff,a6177608,0.0
2025-03-31T04:39:00Z,147abc6a,8bab4dff,a6177608,0.0
2025-03-31T04:42:00Z,147abc6a,8bab4dff,a6177608,0.0
2025-03-31T04:45:00Z,147abc6a,8bab4dff,a6177608,0.0
2025-03-31T04:48:00Z,147abc6a,8bab4dff,a6177608,0.0
2025-03-31T04:51:00Z,147abc6a,8bab4dff,a6177608,0.0
2025-03-31T04:54:00Z,147abc6a,8bab4dff,a6177608,0.0
2025-03-31T04:57:00Z,147abc6a,8bab4dff,a6177608,0.0
2025-03-31T05:00:00Z,147abc6a,8bab4dff,a6177608,0.0
2025-03-31T05:03:00Z,147abc6a,8bab4dff,a6177608,0.0
2025-03-31T05:06:00Z,147abc6a,8bab4dff,a6177608,0.0
2025-03-31T05:09:00Z,147abc6a,8bab4dff,a6177608,0.0
2025-03-31T05:12:00Z,147abc6a,8bab4dff,a6177608,0.0
2025-03-31T05:15:00Z,147abc6a,8bab4dff,a6177608,0.0
2025-03-31T05:18:00Z,147abc6a,8bab4dff,a6177608,0.0
2025-03-31T05:21:00Z,147abc6a,8bab4dff,a6177608,0.0
2025-03-31T05:24:00Z,147abc6a,8bab4dff,a6177608,0.0
2025-03-31T05:27:00Z,147abc6a,8bab4dff,a6177608,0.0
2025-03-31T05:30:00Z,147abc6a,8bab4dff,a6177608,0.0
2025-03-31T05:33:00Z,147abc6a,8bab4dff,a6177608,0.0
2025-03-31T05:36:00Z,147abc6a,8bab4dff,a6177608,0.0
2025-03-31T05:39:00Z,147abc6a,8bab4dff,a6177608,0.0
2025-03-31T05:42:00Z,147abc6a,8bab4dff,a6177608,0.0
2025-03-31T05:45:00Z,147abc6a,8bab4dff,a6177608,0.0
2025-03-31T05:48:00Z,147abc6a,8bab4dff,a6177608,0.0
2025-03-31T05:51:00Z,147abc6a,8bab4dff,a6177608,0.0
2025-03-31T05:54:00Z,147abc6a,8bab4dff,a6177608,0.0
2025-03-31T05:57:00Z,147abc6a,8bab4dff,a6177608,0.0
2025-03-31T06:00:00Z,147abc6a,8bab4dff,a6177608,0.0
2025-03-31T06:03:00Z,147abc6a,8bab4dff,a6177608,0.0
2025-03-31T06:06:00Z,147abc6a,8bab4dff,a6177608,0.0
2025-03-31T06:09:00Z,147abc6a,8bab4dff,a6177608,0.0
2025-03-31T06:12:00Z,147abc6a,8bab4dff,a6177608,0.0
2025-03-31T06:15:00Z,147abc6a,8bab4dff,a6177608,0.0
2025-03-31T06:18:00Z,147abc6a,8bab4dff,a6177608,0.0
2025-03-31T06:21:00Z,147abc6a,8bab4dff,a6177608,0.0
2025-03-31T06:24:00Z,147abc6a,8bab4dff,a6177608,0.0
2025-03-31T06:27:00Z,147abc6a,8bab4dff,a6177608,0.0
2025-03-31T06:30:00Z,147abc6a,8bab4dff,a6177608,0.0
2025-03-31T06:33:00Z,147abc6a,8bab4dff,a6177608,0.0
2025-03-31T06:36:00Z,147abc6a,8bab4dff,a6177608,0.0
2025-03-31T06:39:00Z,147abc6a,8bab4dff,a6177608,0.0
2025-03-31T06:42:00Z,147abc6a,8bab4dff,a6177608,0.0
2025-03-31T06:45:00Z,147abc6a,8bab4dff,a6177608,0.0
2025-03-31T06:48:00Z,147abc6a,8bab4dff,a6177608,0.0
2025-03-31T06:51:00Z,147abc6a,8bab4dff,a6177608,0.0
2025-03-31T06:54:00Z,147abc6a,8bab4dff,a6177608,0.0
2025-03-31T06:57:00Z,147abc6a,8bab4dff,a6177608,0.0
2025-03-31T07:00:00Z,147abc6a,8bab4dff,a6177608,0.0
2025-03-31T07:03:00Z,147abc6a,8bab4dff,a6177608,0.0
2025-03-31T07:06:00Z,147abc6a,8bab4dff,a6177608,0.0
2025-03-31T07:09:00Z,147abc6a,8bab4dff,a6177608,0.0
2025-03-31T07:12:00Z,147abc6a,8bab4dff,a6177608,0.0
2025-03-31T07:15:00Z,147abc6a,8bab4dff,a6177608,0.0
2025-03-31T07:18:00Z,147abc6a,8bab4dff,a6177608,0.0
2025-03-31T07:21:00Z,147abc6a,8bab4dff,a6177608,0.0
2025-03-31T07:24:00Z,147abc6a,8bab4dff,a6177608,0.0
2025-03-31T07:27:00Z,147abc6a,8bab4dff,a6177608,0.0
2025-03-31T07:30:00Z,147abc6a,8bab4dff,a6177608,0.0
2025-03-31T07:33:00Z,147abc6a,8bab4dff,a6177608,0.0
2025-03-31T07:36:00Z,147abc6a,8bab4dff,a6177608,0.0
2025-03-31T07:39:00Z,147abc6a,8bab4dff,a6177608,0.0
2025-03-31T07:42:00Z,147abc6a,8bab4dff,a6177608,0.0
2025-03-31T07:45:00Z,147abc6a,8bab4dff,a6177608,0.0
2025-03-31T07:48:00Z,147abc6a,8bab4dff,a6177608,0.0
2025-03-31T07:51:00Z,147abc6a,8bab4dff,a6177608,0.0
2025-03-31T07:54:00Z,147abc6a,8bab4dff,a6177608,0.0
2025-03-31T07:57:00Z,147abc6a,8bab4dff,a6177608,0.0
2025-03-31T08:00:00Z,147abc6a,8bab4dff,a6177608,0.0
2025-03-31T08:03:00Z,147abc6a,8bab4dff,a6177608,0.0
2025-03-31T08:06:00Z,147abc6a,8bab4dff,a6177608,0.0
2025-03-31T08:09:00Z,147abc6a,8bab4dff,a6177608,0.0
2025-03-31T08:12:00Z,147abc6a,8bab4dff,a6177608,0.0
2025-03-31T08:15:00Z,147abc6a,8bab4dff,a6177608,0.0
2025-03-31T08:18:00Z,147abc6a,8bab4dff,a6177608,0.0
2025-03-31T08:21:00Z,147abc6a,8bab4dff,a6177608,0.0
2025-03-31T08:24:00Z,147abc6a,8bab4dff,a6177608,0.0
2025-03-31T08:27:00Z,147abc6a,8bab4dff,a6177608,0.0
2025-03-31T08:30:00Z,147abc6a,8bab4dff,a6177608,0.0
2025-03-31T08:33:00Z,147abc6a,8bab4dff,a6177608,0.0
2025-03-31T08:36:00Z,147abc6a,8bab4dff,a6177608,0.0
2025-03-31T08:39:00Z,147abc6a,8bab4dff,a6177608,0.0
2025-03-31T08:42:00Z,147abc6a,8bab4dff,a6177608,0.0
2025-03-31T08:45:00Z,147abc6a,8bab4dff,a6177608,0.0
2025-03-31T08:48:00Z,147abc6a,8bab4dff,a6177608,0.0
2025-03-31T08:51:00Z,147abc6a,8bab4dff,a6177608,0.0
2025-03-31T08:54:00Z,147abc6a,8bab4dff,a6177608,0.0
2025-03-31T08:57:00Z,147abc6a,8bab4dff,a6177608,0.0
2025-03-31T09:00:00Z,147abc6a,8bab4dff,a6177608,0.0
2025-03-31T09:03:00Z,147abc6a,8bab4dff,a6177608,0.0
2025-03-31T09:06:00Z,147abc6a,8bab4dff,a6177608,0.0
2025-03-31T09:09:00Z,147abc6a,8bab4dff,a6177608,0.0
2025-03-31T09:12:00Z,147abc6a,8bab4dff,a6177608,0.0
2025-03-31T09:15:00Z,147abc6a,8bab4dff,a6177608,0.0
2025-03-31T09:18:00Z,147abc6a,8bab4dff,a6177608,0.0
2025-03-31T09:21:00Z,147abc6a,8bab4dff,a6177608,0.0
2025-03-31T09:24:00Z,147abc6a,8bab4dff,a6177608,0.0
2025-03-31T09:27:00Z,147abc6a,8bab4dff,a6177608,0.0
2025-03-31T09:30:00Z,147abc6a,8bab4dff,a6177608,0.0
2025-03-31T09:33:00Z,147abc6a,8bab4dff,a6177608,0.0
2025-03-31T09:36:00Z,147abc6a,8bab4dff,a6177608,0.0
2025-03-31T09:39:00Z,147abc6a,8bab4dff,a6177608,0.0
2025-03-31T09:42:00Z,147abc6a,8bab4dff,a6177608,0.0
2025-03-31T09:45:00Z,147abc6a,8bab4dff,a6177608,0.0
2025-03-31T09:48:00Z,147abc6a,8bab4dff,a6177608,0.0
2025-03-31T09:51:00Z,147abc6a,8bab4dff,a6177608,0.0
2025-03-31T09:54:00Z,147abc6a,8bab4dff,a6177608,0.0
2025-03-31T09:57:00Z,147abc6a,8bab4dff,a6177608,0.0
2025-03-31T10:00:00Z,147abc6a,8bab4dff,a6177608,0.0
2025-03-31T10:03:00Z,147abc6a,8bab4dff,a6177608,0.0
2025-03-31T10:06:00Z,147abc6a,8bab4dff,a6177608,0.0
2025-03-31T10:09:00Z,147abc6a,8bab4dff,a6177608,0.0
2025-03-31T10:12:00Z,147abc6a,8bab4dff,a6177608,0.0
2025-03-31T10:15:00Z,147abc6a,8bab4dff,a6177608,0.0
2025-03-31T10:18:00Z,147abc6a,8bab4dff,a6177608,0.0
2025-03-31T10:21:00Z,147abc6a,8bab4dff,a6177608,0.0
2025-03-31T10:24:00Z,147abc6a,8bab4dff,a6177608,0.0
2025-03-31T10:27:00Z,147abc6a,8bab4dff,a6177608,0.0
2025-03-31T10:30:00Z,147abc6a,8bab4dff,a6177608,0.0
2025-03-31T10:33:00Z,147abc6a,8bab4dff,a6177608,0.0
2025-03-31T10:36:00Z,147abc6a,8bab4dff,a6177608,0.0
2025-03-31T10:39:00Z,147abc6a,8bab4dff,a6177608,0.0
2025-03-31T10:42:00Z,147abc6a,8bab4dff,a6177608,0.0
2025-03-31T10:45:00Z,147abc6a,8bab4dff,a6177608,0.0
2025-03-31T10:48:00Z,147abc6a,8bab4dff,a6177608,0.0
2025-03-31T10:51:00Z,147abc6a,8bab4dff,a6177608,0.0
2025-03-31T10:54:00Z,147abc6a,8bab4dff,a6177608,0.0
2025-03-31T10:57:00Z,147abc6a,8bab4dff,a6177608,0.0
2025-03-31T11:00:00Z,147abc6a,8bab4dff,a6177608,0.0
2025-03-31T11:03:00Z,147abc6a,8bab4dff,a6177608,0.0
2025-03-31T11:06:00Z,147abc6a,8bab4dff,a6177608,0.0
2025-03-31T11:09:00Z,147abc6a,8bab4dff,a6177608,0.0
2025-03-31T11:12:00Z,147abc6a,8bab4dff,a6177608,0.0
2025-03-31T11:15:00Z,147abc6a,8bab4dff,a6177608,0.0
2025-03-31T11:18:00Z,147abc6a,8bab4dff,a6177608,0.0
2025-03-31T11:21:00Z,147abc6a,8bab4dff,a6177608,0.0
2025-03-31T11:24:00Z,147abc6a,8bab4dff,a6177608,0.0
2025-03-31T11:27:00Z,147abc6a,8bab4dff,a6177608,0.0
2025-03-31T11:30:00Z,147abc6a,8bab4dff,a6177608,0.0
2025-03-31T11:33:00Z,147abc6a,8bab4dff,a6177608,0.0
2025-03-31T11:36:00Z,147abc6a,8bab4dff,a6177608,0.0
2025-03-31T11:39:00Z,147abc6a,8bab4dff,a6177608,0.0
2025-03-31T11:42:00Z,147abc6a,8bab4dff,a6177608,0.0
2025-03-31T11:45:00Z,147abc6a,8bab4dff,a6177608,0.0
2025-03-31T11:48:00Z,147abc6a,8bab4dff,a6177608,0.0
2025-03-31T11:51:00Z,147abc6a,8bab4dff,a6177608,0.0
2025-03-31T11:54:00Z,147abc6a,8bab4dff,a6177608,0.0
2025-03-31T11:57:00Z,147abc6a,8bab4dff,a6177608,0.0
2025-03-31T12:00:00Z,147abc6a,8bab4dff,a6177608,0.0
2025-03-31T12:03:00Z,147abc6a,8bab4dff,a6177608,0.0
2025-03-31T12:06:00Z,147abc6a,8bab4dff,a6177608,0.0
2025-03-31T12:09:00Z,147abc6a,8bab4dff,a6177608,0.0
2025-03-31T12:12:00Z,147abc6a,8bab4dff,a6177608,0.0
2025-03-31T12:15:00Z,147abc6a,8bab4dff,a6177608,0.0
2025-03-31T12:18:00Z,147abc6a,8bab4dff,a6177608,0.0
2025-03-31T12:21:00Z,147abc6a,8bab4dff,a6177608,0.0
2025-03-31T12:24:00Z,147abc6a,8bab4dff,a6177608,0.0
2025-03-31T12:27:00Z,147abc6a,8bab4dff,a6177608,0.0
2025-03-31T12:30:00Z,147abc6a,8bab4dff,a6177608,0.0
2025-03-31T12:33:00Z,147abc6a,8bab4dff,a6177608,0.0
2025-03-31T12:36:00Z,147abc6a,8bab4dff,a6177608,0.0
2025-03-31T12:39:00Z,147abc6a,8bab4dff,a6177608,0.0
2025-03-31T12:42:00Z,147abc6a,8bab4dff,a6177608,0.0
2025-03-31T12:45:00Z,147abc6a,8bab4dff,a6177608,0.0
2025-03-31T12:48:00Z,147abc6a,8bab4dff,a6177608,0.0
2025-03-31T12:51:00Z,147abc6a,8bab4dff,a6177608,0.0
2025-03-31T12:54:00Z,147abc6a,8bab4dff,a6177608,0.0
2025-03-31T12:57:00Z,147abc6a,8bab4dff,a6177608,0.0
2025-03-31T13:00:00Z,147abc6a,8bab4dff,a6177608,0.0
2025-03-31T13:03:00Z,147abc6a,8bab4dff,a6177608,0.0
2025-03-31T13:06:00Z,147abc6a,8bab4dff,a6177608,0.0
2025-03-31T13:09:00Z,147abc6a,8bab4dff,a6177608,0.0
2025-03-31T13:12:00Z,147abc6a,8bab4dff,a6177608,0.0
2025-03-31T13:15:00Z,147abc6a,8bab4dff,a6177608,0.0
2025-03-31T13:18:00Z,147abc6a,8bab4dff,a6177608,0.0
2025-03-31T13:21:00Z,147abc6a,8bab4dff,a6177608,0.0
2025-03-31T13:24:00Z,147abc6a,8bab4dff,a6177608,0.0
2025-03-31T13:27:00Z,147abc6a,8bab4dff,a6177608,0.0
2025-03-31T13:30:00Z,147abc6a,8bab4dff,a6177608,0.0
2025-03-31T13:33:00Z,147abc6a,8bab4dff,a6177608,0.0
2025-03-31T13:36:00Z,147abc6a,8bab4dff,a6177608,0.0
2025-03-31T13:39:00Z,147abc6a,8bab4dff,a6177608,0.0
2025-03-31T13:42:00Z,147abc6a,8bab4dff,a6177608,0.0
2025-03-31T13:45:00Z,147abc6a,8bab4dff,a6177608,0.0
2025-03-31T13:48:00Z,147abc6a,8bab4dff,a6177608,0.0
2025-03-31T13:51:00Z,147abc6a,8bab4dff,a6177608,0.0
2025-03-31T13:54:00Z,147abc6a,8bab4dff,a6177608,0.0
2025-03-31T13:57:00Z,147abc6a,8bab4dff,a6177608,0.0
2025-03-31T14:00:00Z,147abc6a,8bab4dff,a6177608,0.0
2025-03-31T14:03:00Z,147abc6a,8bab4dff,a6177608,0.0
2025-03-31T14:06:00Z,147abc6a,8bab4dff,a6177608,0.0
2025-03-31T14:09:00Z,147abc6a,8bab4dff,a6177608,0.0
2025-03-31T14:12:00Z,147abc6a,8bab4dff,a6177608,0.0
2025-03-31T14:15:00Z,147abc6a,8bab4dff,a6177608,0.0
2025-03-31T14:18:00Z,147abc6a,8bab4dff,a6177608,0.0
2025-03-31T14:21:00Z,147abc6a,8bab4dff,a6177608,0.0
2025-03-31T14:24:00Z,147abc6a,8bab4dff,a6177608,0.0
2025-03-31T14:27:00Z,147abc6a,8bab4dff,a6177608,0.0
2025-03-31T14:30:00Z,147abc6a,8bab4dff,a6177608,0.0
2025-03-31T14:33:00Z,147abc6a,8bab4dff,a6177608,0.0
2025-03-31T14:36:00Z,147abc6a,8bab4dff,a6177608,0.0
2025-03-31T14:39:00Z,147abc6a,8bab4dff,a6177608,0.0
2025-03-31T14:42:00Z,147abc6a,8bab4dff,a6177608,0.0
2025-03-31T14:45:00Z,147abc6a,8bab4dff,a6177608,0.0
2025-03-31T14:48:00Z,147abc6a,8bab4dff,a6177608,0.0
2025-03-31T14:51:00Z,147abc6a,8bab4dff,a6177608,0.0
2025-03-31T14:54:00Z,147abc6a,8bab4dff,a6177608,0.0
2025-03-31T14:57:00Z,147abc6a,8bab4dff,a6177608,0.0
2025-03-31T15:00:00Z,147abc6a,8bab4dff,a6177608,0.0
2025-03-31T15:03:00Z,147abc6a,8bab4dff,a6177608,0.0
2025-03-31T15:06:00Z,147abc6a,8bab4dff,a6177608,0.0
2025-03-31T15:09:00Z,147abc6a,8bab4dff,a6177608,0.0
2025-03-31T15:12:00Z,147abc6a,8bab4dff,a6177608,0.0
2025-03-31T15:15:00Z,147abc6a,8bab4dff,a6177608,0.0
2025-03-31T15:18:00Z,147abc6a,8bab4dff,a6177608,0.0
2025-03-31T15:21:00Z,147abc6a,8bab4dff,a6177608,0.0
2025-03-31T15:24:00Z,147abc6a,8bab4dff,a6177608,0.0
2025-03-31T15:27:00Z,147abc6a,8bab4dff,a6177608,0.0
2025-03-31T15:30:00Z,147abc6a,8bab4dff,a6177608,0.0
2025-03-31T15:33:00Z,147abc6a,8bab4dff,a6177608,0.0
2025-03-31T15:36:00Z,147abc6a,8bab4dff,a6177608,0.0
2025-03-31T15:39:00Z,147abc6a,8bab4dff,a6177608,0.0
2025-03-31T15:42:00Z,147abc6a,8bab4dff,a6177608,0.0
2025-03-31T15:45:00Z,147abc6a,8bab4dff,a6177608,0.0
2025-03-31T15:48:00Z,147abc6a,8bab4dff,a6177608,0.0
2025-03-31T15:51:00Z,147abc6a,8bab4dff,a6177608,0.0
2025-03-31T15:54:00Z,147abc6a,8bab4dff,a6177608,0.0
2025-03-31T15:57:00Z,147abc6a,8bab4dff,a6177608,0.0
2025-03-31T16:00:00Z,147abc6a,8bab4dff,a6177608,0.0
2025-03-31T16:03:00Z,147abc6a,8bab4dff,a6177608,0.0
2025-03-31T16:06:00Z,147abc6a,8bab4dff,a6177608,0.0
2025-03-31T16:09:00Z,147abc6a,8bab4dff,a6177608,0.0
2025-03-31T16:12:00Z,147abc6a,8bab4dff,a6177608,0.0
2025-03-31T16:15:00Z,147abc6a,8bab4dff,a6177608,0.0
2025-03-31T16:18:00Z,147abc6a,8bab4dff,a6177608,0.0
2025-03-31T16:21:00Z,147abc6a,8bab4dff,a6177608,0.0
2025-03-31T16:24:00Z,147abc6a,8bab4dff,a6177608,0.0
2025-03-31T16:27:00Z,147abc6a,8bab4dff,a6177608,0.0
2025-03-31T16:30:00Z,147abc6a,8bab4dff,a6177608,0.0
2025-03-31T16:33:00Z,147abc6a,8bab4dff,a6177608,0.0
2025-03-31T16:36:00Z,147abc6a,8bab4dff,a6177608,0.0
2025-03-31T16:39:00Z,147abc6a,8bab4dff,a6177608,0.0
2025-03-31T16:42:00Z,147abc6a,8bab4dff,a6177608,0.0
2025-03-31T16:45:00Z,147abc6a,8bab4dff,a6177608,0.0
2025-03-31T16:48:00Z,147abc6a,8bab4dff,a6177608,0.0
2025-03-31T16:51:00Z,147abc6a,8bab4dff,a6177608,0.0
2025-03-31T16:54:00Z,147abc6a,8bab4dff,a6177608,0.0
2025-03-31T16:57:00Z,147abc6a,8bab4dff,a6177608,0.0
2025-03-31T17:00:00Z,147abc6a,8bab4dff,a6177608,0.0
2025-03-31T17:03:00Z,147abc6a,8bab4dff,a6177608,0.0
2025-03-31T17:06:00Z,147abc6a,8bab4dff,a6177608,0.0
2025-03-31T17:09:00Z,147abc6a,8bab4dff,a6177608,0.0
2025-03-31T17:12:00Z,147abc6a,8bab4dff,a6177608,0.0
2025-03-31T17:15:00Z,147abc6a,8bab4dff,a6177608,0.0
2025-03-31T17:18:00Z,147abc6a,8bab4dff,a6177608,0.0
2025-03-31T17:21:00Z,147abc6a,8bab4dff,a6177608,0.0
2025-03-31T17:24:00Z,147abc6a,8bab4dff,a6177608,0.0
2025-03-31T17:27:00Z,147abc6a,8bab4dff,a6177608,0.0
2025-03-31T17:30:00Z,147abc6a,8bab4dff,a6177608,0.0
2025-03-31T17:33:00Z,147abc6a,8bab4dff,a6177608,0.0
2025-03-31T17:36:00Z,147abc6a,8bab4dff,a6177608,0.0
2025-03-31T17:39:00Z,147abc6a,8bab4dff,a6177608,0.0
2025-03-31T17:42:00Z,147abc6a,8bab4dff,a6177608,0.0
2025-03-31T17:45:00Z,147abc6a,8bab4dff,a6177608,0.0
2025-03-31T17:48:00Z,147abc6a,8bab4dff,a6177608,0.0
2025-03-31T17:51:00Z,147abc6a,8bab4dff,a6177608,0.0
2025-03-31T17:54:00Z,147abc6a,8bab4dff,a6177608,0.0
2025-03-31T17:57:00Z,147abc6a,8bab4dff,a6177608,0.0
2025-03-31T18:00:00Z,147abc6a,8bab4dff,a6177608,0.0
2025-03-31T18:03:00Z,147abc6a,8bab4dff,a6177608,0.0
2025-03-31T18:06:00Z,147abc6a,8bab4dff,a6177608,0.0
2025-03-31T18:09:00Z,147abc6a,8bab4dff,a6177608,0.0
2025-03-31T18:12:00Z,147abc6a,8bab4dff,a6177608,0.0
2025-03-31T18:15:00Z,147abc6a,8bab4dff,a6177608,0.0
2025-03-31T18:18:00Z,147abc6a,8bab4dff,a6177608,0.0
2025-03-31T18:21:00Z,147abc6a,8bab4dff,a6177608,0.0
2025-03-31T18:24:00Z,147abc6a,8bab4dff,a6177608,0.0
2025-03-31T18:27:00Z,147abc6a,8bab4dff,a6177608,0.0
2025-03-31T18:30:00Z,147abc6a,8bab4dff,a6177608,0.0
2025-03-31T18:33:00Z,147abc6a,8bab4dff,a6177608,0.0
2025-03-31T18:36:00Z,147abc6a,8bab4dff,a6177608,0.0
2025-03-31T18:39:00Z,147abc6a,8bab4dff,a6177608,0.0
2025-03-31T18:42:00Z,147abc6a,8bab4dff,a6177608,0.0
2025-03-31T18:45:00Z,147abc6a,8bab4dff,a6177608,0.0
2025-03-31T18:48:00Z,147abc6a,8bab4dff,a6177608,0.0
2025-03-31T18:51:00Z,147abc6a,8bab4dff,a6177608,0.0
2025-03-31T18:54:00Z,147abc6a,8bab4dff,a6177608,0.0
2025-03-31T18:57:00Z,147abc6a,8bab4dff,a6177608,0.0
2025-03-31T19:00:00Z,147abc6a,8bab4dff,a6177608,0.0
2025-03-31T19:03:00Z,147abc6a,8bab4dff,a6177608,0.0
2025-03-31T19:06:00Z,147abc6a,8bab4dff,a6177608,0.0
2025-03-31T19:09:00Z,147abc6a,8bab4dff,a6177608,0.0
2025-03-31T19:12:00Z,147abc6a,8bab4dff,a6177608,0.0
2025-03-31T19:15:00Z,147abc6a,8bab4dff,a6177608,0.0
2025-03-31T19:18:00Z,147abc6a,8bab4dff,a6177608,0.0
2025-03-31T19:21:00Z,147abc6a,8bab4dff,a6177608,0.0
2025-03-31T19:24:00Z,147abc6a,8bab4dff,a6177608,0.0
2025-03-31T19:27:00Z,147abc6a,8bab4dff,a6177608,0.0
2025-03-31T19:30:00Z,147abc6a,8bab4dff,a6177608,0.0
2025-03-31T19:33:00Z,147abc6a,8bab4dff,a6177608,0.0
2025-03-31T19:36:00Z,147abc6a,8bab4dff,a6177608,0.0
2025-03-31T19:39:00Z,147abc6a,8bab4dff,a6177608,0.0
2025-03-31T19:42:00Z,147abc6a,8bab4dff,a6177608,0.0
2025-03-31T19:45:00Z,147abc6a,8bab4dff,a6177608,0.0
2025-03-31T19:48:00Z,147abc6a,8bab4dff,a6177608,0.0
2025-03-31T19:51:00Z,147abc6a,8bab4dff,a6177608,0.0
2025-03-31T19:54:00Z,147abc6a,8bab4dff,a6177608,0.0
2025-03-31T19:57:00Z,147abc6a,8bab4dff,a6177608,0.0
2025-03-31T20:00:00Z,147abc6a,8bab4dff,a6177608,0.0
2025-03-31T20:03:00Z,147abc6a,8bab4dff,a6177608,0.0
2025-03-31T20:06:00Z,147abc6a,8bab4dff,a6177608,0.0
2025-03-31T20:09:00Z,147abc6a,8bab4dff,a6177608,0.0
2025-03-31T20:12:00Z,147abc6a,8bab4dff,a6177608,0.0
2025-03-31T20:15:00Z,147abc6a,8bab4dff,a6177608,0.0
2025-03-31T20:18:00Z,147abc6a,8bab4dff,a6177608,0.0
2025-03-31T20:21:00Z,147abc6a,8bab4dff,a6177608,0.0
2025-03-31T20:24:00Z,147abc6a,8bab4dff,a6177608,0.0
2025-03-31T20:27:00Z,147abc6a,8bab4dff,a6177608,0.0
2025-03-31T20:30:00Z,147abc6a,8bab4dff,a6177608,0.0
2025-03-31T20:33:00Z,147abc6a,8bab4dff,a6177608,0.0
2025-03-31T20:36:00Z,147abc6a,8bab4dff,a6177608,0.0
2025-03-31T20:39:00Z,147abc6a,8bab4dff,a6177608,0.0
2025-03-31T20:42:00Z,147abc6a,8bab4dff,a6177608,0.0
2025-03-31T20:45:00Z,147abc6a,8bab4dff,a6177608,0.0
2025-03-31T20:48:00Z,147abc6a,8bab4dff,a6177608,0.0
2025-03-31T20:51:00Z,147abc6a,8bab4dff,a6177608,0.0
2025-03-31T20:54:00Z,147abc6a,8bab4dff,a6177608,0.0
2025-03-31T20:57:00Z,147abc6a,8bab4dff,a6177608,0.0
2025-03-31T21:00:00Z,147abc6a,8bab4dff,a6177608,0.0
2025-03-31T21:03:00Z,147abc6a,8bab4dff,a6177608,0.0
2025-03-31T21:06:00Z,147abc6a,8bab4dff,a6177608,0.0
2025-03-31T21:09:00Z,147abc6a,8bab4dff,a6177608,0.0
2025-03-31T21:12:00Z,147abc6a,8bab4dff,a6177608,0.0
2025-03-31T21:15:00Z,147abc6a,8bab4dff,a6177608,0.0
2025-03-31T21:18:00Z,147abc6a,8bab4dff,a6177608,0.0
2025-03-31T21:21:00Z,147abc6a,8bab4dff,a6177608,0.0
2025-03-31T21:24:00Z,147abc6a,8bab4dff,a6177608,0.0
2025-03-31T21:27:00Z,147abc6a,8bab4dff,a6177608,0.0
2025-03-31T21:30:00Z,147abc6a,8bab4dff,a6177608,0.0
2025-03-31T21:33:00Z,147abc6a,8bab4dff,a6177608,0.0
2025-03-31T21:36:00Z,147abc6a,8bab4dff,a6177608,0.0
2025-03-31T21:39:00Z,147abc6a,8bab4dff,a6177608,0.0
2025-03-31T21:42:00Z,147abc6a,8bab4dff,a6177608,0.0
2025-03-31T21:45:00Z,147abc6a,8bab4dff,a6177608,0.0
2025-03-31T21:48:00Z,147abc6a,8bab4dff,a6177608,0.0
2025-03-31T21:51:00Z,147abc6a,8bab4dff,a6177608,0.01
2025-03-31T21:54:00Z,147abc6a,8bab4dff,a6177608,0.0
2025-03-31T21:57:00Z,147abc6a,8bab4dff,a6177608,0.0
2025-03-31T22:00:00Z,147abc6a,8bab4dff,a6177608,0.0
2025-03-31T22:03:00Z,147abc6a,8bab4dff,a6177608,0.0
2025-03-31T22:06:00Z,147abc6a,8bab4dff,a6177608,0.0
2025-03-31T22:09:00Z,147abc6a,8bab4dff,a6177608,0.0
2025-03-31T22:12:00Z,147abc6a,8bab4dff,a6177608,0.0
2025-03-31T22:15:00Z,147abc6a,8bab4dff,a6177608,0.0
2025-03-31T22:18:00Z,147abc6a,8bab4dff,a6177608,0.0
2025-03-31T22:21:00Z,147abc6a,8bab4dff,a6177608,0.0
2025-03-31T22:24:00Z,147abc6a,8bab4dff,a6177608,0.0
2025-03-31T22:27:00Z,147abc6a,8bab4dff,a6177608,0.0
2025-03-31T22:30:00Z,147abc6a,8bab4dff,a6177608,0.0
2025-03-31T22:33:00Z,147abc6a,8bab4dff,a6177608,0.01
2025-03-31T22:36:00Z,147abc6a,8bab4dff,a6177608,0.0
2025-03-31T22:39:00Z,147abc6a,8bab4dff,a6177608,0.0
2025-03-31T22:42:00Z,147abc6a,8bab4dff,a6177608,0.0
2025-03-31T22:45:00Z,147abc6a,8bab4dff,a6177608,0.0
2025-03-31T22:48:00Z,147abc6a,8bab4dff,a6177608,0.0
2025-03-31T22:51:00Z,147abc6a,8bab4dff,a6177608,0.0
2025-03-31T22:54:00Z,147abc6a,8bab4dff,a6177608,0.0
2025-03-31T22:57:00Z,147abc6a,8bab4dff,a6177608,0.0
2025-03-31T23:00:00Z,147abc6a,8bab4dff,a6177608,0.0
2025-03-31T23:03:00Z,147abc6a,8bab4dff,a6177608,0.0
2025-03-31T23:06:00Z,147abc6a,8bab4dff,a6177608,0.0
2025-03-31T23:09:00Z,147abc6a,8bab4dff,a6177608,0.0
2025-03-31T23:12:00Z,147abc6a,8bab4dff,a6177608,0.0
2025-03-31T23:15:00Z,147abc6a,8bab4dff,a6177608,0.0
2025-03-31T23:18:00Z,147abc6a,8bab4dff,a6177608,0.0
2025-03-31T23:21:00Z,147abc6a,8bab4dff,a6177608,0.0
2025-03-31T23:24:00Z,147abc6a,8bab4dff,a6177608,0.0
2025-03-31T23:27:00Z,147abc6a,8bab4dff,a6177608,0.0
2025-03-31T23:30:00Z,147abc6a,8bab4dff,a6177608,0.0
2025-03-31T23:33:00Z,147abc6a,8bab4dff,a6177608,0.0
2025-03-31T23:36:00Z,147abc6a,8bab4dff,a6177608,0.0
2025-03-31T23:39:00Z,147abc6a,8bab4dff,a6177608,0.0
2025-03-31T23:42:00Z,147abc6a,8bab4dff,a6177608,0.0
2025-03-31T23:45:00Z,147abc6a,8bab4dff,a6177608,0.0
2025-03-31T23:48:00Z,147abc6a,8bab4dff,a6177608,0.0
2025-03-31T23:51:00Z,147abc6a,8bab4dff,a6177608,0.0
2025-03-31T23:54:00Z,147abc6a,8bab4dff,a6177608,0.0
2025-03-31T23:57:00Z,147abc6a,8bab4dff,a6177608,0.0
2025-04-01T00:00:00Z,147abc6a,8bab4dff,a6177608,0.0
2025-04-01T00:03:00Z,147abc6a,8bab4dff,a6177608,0.0
2025-04-01T00:06:00Z,147abc6a,8bab4dff,a6177608,0.0
2025-04-01T00:09:00Z,147abc6a,8bab4dff,a6177608,0.0
2025-04-01T00:12:00Z,147abc6a,8bab4dff,a6177608,0.0
2025-04-01T00:15:00Z,147abc6a,8bab4dff,a6177608,0.0
2025-04-01T00:18:00Z,147abc6a,8bab4dff,a6177608,0.0
2025-04-01T00:21:00Z,147abc6a,8bab4dff,a6177608,0.0
2025-04-01T00:24:00Z,147abc6a,8bab4dff,a6177608,0.0
2025-04-01T00:27:00Z,147abc6a,8bab4dff,a6177608,0.0
2025-04-01T00:30:00Z,147abc6a,8bab4dff,a6177608,0.0
2025-04-01T00:33:00Z,147abc6a,8bab4dff,a6177608,0.0
2025-04-01T00:36:00Z,147abc6a,8bab4dff,a6177608,0.0
2025-04-01T00:39:00Z,147abc6a,8bab4dff,a6177608,0.0
2025-04-01T00:42:00Z,147abc6a,8bab4dff,a6177608,0.0
2025-04-01T00:45:00Z,147abc6a,8bab4dff,a6177608,0.0
2025-04-01T00:48:00Z,147abc6a,8bab4dff,a6177608,0.0
2025-04-01T00:51:00Z,147abc6a,8bab4dff,a6177608,0.0
2025-04-01T00:54:00Z,147abc6a,8bab4dff,a6177608,0.0
2025-04-01T00:57:00Z,147abc6a,8bab4dff,a6177608,0.0
2025-04-01T01:00:00Z,147abc6a,8bab4dff,a6177608,0.0
2025-04-01T01:03:00Z,147abc6a,8bab4dff,a6177608,0.0
2025-04-01T01:06:00Z,147abc6a,8bab4dff,a6177608,0.0
2025-04-01T01:09:00Z,147abc6a,8bab4dff,a6177608,0.0
2025-04-01T01:12:00Z,147abc6a,8bab4dff,a6177608,0.0
2025-04-01T01:15:00Z,147abc6a,8bab4dff,a6177608,0.0
2025-04-01T01:18:00Z,147abc6a,8bab4dff,a6177608,0.0
2025-04-01T01:21:00Z,147abc6a,8bab4dff,a6177608,0.0
2025-04-01T01:24:00Z,147abc6a,8bab4dff,a6177608,0.0
2025-04-01T01:27:00Z,147abc6a,8bab4dff,a6177608,0.0
2025-04-01T01:30:00Z,147abc6a,8bab4dff,a6177608,0.0
2025-04-01T01:33:00Z,147abc6a,8bab4dff,a6177608,0.0
2025-04-01T01:36:00Z,147abc6a,8bab4dff,a6177608,0.0
2025-04-01T01:39:00Z,147abc6a,8bab4dff,a6177608,0.0
2025-04-01T01:42:00Z,147abc6a,8bab4dff,a6177608,0.0
2025-04-01T01:45:00Z,147abc6a,8bab4dff,a6177608,0.0
2025-04-01T01:48:00Z,147abc6a,8bab4dff,a6177608,0.0
2025-04-01T01:51:00Z,147abc6a,8bab4dff,a6177608,0.0
2025-04-01T01:54:00Z,147abc6a,8bab4dff,a6177608,0.0
2025-04-01T01:57:00Z,147abc6a,8bab4dff,a6177608,0.0
2025-04-01T02:00:00Z,147abc6a,8bab4dff,a6177608,0.0
2025-04-01T02:03:00Z,147abc6a,8bab4dff,a6177608,0.0
2025-04-01T02:06:00Z,147abc6a,8bab4dff,a6177608,0.0
2025-04-01T02:09:00Z,147abc6a,8bab4dff,a6177608,0.0
2025-04-01T02:12:00Z,147abc6a,8bab4dff,a6177608,0.0
2025-04-01T02:15:00Z,147abc6a,8bab4dff,a6177608,0.0
2025-04-01T02:18:00Z,147abc6a,8bab4dff,a6177608,0.0
2025-04-01T02:21:00Z,147abc6a,8bab4dff,a6177608,0.0
2025-04-01T02:24:00Z,147abc6a,8bab4dff,a6177608,0.0
2025-04-01T02:27:00Z,147abc6a,8bab4dff,a6177608,0.0
2025-04-01T02:30:00Z,147abc6a,8bab4dff,a6177608,0.0
2025-04-01T02:33:00Z,147abc6a,8bab4dff,a6177608,0.0
2025-04-01T02:36:00Z,147abc6a,8bab4dff,a6177608,0.0
2025-04-01T02:39:00Z,147abc6a,8bab4dff,a6177608,0.0
2025-04-01T02:42:00Z,147abc6a,8bab4dff,a6177608,0.0
2025-04-01T02:45:00Z,147abc6a,8bab4dff,a6177608,0.0
2025-04-01T02:48:00Z,147abc6a,8bab4dff,a6177608,0.0
2025-04-01T02:51:00Z,147abc6a,8bab4dff,a6177608,0.0
2025-04-01T02:54:00Z,147abc6a,8bab4dff,a6177608,0.0
2025-04-01T02:57:00Z,147abc6a,8bab4dff,a6177608,0.0
2025-04-01T03:00:00Z,147abc6a,8bab4dff,a6177608,0.0
2025-04-01T03:03:00Z,147abc6a,8bab4dff,a6177608,0.0
2025-04-01T03:06:00Z,147abc6a,8bab4dff,a6177608,0.0
2025-04-01T03:09:00Z,147abc6a,8bab4dff,a6177608,0.0
2025-04-01T03:12:00Z,147abc6a,8bab4dff,a6177608,0.0
2025-04-01T03:15:00Z,147abc6a,8bab4dff,a6177608,0.0
2025-04-01T03:18:00Z,147abc6a,8bab4dff,a6177608,0.0
2025-04-01T03:21:00Z,147abc6a,8bab4dff,a6177608,0.0
2025-04-01T03:24:00Z,147abc6a,8bab4dff,a6177608,0.01
2025-04-01T03:27:00Z,147abc6a,8bab4dff,a6177608,0.0
2025-04-01T03:30:00Z,147abc6a,8bab4dff,a6177608,0.0
2025-04-01T03:33:00Z,147abc6a,8bab4dff,a6177608,0.0
2025-04-01T03:36:00Z,147abc6a,8bab4dff,a6177608,0.0
2025-04-01T03:39:00Z,147abc6a,8bab4dff,a6177608,0.0
2025-04-01T03:42:00Z,147abc6a,8bab4dff,a6177608,0.0
2025-04-01T03:45:00Z,147abc6a,8bab4dff,a6177608,0.0
2025-04-01T03:48:00Z,147abc6a,8bab4dff,a6177608,0.0
2025-04-01T03:51:00Z,147abc6a,8bab4dff,a6177608,0.0
2025-04-01T03:54:00Z,147abc6a,8bab4dff,a6177608,0.0
2025-04-01T03:57:00Z,147abc6a,8bab4dff,a6177608,0.0
2025-04-01T04:00:00Z,147abc6a,8bab4dff,a6177608,0.0
2025-04-01T04:03:00Z,147abc6a,8bab4dff,a6177608,0.0
2025-04-01T04:06:00Z,147abc6a,8bab4dff,a6177608,0.0
2025-04-01T04:09:00Z,147abc6a,8bab4dff,a6177608,0.0
2025-04-01T04:12:00Z,147abc6a,8bab4dff,a6177608,0.0
2025-04-01T04:15:00Z,147abc6a,8bab4dff,a6177608,0.0
2025-04-01T04:18:00Z,147abc6a,8bab4dff,a6177608,0.0
2025-04-01T04:21:00Z,147abc6a,8bab4dff,a6177608,0.0
2025-04-01T04:24:00Z,147abc6a,8bab4dff,a6177608,0.23
2025-04-01T04:27:00Z,147abc6a,8bab4dff,a6177608,0.0
2025-04-01T04:30:00Z,147abc6a,8bab4dff,a6177608,0.0
2025-04-01T04:33:00Z,147abc6a,8bab4dff,a6177608,0.0
2025-04-01T04:36:00Z,147abc6a,8bab4dff,a6177608,0.0
2025-04-01T04:39:00Z,147abc6a,8bab4dff,a6177608,0.0
2025-04-01T04:42:00Z,147abc6a,8bab4dff,a6177608,0.0
2025-04-01T04:45:00Z,147abc6a,8bab4dff,a6177608,0.0
2025-04-01T04:48:00Z,147abc6a,8bab4dff,a6177608,0.0
2025-04-01T04:51:00Z,147abc6a,8bab4dff,a6177608,0.0
2025-04-01T04:54:00Z,147abc6a,8bab4dff,a6177608,0.0
2025-04-01T04:57:00Z,147abc6a,8bab4dff,a6177608,0.0
2025-04-01T05:00:00Z,147abc6a,8bab4dff,a6177608,0.0
2025-04-01T05:03:00Z,147abc6a,8bab4dff,a6177608,0.0
2025-04-01T05:06:00Z,147abc6a,8bab4dff,a6177608,0.0
2025-04-01T05:09:00Z,147abc6a,8bab4dff,a6177608,0.0
2025-04-01T05:12:00Z,147abc6a,8bab4dff,a6177608,0.0
2025-04-01T05:15:00Z,147abc6a,8bab4dff,a6177608,0.0
2025-04-01T05:18:00Z,147abc6a,8bab4dff,a6177608,0.0
2025-04-01T05:21:00Z,147abc6a,8bab4dff,a6177608,0.0
2025-04-01T05:24:00Z,147abc6a,8bab4dff,a6177608,0.01
2025-04-01T05:27:00Z,147abc6a,8bab4dff,a6177608,0.01
2025-04-01T05:30:00Z,147abc6a,8bab4dff,a6177608,0.01
2025-04-01T05:33:00Z,147abc6a,8bab4dff,a6177608,0.01
2025-04-01T05:36:00Z,147abc6a,8bab4dff,a6177608,0.02
2025-04-01T05:39:00Z,147abc6a,8bab4dff,a6177608,0.02
2025-04-01T05:42:00Z,147abc6a,8bab4dff,a6177608,0.02
2025-04-01T05:45:00Z,147abc6a,8bab4dff,a6177608,0.02
2025-04-01T05:48:00Z,147abc6a,8bab4dff,a6177608,0.02
2025-04-01T05:51:00Z,147abc6a,8bab4dff,a6177608,0.02
2025-04-01T05:54:00Z,147abc6a,8bab4dff,a6177608,0.02
2025-04-01T05:57:00Z,147abc6a,8bab4dff,a6177608,0.02
2025-04-01T06:00:00Z,147abc6a,8bab4dff,a6177608,0.02
2025-04-01T06:03:00Z,147abc6a,8bab4dff,a6177608,0.02
2025-04-01T06:06:00Z,147abc6a,8bab4dff,a6177608,0.02
2025-04-01T06:09:00Z,147abc6a,8bab4dff,a6177608,0.02
2025-04-01T06:12:00Z,147abc6a,8bab4dff,a6177608,0.02
2025-04-01T06:15:00Z,147abc6a,8bab4dff,a6177608,0.02
2025-04-01T06:18:00Z,147abc6a,8bab4dff,a6177608,0.1
2025-04-01T06:21:00Z,147abc6a,8bab4dff,a6177608,0.02
2025-04-01T06:24:00Z,147abc6a,8bab4dff,a6177608,0.02
2025-04-01T06:27:00Z,147abc6a,8bab4dff,a6177608,0.0
2025-04-01T06:30:00Z,147abc6a,8bab4dff,a6177608,0.0
2025-04-01T06:33:00Z,147abc6a,8bab4dff,a6177608,0.0
2025-04-01T06:36:00Z,147abc6a,8bab4dff,a6177608,0.0
2025-04-01T06:39:00Z,147abc6a,8bab4dff,a6177608,0.0
2025-04-01T06:42:00Z,147abc6a,8bab4dff,a6177608,0.0
2025-04-01T06:45:00Z,147abc6a,8bab4dff,a6177608,0.0
2025-04-01T06:48:00Z,147abc6a,8bab4dff,a6177608,0.0
2025-04-01T06:51:00Z,147abc6a,8bab4dff,a6177608,0.0
2025-04-01T06:54:00Z,147abc6a,8bab4dff,a6177608,0.0
2025-04-01T06:57:00Z,147abc6a,8bab4dff,a6177608,0.0
2025-04-01T07:00:00Z,147abc6a,8bab4dff,a6177608,0.0
2025-04-01T07:03:00Z,147abc6a,8bab4dff,a6177608,0.0
2025-04-01T07:06:00Z,147abc6a,8bab4dff,a6177608,0.0
2025-04-01T07:09:00Z,147abc6a,8bab4dff,a6177608,0.0
2025-04-01T07:12:00Z,147abc6a,8bab4dff,a6177608,0.0
2025-04-01T07:15:00Z,147abc6a,8bab4dff,a6177608,0.0
2025-04-01T07:18:00Z,147abc6a,8bab4dff,a6177608,0.25
2025-04-01T07:21:00Z,147abc6a,8bab4dff,a6177608,0.15
2025-04-01T07:24:00Z,147abc6a,8bab4dff,a6177608,0.0
2025-04-01T07:27:00Z,147abc6a,8bab4dff,a6177608,0.0
2025-04-01T07:30:00Z,147abc6a,8bab4dff,a6177608,0.07
2025-04-01T07:33:00Z,147abc6a,8bab4dff,a6177608,0.0
2025-04-01T07:36:00Z,147abc6a,8bab4dff,a6177608,0.0
2025-04-01T07:39:00Z,147abc6a,8bab4dff,a6177608,0.0
2025-04-01T07:42:00Z,147abc6a,8bab4dff,a6177608,0.0
2025-04-01T07:45:00Z,147abc6a,8bab4dff,a6177608,0.0
2025-04-01T07:48:00Z,147abc6a,8bab4dff,a6177608,0.0
2025-04-01T07:51:00Z,147abc6a,8bab4dff,a6177608,0.0
2025-04-01T07:54:00Z,147abc6a,8bab4dff,a6177608,0.0
2025-04-01T07:57:00Z,147abc6a,8bab4dff,a6177608,0.0
2025-04-01T08:00:00Z,147abc6a,8bab4dff,a6177608,0.0
2025-04-01T08:03:00Z,147abc6a,8bab4dff,a6177608,0.0
2025-04-01T08:06:00Z,147abc6a,8bab4dff,a6177608,0.0
2025-04-01T08:09:00Z,147abc6a,8bab4dff,a6177608,0.0
2025-04-01T08:12:00Z,147abc6a,8bab4dff,a6177608,0.0
2025-04-01T08:15:00Z,147abc6a,8bab4dff,a6177608,0.0
2025-04-01T08:18:00Z,147abc6a,8bab4dff,a6177608,0.0
2025-04-01T08:21:00Z,147abc6a,8bab4dff,a6177608,0.0
2025-04-01T08:24:00Z,147abc6a,8bab4dff,a6177608,0.05
2025-04-01T08:27:00Z,147abc6a,8bab4dff,a6177608,0.0
2025-04-01T08:30:00Z,147abc6a,8bab4dff,a6177608,0.0
2025-04-01T08:33:00Z,147abc6a,8bab4dff,a6177608,0.0
2025-04-01T08:36:00Z,147abc6a,8bab4dff,a6177608,0.0
2025-04-01T08:39:00Z,147abc6a,8bab4dff,a6177608,0.0
2025-04-01T08:42:00Z,147abc6a,8bab4dff,a6177608,0.0
2025-04-01T08:45:00Z,147abc6a,8bab4dff,a6177608,0.0
2025-04-01T08:48:00Z,147abc6a,8bab4dff,a6177608,0.0
2025-04-01T08:51:00Z,147abc6a,8bab4dff,a6177608,0.0
2025-04-01T08:54:00Z,147abc6a,8bab4dff,a6177608,0.0
2025-04-01T08:57:00Z,147abc6a,8bab4dff,a6177608,0.0
2025-04-01T09:00:00Z,147abc6a,8bab4dff,a6177608,0.0
2025-04-01T09:03:00Z,147abc6a,8bab4dff,a6177608,0.0
2025-04-01T09:06:00Z,147abc6a,8bab4dff,a6177608,0.0
2025-04-01T09:09:00Z,147abc6a,8bab4dff,a6177608,0.0
2025-04-01T09:12:00Z,147abc6a,8bab4dff,a6177608,0.0
2025-04-01T09:15:00Z,147abc6a,8bab4dff,a6177608,0.0
2025-04-01T09:18:00Z,147abc6a,8bab4dff,a6177608,0.0
2025-04-01T09:21:00Z,147abc6a,8bab4dff,a6177608,0.0
2025-04-01T09:24:00Z,147abc6a,8bab4dff,a6177608,0.0
2025-04-01T09:27:00Z,147abc6a,8bab4dff,a6177608,0.0
2025-04-01T09:30:00Z,147abc6a,8bab4dff,a6177608,0.0
2025-04-01T09:33:00Z,147abc6a,8bab4dff,a6177608,0.0
2025-04-01T09:36:00Z,147abc6a,8bab4dff,a6177608,0.0
2025-04-01T09:39:00Z,147abc6a,8bab4dff,a6177608,0.0
2025-04-01T09:42:00Z,147abc6a,8bab4dff,a6177608,0.0
2025-04-01T09:45:00Z,147abc6a,8bab4dff,a6177608,0.0
2025-04-01T09:48:00Z,147abc6a,8bab4dff,a6177608,0.0
2025-04-01T09:51:00Z,147abc6a,8bab4dff,a6177608,0.0
2025-04-01T09:54:00Z,147abc6a,8bab4dff,a6177608,0.0
2025-04-01T09:57:00Z,147abc6a,8bab4dff,a6177608,0.0
2025-04-01T10:00:00Z,147abc6a,8bab4dff,a6177608,0.0
2025-04-01T10:03:00Z,147abc6a,8bab4dff,a6177608,0.0
2025-04-01T10:06:00Z,147abc6a,8bab4dff,a6177608,0.0
2025-04-01T10:09:00Z,147abc6a,8bab4dff,a6177608,0.0
2025-04-01T10:12:00Z,147abc6a,8bab4dff,a6177608,0.0
2025-04-01T10:15:00Z,147abc6a,8bab4dff,a6177608,0.0
2025-04-01T10:18:00Z,147abc6a,8bab4dff,a6177608,0.0
2025-04-01T10:21:00Z,147abc6a,8bab4dff,a6177608,0.0
2025-04-01T10:24:00Z,147abc6a,8bab4dff,a6177608,0.0
2025-04-01T10:27:00Z,147abc6a,8bab4dff,a6177608,0.0
2025-04-01T10:30:00Z,147abc6a,8bab4dff,a6177608,0.0
2025-04-01T10:33:00Z,147abc6a,8bab4dff,a6177608,0.0
2025-04-01T10:36:00Z,147abc6a,8bab4dff,a6177608,0.0
2025-04-01T10:39:00Z,147abc6a,8bab4dff,a6177608,0.0
2025-04-01T10:42:00Z,147abc6a,8bab4dff,a6177608,0.0
2025-04-01T10:45:00Z,147abc6a,8bab4dff,a6177608,0.0
2025-04-01T10:48:00Z,147abc6a,8bab4dff,a6177608,0.0
2025-04-01T10:51:00Z,147abc6a,8bab4dff,a6177608,0.0
2025-04-01T10:54:00Z,147abc6a,8bab4dff,a6177608,0.0
2025-04-01T10:57:00Z,147abc6a,8bab4dff,a6177608,0.0
2025-04-01T11:00:00Z,147abc6a,8bab4dff,a6177608,0.0
2025-04-01T11:03:00Z,147abc6a,8bab4dff,a6177608,0.0
2025-04-01T11:06:00Z,147abc6a,8bab4dff,a6177608,0.0
2025-04-01T11:09:00Z,147abc6a,8bab4dff,a6177608,0.0
2025-04-01T11:12:00Z,147abc6a,8bab4dff,a6177608,0.0
2025-04-01T11:15:00Z,147abc6a,8bab4dff,a6177608,0.0
2025-04-01T11:18:00Z,147abc6a,8bab4dff,a6177608,0.0
2025-04-01T11:21:00Z,147abc6a,8bab4dff,a6177608,0.0
2025-04-01T11:24:00Z,147abc6a,8bab4dff,a6177608,0.0
2025-04-01T11:27:00Z,147abc6a,8bab4dff,a6177608,0.0
2025-04-01T11:30:00Z,147abc6a,8bab4dff,a6177608,0.0
2025-04-01T11:33:00Z,147abc6a,8bab4dff,a6177608,0.0
2025-04-01T11:36:00Z,147abc6a,8bab4dff,a6177608,0.0
2025-04-01T11:39:00Z,147abc6a,8bab4dff,a6177608,0.0
2025-04-01T11:42:00Z,147abc6a,8bab4dff,a6177608,0.0
2025-04-01T11:45:00Z,147abc6a,8bab4dff,a6177608,0.0
2025-04-01T11:48:00Z,147abc6a,8bab4dff,a6177608,0.0
2025-04-01T11:51:00Z,147abc6a,8bab4dff,a6177608,0.0
2025-04-01T11:54:00Z,147abc6a,8bab4dff,a6177608,0.0
2025-04-01T11:57:00Z,147abc6a,8bab4dff,a6177608,0.0
2025-04-01T12:00:00Z,147abc6a,8bab4dff,a6177608,0.0
2025-04-01T12:03:00Z,147abc6a,8bab4dff,a6177608,0.0
2025-04-01T12:06:00Z,147abc6a,8bab4dff,a6177608,0.0
2025-04-01T12:09:00Z,147abc6a,8bab4dff,a6177608,0.0
2025-04-01T12:12:00Z,147abc6a,8bab4dff,a6177608,0.0
2025-04-01T12:15:00Z,147abc6a,8bab4dff,a6177608,0.0
2025-04-01T12:18:00Z,147abc6a,8bab4dff,a6177608,0.0
2025-04-01T12:21:00Z,147abc6a,8bab4dff,a6177608,0.0
2025-04-01T12:24:00Z,147abc6a,8bab4dff,a6177608,0.0
2025-04-01T12:27:00Z,147abc6a,8bab4dff,a6177608,0.0
2025-04-01T12:30:00Z,147abc6a,8bab4dff,a6177608,0.0
2025-04-01T12:33:00Z,147abc6a,8bab4dff,a6177608,0.0
2025-04-01T12:36:00Z,147abc6a,8bab4dff,a6177608,0.0
2025-04-01T12:39:00Z,147abc6a,8bab4dff,a6177608,0.0
2025-04-01T12:42:00Z,147abc6a,8bab4dff,a6177608,0.0
2025-04-01T12:45:00Z,147abc6a,8bab4dff,a6177608,0.0
2025-04-01T12:48:00Z,147abc6a,8bab4dff,a6177608,0.0
2025-04-01T12:51:00Z,147abc6a,8bab4dff,a6177608,0.0
2025-04-01T12:54:00Z,147abc6a,8bab4dff,a6177608,0.0
2025-04-01T12:57:00Z,147abc6a,8bab4dff,a6177608,0.0
2025-04-01T13:00:00Z,147abc6a,8bab4dff,a6177608,0.0
2025-04-01T13:03:00Z,147abc6a,8bab4dff,a6177608,0.0
2025-04-01T13:06:00Z,147abc6a,8bab4dff,a6177608,0.0
2025-04-01T13:09:00Z,147abc6a,8bab4dff,a6177608,0.0
2025-04-01T13:12:00Z,147abc6a,8bab4dff,a6177608,0.0
2025-04-01T13:15:00Z,147abc6a,8bab4dff,a6177608,0.0
2025-04-01T13:18:00Z,147abc6a,8bab4dff,a6177608,0.0
2025-04-01T13:21:00Z,147abc6a,8bab4dff,a6177608,0.0
2025-04-01T13:24:00Z,147abc6a,8bab4dff,a6177608,0.0
2025-04-01T13:27:00Z,147abc6a,8bab4dff,a6177608,0.0
2025-04-01T13:30:00Z,147abc6a,8bab4dff,a6177608,0.0
2025-04-01T13:33:00Z,147abc6a,8bab4dff,a6177608,0.0
2025-04-01T13:36:00Z,147abc6a,8bab4dff,a6177608,0.0
2025-04-01T13:39:00Z,147abc6a,8bab4dff,a6177608,0.0
2025-04-01T13:42:00Z,147abc6a,8bab4dff,a6177608,0.01
2025-04-01T13:45:00Z,147abc6a,8bab4dff,a6177608,0.0
2025-04-01T13:48:00Z,147abc6a,8bab4dff,a6177608,0.0
2025-04-01T13:51:00Z,147abc6a,8bab4dff,a6177608,0.0
2025-04-01T13:54:00Z,147abc6a,8bab4dff,a6177608,0.0
2025-04-01T13:57:00Z,147abc6a,8bab4dff,a6177608,0.0
2025-04-01T14:00:00Z,147abc6a,8bab4dff,a6177608,0.0
2025-04-01T14:03:00Z,147abc6a,8bab4dff,a6177608,0.0
2025-04-01T14:06:00Z,147abc6a,8bab4dff,a6177608,0.0
2025-04-01T14:09:00Z,147abc6a,8bab4dff,a6177608,0.0
2025-04-01T14:12:00Z,147abc6a,8bab4dff,a6177608,0.0
2025-04-01T14:15:00Z,147abc6a,8bab4dff,a6177608,0.0
2025-04-01T14:18:00Z,147abc6a,8bab4dff,a6177608,0.0
2025-04-01T14:21:00Z,147abc6a,8bab4dff,a6177608,0.0
2025-04-01T14:24:00Z,147abc6a,8bab4dff,a6177608,0.0
2025-04-01T14:27:00Z,147abc6a,8bab4dff,a6177608,0.0
2025-04-01T14:30:00Z,147abc6a,8bab4dff,a6177608,0.0
2025-04-01T14:33:00Z,147abc6a,8bab4dff,a6177608,0.0
2025-04-01T14:36:00Z,147abc6a,8bab4dff,a6177608,0.0
2025-04-01T14:39:00Z,147abc6a,8bab4dff,a6177608,0.0
2025-04-01T14:42:00Z,147abc6a,8bab4dff,a6177608,0.0
2025-04-01T14:45:00Z,147abc6a,8bab4dff,a6177608,0.0
2025-04-01T14:48:00Z,147abc6a,8bab4dff,a6177608,0.0
2025-04-01T14:51:00Z,147abc6a,8bab4dff,a6177608,0.0
2025-04-01T14:54:00Z,147abc6a,8bab4dff,a6177608,0.0
2025-04-01T14:57:00Z,147abc6a,8bab4dff,a6177608,0.0
2025-04-01T15:00:00Z,147abc6a,8bab4dff,a6177608,0.0
2025-04-01T15:03:00Z,147abc6a,8bab4dff,a6177608,0.0
2025-04-01T15:06:00Z,147abc6a,8bab4dff,a6177608,0.0
2025-04-01T15:09:00Z,147abc6a,8bab4dff,a6177608,0.0
2025-04-01T15:12:00Z,147abc6a,8bab4dff,a6177608,0.0
2025-04-01T15:15:00Z,147abc6a,8bab4dff,a6177608,0.0
2025-04-01T15:18:00Z,147abc6a,8bab4dff,a6177608,0.0
2025-04-01T15:21:00Z,147abc6a,8bab4dff,a6177608,0.0
2025-04-01T15:24:00Z,147abc6a,8bab4dff,a6177608,0.0
2025-04-01T15:27:00Z,147abc6a,8bab4dff,a6177608,0.0
2025-04-01T15:30:00Z,147abc6a,8bab4dff,a6177608,0.0
2025-04-01T15:33:00Z,147abc6a,8bab4dff,a6177608,0.0
2025-04-01T15:36:00Z,147abc6a,8bab4dff,a6177608,0.0
2025-04-01T15:39:00Z,147abc6a,8bab4dff,a6177608,0.0
2025-04-01T15:42:00Z,147abc6a,8bab4dff,a6177608,0.0
2025-04-01T15:45:00Z,147abc6a,8bab4dff,a6177608,0.0
2025-04-01T15:48:00Z,147abc6a,8bab4dff,a6177608,0.0
2025-04-01T15:51:00Z,147abc6a,8bab4dff,a6177608,0.0
2025-04-01T15:54:00Z,147abc6a,8bab4dff,a6177608,0.0
2025-04-01T15:57:00Z,147abc6a,8bab4dff,a6177608,0.0
2025-04-01T16:00:00Z,147abc6a,8bab4dff,a6177608,0.0
2025-04-01T16:03:00Z,147abc6a,8bab4dff,a6177608,0.0
2025-04-01T16:06:00Z,147abc6a,8bab4dff,a6177608,0.0
2025-04-01T16:09:00Z,147abc6a,8bab4dff,a6177608,0.0
2025-04-01T16:12:00Z,147abc6a,8bab4dff,a6177608,0.0
2025-04-01T16:15:00Z,147abc6a,8bab4dff,a6177608,0.0
2025-04-01T16:18:00Z,147abc6a,8bab4dff,a6177608,0.0
2025-04-01T16:21:00Z,147abc6a,8bab4dff,a6177608,0.0
2025-04-01T16:24:00Z,147abc6a,8bab4dff,a6177608,0.0
2025-04-01T16:27:00Z,147abc6a,8bab4dff,a6177608,0.0
2025-04-01T16:30:00Z,147abc6a,8bab4dff,a6177608,0.0
2025-04-01T16:33:00Z,147abc6a,8bab4dff,a6177608,0.0
2025-04-01T16:36:00Z,147abc6a,8bab4dff,a6177608,0.0
2025-04-01T16:39:00Z,147abc6a,8bab4dff,a6177608,0.0
2025-04-01T16:42:00Z,147abc6a,8bab4dff,a6177608,0.0
2025-04-01T16:45:00Z,147abc6a,8bab4dff,a6177608,0.0
2025-04-01T16:48:00Z,147abc6a,8bab4dff,a6177608,0.0
2025-04-01T16:51:00Z,147abc6a,8bab4dff,a6177608,0.0
2025-04-01T16:54:00Z,147abc6a,8bab4dff,a6177608,0.0
2025-04-01T16:57:00Z,147abc6a,8bab4dff,a6177608,0.0
2025-04-01T17:00:00Z,147abc6a,8bab4dff,a6177608,0.0
2025-04-01T17:03:00Z,147abc6a,8bab4dff,a6177608,0.0
2025-04-01T17:06:00Z,147abc6a,8bab4dff,a6177608,0.0
2025-04-01T17:09:00Z,147abc6a,8bab4dff,a6177608,0.0
2025-04-01T17:12:00Z,147abc6a,8bab4dff,a6177608,0.0
2025-04-01T17:15:00Z,147abc6a,8bab4dff,a6177608,0.0
2025-04-01T17:18:00Z,147abc6a,8bab4dff,a6177608,0.0
2025-04-01T17:21:00Z,147abc6a,8bab4dff,a6177608,0.0
2025-04-01T17:24:00Z,147abc6a,8bab4dff,a6177608,0.0
2025-04-01T17:27:00Z,147abc6a,8bab4dff,a6177608,0.0
2025-04-01T17:30:00Z,147abc6a,8bab4dff,a6177608,0.0
2025-04-01T17:33:00Z,147abc6a,8bab4dff,a6177608,0.0
2025-04-01T17:36:00Z,147abc6a,8bab4dff,a6177608,0.0
2025-04-01T17:39:00Z,147abc6a,8bab4dff,a6177608,0.0
2025-04-01T17:42:00Z,147abc6a,8bab4dff,a6177608,0.0
2025-04-01T17:45:00Z,147abc6a,8bab4dff,a6177608,0.0
2025-04-01T17:48:00Z,147abc6a,8bab4dff,a6177608,0.0
2025-04-01T17:51:00Z,147abc6a,8bab4dff,a6177608,0.0
2025-04-01T17:54:00Z,147abc6a,8bab4dff,a6177608,0.0
2025-04-01T17:57:00Z,147abc6a,8bab4dff,a6177608,0.0
2025-04-01T18:00:00Z,147abc6a,8bab4dff,a6177608,0.0
2025-04-01T18:03:00Z,147abc6a,8bab4dff,a6177608,0.0
2025-04-01T18:06:00Z,147abc6a,8bab4dff,a6177608,0.0
2025-04-01T18:09:00Z,147abc6a,8bab4dff,a6177608,0.0
2025-04-01T18:12:00Z,147abc6a,8bab4dff,a6177608,0.0
2025-04-01T18:15:00Z,147abc6a,8bab4dff,a6177608,0.0
2025-04-01T18:18:00Z,147abc6a,8bab4dff,a6177608,0.0
2025-04-01T18:21:00Z,147abc6a,8bab4dff,a6177608,0.0
2025-04-01T18:24:00Z,147abc6a,8bab4dff,a6177608,0.0
2025-04-01T18:27:00Z,147abc6a,8bab4dff,a6177608,0.0
2025-04-01T18:30:00Z,147abc6a,8bab4dff,a6177608,0.0
2025-04-01T18:33:00Z,147abc6a,8bab4dff,a6177608,0.0
2025-04-01T18:36:00Z,147abc6a,8bab4dff,a6177608,0.0
2025-04-01T18:39:00Z,147abc6a,8bab4dff,a6177608,0.0
2025-04-01T18:42:00Z,147abc6a,8bab4dff,a6177608,0.0
2025-04-01T18:45:00Z,147abc6a,8bab4dff,a6177608,0.0
2025-04-01T18:48:00Z,147abc6a,8bab4dff,a6177608,0.0
2025-04-01T18:51:00Z,147abc6a,8bab4dff,a6177608,0.0
2025-04-01T18:54:00Z,147abc6a,8bab4dff,a6177608,0.0
2025-04-01T18:57:00Z,147abc6a,8bab4dff,a6177608,0.0
2025-04-01T19:00:00Z,147abc6a,8bab4dff,a6177608,0.0
2025-04-01T19:03:00Z,147abc6a,8bab4dff,a6177608,0.0
2025-04-01T19:06:00Z,147abc6a,8bab4dff,a6177608,0.0
2025-04-01T19:09:00Z,147abc6a,8bab4dff,a6177608,0.0
2025-04-01T19:12:00Z,147abc6a,8bab4dff,a6177608,0.0
2025-04-01T19:15:00Z,147abc6a,8bab4dff,a6177608,0.0
2025-04-01T19:18:00Z,147abc6a,8bab4dff,a6177608,0.0
2025-04-01T19:21:00Z,147abc6a,8bab4dff,a6177608,0.0
2025-04-01T19:24:00Z,147abc6a,8bab4dff,a6177608,0.0
2025-04-01T19:27:00Z,147abc6a,8bab4dff,a6177608,0.0
2025-04-01T19:30:00Z,147abc6a,8bab4dff,a6177608,0.0
2025-04-01T19:33:00Z,147abc6a,8bab4dff,a6177608,0.0
2025-04-01T19:36:00Z,147abc6a,8bab4dff,a6177608,0.0
2025-04-01T19:39:00Z,147abc6a,8bab4dff,a6177608,0.0
2025-04-01T19:42:00Z,147abc6a,8bab4dff,a6177608,0.0
2025-04-01T19:45:00Z,147abc6a,8bab4dff,a6177608,0.0
2025-04-01T19:48:00Z,147abc6a,8bab4dff,a6177608,0.0
2025-04-01T19:51:00Z,147abc6a,8bab4dff,a6177608,0.0
2025-04-01T19:54:00Z,147abc6a,8bab4dff,a6177608,0.0
2025-04-01T19:57:00Z,147abc6a,8bab4dff,a6177608,0.0
2025-04-01T20:00:00Z,147abc6a,8bab4dff,a6177608,0.0
2025-04-01T20:03:00Z,147abc6a,8bab4dff,a6177608,0.0
2025-04-01T20:06:00Z,147abc6a,8bab4dff,a6177608,0.0
2025-04-01T20:09:00Z,147abc6a,8bab4dff,a6177608,0.0
2025-04-01T20:12:00Z,147abc6a,8bab4dff,a6177608,0.0
2025-04-01T20:15:00Z,147abc6a,8bab4dff,a6177608,0.0
2025-04-01T20:18:00Z,147abc6a,8bab4dff,a6177608,0.0
2025-04-01T20:21:00Z,147abc6a,8bab4dff,a6177608,0.0
2025-04-01T20:24:00Z,147abc6a,8bab4dff,a6177608,0.0
2025-04-01T20:27:00Z,147abc6a,8bab4dff,a6177608,0.0
2025-04-01T20:30:00Z,147abc6a,8bab4dff,a6177608,0.0
2025-04-01T20:33:00Z,147abc6a,8bab4dff,a6177608,0.0
2025-04-01T20:36:00Z,147abc6a,8bab4dff,a6177608,0.0
2025-04-01T20:39:00Z,147abc6a,8bab4dff,a6177608,0.0
2025-04-01T20:42:00Z,147abc6a,8bab4dff,a6177608,0.0
2025-04-01T20:45:00Z,147abc6a,8bab4dff,a6177608,0.0
2025-04-01T20:48:00Z,147abc6a,8bab4dff,a6177608,0.0
2025-04-01T20:51:00Z,147abc6a,8bab4dff,a6177608,0.0
2025-04-01T20:54:00Z,147abc6a,8bab4dff,a6177608,0.0
2025-04-01T20:57:00Z,147abc6a,8bab4dff,a6177608,0.0
2025-04-01T21:00:00Z,147abc6a,8bab4dff,a6177608,0.0
2025-04-01T21:03:00Z,147abc6a,8bab4dff,a6177608,0.0
2025-04-01T21:06:00Z,147abc6a,8bab4dff,a6177608,0.0
2025-04-01T21:09:00Z,147abc6a,8bab4dff,a6177608,0.0
2025-04-01T21:12:00Z,147abc6a,8bab4dff,a6177608,0.0
2025-04-01T21:15:00Z,147abc6a,8bab4dff,a6177608,0.0
2025-04-01T21:18:00Z,147abc6a,8bab4dff,a6177608,0.0
2025-04-01T21:21:00Z,147abc6a,8bab4dff,a6177608,0.0
2025-04-01T21:24:00Z,147abc6a,8bab4dff,a6177608,0.0
2025-04-01T21:27:00Z,147abc6a,8bab4dff,a6177608,0.0
2025-04-01T21:30:00Z,147abc6a,8bab4dff,a6177608,0.0
2025-04-01T21:33:00Z,147abc6a,8bab4dff,a6177608,0.0
2025-04-01T21:36:00Z,147abc6a,8bab4dff,a6177608,0.0
2025-04-01T21:39:00Z,147abc6a,8bab4dff,a6177608,0.0
2025-04-01T21:42:00Z,147abc6a,8bab4dff,a6177608,0.0
2025-04-01T21:45:00Z,147abc6a,8bab4dff,a6177608,0.0
2025-04-01T21:48:00Z,147abc6a,8bab4dff,a6177608,0.0
2025-04-01T21:51:00Z,147abc6a,8bab4dff,a6177608,0.01
2025-04-01T21:54:00Z,147abc6a,8bab4dff,a6177608,0.0
2025-04-01T21:57:00Z,147abc6a,8bab4dff,a6177608,0.0
2025-04-01T22:00:00Z,147abc6a,8bab4dff,a6177608,0.0
2025-04-01T22:03:00Z,147abc6a,8bab4dff,a6177608,0.0
2025-04-01T22:06:00Z,147abc6a,8bab4dff,a6177608,0.0
2025-04-01T22:09:00Z,147abc6a,8bab4dff,a6177608,0.0
2025-04-01T22:12:00Z,147abc6a,8bab4dff,a6177608,0.0
2025-04-01T22:15:00Z,147abc6a,8bab4dff,a6177608,0.0
2025-04-01T22:18:00Z,147abc6a,8bab4dff,a6177608,0.0
2025-04-01T22:21:00Z,147abc6a,8bab4dff,a6177608,0.0
2025-04-01T22:24:00Z,147abc6a,8bab4dff,a6177608,0.0
2025-04-01T22:27:00Z,147abc6a,8bab4dff,a6177608,0.0
2025-04-01T22:30:00Z,147abc6a,8bab4dff,a6177608,0.0
2025-04-01T22:33:00Z,147abc6a,8bab4dff,a6177608,0.0
2025-04-01T22:36:00Z,147abc6a,8bab4dff,a6177608,0.0
2025-04-01T22:39:00Z,147abc6a,8bab4dff,a6177608,0.0
2025-04-01T22:42:00Z,147abc6a,8bab4dff,a6177608,0.0
2025-04-01T22:45:00Z,147abc6a,8bab4dff,a6177608,0.0
2025-04-01T22:48:00Z,147abc6a,8bab4dff,a6177608,0.0
2025-04-01T22:51:00Z,147abc6a,8bab4dff,a6177608,0.0
2025-04-01T22:54:00Z,147abc6a,8bab4dff,a6177608,0.0
2025-04-01T22:57:00Z,147abc6a,8bab4dff,a6177608,0.0
2025-04-01T23:00:00Z,147abc6a,8bab4dff,a6177608,0.0
2025-04-01T23:03:00Z,147abc6a,8bab4dff,a6177608,0.0
2025-04-01T23:06:00Z,147abc6a,8bab4dff,a6177608,0.0
2025-04-01T23:09:00Z,147abc6a,8bab4dff,a6177608,0.0
2025-04-01T23:12:00Z,147abc6a,8bab4dff,a6177608,0.0
2025-04-01T23:15:00Z,147abc6a,8bab4dff,a6177608,0.0
2025-04-01T23:18:00Z,147abc6a,8bab4dff,a6177608,0.0
2025-04-01T23:21:00Z,147abc6a,8bab4dff,a6177608,0.01
2025-04-01T23:24:00Z,147abc6a,8bab4dff,a6177608,0.0
2025-04-01T23:27:00Z,147abc6a,8bab4dff,a6177608,0.0
2025-04-01T23:30:00Z,147abc6a,8bab4dff,a6177608,0.0
2025-04-01T23:33:00Z,147abc6a,8bab4dff,a6177608,0.0
2025-04-01T23:36:00Z,147abc6a,8bab4dff,a6177608,0.0
2025-04-01T23:39:00Z,147abc6a,8bab4dff,a6177608,0.0
2025-04-01T23:42:00Z,147abc6a,8bab4dff,a6177608,0.0
2025-04-01T23:45:00Z,147abc6a,8bab4dff,a6177608,0.0
2025-04-01T23:48:00Z,147abc6a,8bab4dff,a6177608,0.0
2025-04-01T23:51:00Z,147abc6a,8bab4dff,a6177608,0.0
2025-04-01T23:54:00Z,147abc6a,8bab4dff,a6177608,0.0
2025-04-01T23:57:00Z,147abc6a,8bab4dff,a6177608,0.0
2025-04-02T00:00:00Z,147abc6a,8bab4dff,a6177608,0.01
2025-04-02T00:03:00Z,147abc6a,8bab4dff,a6177608,0.0
2025-04-02T00:06:00Z,147abc6a,8bab4dff,a6177608,0.0
2025-04-02T00:09:00Z,147abc6a,8bab4dff,a6177608,0.0
2025-04-02T00:12:00Z,147abc6a,8bab4dff,a6177608,0.0
2025-04-02T00:15:00Z,147abc6a,8bab4dff,a6177608,0.0
2025-04-02T00:18:00Z,147abc6a,8bab4dff,a6177608,0.0
2025-04-02T00:21:00Z,147abc6a,8bab4dff,a6177608,0.0
2025-04-02T00:24:00Z,147abc6a,8bab4dff,a6177608,0.0
2025-04-02T00:27:00Z,147abc6a,8bab4dff,a6177608,0.0
2025-04-02T00:30:00Z,147abc6a,8bab4dff,a6177608,0.0
2025-04-02T00:33:00Z,147abc6a,8bab4dff,a6177608,0.0
2025-04-02T00:36:00Z,147abc6a,8bab4dff,a6177608,0.0
2025-04-02T00:39:00Z,147abc6a,8bab4dff,a6177608,0.0
2025-04-02T00:42:00Z,147abc6a,8bab4dff,a6177608,0.0
2025-04-02T00:45:00Z,147abc6a,8bab4dff,a6177608,0.0
2025-04-02T00:48:00Z,147abc6a,8bab4dff,a6177608,0.0
2025-04-02T00:51:00Z,147abc6a,8bab4dff,a6177608,0.0
2025-04-02T00:54:00Z,147abc6a,8bab4dff,a6177608,0.0
2025-04-02T00:57:00Z,147abc6a,8bab4dff,a6177608,0.0
2025-04-02T01:00:00Z,147abc6a,8bab4dff,a6177608,0.0
2025-04-02T01:03:00Z,147abc6a,8bab4dff,a6177608,0.0
2025-04-02T01:06:00Z,147abc6a,8bab4dff,a6177608,0.0
2025-04-02T01:09:00Z,147abc6a,8bab4dff,a6177608,0.0
2025-04-02T01:12:00Z,147abc6a,8bab4dff,a6177608,0.0
2025-04-02T01:15:00Z,147abc6a,8bab4dff,a6177608,0.0
2025-04-02T01:18:00Z,147abc6a,8bab4dff,a6177608,0.0
2025-04-02T01:21:00Z,147abc6a,8bab4dff,a6177608,0.0
2025-04-02T01:24:00Z,147abc6a,8bab4dff,a6177608,0.0
2025-04-02T01:27:00Z,147abc6a,8bab4dff,a6177608,0.0
2025-04-02T01:30:00Z,147abc6a,8bab4dff,a6177608,0.0
2025-04-02T01:33:00Z,147abc6a,8bab4dff,a6177608,0.0
2025-04-02T01:36:00Z,147abc6a,8bab4dff,a6177608,0.0
2025-04-02T01:39:00Z,147abc6a,8bab4dff,a6177608,0.0
2025-04-02T01:42:00Z,147abc6a,8bab4dff,a6177608,0.0
2025-04-02T01:45:00Z,147abc6a,8bab4dff,a6177608,0.0
2025-04-02T01:48:00Z,147abc6a,8bab4dff,a6177608,0.0
2025-04-02T01:51:00Z,147abc6a,8bab4dff,a6177608,0.0
2025-04-02T01:54:00Z,147abc6a,8bab4dff,a6177608,0.0
2025-04-02T01:57:00Z,147abc6a,8bab4dff,a6177608,0.0
2025-04-02T02:00:00Z,147abc6a,8bab4dff,a6177608,0.0
2025-04-02T02:03:00Z,147abc6a,8bab4dff,a6177608,0.0
2025-04-02T02:06:00Z,147abc6a,8bab4dff,a6177608,0.0
2025-04-02T02:09:00Z,147abc6a,8bab4dff,a6177608,0.0
2025-04-02T02:12:00Z,147abc6a,8bab4dff,a6177608,0.0
2025-04-02T02:15:00Z,147abc6a,8bab4dff,a6177608,0.0
2025-04-02T02:18:00Z,147abc6a,8bab4dff,a6177608,0.0
2025-04-02T02:21:00Z,147abc6a,8bab4dff,a6177608,0.0
2025-04-02T02:24:00Z,147abc6a,8bab4dff,a6177608,0.0
2025-04-02T02:27:00Z,147abc6a,8bab4dff,a6177608,0.0
2025-04-02T02:30:00Z,147abc6a,8bab4dff,a6177608,0.0
2025-04-02T02:33:00Z,147abc6a,8bab4dff,a6177608,0.0
2025-04-02T02:36:00Z,147abc6a,8bab4dff,a6177608,0.0
2025-04-02T02:39:00Z,147abc6a,8bab4dff,a6177608,0.0
2025-04-02T02:42:00Z,147abc6a,8bab4dff,a6177608,0.0
2025-04-02T02:45:00Z,147abc6a,8bab4dff,a6177608,0.0
2025-04-02T02:48:00Z,147abc6a,8bab4dff,a6177608,0.0
2025-04-02T02:51:00Z,147abc6a,8bab4dff,a6177608,0.0
2025-04-02T02:54:00Z,147abc6a,8bab4dff,a6177608,0.0
2025-04-02T02:57:00Z,147abc6a,8bab4dff,a6177608,0.0
2025-04-02T03:00:00Z,147abc6a,8bab4dff,a6177608,0.0
2025-04-02T03:03:00Z,147abc6a,8bab4dff,a6177608,0.0
2025-04-02T03:06:00Z,147abc6a,8bab4dff,a6177608,0.0
2025-04-02T03:09:00Z,147abc6a,8bab4dff,a6177608,0.0
2025-04-02T03:12:00Z,147abc6a,8bab4dff,a6177608,0.0
2025-04-02T03:15:00Z,147abc6a,8bab4dff,a6177608,0.0
2025-04-02T03:18:00Z,147abc6a,8bab4dff,a6177608,0.0
2025-04-02T03:21:00Z,147abc6a,8bab4dff,a6177608,0.0
2025-04-02T03:24:00Z,147abc6a,8bab4dff,a6177608,0.0
2025-04-02T03:27:00Z,147abc6a,8bab4dff,a6177608,0.0
2025-04-02T03:30:00Z,147abc6a,8bab4dff,a6177608,0.0
2025-04-02T03:33:00Z,147abc6a,8bab4dff,a6177608,0.0
2025-04-02T03:36:00Z,147abc6a,8bab4dff,a6177608,0.0
2025-04-02T03:39:00Z,147abc6a,8bab4dff,a6177608,0.0
2025-04-02T03:42:00Z,147abc6a,8bab4dff,a6177608,0.0
2025-04-02T03:45:00Z,147abc6a,8bab4dff,a6177608,0.0
2025-04-02T03:48:00Z,147abc6a,8bab4dff,a6177608,0.0
2025-04-02T03:51:00Z,147abc6a,8bab4dff,a6177608,0.0
2025-04-02T03:54:00Z,147abc6a,8bab4dff,a6177608,0.0
2025-04-02T03:57:00Z,147abc6a,8bab4dff,a6177608,0.0
2025-04-02T04:00:00Z,147abc6a,8bab4dff,a6177608,0.0
2025-04-02T04:03:00Z,147abc6a,8bab4dff,a6177608,0.0
2025-04-02T04:06:00Z,147abc6a,8bab4dff,a6177608,0.0
2025-04-02T04:09:00Z,147abc6a,8bab4dff,a6177608,0.0
2025-04-02T04:12:00Z,147abc6a,8bab4dff,a6177608,0.0
2025-04-02T04:15:00Z,147abc6a,8bab4dff,a6177608,0.0
2025-04-02T04:18:00Z,147abc6a,8bab4dff,a6177608,0.0
2025-04-02T04:21:00Z,147abc6a,8bab4dff,a6177608,0.0
2025-04-02T04:24:00Z,147abc6a,8bab4dff,a6177608,0.0
2025-04-02T04:27:00Z,147abc6a,8bab4dff,a6177608,0.0
2025-04-02T04:30:00Z,147abc6a,8bab4dff,a6177608,0.0
2025-04-02T04:33:00Z,147abc6a,8bab4dff,a6177608,0.0
2025-04-02T04:36:00Z,147abc6a,8bab4dff,a6177608,0.0
2025-04-02T04:39:00Z,147abc6a,8bab4dff,a6177608,0.0
2025-04-02T04:42:00Z,147abc6a,8bab4dff,a6177608,0.0
2025-04-02T04:45:00Z,147abc6a,8bab4dff,a6177608,0.0
2025-04-02T04:48:00Z,147abc6a,8bab4dff,a6177608,0.0
2025-04-02T04:51:00Z,147abc6a,8bab4dff,a6177608,0.0
2025-04-02T04:54:00Z,147abc6a,8bab4dff,a6177608,0.0
2025-04-02T04:57:00Z,147abc6a,8bab4dff,a6177608,0.0
2025-04-02T05:00:00Z,147abc6a,8bab4dff,a6177608,0.0
2025-04-02T05:03:00Z,147abc6a,8bab4dff,a6177608,0.0
2025-04-02T05:06:00Z,147abc6a,8bab4dff,a6177608,0.0
2025-04-02T05:09:00Z,147abc6a,8bab4dff,a6177608,0.0
2025-04-02T05:12:00Z,147abc6a,8bab4dff,a6177608,0.0
2025-04-02T05:15:00Z,147abc6a,8bab4dff,a6177608,0.0
2025-04-02T05:18:00Z,147abc6a,8bab4dff,a6177608,0.0
2025-04-02T05:21:00Z,147abc6a,8bab4dff,a6177608,0.0
2025-04-02T05:24:00Z,147abc6a,8bab4dff,a6177608,0.0
2025-04-02T05:27:00Z,147abc6a,8bab4dff,a6177608,0.0
2025-04-02T05:30:00Z,147abc6a,8bab4dff,a6177608,0.0
2025-04-02T05:33:00Z,147abc6a,8bab4dff,a6177608,0.0
2025-04-02T05:36:00Z,147abc6a,8bab4dff,a6177608,0.0
2025-04-02T05:39:00Z,147abc6a,8bab4dff,a6177608,0.0
2025-04-02T05:42:00Z,147abc6a,8bab4dff,a6177608,0.0
2025-04-02T05:45:00Z,147abc6a,8bab4dff,a6177608,0.0
2025-04-02T05:48:00Z,147abc6a,8bab4dff,a6177608,0.0
2025-04-02T05:51:00Z,147abc6a,8bab4dff,a6177608,0.0
2025-04-02T05:54:00Z,147abc6a,8bab4dff,a6177608,0.0
2025-04-02T05:57:00Z,147abc6a,8bab4dff,a6177608,0.0
2025-04-02T06:00:00Z,147abc6a,8bab4dff,a6177608,0.0
2025-04-02T06:03:00Z,147abc6a,8bab4dff,a6177608,0.0
2025-04-02T06:06:00Z,147abc6a,8bab4dff,a6177608,0.0
2025-04-02T06:09:00Z,147abc6a,8bab4dff,a6177608,0.0
2025-04-02T06:12:00Z,147abc6a,8bab4dff,a6177608,0.0
2025-04-02T06:15:00Z,147abc6a,8bab4dff,a6177608,0.0
2025-04-02T06:18:00Z,147abc6a,8bab4dff,a6177608,0.0
2025-04-02T06:21:00Z,147abc6a,8bab4dff,a6177608,0.0
2025-04-02T06:24:00Z,147abc6a,8bab4dff,a6177608,0.0
2025-04-02T06:27:00Z,147abc6a,8bab4dff,a6177608,0.0
2025-04-02T06:30:00Z,147abc6a,8bab4dff,a6177608,0.0
2025-04-02T06:33:00Z,147abc6a,8bab4dff,a6177608,0.0
2025-04-02T06:36:00Z,147abc6a,8bab4dff,a6177608,0.0
2025-04-02T06:39:00Z,147abc6a,8bab4dff,a6177608,0.0
2025-04-02T06:42:00Z,147abc6a,8bab4dff,a6177608,0.0
2025-04-02T06:45:00Z,147abc6a,8bab4dff,a6177608,0.0
2025-04-02T06:48:00Z,147abc6a,8bab4dff,a6177608,0.0
2025-04-02T06:51:00Z,147abc6a,8bab4dff,a6177608,0.02
2025-04-02T06:54:00Z,147abc6a,8bab4dff,a6177608,0.0
2025-04-02T06:57:00Z,147abc6a,8bab4dff,a6177608,0.0
2025-04-02T07:00:00Z,147abc6a,8bab4dff,a6177608,0.0
2025-04-02T07:03:00Z,147abc6a,8bab4dff,a6177608,0.0
2025-04-02T07:06:00Z,147abc6a,8bab4dff,a6177608,0.0
2025-04-02T07:09:00Z,147abc6a,8bab4dff,a6177608,0.0
2025-04-02T07:12:00Z,147abc6a,8bab4dff,a6177608,0.0
2025-04-02T07:15:00Z,147abc6a,8bab4dff,a6177608,0.0
2025-04-02T07:18:00Z,147abc6a,8bab4dff,a6177608,0.0
2025-04-02T07:21:00Z,147abc6a,8bab4dff,a6177608,0.0
2025-04-02T07:24:00Z,147abc6a,8bab4dff,a6177608,0.0
2025-04-02T07:27:00Z,147abc6a,8bab4dff,a6177608,0.0
2025-04-02T07:30:00Z,147abc6a,8bab4dff,a6177608,0.0
2025-04-02T07:33:00Z,147abc6a,8bab4dff,a6177608,0.0
2025-04-02T07:36:00Z,147abc6a,8bab4dff,a6177608,0.0
2025-04-02T07:39:00Z,147abc6a,8bab4dff,a6177608,0.0
2025-04-02T07:42:00Z,147abc6a,8bab4dff,a6177608,0.0
2025-04-02T07:45:00Z,147abc6a,8bab4dff,a6177608,0.0
2025-04-02T07:48:00Z,147abc6a,8bab4dff,a6177608,0.0
2025-04-02T07:51:00Z,147abc6a,8bab4dff,a6177608,0.0
2025-04-02T07:54:00Z,147abc6a,8bab4dff,a6177608,0.0
2025-04-02T07:57:00Z,147abc6a,8bab4dff,a6177608,0.0
2025-04-02T08:00:00Z,147abc6a,8bab4dff,a6177608,0.0
2025-04-02T08:03:00Z,147abc6a,8bab4dff,a6177608,0.0
2025-04-02T08:06:00Z,147abc6a,8bab4dff,a6177608,0.0
2025-04-02T08:09:00Z,147abc6a,8bab4dff,a6177608,0.0
2025-04-02T08:12:00Z,147abc6a,8bab4dff,a6177608,0.0
2025-04-02T08:15:00Z,147abc6a,8bab4dff,a6177608,0.0
2025-04-02T08:18:00Z,147abc6a,8bab4dff,a6177608,0.0
2025-04-02T08:21:00Z,147abc6a,8bab4dff,a6177608,0.0
2025-04-02T08:24:00Z,147abc6a,8bab4dff,a6177608,0.0
2025-04-02T08:27:00Z,147abc6a,8bab4dff,a6177608,0.0
2025-04-02T08:30:00Z,147abc6a,8bab4dff,a6177608,0.0
2025-04-02T08:33:00Z,147abc6a,8bab4dff,a6177608,0.0
2025-04-02T08:36:00Z,147abc6a,8bab4dff,a6177608,0.0
2025-04-02T08:39:00Z,147abc6a,8bab4dff,a6177608,0.0
2025-04-02T08:42:00Z,147abc6a,8bab4dff,a6177608,0.0
2025-04-02T08:45:00Z,147abc6a,8bab4dff,a6177608,0.0
2025-04-02T08:48:00Z,147abc6a,8bab4dff,a6177608,0.0
2025-04-02T08:51:00Z,147abc6a,8bab4dff,a6177608,0.0
2025-04-02T08:54:00Z,147abc6a,8bab4dff,a6177608,0.0
2025-04-02T08:57:00Z,147abc6a,8bab4dff,a6177608,0.0
2025-04-02T09:00:00Z,147abc6a,8bab4dff,a6177608,0.0
2025-04-02T09:03:00Z,147abc6a,8bab4dff,a6177608,0.0
2025-04-02T09:06:00Z,147abc6a,8bab4dff,a6177608,0.0
2025-04-02T09:09:00Z,147abc6a,8bab4dff,a6177608,0.0
2025-04-02T09:12:00Z,147abc6a,8bab4dff,a6177608,0.0
2025-04-02T09:15:00Z,147abc6a,8bab4dff,a6177608,0.0
2025-04-02T09:18:00Z,147abc6a,8bab4dff,a6177608,0.0
2025-04-02T09:21:00Z,147abc6a,8bab4dff,a6177608,0.0
2025-04-02T09:24:00Z,147abc6a,8bab4dff,a6177608,0.0
2025-04-02T09:27:00Z,147abc6a,8bab4dff,a6177608,0.0
2025-04-02T09:30:00Z,147abc6a,8bab4dff,a6177608,0.0
2025-04-02T09:33:00Z,147abc6a,8bab4dff,a6177608,0.0
2025-04-02T09:36:00Z,147abc6a,8bab4dff,a6177608,0.0
2025-04-02T09:39:00Z,147abc6a,8bab4dff,a6177608,0.0
2025-04-02T09:42:00Z,147abc6a,8bab4dff,a6177608,0.0
2025-04-02T09:45:00Z,147abc6a,8bab4dff,a6177608,0.0
2025-04-02T09:48:00Z,147abc6a,8bab4dff,a6177608,0.0
2025-04-02T09:51:00Z,147abc6a,8bab4dff,a6177608,0.0
2025-04-02T09:54:00Z,147abc6a,8bab4dff,a6177608,0.0
2025-04-02T09:57:00Z,147abc6a,8bab4dff,a6177608,0.0
2025-04-02T10:00:00Z,147abc6a,8bab4dff,a6177608,0.0
2025-04-02T10:03:00Z,147abc6a,8bab4dff,a6177608,0.0
2025-04-02T10:06:00Z,147abc6a,8bab4dff,a6177608,0.0
2025-04-02T10:09:00Z,147abc6a,8bab4dff,a6177608,0.0
2025-04-02T10:12:00Z,147abc6a,8bab4dff,a6177608,0.0
2025-04-02T10:15:00Z,147abc6a,8bab4dff,a6177608,0.0
2025-04-02T10:18:00Z,147abc6a,8bab4dff,a6177608,0.0
2025-04-02T10:21:00Z,147abc6a,8bab4dff,a6177608,0.0
2025-04-02T10:24:00Z,147abc6a,8bab4dff,a6177608,0.0
2025-04-02T10:27:00Z,147abc6a,8bab4dff,a6177608,0.0
2025-04-02T10:30:00Z,147abc6a,8bab4dff,a6177608,0.0
2025-04-02T10:33:00Z,147abc6a,8bab4dff,a6177608,0.0
2025-04-02T10:36:00Z,147abc6a,8bab4dff,a6177608,0.0
2025-04-02T10:39:00Z,147abc6a,8bab4dff,a6177608,0.0
2025-04-02T10:42:00Z,147abc6a,8bab4dff,a6177608,0.0
2025-04-02T10:45:00Z,147abc6a,8bab4dff,a6177608,0.0
2025-04-02T10:48:00Z,147abc6a,8bab4dff,a6177608,0.0
2025-04-02T10:51:00Z,147abc6a,8bab4dff,a6177608,0.0
2025-04-02T10:54:00Z,147abc6a,8bab4dff,a6177608,0.0
2025-04-02T10:57:00Z,147abc6a,8bab4dff,a6177608,0.0
2025-04-02T11:00:00Z,147abc6a,8bab4dff,a6177608,0.0
2025-04-02T11:03:00Z,147abc6a,8bab4dff,a6177608,0.0
2025-04-02T11:06:00Z,147abc6a,8bab4dff,a6177608,0.0
2025-04-02T11:09:00Z,147abc6a,8bab4dff,a6177608,0.0
2025-04-02T11:12:00Z,147abc6a,8bab4dff,a6177608,0.0
2025-04-02T11:15:00Z,147abc6a,8bab4dff,a6177608,0.0
2025-04-02T11:18:00Z,147abc6a,8bab4dff,a6177608,0.0
2025-04-02T11:21:00Z,147abc6a,8bab4dff,a6177608,0.0
2025-04-02T11:24:00Z,147abc6a,8bab4dff,a6177608,0.0
2025-04-02T11:27:00Z,147abc6a,8bab4dff,a6177608,0.0
2025-04-02T11:30:00Z,147abc6a,8bab4dff,a6177608,0.0
2025-04-02T11:33:00Z,147abc6a,8bab4dff,a6177608,0.0
2025-04-02T11:36:00Z,147abc6a,8bab4dff,a6177608,0.0
2025-04-02T11:39:00Z,147abc6a,8bab4dff,a6177608,0.0
2025-04-02T11:42:00Z,147abc6a,8bab4dff,a6177608,0.0
2025-04-02T11:45:00Z,147abc6a,8bab4dff,a6177608,0.0
2025-04-02T11:48:00Z,147abc6a,8bab4dff,a6177608,0.0
2025-04-02T11:51:00Z,147abc6a,8bab4dff,a6177608,0.0
2025-04-02T11:54:00Z,147abc6a,8bab4dff,a6177608,0.0
2025-04-02T11:57:00Z,147abc6a,8bab4dff,a6177608,0.0
2025-04-02T12:00:00Z,147abc6a,8bab4dff,a6177608,0.0
2025-04-02T12:03:00Z,147abc6a,8bab4dff,a6177608,0.0
2025-04-02T12:06:00Z,147abc6a,8bab4dff,a6177608,0.0
2025-04-02T12:09:00Z,147abc6a,8bab4dff,a6177608,0.0
2025-04-02T12:12:00Z,147abc6a,8bab4dff,a6177608,0.0
2025-04-02T12:15:00Z,147abc6a,8bab4dff,a6177608,0.0
2025-04-02T12:18:00Z,147abc6a,8bab4dff,a6177608,0.0
2025-04-02T12:21:00Z,147abc6a,8bab4dff,a6177608,0.0
2025-04-02T12:24:00Z,147abc6a,8bab4dff,a6177608,0.0
2025-04-02T12:27:00Z,147abc6a,8bab4dff,a6177608,0.0
2025-04-02T12:30:00Z,147abc6a,8bab4dff,a6177608,0.0
2025-04-02T12:33:00Z,147abc6a,8bab4dff,a6177608,0.0
2025-04-02T12:36:00Z,147abc6a,8bab4dff,a6177608,0.0
2025-04-02T12:39:00Z,147abc6a,8bab4dff,a6177608,0.0
2025-04-02T12:42:00Z,147abc6a,8bab4dff,a6177608,0.0
2025-04-02T12:45:00Z,147abc6a,8bab4dff,a6177608,0.0
2025-04-02T12:48:00Z,147abc6a,8bab4dff,a6177608,0.0
2025-04-02T12:51:00Z,147abc6a,8bab4dff,a6177608,0.0
2025-04-02T12:54:00Z,147abc6a,8bab4dff,a6177608,0.0
2025-04-02T12:57:00Z,147abc6a,8bab4dff,a6177608,0.0
2025-04-02T13:00:00Z,147abc6a,8bab4dff,a6177608,0.0
2025-04-02T13:03:00Z,147abc6a,8bab4dff,a6177608,0.0
2025-04-02T13:06:00Z,147abc6a,8bab4dff,a6177608,0.0
2025-04-02T13:09:00Z,147abc6a,8bab4dff,a6177608,0.0
2025-04-02T13:12:00Z,147abc6a,8bab4dff,a6177608,0.0
2025-04-02T13:15:00Z,147abc6a,8bab4dff,a6177608,0.0
2025-04-02T13:18:00Z,147abc6a,8bab4dff,a6177608,0.0
2025-04-02T13:21:00Z,147abc6a,8bab4dff,a6177608,0.0
2025-04-02T13:24:00Z,147abc6a,8bab4dff,a6177608,0.0
2025-04-02T13:27:00Z,147abc6a,8bab4dff,a6177608,0.0
2025-04-02T13:30:00Z,147abc6a,8bab4dff,a6177608,0.0
2025-04-02T13:33:00Z,147abc6a,8bab4dff,a6177608,0.0
2025-04-02T13:36:00Z,147abc6a,8bab4dff,a6177608,0.0
2025-04-02T13:39:00Z,147abc6a,8bab4dff,a6177608,0.0
2025-04-02T13:42:00Z,147abc6a,8bab4dff,a6177608,0.0
2025-04-02T13:45:00Z,147abc6a,8bab4dff,a6177608,0.0
2025-04-02T13:48:00Z,147abc6a,8bab4dff,a6177608,0.0
2025-04-02T13:51:00Z,147abc6a,8bab4dff,a6177608,0.0
2025-04-02T13:54:00Z,147abc6a,8bab4dff,a6177608,0.0
2025-04-02T13:57:00Z,147abc6a,8bab4dff,a6177608,0.0
2025-04-02T14:00:00Z,147abc6a,8bab4dff,a6177608,0.0
2025-04-02T14:03:00Z,147abc6a,8bab4dff,a6177608,0.0
2025-04-02T14:06:00Z,147abc6a,8bab4dff,a6177608,0.0
2025-04-02T14:09:00Z,147abc6a,8bab4dff,a6177608,0.0
2025-04-02T14:12:00Z,147abc6a,8bab4dff,a6177608,0.0
2025-04-02T14:15:00Z,147abc6a,8bab4dff,a6177608,0.0
2025-04-02T14:18:00Z,147abc6a,8bab4dff,a6177608,0.0
2025-04-02T14:21:00Z,147abc6a,8bab4dff,a6177608,0.0
2025-04-02T14:24:00Z,147abc6a,8bab4dff,a6177608,0.0
2025-04-02T14:27:00Z,147abc6a,8bab4dff,a6177608,0.0
2025-04-02T14:30:00Z,147abc6a,8bab4dff,a6177608,0.0
2025-04-02T14:33:00Z,147abc6a,8bab4dff,a6177608,0.0
2025-04-02T14:36:00Z,147abc6a,8bab4dff,a6177608,0.0
2025-04-02T14:39:00Z,147abc6a,8bab4dff,a6177608,0.0
2025-04-02T14:42:00Z,147abc6a,8bab4dff,a6177608,0.0
2025-04-02T14:45:00Z,147abc6a,8bab4dff,a6177608,0.0
2025-04-02T14:48:00Z,147abc6a,8bab4dff,a6177608,0.0
2025-04-02T14:51:00Z,147abc6a,8bab4dff,a6177608,0.0
2025-04-02T14:54:00Z,147abc6a,8bab4dff,a6177608,0.0
2025-04-02T14:57:00Z,147abc6a,8bab4dff,a6177608,0.0
2025-04-02T15:00:00Z,147abc6a,8bab4dff,a6177608,0.0
2025-04-02T15:03:00Z,147abc6a,8bab4dff,a6177608,0.0
2025-04-02T15:06:00Z,147abc6a,8bab4dff,a6177608,0.0
2025-04-02T15:09:00Z,147abc6a,8bab4dff,a6177608,0.0
2025-04-02T15:12:00Z,147abc6a,8bab4dff,a6177608,0.0
2025-04-02T15:15:00Z,147abc6a,8bab4dff,a6177608,0.0
2025-04-02T15:18:00Z,147abc6a,8bab4dff,a6177608,0.0
2025-04-02T15:21:00Z,147abc6a,8bab4dff,a6177608,0.0
2025-04-02T15:24:00Z,147abc6a,8bab4dff,a6177608,0.0
2025-04-02T15:27:00Z,147abc6a,8bab4dff,a6177608,0.0
2025-04-02T15:30:00Z,147abc6a,8bab4dff,a6177608,0.0
2025-04-02T15:33:00Z,147abc6a,8bab4dff,a6177608,0.0
2025-04-02T15:36:00Z,147abc6a,8bab4dff,a6177608,0.0
2025-04-02T15:39:00Z,147abc6a,8bab4dff,a6177608,0.0
2025-04-02T15:42:00Z,147abc6a,8bab4dff,a6177608,0.0
2025-04-02T15:45:00Z,147abc6a,8bab4dff,a6177608,0.0
2025-04-02T15:48:00Z,147abc6a,8bab4dff,a6177608,0.09
2025-04-02T15:51:00Z,147abc6a,8bab4dff,a6177608,0.0
2025-04-02T15:54:00Z,147abc6a,8bab4dff,a6177608,0.0
2025-04-02T15:57:00Z,147abc6a,8bab4dff,a6177608,0.0
2025-04-02T16:00:00Z,147abc6a,8bab4dff,a6177608,0.0
2025-04-02T16:03:00Z,147abc6a,8bab4dff,a6177608,0.0
2025-04-02T16:06:00Z,147abc6a,8bab4dff,a6177608,0.0
2025-04-02T16:09:00Z,147abc6a,8bab4dff,a6177608,0.0
2025-04-02T16:12:00Z,147abc6a,8bab4dff,a6177608,0.0
2025-04-02T16:15:00Z,147abc6a,8bab4dff,a6177608,0.0
2025-04-02T16:18:00Z,147abc6a,8bab4dff,a6177608,0.0
2025-04-02T16:21:00Z,147abc6a,8bab4dff,a6177608,0.0
2025-04-02T16:24:00Z,147abc6a,8bab4dff,a6177608,0.0
2025-04-02T16:27:00Z,147abc6a,8bab4dff,a6177608,0.0
2025-04-02T16:30:00Z,147abc6a,8bab4dff,a6177608,0.0
2025-04-02T16:33:00Z,147abc6a,8bab4dff,a6177608,0.0
2025-04-02T16:36:00Z,147abc6a,8bab4dff,a6177608,0.0
2025-04-02T16:39:00Z,147abc6a,8bab4dff,a6177608,0.0
2025-04-02T16:42:00Z,147abc6a,8bab4dff,a6177608,0.0
2025-04-02T16:45:00Z,147abc6a,8bab4dff,a6177608,0.0
2025-04-02T16:48:00Z,147abc6a,8bab4dff,a6177608,0.0
2025-04-02T16:51:00Z,147abc6a,8bab4dff,a6177608,0.0
2025-04-02T16:54:00Z,147abc6a,8bab4dff,a6177608,0.0
2025-04-02T16:57:00Z,147abc6a,8bab4dff,a6177608,0.0
2025-04-02T17:00:00Z,147abc6a,8bab4dff,a6177608,0.0
2025-04-02T17:03:00Z,147abc6a,8bab4dff,a6177608,0.0
2025-04-02T17:06:00Z,147abc6a,8bab4dff,a6177608,0.0
2025-04-02T17:09:00Z,147abc6a,8bab4dff,a6177608,0.0
2025-04-02T17:12:00Z,147abc6a,8bab4dff,a6177608,0.0
2025-04-02T17:15:00Z,147abc6a,8bab4dff,a6177608,0.0
2025-04-02T17:18:00Z,147abc6a,8bab4dff,a6177608,0.0
2025-04-02T17:21:00Z,147abc6a,8bab4dff,a6177608,0.0
2025-04-02T17:24:00Z,147abc6a,8bab4dff,a6177608,0.0
2025-04-02T17:27:00Z,147abc6a,8bab4dff,a6177608,0.0
2025-04-02T17:30:00Z,147abc6a,8bab4dff,a6177608,0.0
2025-04-02T17:33:00Z,147abc6a,8bab4dff,a6177608,0.0
2025-04-02T17:36:00Z,147abc6a,8bab4dff,a6177608,0.0
2025-04-02T17:39:00Z,147abc6a,8bab4dff,a6177608,0.0
2025-04-02T17:42:00Z,147abc6a,8bab4dff,a6177608,0.0
2025-04-02T17:45:00Z,147abc6a,8bab4dff,a6177608,0.0
2025-04-02T17:48:00Z,147abc6a,8bab4dff,a6177608,0.0
2025-04-02T17:51:00Z,147abc6a,8bab4dff,a6177608,0.0
2025-04-02T17:54:00Z,147abc6a,8bab4dff,a6177608,0.0
2025-04-02T17:57:00Z,147abc6a,8bab4dff,a6177608,0.0
2025-04-02T18:00:00Z,147abc6a,8bab4dff,a6177608,0.0
2025-04-02T18:03:00Z,147abc6a,8bab4dff,a6177608,0.0
2025-04-02T18:06:00Z,147abc6a,8bab4dff,a6177608,0.0
2025-04-02T18:09:00Z,147abc6a,8bab4dff,a6177608,0.0
2025-04-02T18:12:00Z,147abc6a,8bab4dff,a6177608,0.0
2025-04-02T18:15:00Z,147abc6a,8bab4dff,a6177608,0.0
2025-04-02T18:18:00Z,147abc6a,8bab4dff,a6177608,0.0
2025-04-02T18:21:00Z,147abc6a,8bab4dff,a6177608,0.0
2025-04-02T18:24:00Z,147abc6a,8bab4dff,a6177608,0.0
2025-04-02T18:27:00Z,147abc6a,8bab4dff,a6177608,0.0
2025-04-02T18:30:00Z,147abc6a,8bab4dff,a6177608,0.0
2025-04-02T18:33:00Z,147abc6a,8bab4dff,a6177608,0.0
2025-04-02T18:36:00Z,147abc6a,8bab4dff,a6177608,0.0
2025-04-02T18:39:00Z,147abc6a,8bab4dff,a6177608,0.0
2025-04-02T18:42:00Z,147abc6a,8bab4dff,a6177608,0.01
2025-04-02T18:45:00Z,147abc6a,8bab4dff,a6177608,0.0
2025-04-02T18:48:00Z,147abc6a,8bab4dff,a6177608,0.0
2025-04-02T18:51:00Z,147abc6a,8bab4dff,a6177608,0.0
2025-04-02T18:54:00Z,147abc6a,8bab4dff,a6177608,0.0
2025-04-02T18:57:00Z,147abc6a,8bab4dff,a6177608,0.0
2025-04-02T19:00:00Z,147abc6a,8bab4dff,a6177608,0.0
2025-04-02T19:03:00Z,147abc6a,8bab4dff,a6177608,0.0
2025-04-02T19:06:00Z,147abc6a,8bab4dff,a6177608,0.0
2025-04-02T19:09:00Z,147abc6a,8bab4dff,a6177608,0.0
2025-04-02T19:12:00Z,147abc6a,8bab4dff,a6177608,0.0
2025-04-02T19:15:00Z,147abc6a,8bab4dff,a6177608,0.0
2025-04-02T19:18:00Z,147abc6a,8bab4dff,a6177608,0.0
2025-04-02T19:21:00Z,147abc6a,8bab4dff,a6177608,0.0
2025-04-02T19:24:00Z,147abc6a,8bab4dff,a6177608,0.0
2025-04-02T19:27:00Z,147abc6a,8bab4dff,a6177608,0.0
2025-04-02T19:30:00Z,147abc6a,8bab4dff,a6177608,0.0
2025-04-02T19:33:00Z,147abc6a,8bab4dff,a6177608,0.0
2025-04-02T19:36:00Z,147abc6a,8bab4dff,a6177608,0.0
2025-04-02T19:39:00Z,147abc6a,8bab4dff,a6177608,0.0
2025-04-02T19:42:00Z,147abc6a,8bab4dff,a6177608,0.0
2025-04-02T19:45:00Z,147abc6a,8bab4dff,a6177608,0.0
2025-04-02T19:48:00Z,147abc6a,8bab4dff,a6177608,0.0
2025-04-02T19:51:00Z,147abc6a,8bab4dff,a6177608,0.0
2025-04-02T19:54:00Z,147abc6a,8bab4dff,a6177608,0.0
2025-04-02T19:57:00Z,147abc6a,8bab4dff,a6177608,0.0
2025-04-02T20:00:00Z,147abc6a,8bab4dff,a6177608,0.0
2025-04-02T20:03:00Z,147abc6a,8bab4dff,a6177608,0.0
2025-04-02T20:06:00Z,147abc6a,8bab4dff,a6177608,0.0
2025-04-02T20:09:00Z,147abc6a,8bab4dff,a6177608,0.0
2025-04-02T20:12:00Z,147abc6a,8bab4dff,a6177608,0.0
2025-04-02T20:15:00Z,147abc6a,8bab4dff,a6177608,0.0
2025-04-02T20:18:00Z,147abc6a,8bab4dff,a6177608,0.0
2025-04-02T20:21:00Z,147abc6a,8bab4dff,a6177608,0.0
2025-04-02T20:24:00Z,147abc6a,8bab4dff,a6177608,0.0
2025-04-02T20:27:00Z,147abc6a,8bab4dff,a6177608,0.0
2025-04-02T20:30:00Z,147abc6a,8bab4dff,a6177608,0.0
2025-04-02T20:33:00Z,147abc6a,8bab4dff,a6177608,0.0
2025-04-02T20:36:00Z,147abc6a,8bab4dff,a6177608,0.0
2025-04-02T20:39:00Z,147abc6a,8bab4dff,a6177608,0.0
2025-04-02T20:42:00Z,147abc6a,8bab4dff,a6177608,0.0
2025-04-02T20:45:00Z,147abc6a,8bab4dff,a6177608,0.0
2025-04-02T20:48:00Z,147abc6a,8bab4dff,a6177608,0.0
2025-04-02T20:51:00Z,147abc6a,8bab4dff,a6177608,0.0
2025-04-02T20:54:00Z,147abc6a,8bab4dff,a6177608,0.0
2025-04-02T20:57:00Z,147abc6a,8bab4dff,a6177608,0.0
2025-04-02T21:00:00Z,147abc6a,8bab4dff,a6177608,0.0
2025-04-02T21:03:00Z,147abc6a,8bab4dff,a6177608,0.0
2025-04-02T21:06:00Z,147abc6a,8bab4dff,a6177608,0.0
2025-04-02T21:09:00Z,147abc6a,8bab4dff,a6177608,0.0
2025-04-02T21:12:00Z,147abc6a,8bab4dff,a6177608,0.0
2025-04-02T21:15:00Z,147abc6a,8bab4dff,a6177608,0.0
2025-04-02T21:18:00Z,147abc6a,8bab4dff,a6177608,0.0
2025-04-02T21:21:00Z,147abc6a,8bab4dff,a6177608,0.0
2025-04-02T21:24:00Z,147abc6a,8bab4dff,a6177608,0.0
2025-04-02T21:27:00Z,147abc6a,8bab4dff,a6177608,0.0
2025-04-02T21:30:00Z,147abc6a,8bab4dff,a6177608,0.0
2025-04-02T21:33:00Z,147abc6a,8bab4dff,a6177608,0.0
2025-04-02T21:36:00Z,147abc6a,8bab4dff,a6177608,0.0
2025-04-02T21:39:00Z,147abc6a,8bab4dff,a6177608,0.0
2025-04-02T21:42:00Z,147abc6a,8bab4dff,a6177608,0.0
2025-04-02T21:45:00Z,147abc6a,8bab4dff,a6177608,0.0
2025-04-02T21:48:00Z,147abc6a,8bab4dff,a6177608,0.0
2025-04-02T21:51:00Z,147abc6a,8bab4dff,a6177608,0.02
2025-04-02T21:54:00Z,147abc6a,8bab4dff,a6177608,0.0
2025-04-02T21:57:00Z,147abc6a,8bab4dff,a6177608,0.0
2025-04-02T22:00:00Z,147abc6a,8bab4dff,a6177608,0.0
2025-04-02T22:03:00Z,147abc6a,8bab4dff,a6177608,0.0
2025-04-02T22:06:00Z,147abc6a,8bab4dff,a6177608,0.0
2025-04-02T22:09:00Z,147abc6a,8bab4dff,a6177608,0.0
2025-04-02T22:12:00Z,147abc6a,8bab4dff,a6177608,0.0
2025-04-02T22:15:00Z,147abc6a,8bab4dff,a6177608,0.0
2025-04-02T22:18:00Z,147abc6a,8bab4dff,a6177608,0.0
2025-04-02T22:21:00Z,147abc6a,8bab4dff,a6177608,0.0
2025-04-02T22:24:00Z,147abc6a,8bab4dff,a6177608,0.0
2025-04-02T22:27:00Z,147abc6a,8bab4dff,a6177608,0.0
2025-04-02T22:30:00Z,147abc6a,8bab4dff,a6177608,0.0
2025-04-02T22:33:00Z,147abc6a,8bab4dff,a6177608,0.0
2025-04-02T22:36:00Z,147abc6a,8bab4dff,a6177608,0.0
2025-04-02T22:39:00Z,147abc6a,8bab4dff,a6177608,0.0
2025-04-02T22:42:00Z,147abc6a,8bab4dff,a6177608,0.0
2025-04-02T22:45:00Z,147abc6a,8bab4dff,a6177608,0.0
2025-04-02T22:48:00Z,147abc6a,8bab4dff,a6177608,0.0
2025-04-02T22:51:00Z,147abc6a,8bab4dff,a6177608,0.0
2025-04-02T22:54:00Z,147abc6a,8bab4dff,a6177608,0.0
2025-04-02T22:57:00Z,147abc6a,8bab4dff,a6177608,0.0
2025-04-02T23:00:00Z,147abc6a,8bab4dff,a6177608,0.0
2025-04-02T23:03:00Z,147abc6a,8bab4dff,a6177608,0.0
2025-04-02T23:06:00Z,147abc6a,8bab4dff,a6177608,0.0
2025-04-02T23:09:00Z,147abc6a,8bab4dff,a6177608,0.0
2025-04-02T23:12:00Z,147abc6a,8bab4dff,a6177608,0.0
2025-04-02T23:15:00Z,147abc6a,8bab4dff,a6177608,0.0
2025-04-02T23:18:00Z,147abc6a,8bab4dff,a6177608,0.0
2025-04-02T23:21:00Z,147abc6a,8bab4dff,a6177608,0.0
2025-04-02T23:24:00Z,147abc6a,8bab4dff,a6177608,0.0
2025-04-02T23:27:00Z,147abc6a,8bab4dff,a6177608,0.0
2025-04-02T23:30:00Z,147abc6a,8bab4dff,a6177608,0.0
2025-04-02T23:33:00Z,147abc6a,8bab4dff,a6177608,0.0
2025-04-02T23:36:00Z,147abc6a,8bab4dff,a6177608,0.0
2025-04-02T23:39:00Z,147abc6a,8bab4dff,a6177608,0.0
2025-04-02T23:42:00Z,147abc6a,8bab4dff,a6177608,0.0
2025-04-02T23:45:00Z,147abc6a,8bab4dff,a6177608,0.0
2025-04-02T23:48:00Z,147abc6a,8bab4dff,a6177608,0.0
2025-04-02T23:51:00Z,147abc6a,8bab4dff,a6177608,0.0
2025-04-02T23:54:00Z,147abc6a,8bab4dff,a6177608,0.0
2025-04-02T23:57:00Z,147abc6a,8bab4dff,a6177608,0.0
2025-04-03T00:00:00Z,147abc6a,8bab4dff,a6177608,0.0
2025-04-03T00:03:00Z,147abc6a,8bab4dff,a6177608,0.0
2025-04-03T00:06:00Z,147abc6a,8bab4dff,a6177608,0.0
2025-04-03T00:09:00Z,147abc6a,8bab4dff,a6177608,0.0
2025-04-03T00:12:00Z,147abc6a,8bab4dff,a6177608,0.0
2025-04-03T00:15:00Z,147abc6a,8bab4dff,a6177608,0.0
2025-04-03T00:18:00Z,147abc6a,8bab4dff,a6177608,0.0
2025-04-03T00:21:00Z,147abc6a,8bab4dff,a6177608,0.0
2025-04-03T00:24:00Z,147abc6a,8bab4dff,a6177608,0.0
2025-04-03T00:27:00Z,147abc6a,8bab4dff,a6177608,0.0
2025-04-03T00:30:00Z,147abc6a,8bab4dff,a6177608,0.0
2025-04-03T00:33:00Z,147abc6a,8bab4dff,a6177608,0.0
2025-04-03T00:36:00Z,147abc6a,8bab4dff,a6177608,0.0
2025-04-03T00:39:00Z,147abc6a,8bab4dff,a6177608,0.0
2025-04-03T00:42:00Z,147abc6a,8bab4dff,a6177608,0.0
2025-04-03T00:45:00Z,147abc6a,8bab4dff,a6177608,0.0
2025-04-03T00:48:00Z,147abc6a,8bab4dff,a6177608,0.0
2025-04-03T00:51:00Z,147abc6a,8bab4dff,a6177608,0.0
2025-04-03T00:54:00Z,147abc6a,8bab4dff,a6177608,0.0
2025-04-03T00:57:00Z,147abc6a,8bab4dff,a6177608,0.0
2025-04-03T01:00:00Z,147abc6a,8bab4dff,a6177608,0.0
2025-04-03T01:03:00Z,147abc6a,8bab4dff,a6177608,0.0
2025-04-03T01:06:00Z,147abc6a,8bab4dff,a6177608,0.0
2025-04-03T01:09:00Z,147abc6a,8bab4dff,a6177608,0.0
2025-04-03T01:12:00Z,147abc6a,8bab4dff,a6177608,0.0
2025-04-03T01:15:00Z,147abc6a,8bab4dff,a6177608,0.0
2025-04-03T01:18:00Z,147abc6a,8bab4dff,a6177608,0.0
2025-04-03T01:21:00Z,147abc6a,8bab4dff,a6177608,0.0
2025-04-03T01:24:00Z,147abc6a,8bab4dff,a6177608,0.0
2025-04-03T01:27:00Z,147abc6a,8bab4dff,a6177608,0.0
2025-04-03T01:30:00Z,147abc6a,8bab4dff,a6177608,0.0
2025-04-03T01:33:00Z,147abc6a,8bab4dff,a6177608,0.0
2025-04-03T01:36:00Z,147abc6a,8bab4dff,a6177608,0.17
2025-04-03T01:39:00Z,147abc6a,8bab4dff,a6177608,0.0
2025-04-03T01:42:00Z,147abc6a,8bab4dff,a6177608,0.0
2025-04-03T01:45:00Z,147abc6a,8bab4dff,a6177608,0.0
2025-04-03T01:48:00Z,147abc6a,8bab4dff,a6177608,0.0
2025-04-03T01:51:00Z,147abc6a,8bab4dff,a6177608,0.0
2025-04-03T01:54:00Z,147abc6a,8bab4dff,a6177608,0.0
2025-04-03T01:57:00Z,147abc6a,8bab4dff,a6177608,0.0
2025-04-03T02:00:00Z,147abc6a,8bab4dff,a6177608,0.0
2025-04-03T02:03:00Z,147abc6a,8bab4dff,a6177608,0.0
2025-04-03T02:06:00Z,147abc6a,8bab4dff,a6177608,0.0
2025-04-03T02:09:00Z,147abc6a,8bab4dff,a6177608,0.0
2025-04-03T02:12:00Z,147abc6a,8bab4dff,a6177608,0.0
2025-04-03T02:15:00Z,147abc6a,8bab4dff,a6177608,0.0
2025-04-03T02:18:00Z,147abc6a,8bab4dff,a6177608,0.0
2025-04-03T02:21:00Z,147abc6a,8bab4dff,a6177608,0.0
2025-04-03T02:24:00Z,147abc6a,8bab4dff,a6177608,0.0
2025-04-03T02:27:00Z,147abc6a,8bab4dff,a6177608,0.0
2025-04-03T02:30:00Z,147abc6a,8bab4dff,a6177608,0.0
2025-04-03T02:33:00Z,147abc6a,8bab4dff,a6177608,0.0
2025-04-03T02:36:00Z,147abc6a,8bab4dff,a6177608,0.0
2025-04-03T02:39:00Z,147abc6a,8bab4dff,a6177608,0.0
2025-04-03T02:42:00Z,147abc6a,8bab4dff,a6177608,0.0
2025-04-03T02:45:00Z,147abc6a,8bab4dff,a6177608,0.0
2025-04-03T02:48:00Z,147abc6a,8bab4dff,a6177608,0.0
2025-04-03T02:51:00Z,147abc6a,8bab4dff,a6177608,0.0
2025-04-03T02:54:00Z,147abc6a,8bab4dff,a6177608,0.0
2025-04-03T02:57:00Z,147abc6a,8bab4dff,a6177608,0.0
2025-04-03T03:00:00Z,147abc6a,8bab4dff,a6177608,0.0
2025-04-03T03:03:00Z,147abc6a,8bab4dff,a6177608,0.0
2025-04-03T03:06:00Z,147abc6a,8bab4dff,a6177608,0.0
2025-04-03T03:09:00Z,147abc6a,8bab4dff,a6177608,0.0
2025-04-03T03:12:00Z,147abc6a,8bab4dff,a6177608,0.0
2025-04-03T03:15:00Z,147abc6a,8bab4dff,a6177608,0.0
2025-04-03T03:18:00Z,147abc6a,8bab4dff,a6177608,0.0
2025-04-03T03:21:00Z,147abc6a,8bab4dff,a6177608,0.0
2025-04-03T03:24:00Z,147abc6a,8bab4dff,a6177608,0.0
2025-04-03T03:27:00Z,147abc6a,8bab4dff,a6177608,0.0
2025-04-03T03:30:00Z,147abc6a,8bab4dff,a6177608,0.0
2025-04-03T03:33:00Z,147abc6a,8bab4dff,a6177608,0.0
2025-04-03T03:36:00Z,147abc6a,8bab4dff,a6177608,0.0
2025-04-03T03:39:00Z,147abc6a,8bab4dff,a6177608,0.0
2025-04-03T03:42:00Z,147abc6a,8bab4dff,a6177608,0.0
2025-04-03T03:45:00Z,147abc6a,8bab4dff,a6177608,0.0
2025-04-03T03:48:00Z,147abc6a,8bab4dff,a6177608,0.0
2025-04-03T03:51:00Z,147abc6a,8bab4dff,a6177608,0.0
2025-04-03T03:54:00Z,147abc6a,8bab4dff,a6177608,0.0
2025-04-03T03:57:00Z,147abc6a,8bab4dff,a6177608,0.0
2025-04-03T04:00:00Z,147abc6a,8bab4dff,a6177608,0.0
2025-04-03T04:03:00Z,147abc6a,8bab4dff,a6177608,0.0
2025-04-03T04:06:00Z,147abc6a,8bab4dff,a6177608,0.0
2025-04-03T04:09:00Z,147abc6a,8bab4dff,a6177608,0.0
2025-04-03T04:12:00Z,147abc6a,8bab4dff,a6177608,0.0
2025-04-03T04:15:00Z,147abc6a,8bab4dff,a6177608,0.0
2025-04-03T04:18:00Z,147abc6a,8bab4dff,a6177608,0.0
2025-04-03T04:21:00Z,147abc6a,8bab4dff,a6177608,0.0
2025-04-03T04:24:00Z,147abc6a,8bab4dff,a6177608,0.0
2025-04-03T04:27:00Z,147abc6a,8bab4dff,a6177608,0.0
2025-04-03T04:30:00Z,147abc6a,8bab4dff,a6177608,0.0
2025-04-03T04:33:00Z,147abc6a,8bab4dff,a6177608,0.0
2025-04-03T04:36:00Z,147abc6a,8bab4dff,a6177608,0.0
2025-04-03T04:39:00Z,147abc6a,8bab4dff,a6177608,0.0
2025-04-03T04:42:00Z,147abc6a,8bab4dff,a6177608,0.0
2025-04-03T04:45:00Z,147abc6a,8bab4dff,a6177608,0.0
2025-04-03T04:48:00Z,147abc6a,8bab4dff,a6177608,0.0
2025-04-03T04:51:00Z,147abc6a,8bab4dff,a6177608,0.0
2025-04-03T04:54:00Z,147abc6a,8bab4dff,a6177608,0.0
2025-04-03T04:57:00Z,147abc6a,8bab4dff,a6177608,0.0
2025-04-03T05:00:00Z,147abc6a,8bab4dff,a6177608,0.0
2025-04-03T05:03:00Z,147abc6a,8bab4dff,a6177608,0.0
2025-04-03T05:06:00Z,147abc6a,8bab4dff,a6177608,0.0
2025-04-03T05:09:00Z,147abc6a,8bab4dff,a6177608,0.0
2025-04-03T05:12:00Z,147abc6a,8bab4dff,a6177608,0.0
2025-04-03T05:15:00Z,147abc6a,8bab4dff,a6177608,0.0
2025-04-03T05:18:00Z,147abc6a,8bab4dff,a6177608,0.0
2025-04-03T05:21:00Z,147abc6a,8bab4dff,a6177608,0.0
2025-04-03T05:24:00Z,147abc6a,8bab4dff,a6177608,0.0
2025-04-03T05:27:00Z,147abc6a,8bab4dff,a6177608,0.0
2025-04-03T05:30:00Z,147abc6a,8bab4dff,a6177608,0.0
2025-04-03T05:33:00Z,147abc6a,8bab4dff,a6177608,0.0
2025-04-03T05:36:00Z,147abc6a,8bab4dff,a6177608,0.0
2025-04-03T05:39:00Z,147abc6a,8bab4dff,a6177608,0.0
2025-04-03T05:42:00Z,147abc6a,8bab4dff,a6177608,0.0
2025-04-03T05:45:00Z,147abc6a,8bab4dff,a6177608,0.0
2025-04-03T05:48:00Z,147abc6a,8bab4dff,a6177608,0.0
2025-04-03T05:51:00Z,147abc6a,8bab4dff,a6177608,0.0
2025-04-03T05:54:00Z,147abc6a,8bab4dff,a6177608,0.0
2025-04-03T05:57:00Z,147abc6a,8bab4dff,a6177608,0.0
2025-04-03T06:00:00Z,147abc6a,8bab4dff,a6177608,0.0
2025-04-03T06:03:00Z,147abc6a,8bab4dff,a6177608,0.12
2025-04-03T06:06:00Z,147abc6a,8bab4dff,a6177608,0.0
2025-04-03T06:09:00Z,147abc6a,8bab4dff,a6177608,0.0
2025-04-03T06:12:00Z,147abc6a,8bab4dff,a6177608,0.0
2025-04-03T06:15:00Z,147abc6a,8bab4dff,a6177608,0.0
2025-04-03T06:18:00Z,147abc6a,8bab4dff,a6177608,0.0
2025-04-03T06:21:00Z,147abc6a,8bab4dff,a6177608,0.0
2025-04-03T06:24:00Z,147abc6a,8bab4dff,a6177608,0.0
2025-04-03T06:27:00Z,147abc6a,8bab4dff,a6177608,0.0
2025-04-03T06:30:00Z,147abc6a,8bab4dff,a6177608,0.0
2025-04-03T06:33:00Z,147abc6a,8bab4dff,a6177608,0.0
2025-04-03T06:36:00Z,147abc6a,8bab4dff,a6177608,0.0
2025-04-03T06:39:00Z,147abc6a,8bab4dff,a6177608,0.0
2025-04-03T06:42:00Z,147abc6a,8bab4dff,a6177608,0.0
2025-04-03T06:45:00Z,147abc6a,8bab4dff,a6177608,0.0
2025-04-03T06:48:00Z,147abc6a,8bab4dff,a6177608,0.0
2025-04-03T06:51:00Z,147abc6a,8bab4dff,a6177608,0.0
2025-04-03T06:54:00Z,147abc6a,8bab4dff,a6177608,0.0
2025-04-03T06:57:00Z,147abc6a,8bab4dff,a6177608,0.0
2025-04-03T07:00:00Z,147abc6a,8bab4dff,a6177608,0.0
2025-04-03T07:03:00Z,147abc6a,8bab4dff,a6177608,0.0
2025-04-03T07:06:00Z,147abc6a,8bab4dff,a6177608,0.0
2025-04-03T07:09:00Z,147abc6a,8bab4dff,a6177608,0.0
2025-04-03T07:12:00Z,147abc6a,8bab4dff,a6177608,0.0
2025-04-03T07:15:00Z,147abc6a,8bab4dff,a6177608,0.0
2025-04-03T07:18:00Z,147abc6a,8bab4dff,a6177608,0.0
2025-04-03T07:21:00Z,147abc6a,8bab4dff,a6177608,0.0
2025-04-03T07:24:00Z,147abc6a,8bab4dff,a6177608,0.0
2025-04-03T07:27:00Z,147abc6a,8bab4dff,a6177608,0.0
2025-04-03T07:30:00Z,147abc6a,8bab4dff,a6177608,0.0
2025-04-03T07:33:00Z,147abc6a,8bab4dff,a6177608,0.0
2025-04-03T07:36:00Z,147abc6a,8bab4dff,a6177608,0.0
2025-04-03T07:39:00Z,147abc6a,8bab4dff,a6177608,0.01
2025-04-03T07:42:00Z,147abc6a,8bab4dff,a6177608,0.0
2025-04-03T07:45:00Z,147abc6a,8bab4dff,a6177608,0.0
2025-04-03T07:48:00Z,147abc6a,8bab4dff,a6177608,0.0
2025-04-03T07:51:00Z,147abc6a,8bab4dff,a6177608,0.0
2025-04-03T07:54:00Z,147abc6a,8bab4dff,a6177608,0.0
2025-04-03T07:57:00Z,147abc6a,8bab4dff,a6177608,0.0
2025-04-03T08:00:00Z,147abc6a,8bab4dff,a6177608,0.0
2025-04-03T08:03:00Z,147abc6a,8bab4dff,a6177608,0.0
2025-04-03T08:06:00Z,147abc6a,8bab4dff,a6177608,0.0
2025-04-03T08:09:00Z,147abc6a,8bab4dff,a6177608,0.0
2025-04-03T08:12:00Z,147abc6a,8bab4dff,a6177608,0.0
2025-04-03T08:15:00Z,147abc6a,8bab4dff,a6177608,0.0
2025-04-03T08:18:00Z,147abc6a,8bab4dff,a6177608,0.0
2025-04-03T08:21:00Z,147abc6a,8bab4dff,a6177608,0.0
2025-04-03T08:24:00Z,147abc6a,8bab4dff,a6177608,0.0
2025-04-03T08:27:00Z,147abc6a,8bab4dff,a6177608,0.0
2025-04-03T08:30:00Z,147abc6a,8bab4dff,a6177608,0.0
2025-04-03T08:33:00Z,147abc6a,8bab4dff,a6177608,0.0
2025-04-03T08:36:00Z,147abc6a,8bab4dff,a6177608,0.0
2025-04-03T08:39:00Z,147abc6a,8bab4dff,a6177608,0.0
2025-04-03T08:42:00Z,147abc6a,8bab4dff,a6177608,0.0
2025-04-03T08:45:00Z,147abc6a,8bab4dff,a6177608,0.0
2025-04-03T08:48:00Z,147abc6a,8bab4dff,a6177608,0.0
2025-04-03T08:51:00Z,147abc6a,8bab4dff,a6177608,0.0
2025-04-03T08:54:00Z,147abc6a,8bab4dff,a6177608,0.0
2025-04-03T08:57:00Z,147abc6a,8bab4dff,a6177608,0.0
2025-04-03T09:00:00Z,147abc6a,8bab4dff,a6177608,0.0
2025-04-03T09:03:00Z,147abc6a,8bab4dff,a6177608,0.0
2025-04-03T09:06:00Z,147abc6a,8bab4dff,a6177608,0.0
2025-04-03T09:09:00Z,147abc6a,8bab4dff,a6177608,0.0
2025-04-03T09:12:00Z,147abc6a,8bab4dff,a6177608,0.0
2025-04-03T09:15:00Z,147abc6a,8bab4dff,a6177608,0.0
2025-04-03T09:18:00Z,147abc6a,8bab4dff,a6177608,0.0
2025-04-03T09:21:00Z,147abc6a,8bab4dff,a6177608,0.0
2025-04-03T09:24:00Z,147abc6a,8bab4dff,a6177608,0.0
2025-04-03T09:27:00Z,147abc6a,8bab4dff,a6177608,0.0
2025-04-03T09:30:00Z,147abc6a,8bab4dff,a6177608,0.0
2025-04-03T09:33:00Z,147abc6a,8bab4dff,a6177608,0.0
2025-04-03T09:36:00Z,147abc6a,8bab4dff,a6177608,0.0
2025-04-03T09:39:00Z,147abc6a,8bab4dff,a6177608,0.0
2025-04-03T09:42:00Z,147abc6a,8bab4dff,a6177608,0.0
2025-04-03T09:45:00Z,147abc6a,8bab4dff,a6177608,0.0
2025-04-03T09:48:00Z,147abc6a,8bab4dff,a6177608,0.0
2025-04-03T09:51:00Z,147abc6a,8bab4dff,a6177608,0.0
2025-04-03T09:54:00Z,147abc6a,8bab4dff,a6177608,0.0
2025-04-03T09:57:00Z,147abc6a,8bab4dff,a6177608,0.0
2025-04-03T10:00:00Z,147abc6a,8bab4dff,a6177608,0.0
2025-04-03T10:03:00Z,147abc6a,8bab4dff,a6177608,0.0
2025-04-03T10:06:00Z,147abc6a,8bab4dff,a6177608,0.0
2025-04-03T10:09:00Z,147abc6a,8bab4dff,a6177608,0.0
2025-04-03T10:12:00Z,147abc6a,8bab4dff,a6177608,0.0
2025-04-03T10:15:00Z,147abc6a,8bab4dff,a6177608,0.0
2025-04-03T10:18:00Z,147abc6a,8bab4dff,a6177608,0.0
2025-04-03T10:21:00Z,147abc6a,8bab4dff,a6177608,0.0
2025-04-03T10:24:00Z,147abc6a,8bab4dff,a6177608,0.0
2025-04-03T10:27:00Z,147abc6a,8bab4dff,a6177608,0.0
2025-04-03T10:30:00Z,147abc6a,8bab4dff,a6177608,0.0
2025-04-03T10:33:00Z,147abc6a,8bab4dff,a6177608,0.0
2025-04-03T10:36:00Z,147abc6a,8bab4dff,a6177608,0.0
2025-04-03T10:39:00Z,147abc6a,8bab4dff,a6177608,0.0
2025-04-03T10:42:00Z,147abc6a,8bab4dff,a6177608,0.0
2025-04-03T10:45:00Z,147abc6a,8bab4dff,a6177608,0.0
2025-04-03T10:48:00Z,147abc6a,8bab4dff,a6177608,0.0
2025-04-03T10:51:00Z,147abc6a,8bab4dff,a6177608,0.0
2025-04-03T10:54:00Z,147abc6a,8bab4dff,a6177608,0.0
2025-04-03T10:57:00Z,147abc6a,8bab4dff,a6177608,0.0
2025-04-03T11:00:00Z,147abc6a,8bab4dff,a6177608,0.0
2025-04-03T11:03:00Z,147abc6a,8bab4dff,a6177608,0.0
2025-04-03T11:06:00Z,147abc6a,8bab4dff,a6177608,0.0
2025-04-03T11:09:00Z,147abc6a,8bab4dff,a6177608,0.0
2025-04-03T11:12:00Z,147abc6a,8bab4dff,a6177608,0.0
2025-04-03T11:15:00Z,147abc6a,8bab4dff,a6177608,0.0
2025-04-03T11:18:00Z,147abc6a,8bab4dff,a6177608,0.0
2025-04-03T11:21:00Z,147abc6a,8bab4dff,a6177608,0.0
2025-04-03T11:24:00Z,147abc6a,8bab4dff,a6177608,0.0
2025-04-03T11:27:00Z,147abc6a,8bab4dff,a6177608,0.0
2025-04-03T11:30:00Z,147abc6a,8bab4dff,a6177608,0.0
2025-04-03T11:33:00Z,147abc6a,8bab4dff,a6177608,0.0
2025-04-03T11:36:00Z,147abc6a,8bab4dff,a6177608,0.0
2025-04-03T11:39:00Z,147abc6a,8bab4dff,a6177608,0.0
2025-04-03T11:42:00Z,147abc6a,8bab4dff,a6177608,0.0
2025-04-03T11:45:00Z,147abc6a,8bab4dff,a6177608,0.0
2025-04-03T11:48:00Z,147abc6a,8bab4dff,a6177608,0.0
2025-04-03T11:51:00Z,147abc6a,8bab4dff,a6177608,0.0
2025-04-03T11:54:00Z,147abc6a,8bab4dff,a6177608,0.0
2025-04-03T11:57:00Z,147abc6a,8bab4dff,a6177608,0.0
2025-04-03T12:00:00Z,147abc6a,8bab4dff,a6177608,0.0
2025-04-03T12:03:00Z,147abc6a,8bab4dff,a6177608,0.0
2025-04-03T12:06:00Z,147abc6a,8bab4dff,a6177608,0.0
2025-04-03T12:09:00Z,147abc6a,8bab4dff,a6177608,0.0
2025-04-03T12:12:00Z,147abc6a,8bab4dff,a6177608,0.0
2025-04-03T12:15:00Z,147abc6a,8bab4dff,a6177608,0.0
2025-04-03T12:18:00Z,147abc6a,8bab4dff,a6177608,0.0
2025-04-03T12:21:00Z,147abc6a,8bab4dff,a6177608,0.0
2025-04-03T12:24:00Z,147abc6a,8bab4dff,a6177608,0.0
2025-04-03T12:27:00Z,147abc6a,8bab4dff,a6177608,0.0
2025-04-03T12:30:00Z,147abc6a,8bab4dff,a6177608,0.0
2025-04-03T12:33:00Z,147abc6a,8bab4dff,a6177608,0.0
2025-04-03T12:36:00Z,147abc6a,8bab4dff,a6177608,0.0
2025-04-03T12:39:00Z,147abc6a,8bab4dff,a6177608,0.0
2025-04-03T12:42:00Z,147abc6a,8bab4dff,a6177608,0.0
2025-04-03T12:45:00Z,147abc6a,8bab4dff,a6177608,0.0
2025-04-03T12:48:00Z,147abc6a,8bab4dff,a6177608,0.0
2025-04-03T12:51:00Z,147abc6a,8bab4dff,a6177608,0.0
2025-04-03T12:54:00Z,147abc6a,8bab4dff,a6177608,0.0
2025-04-03T12:57:00Z,147abc6a,8bab4dff,a6177608,0.0
2025-04-03T13:00:00Z,147abc6a,8bab4dff,a6177608,0.0
2025-04-03T13:03:00Z,147abc6a,8bab4dff,a6177608,0.0
2025-04-03T13:06:00Z,147abc6a,8bab4dff,a6177608,0.0
2025-04-03T13:09:00Z,147abc6a,8bab4dff,a6177608,0.0
2025-04-03T13:12:00Z,147abc6a,8bab4dff,a6177608,0.0
2025-04-03T13:15:00Z,147abc6a,8bab4dff,a6177608,0.0
2025-04-03T13:18:00Z,147abc6a,8bab4dff,a6177608,0.0
2025-04-03T13:21:00Z,147abc6a,8bab4dff,a6177608,0.0
2025-04-03T13:24:00Z,147abc6a,8bab4dff,a6177608,0.0
2025-04-03T13:27:00Z,147abc6a,8bab4dff,a6177608,0.0
2025-04-03T13:30:00Z,147abc6a,8bab4dff,a6177608,0.0
2025-04-03T13:33:00Z,147abc6a,8bab4dff,a6177608,0.0
2025-04-03T13:36:00Z,147abc6a,8bab4dff,a6177608,0.0
2025-04-03T13:39:00Z,147abc6a,8bab4dff,a6177608,0.0
2025-04-03T13:42:00Z,147abc6a,8bab4dff,a6177608,0.0
2025-04-03T13:45:00Z,147abc6a,8bab4dff,a6177608,0.0
2025-04-03T13:48:00Z,147abc6a,8bab4dff,a6177608,0.0
2025-04-03T13:51:00Z,147abc6a,8bab4dff,a6177608,0.0
2025-04-03T13:54:00Z,147abc6a,8bab4dff,a6177608,0.0
2025-04-03T13:57:00Z,147abc6a,8bab4dff,a6177608,0.0
2025-04-03T14:00:00Z,147abc6a,8bab4dff,a6177608,0.0
2025-04-03T14:03:00Z,147abc6a,8bab4dff,a6177608,0.0
2025-04-03T14:06:00Z,147abc6a,8bab4dff,a6177608,0.0
2025-04-03T14:09:00Z,147abc6a,8bab4dff,a6177608,0.0
2025-04-03T14:12:00Z,147abc6a,8bab4dff,a6177608,0.0
2025-04-03T14:15:00Z,147abc6a,8bab4dff,a6177608,0.0
2025-04-03T14:18:00Z,147abc6a,8bab4dff,a6177608,0.0
2025-04-03T14:21:00Z,147abc6a,8bab4dff,a6177608,0.0
2025-04-03T14:24:00Z,147abc6a,8bab4dff,a6177608,0.0
2025-04-03T14:27:00Z,147abc6a,8bab4dff,a6177608,0.0
2025-04-03T14:30:00Z,147abc6a,8bab4dff,a6177608,0.0
2025-04-03T14:33:00Z,147abc6a,8bab4dff,a6177608,0.0
2025-04-03T14:36:00Z,147abc6a,8bab4dff,a6177608,0.0
2025-04-03T14:39:00Z,147abc6a,8bab4dff,a6177608,0.0
2025-04-03T14:42:00Z,147abc6a,8bab4dff,a6177608,0.0
2025-04-03T14:45:00Z,147abc6a,8bab4dff,a6177608,0.0
2025-04-03T14:48:00Z,147abc6a,8bab4dff,a6177608,0.0
2025-04-03T14:51:00Z,147abc6a,8bab4dff,a6177608,0.0
2025-04-03T14:54:00Z,147abc6a,8bab4dff,a6177608,0.0
2025-04-03T14:57:00Z,147abc6a,8bab4dff,a6177608,0.0
2025-04-03T15:00:00Z,147abc6a,8bab4dff,a6177608,0.0
2025-04-03T15:03:00Z,147abc6a,8bab4dff,a6177608,0.0
2025-04-03T15:06:00Z,147abc6a,8bab4dff,a6177608,0.0
2025-04-03T15:09:00Z,147abc6a,8bab4dff,a6177608,0.0
2025-04-03T15:12:00Z,147abc6a,8bab4dff,a6177608,0.0
2025-04-03T15:15:00Z,147abc6a,8bab4dff,a6177608,0.0
2025-04-03T15:18:00Z,147abc6a,8bab4dff,a6177608,0.0
2025-04-03T15:21:00Z,147abc6a,8bab4dff,a6177608,0.0
2025-04-03T15:24:00Z,147abc6a,8bab4dff,a6177608,0.0
2025-04-03T15:27:00Z,147abc6a,8bab4dff,a6177608,0.0
2025-04-03T15:30:00Z,147abc6a,8bab4dff,a6177608,0.0
2025-04-03T15:33:00Z,147abc6a,8bab4dff,a6177608,0.0
2025-04-03T15:36:00Z,147abc6a,8bab4dff,a6177608,0.0
2025-04-03T15:39:00Z,147abc6a,8bab4dff,a6177608,0.0
2025-04-03T15:42:00Z,147abc6a,8bab4dff,a6177608,0.0
2025-04-03T15:45:00Z,147abc6a,8bab4dff,a6177608,0.0
2025-04-03T15:48:00Z,147abc6a,8bab4dff,a6177608,0.0
2025-04-03T15:51:00Z,147abc6a,8bab4dff,a6177608,0.0
2025-04-03T15:54:00Z,147abc6a,8bab4dff,a6177608,0.0
2025-04-03T15:57:00Z,147abc6a,8bab4dff,a6177608,0.0
2025-04-03T16:00:00Z,147abc6a,8bab4dff,a6177608,0.0
2025-04-03T16:03:00Z,147abc6a,8bab4dff,a6177608,0.0
2025-04-03T16:06:00Z,147abc6a,8bab4dff,a6177608,0.0
2025-04-03T16:09:00Z,147abc6a,8bab4dff,a6177608,0.0
2025-04-03T16:12:00Z,147abc6a,8bab4dff,a6177608,0.0
2025-04-03T16:15:00Z,147abc6a,8bab4dff,a6177608,0.0
2025-04-03T16:18:00Z,147abc6a,8bab4dff,a6177608,0.0
2025-04-03T16:21:00Z,147abc6a,8bab4dff,a6177608,0.0
2025-04-03T16:24:00Z,147abc6a,8bab4dff,a6177608,0.0
2025-04-03T16:27:00Z,147abc6a,8bab4dff,a6177608,0.0
2025-04-03T16:30:00Z,147abc6a,8bab4dff,a6177608,0.0
2025-04-03T16:33:00Z,147abc6a,8bab4dff,a6177608,0.0
2025-04-03T16:36:00Z,147abc6a,8bab4dff,a6177608,0.0
2025-04-03T16:39:00Z,147abc6a,8bab4dff,a6177608,0.0
2025-04-03T16:42:00Z,147abc6a,8bab4dff,a6177608,0.0
2025-04-03T16:45:00Z,147abc6a,8bab4dff,a6177608,0.0
2025-04-03T16:48:00Z,147abc6a,8bab4dff,a6177608,0.0
2025-04-03T16:51:00Z,147abc6a,8bab4dff,a6177608,0.0
2025-04-03T16:54:00Z,147abc6a,8bab4dff,a6177608,0.0
2025-04-03T16:57:00Z,147abc6a,8bab4dff,a6177608,0.0
2025-04-03T17:00:00Z,147abc6a,8bab4dff,a6177608,0.0
2025-04-03T17:03:00Z,147abc6a,8bab4dff,a6177608,0.0
2025-04-03T17:06:00Z,147abc6a,8bab4dff,a6177608,0.0
2025-04-03T17:09:00Z,147abc6a,8bab4dff,a6177608,0.0
2025-04-03T17:12:00Z,147abc6a,8bab4dff,a6177608,0.0
2025-04-03T17:15:00Z,147abc6a,8bab4dff,a6177608,0.0
2025-04-03T17:18:00Z,147abc6a,8bab4dff,a6177608,0.0
2025-04-03T17:21:00Z,147abc6a,8bab4dff,a6177608,0.0
2025-04-03T17:24:00Z,147abc6a,8bab4dff,a6177608,0.0
2025-04-03T17:27:00Z,147abc6a,8bab4dff,a6177608,0.0
2025-04-03T17:30:00Z,147abc6a,8bab4dff,a6177608,0.0
2025-04-03T17:33:00Z,147abc6a,8bab4dff,a6177608,0.0
2025-04-03T17:36:00Z,147abc6a,8bab4dff,a6177608,0.0
2025-04-03T17:39:00Z,147abc6a,8bab4dff,a6177608,0.0
2025-04-03T17:42:00Z,147abc6a,8bab4dff,a6177608,0.0
2025-04-03T17:45:00Z,147abc6a,8bab4dff,a6177608,0.0
2025-04-03T17:48:00Z,147abc6a,8bab4dff,a6177608,0.0
2025-04-03T17:51:00Z,147abc6a,8bab4dff,a6177608,0.0
2025-04-03T17:54:00Z,147abc6a,8bab4dff,a6177608,0.0
2025-04-03T17:57:00Z,147abc6a,8bab4dff,a6177608,0.0
2025-04-03T18:00:00Z,147abc6a,8bab4dff,a6177608,0.0
2025-04-03T18:03:00Z,147abc6a,8bab4dff,a6177608,0.0
2025-04-03T18:06:00Z,147abc6a,8bab4dff,a6177608,0.0
2025-04-03T18:09:00Z,147abc6a,8bab4dff,a6177608,0.0
2025-04-03T18:12:00Z,147abc6a,8bab4dff,a6177608,0.0
2025-04-03T18:15:00Z,147abc6a,8bab4dff,a6177608,0.0
2025-04-03T18:18:00Z,147abc6a,8bab4dff,a6177608,0.0
2025-04-03T18:21:00Z,147abc6a,8bab4dff,a6177608,0.0
2025-04-03T18:24:00Z,147abc6a,8bab4dff,a6177608,0.0
2025-04-03T18:27:00Z,147abc6a,8bab4dff,a6177608,0.0
2025-04-03T18:30:00Z,147abc6a,8bab4dff,a6177608,0.0
2025-04-03T18:33:00Z,147abc6a,8bab4dff,a6177608,0.0
2025-04-03T18:36:00Z,147abc6a,8bab4dff,a6177608,0.0
2025-04-03T18:39:00Z,147abc6a,8bab4dff,a6177608,0.0
2025-04-03T18:42:00Z,147abc6a,8bab4dff,a6177608,0.0
2025-04-03T18:45:00Z,147abc6a,8bab4dff,a6177608,0.0
2025-04-03T18:48:00Z,147abc6a,8bab4dff,a6177608,0.0
2025-04-03T18:51:00Z,147abc6a,8bab4dff,a6177608,0.0
2025-04-03T18:54:00Z,147abc6a,8bab4dff,a6177608,0.0
2025-04-03T18:57:00Z,147abc6a,8bab4dff,a6177608,0.0
2025-04-03T19:00:00Z,147abc6a,8bab4dff,a6177608,0.0
2025-04-03T19:03:00Z,147abc6a,8bab4dff,a6177608,0.0
2025-04-03T19:06:00Z,147abc6a,8bab4dff,a6177608,0.0
2025-04-03T19:09:00Z,147abc6a,8bab4dff,a6177608,0.0
2025-04-03T19:12:00Z,147abc6a,8bab4dff,a6177608,0.0
2025-04-03T19:15:00Z,147abc6a,8bab4dff,a6177608,0.0
2025-04-03T19:18:00Z,147abc6a,8bab4dff,a6177608,0.0
2025-04-03T19:21:00Z,147abc6a,8bab4dff,a6177608,0.0
2025-04-03T19:24:00Z,147abc6a,8bab4dff,a6177608,0.0
2025-04-03T19:27:00Z,147abc6a,8bab4dff,a6177608,0.0
2025-04-03T19:30:00Z,147abc6a,8bab4dff,a6177608,0.0
2025-04-03T19:33:00Z,147abc6a,8bab4dff,a6177608,0.0
2025-04-03T19:36:00Z,147abc6a,8bab4dff,a6177608,0.0
2025-04-03T19:39:00Z,147abc6a,8bab4dff,a6177608,0.0
2025-04-03T19:42:00Z,147abc6a,8bab4dff,a6177608,0.0
2025-04-03T19:45:00Z,147abc6a,8bab4dff,a6177608,0.0
2025-04-03T19:48:00Z,147abc6a,8bab4dff,a6177608,0.0
2025-04-03T19:51:00Z,147abc6a,8bab4dff,a6177608,0.0
2025-04-03T19:54:00Z,147abc6a,8bab4dff,a6177608,0.0
2025-04-03T19:57:00Z,147abc6a,8bab4dff,a6177608,0.0
2025-04-03T20:00:00Z,147abc6a,8bab4dff,a6177608,0.0
2025-04-03T20:03:00Z,147abc6a,8bab4dff,a6177608,0.0
2025-04-03T20:06:00Z,147abc6a,8bab4dff,a6177608,0.0
2025-04-03T20:09:00Z,147abc6a,8bab4dff,a6177608,0.0
2025-04-03T20:12:00Z,147abc6a,8bab4dff,a6177608,0.0
2025-04-03T20:15:00Z,147abc6a,8bab4dff,a6177608,0.0
2025-04-03T20:18:00Z,147abc6a,8bab4dff,a6177608,0.0
2025-04-03T20:21:00Z,147abc6a,8bab4dff,a6177608,0.0
2025-04-03T20:24:00Z,147abc6a,8bab4dff,a6177608,0.0
2025-04-03T20:27:00Z,147abc6a,8bab4dff,a6177608,0.0
2025-04-03T20:30:00Z,147abc6a,8bab4dff,a6177608,0.0
2025-04-03T20:33:00Z,147abc6a,8bab4dff,a6177608,0.0
2025-04-03T20:36:00Z,147abc6a,8bab4dff,a6177608,0.0
2025-04-03T20:39:00Z,147abc6a,8bab4dff,a6177608,0.0
2025-04-03T20:42:00Z,147abc6a,8bab4dff,a6177608,0.0
2025-04-03T20:45:00Z,147abc6a,8bab4dff,a6177608,0.0
2025-04-03T20:48:00Z,147abc6a,8bab4dff,a6177608,0.0
2025-04-03T20:51:00Z,147abc6a,8bab4dff,a6177608,0.0
2025-04-03T20:54:00Z,147abc6a,8bab4dff,a6177608,0.0
2025-04-03T20:57:00Z,147abc6a,8bab4dff,a6177608,0.0
2025-04-03T21:00:00Z,147abc6a,8bab4dff,a6177608,0.0
2025-04-03T21:03:00Z,147abc6a,8bab4dff,a6177608,0.0
2025-04-03T21:06:00Z,147abc6a,8bab4dff,a6177608,0.0
2025-04-03T21:09:00Z,147abc6a,8bab4dff,a6177608,0.0
2025-04-03T21:12:00Z,147abc6a,8bab4dff,a6177608,0.0
2025-04-03T21:15:00Z,147abc6a,8bab4dff,a6177608,0.0
2025-04-03T21:18:00Z,147abc6a,8bab4dff,a6177608,0.0
2025-04-03T21:21:00Z,147abc6a,8bab4dff,a6177608,0.0
2025-04-03T21:24:00Z,147abc6a,8bab4dff,a6177608,0.0
2025-04-03T21:27:00Z,147abc6a,8bab4dff,a6177608,0.0
2025-04-03T21:30:00Z,147abc6a,8bab4dff,a6177608,0.0
2025-04-03T21:33:00Z,147abc6a,8bab4dff,a6177608,0.0
2025-04-03T21:36:00Z,147abc6a,8bab4dff,a6177608,0.0
2025-04-03T21:39:00Z,147abc6a,8bab4dff,a6177608,0.0
2025-04-03T21:42:00Z,147abc6a,8bab4dff,a6177608,0.0
2025-04-03T21:45:00Z,147abc6a,8bab4dff,a6177608,0.0
2025-04-03T21:48:00Z,147abc6a,8bab4dff,a6177608,0.0
2025-04-03T21:51:00Z,147abc6a,8bab4dff,a6177608,0.01
2025-04-03T21:54:00Z,147abc6a,8bab4dff,a6177608,0.0
2025-04-03T21:57:00Z,147abc6a,8bab4dff,a6177608,0.0
2025-04-03T22:00:00Z,147abc6a,8bab4dff,a6177608,0.01
2025-04-03T22:03:00Z,147abc6a,8bab4dff,a6177608,0.0
2025-04-03T22:06:00Z,147abc6a,8bab4dff,a6177608,0.0
2025-04-03T22:09:00Z,147abc6a,8bab4dff,a6177608,0.0
2025-04-03T22:12:00Z,147abc6a,8bab4dff,a6177608,0.0
2025-04-03T22:15:00Z,147abc6a,8bab4dff,a6177608,0.0
2025-04-03T22:18:00Z,147abc6a,8bab4dff,a6177608,0.0
2025-04-03T22:21:00Z,147abc6a,8bab4dff,a6177608,0.0
2025-04-03T22:24:00Z,147abc6a,8bab4dff,a6177608,0.0
2025-04-03T22:27:00Z,147abc6a,8bab4dff,a6177608,0.0
2025-04-03T22:30:00Z,147abc6a,8bab4dff,a6177608,0.0
2025-04-03T22:33:00Z,147abc6a,8bab4dff,a6177608,0.0
2025-04-03T22:36:00Z,147abc6a,8bab4dff,a6177608,0.0
2025-04-03T22:39:00Z,147abc6a,8bab4dff,a6177608,0.0
2025-04-03T22:42:00Z,147abc6a,8bab4dff,a6177608,0.0
2025-04-03T22:45:00Z,147abc6a,8bab4dff,a6177608,0.0
2025-04-03T22:48:00Z,147abc6a,8bab4dff,a6177608,0.0
2025-04-03T22:51:00Z,147abc6a,8bab4dff,a6177608,0.0
2025-04-03T22:54:00Z,147abc6a,8bab4dff,a6177608,0.0
2025-04-03T22:57:00Z,147abc6a,8bab4dff,a6177608,0.0
2025-04-03T23:00:00Z,147abc6a,8bab4dff,a6177608,0.0
2025-04-03T23:03:00Z,147abc6a,8bab4dff,a6177608,0.0
2025-04-03T23:06:00Z,147abc6a,8bab4dff,a6177608,0.0
2025-04-03T23:09:00Z,147abc6a,8bab4dff,a6177608,0.0
2025-04-03T23:12:00Z,147abc6a,8bab4dff,a6177608,0.0
2025-04-03T23:15:00Z,147abc6a,8bab4dff,a6177608,0.0
2025-04-03T23:18:00Z,147abc6a,8bab4dff,a6177608,0.0
2025-04-03T23:21:00Z,147abc6a,8bab4dff,a6177608,0.0
2025-04-03T23:24:00Z,147abc6a,8bab4dff,a6177608,0.0
2025-04-03T23:27:00Z,147abc6a,8bab4dff,a6177608,0.0
2025-04-03T23:30:00Z,147abc6a,8bab4dff,a6177608,0.0
2025-04-03T23:33:00Z,147abc6a,8bab4dff,a6177608,0.0
2025-04-03T23:36:00Z,147abc6a,8bab4dff,a6177608,0.0
2025-04-03T23:39:00Z,147abc6a,8bab4dff,a6177608,0.0
2025-04-03T23:42:00Z,147abc6a,8bab4dff,a6177608,0.0
2025-04-03T23:45:00Z,147abc6a,8bab4dff,a6177608,0.0
2025-04-03T23:48:00Z,147abc6a,8bab4dff,a6177608,0.0
2025-04-03T23:51:00Z,147abc6a,8bab4dff,a6177608,0.0
2025-04-03T23:54:00Z,147abc6a,8bab4dff,a6177608,0.0
2025-04-03T23:57:00Z,147abc6a,8bab4dff,a6177608,0.0
2025-04-04T00:00:00Z,147abc6a,8bab4dff,a6177608,0.0
2025-04-04T00:03:00Z,147abc6a,8bab4dff,a6177608,0.0
2025-04-04T00:06:00Z,147abc6a,8bab4dff,a6177608,0.0
2025-04-04T00:09:00Z,147abc6a,8bab4dff,a6177608,0.0
2025-04-04T00:12:00Z,147abc6a,8bab4dff,a6177608,0.0
2025-04-04T00:15:00Z,147abc6a,8bab4dff,a6177608,0.0
2025-04-04T00:18:00Z,147abc6a,8bab4dff,a6177608,0.0
2025-04-04T00:21:00Z,147abc6a,8bab4dff,a6177608,0.0
2025-04-04T00:24:00Z,147abc6a,8bab4dff,a6177608,0.0
2025-04-04T00:27:00Z,147abc6a,8bab4dff,a6177608,0.0
2025-04-04T00:30:00Z,147abc6a,8bab4dff,a6177608,0.0
2025-04-04T00:33:00Z,147abc6a,8bab4dff,a6177608,0.02
2025-04-04T00:36:00Z,147abc6a,8bab4dff,a6177608,0.0
2025-04-04T00:39:00Z,147abc6a,8bab4dff,a6177608,0.0
2025-04-04T00:42:00Z,147abc6a,8bab4dff,a6177608,0.0
2025-04-04T00:45:00Z,147abc6a,8bab4dff,a6177608,0.0
2025-04-04T00:48:00Z,147abc6a,8bab4dff,a6177608,0.0
2025-04-04T00:51:00Z,147abc6a,8bab4dff,a6177608,0.0
2025-04-04T00:54:00Z,147abc6a,8bab4dff,a6177608,0.0
2025-04-04T00:57:00Z,147abc6a,8bab4dff,a6177608,0.0
2025-04-04T01:00:00Z,147abc6a,8bab4dff,a6177608,0.0
2025-04-04T01:03:00Z,147abc6a,8bab4dff,a6177608,0.0
2025-04-04T01:06:00Z,147abc6a,8bab4dff,a6177608,0.0
2025-04-04T01:09:00Z,147abc6a,8bab4dff,a6177608,0.0
2025-04-04T01:12:00Z,147abc6a,8bab4dff,a6177608,0.0
2025-04-04T01:15:00Z,147abc6a,8bab4dff,a6177608,0.0
2025-04-04T01:18:00Z,147abc6a,8bab4dff,a6177608,0.0
2025-04-04T01:21:00Z,147abc6a,8bab4dff,a6177608,0.0
2025-04-04T01:24:00Z,147abc6a,8bab4dff,a6177608,0.0
2025-04-04T01:27:00Z,147abc6a,8bab4dff,a6177608,0.0
2025-04-04T01:30:00Z,147abc6a,8bab4dff,a6177608,0.0
2025-04-04T01:33:00Z,147abc6a,8bab4dff,a6177608,0.0
2025-04-04T01:36:00Z,147abc6a,8bab4dff,a6177608,0.0
2025-04-04T01:39:00Z,147abc6a,8bab4dff,a6177608,0.0
2025-04-04T01:42:00Z,147abc6a,8bab4dff,a6177608,0.0
2025-04-04T01:45:00Z,147abc6a,8bab4dff,a6177608,0.0
2025-04-04T01:48:00Z,147abc6a,8bab4dff,a6177608,0.0
2025-04-04T01:51:00Z,147abc6a,8bab4dff,a6177608,0.0
2025-04-04T01:54:00Z,147abc6a,8bab4dff,a6177608,0.0
2025-04-04T01:57:00Z,147abc6a,8bab4dff,a6177608,0.0
2025-04-04T02:00:00Z,147abc6a,8bab4dff,a6177608,0.0
2025-04-04T02:03:00Z,147abc6a,8bab4dff,a6177608,0.0
2025-04-04T02:06:00Z,147abc6a,8bab4dff,a6177608,0.0
2025-04-04T02:09:00Z,147abc6a,8bab4dff,a6177608,0.0
2025-04-04T02:12:00Z,147abc6a,8bab4dff,a6177608,0.0
2025-04-04T02:15:00Z,147abc6a,8bab4dff,a6177608,0.0
2025-04-04T02:18:00Z,147abc6a,8bab4dff,a6177608,0.0
2025-04-04T02:21:00Z,147abc6a,8bab4dff,a6177608,0.0
2025-04-04T02:24:00Z,147abc6a,8bab4dff,a6177608,0.0
2025-04-04T02:27:00Z,147abc6a,8bab4dff,a6177608,0.0
2025-04-04T02:30:00Z,147abc6a,8bab4dff,a6177608,0.0
2025-04-04T02:33:00Z,147abc6a,8bab4dff,a6177608,0.0
2025-04-04T02:36:00Z,147abc6a,8bab4dff,a6177608,0.0
2025-04-04T02:39:00Z,147abc6a,8bab4dff,a6177608,0.0
2025-04-04T02:42:00Z,147abc6a,8bab4dff,a6177608,0.0
2025-04-04T02:45:00Z,147abc6a,8bab4dff,a6177608,0.0
2025-04-04T02:48:00Z,147abc6a,8bab4dff,a6177608,0.0
2025-04-04T02:51:00Z,147abc6a,8bab4dff,a6177608,0.0
2025-04-04T02:54:00Z,147abc6a,8bab4dff,a6177608,0.0
2025-04-04T02:57:00Z,147abc6a,8bab4dff,a6177608,0.0
2025-04-04T03:00:00Z,147abc6a,8bab4dff,a6177608,0.0
2025-04-04T03:03:00Z,147abc6a,8bab4dff,a6177608,0.0
2025-04-04T03:06:00Z,147abc6a,8bab4dff,a6177608,0.0
2025-04-04T03:09:00Z,147abc6a,8bab4dff,a6177608,0.0
2025-04-04T03:12:00Z,147abc6a,8bab4dff,a6177608,0.0
2025-04-04T03:15:00Z,147abc6a,8bab4dff,a6177608,0.0
2025-04-04T03:18:00Z,147abc6a,8bab4dff,a6177608,0.0
2025-04-04T03:21:00Z,147abc6a,8bab4dff,a6177608,0.0
2025-04-04T03:24:00Z,147abc6a,8bab4dff,a6177608,0.0
2025-04-04T03:27:00Z,147abc6a,8bab4dff,a6177608,0.0
2025-04-04T03:30:00Z,147abc6a,8bab4dff,a6177608,0.0
2025-04-04T03:33:00Z,147abc6a,8bab4dff,a6177608,0.0
2025-04-04T03:36:00Z,147abc6a,8bab4dff,a6177608,0.0
2025-04-04T03:39:00Z,147abc6a,8bab4dff,a6177608,0.0
2025-04-04T03:42:00Z,147abc6a,8bab4dff,a6177608,0.0
2025-04-04T03:45:00Z,147abc6a,8bab4dff,a6177608,0.0
2025-04-04T03:48:00Z,147abc6a,8bab4dff,a6177608,0.0
2025-04-04T03:51:00Z,147abc6a,8bab4dff,a6177608,0.0
2025-04-04T03:54:00Z,147abc6a,8bab4dff,a6177608,0.0
2025-04-04T03:57:00Z,147abc6a,8bab4dff,a6177608,0.0
2025-04-04T04:00:00Z,147abc6a,8bab4dff,a6177608,0.0
2025-04-04T04:03:00Z,147abc6a,8bab4dff,a6177608,0.0
2025-04-04T04:06:00Z,147abc6a,8bab4dff,a6177608,0.0
2025-04-04T04:09:00Z,147abc6a,8bab4dff,a6177608,0.0
2025-04-04T04:12:00Z,147abc6a,8bab4dff,a6177608,0.0
2025-04-04T04:15:00Z,147abc6a,8bab4dff,a6177608,0.0
2025-04-04T04:18:00Z,147abc6a,8bab4dff,a6177608,0.0
2025-04-04T04:21:00Z,147abc6a,8bab4dff,a6177608,0.0
2025-04-04T04:24:00Z,147abc6a,8bab4dff,a6177608,0.0
2025-04-04T04:27:00Z,147abc6a,8bab4dff,a6177608,0.0
2025-04-04T04:30:00Z,147abc6a,8bab4dff,a6177608,0.0
2025-04-04T04:33:00Z,147abc6a,8bab4dff,a6177608,0.0
2025-04-04T04:36:00Z,147abc6a,8bab4dff,a6177608,0.0
2025-04-04T04:39:00Z,147abc6a,8bab4dff,a6177608,0.0
2025-04-04T04:42:00Z,147abc6a,8bab4dff,a6177608,0.0
2025-04-04T04:45:00Z,147abc6a,8bab4dff,a6177608,0.0
2025-04-04T04:48:00Z,147abc6a,8bab4dff,a6177608,0.0
2025-04-04T04:51:00Z,147abc6a,8bab4dff,a6177608,0.0
2025-04-04T04:54:00Z,147abc6a,8bab4dff,a6177608,0.0
2025-04-04T04:57:00Z,147abc6a,8bab4dff,a6177608,0.0
2025-04-04T05:00:00Z,147abc6a,8bab4dff,a6177608,0.0
2025-04-04T05:03:00Z,147abc6a,8bab4dff,a6177608,0.0
2025-04-04T05:06:00Z,147abc6a,8bab4dff,a6177608,0.0
2025-04-04T05:09:00Z,147abc6a,8bab4dff,a6177608,0.0
2025-04-04T05:12:00Z,147abc6a,8bab4dff,a6177608,0.0
2025-04-04T05:15:00Z,147abc6a,8bab4dff,a6177608,0.0
2025-04-04T05:18:00Z,147abc6a,8bab4dff,a6177608,0.0
2025-04-04T05:21:00Z,147abc6a,8bab4dff,a6177608,0.0
2025-04-04T05:24:00Z,147abc6a,8bab4dff,a6177608,0.0
2025-04-04T05:27:00Z,147abc6a,8bab4dff,a6177608,0.0
2025-04-04T05:30:00Z,147abc6a,8bab4dff,a6177608,0.0
2025-04-04T05:33:00Z,147abc6a,8bab4dff,a6177608,0.0
2025-04-04T05:36:00Z,147abc6a,8bab4dff,a6177608,0.0
2025-04-04T05:39:00Z,147abc6a,8bab4dff,a6177608,0.0
2025-04-04T05:42:00Z,147abc6a,8bab4dff,a6177608,0.0
2025-04-04T05:45:00Z,147abc6a,8bab4dff,a6177608,0.0
2025-04-04T05:48:00Z,147abc6a,8bab4dff,a6177608,0.0
2025-04-04T05:51:00Z,147abc6a,8bab4dff,a6177608,0.0
2025-04-04T05:54:00Z,147abc6a,8bab4dff,a6177608,0.0
2025-04-04T05:57:00Z,147abc6a,8bab4dff,a6177608,0.0
2025-04-04T06:00:00Z,147abc6a,8bab4dff,a6177608,0.0
2025-04-04T06:03:00Z,147abc6a,8bab4dff,a6177608,0.0
2025-04-04T06:06:00Z,147abc6a,8bab4dff,a6177608,0.0
2025-04-04T06:09:00Z,147abc6a,8bab4dff,a6177608,0.0
2025-04-04T06:12:00Z,147abc6a,8bab4dff,a6177608,0.0
2025-04-04T06:15:00Z,147abc6a,8bab4dff,a6177608,0.0
2025-04-04T06:18:00Z,147abc6a,8bab4dff,a6177608,0.0
2025-04-04T06:21:00Z,147abc6a,8bab4dff,a6177608,0.01
2025-04-04T06:24:00Z,147abc6a,8bab4dff,a6177608,0.0
2025-04-04T06:27:00Z,147abc6a,8bab4dff,a6177608,0.0
2025-04-04T06:30:00Z,147abc6a,8bab4dff,a6177608,0.03
2025-04-04T06:33:00Z,147abc6a,8bab4dff,a6177608,0.07
2025-04-04T06:36:00Z,147abc6a,8bab4dff,a6177608,0.0
2025-04-04T06:39:00Z,147abc6a,8bab4dff,a6177608,0.0
2025-04-04T06:42:00Z,147abc6a,8bab4dff,a6177608,0.0
2025-04-04T06:45:00Z,147abc6a,8bab4dff,a6177608,0.0
2025-04-04T06:48:00Z,147abc6a,8bab4dff,a6177608,0.0
2025-04-04T06:51:00Z,147abc6a,8bab4dff,a6177608,0.0
2025-04-04T06:54:00Z,147abc6a,8bab4dff,a6177608,0.0
2025-04-04T06:57:00Z,147abc6a,8bab4dff,a6177608,0.0
2025-04-04T07:00:00Z,147abc6a,8bab4dff,a6177608,0.0
2025-04-04T07:03:00Z,147abc6a,8bab4dff,a6177608,0.0
2025-04-04T07:06:00Z,147abc6a,8bab4dff,a6177608,0.0
2025-04-04T07:09:00Z,147abc6a,8bab4dff,a6177608,0.0
2025-04-04T07:12:00Z,147abc6a,8bab4dff,a6177608,0.0
2025-04-04T07:15:00Z,147abc6a,8bab4dff,a6177608,0.0
2025-04-04T07:18:00Z,147abc6a,8bab4dff,a6177608,0.0
2025-04-04T07:21:00Z,147abc6a,8bab4dff,a6177608,0.0
2025-04-04T07:24:00Z,147abc6a,8bab4dff,a6177608,0.0
2025-04-04T07:27:00Z,147abc6a,8bab4dff,a6177608,0.0
2025-04-04T07:30:00Z,147abc6a,8bab4dff,a6177608,0.0
2025-04-04T07:33:00Z,147abc6a,8bab4dff,a6177608,0.0
2025-04-04T07:36:00Z,147abc6a,8bab4dff,a6177608,0.0
2025-04-04T07:39:00Z,147abc6a,8bab4dff,a6177608,0.0
2025-04-04T07:42:00Z,147abc6a,8bab4dff,a6177608,0.0
2025-04-04T07:45:00Z,147abc6a,8bab4dff,a6177608,0.0
2025-04-04T07:48:00Z,147abc6a,8bab4dff,a6177608,0.0
2025-04-04T07:51:00Z,147abc6a,8bab4dff,a6177608,0.0
2025-04-04T07:54:00Z,147abc6a,8bab4dff,a6177608,0.0
2025-04-04T07:57:00Z,147abc6a,8bab4dff,a6177608,0.0
2025-04-04T08:00:00Z,147abc6a,8bab4dff,a6177608,0.0
2025-04-04T08:03:00Z,147abc6a,8bab4dff,a6177608,0.0
2025-04-04T08:06:00Z,147abc6a,8bab4dff,a6177608,0.0
2025-04-04T08:09:00Z,147abc6a,8bab4dff,a6177608,0.0
2025-04-04T08:12:00Z,147abc6a,8bab4dff,a6177608,0.0
2025-04-04T08:15:00Z,147abc6a,8bab4dff,a6177608,0.0
2025-04-04T08:18:00Z,147abc6a,8bab4dff,a6177608,0.0
2025-04-04T08:21:00Z,147abc6a,8bab4dff,a6177608,0.0
2025-04-04T08:24:00Z,147abc6a,8bab4dff,a6177608,0.0
2025-04-04T08:27:00Z,147abc6a,8bab4dff,a6177608,0.0
2025-04-04T08:30:00Z,147abc6a,8bab4dff,a6177608,0.0
2025-04-04T08:33:00Z,147abc6a,8bab4dff,a6177608,0.0
2025-04-04T08:36:00Z,147abc6a,8bab4dff,a6177608,0.0
2025-04-04T08:39:00Z,147abc6a,8bab4dff,a6177608,0.0
2025-04-04T08:42:00Z,147abc6a,8bab4dff,a6177608,0.0
2025-04-04T08:45:00Z,147abc6a,8bab4dff,a6177608,0.0
2025-04-04T08:48:00Z,147abc6a,8bab4dff,a6177608,0.0
2025-04-04T08:51:00Z,147abc6a,8bab4dff,a6177608,0.0
2025-04-04T08:54:00Z,147abc6a,8bab4dff,a6177608,0.0
2025-04-04T08:57:00Z,147abc6a,8bab4dff,a6177608,0.0
2025-04-04T09:00:00Z,147abc6a,8bab4dff,a6177608,0.0
2025-04-04T09:03:00Z,147abc6a,8bab4dff,a6177608,0.0
2025-04-04T09:06:00Z,147abc6a,8bab4dff,a6177608,0.0
2025-04-04T09:09:00Z,147abc6a,8bab4dff,a6177608,0.0
2025-04-04T09:12:00Z,147abc6a,8bab4dff,a6177608,0.0
2025-04-04T09:15:00Z,147abc6a,8bab4dff,a6177608,0.0
2025-04-04T09:18:00Z,147abc6a,8bab4dff,a6177608,0.0
2025-04-04T09:21:00Z,147abc6a,8bab4dff,a6177608,0.0
2025-04-04T09:24:00Z,147abc6a,8bab4dff,a6177608,0.0
2025-04-04T09:27:00Z,147abc6a,8bab4dff,a6177608,0.0
2025-04-04T09:30:00Z,147abc6a,8bab4dff,a6177608,0.0
2025-04-04T09:33:00Z,147abc6a,8bab4dff,a6177608,0.0
2025-04-04T09:36:00Z,147abc6a,8bab4dff,a6177608,0.0
2025-04-04T09:39:00Z,147abc6a,8bab4dff,a6177608,0.0
2025-04-04T09:42:00Z,147abc6a,8bab4dff,a6177608,0.0
2025-04-04T09:45:00Z,147abc6a,8bab4dff,a6177608,0.0
2025-04-04T09:48:00Z,147abc6a,8bab4dff,a6177608,0.0
2025-04-04T09:51:00Z,147abc6a,8bab4dff,a6177608,0.0
2025-04-04T09:54:00Z,147abc6a,8bab4dff,a6177608,0.0
2025-04-04T09:57:00Z,147abc6a,8bab4dff,a6177608,0.0
2025-04-04T10:00:00Z,147abc6a,8bab4dff,a6177608,0.0
2025-04-04T10:03:00Z,147abc6a,8bab4dff,a6177608,0.0
2025-04-04T10:06:00Z,147abc6a,8bab4dff,a6177608,0.0
2025-04-04T10:09:00Z,147abc6a,8bab4dff,a6177608,0.0
2025-04-04T10:12:00Z,147abc6a,8bab4dff,a6177608,0.0
2025-04-04T10:15:00Z,147abc6a,8bab4dff,a6177608,0.0
2025-04-04T10:18:00Z,147abc6a,8bab4dff,a6177608,0.0
2025-04-04T10:21:00Z,147abc6a,8bab4dff,a6177608,0.0
2025-04-04T10:24:00Z,147abc6a,8bab4dff,a6177608,0.0
2025-04-04T10:27:00Z,147abc6a,8bab4dff,a6177608,0.0
2025-04-04T10:30:00Z,147abc6a,8bab4dff,a6177608,0.0
2025-04-04T10:33:00Z,147abc6a,8bab4dff,a6177608,0.0
2025-04-04T10:36:00Z,147abc6a,8bab4dff,a6177608,0.0
2025-04-04T10:39:00Z,147abc6a,8bab4dff,a6177608,0.0
2025-04-04T10:42:00Z,147abc6a,8bab4dff,a6177608,0.0
2025-04-04T10:45:00Z,147abc6a,8bab4dff,a6177608,0.0
2025-04-04T10:48:00Z,147abc6a,8bab4dff,a6177608,0.0
2025-04-04T10:51:00Z,147abc6a,8bab4dff,a6177608,0.0
2025-04-04T10:54:00Z,147abc6a,8bab4dff,a6177608,0.0
2025-04-04T10:57:00Z,147abc6a,8bab4dff,a6177608,0.0
2025-04-04T11:00:00Z,147abc6a,8bab4dff,a6177608,0.0
2025-04-04T11:03:00Z,147abc6a,8bab4dff,a6177608,0.0
2025-04-04T11:06:00Z,147abc6a,8bab4dff,a6177608,0.0
2025-04-04T11:09:00Z,147abc6a,8bab4dff,a6177608,0.07
2025-04-04T11:12:00Z,147abc6a,8bab4dff,a6177608,0.0
2025-04-04T11:15:00Z,147abc6a,8bab4dff,a6177608,0.0
2025-04-04T11:18:00Z,147abc6a,8bab4dff,a6177608,0.0
2025-04-04T11:21:00Z,147abc6a,8bab4dff,a6177608,0.0
2025-04-04T11:24:00Z,147abc6a,8bab4dff,a6177608,0.0
2025-04-04T11:27:00Z,147abc6a,8bab4dff,a6177608,0.0
2025-04-04T11:30:00Z,147abc6a,8bab4dff,a6177608,0.0
2025-04-04T11:33:00Z,147abc6a,8bab4dff,a6177608,0.0
2025-04-04T11:36:00Z,147abc6a,8bab4dff,a6177608,0.0
2025-04-04T11:39:00Z,147abc6a,8bab4dff,a6177608,0.0
2025-04-04T11:42:00Z,147abc6a,8bab4dff,a6177608,0.0
2025-04-04T11:45:00Z,147abc6a,8bab4dff,a6177608,0.0
2025-04-04T11:48:00Z,147abc6a,8bab4dff,a6177608,0.0
2025-04-04T11:51:00Z,147abc6a,8bab4dff,a6177608,0.0
2025-04-04T11:54:00Z,147abc6a,8bab4dff,a6177608,0.0
2025-04-04T11:57:00Z,147abc6a,8bab4dff,a6177608,0.0
2025-04-04T12:00:00Z,147abc6a,8bab4dff,a6177608,0.0
2025-04-04T12:03:00Z,147abc6a,8bab4dff,a6177608,0.0
2025-04-04T12:06:00Z,147abc6a,8bab4dff,a6177608,0.0
2025-04-04T12:09:00Z,147abc6a,8bab4dff,a6177608,0.0
2025-04-04T12:12:00Z,147abc6a,8bab4dff,a6177608,0.0
2025-04-04T12:15:00Z,147abc6a,8bab4dff,a6177608,0.0
2025-04-04T12:18:00Z,147abc6a,8bab4dff,a6177608,0.0
2025-04-04T12:21:00Z,147abc6a,8bab4dff,a6177608,0.0
2025-04-04T12:24:00Z,147abc6a,8bab4dff,a6177608,0.0
2025-04-04T12:27:00Z,147abc6a,8bab4dff,a6177608,0.0
2025-04-04T12:30:00Z,147abc6a,8bab4dff,a6177608,0.0
2025-04-04T12:33:00Z,147abc6a,8bab4dff,a6177608,0.0
2025-04-04T12:36:00Z,147abc6a,8bab4dff,a6177608,0.0
2025-04-04T12:39:00Z,147abc6a,8bab4dff,a6177608,0.0
2025-04-04T12:42:00Z,147abc6a,8bab4dff,a6177608,0.0
2025-04-04T12:45:00Z,147abc6a,8bab4dff,a6177608,0.0
2025-04-04T12:48:00Z,147abc6a,8bab4dff,a6177608,0.0
2025-04-04T12:51:00Z,147abc6a,8bab4dff,a6177608,0.0
2025-04-04T12:54:00Z,147abc6a,8bab4dff,a6177608,0.0
2025-04-04T12:57:00Z,147abc6a,8bab4dff,a6177608,0.0
2025-04-04T13:00:00Z,147abc6a,8bab4dff,a6177608,0.0
2025-04-04T13:03:00Z,147abc6a,8bab4dff,a6177608,0.0
2025-04-04T13:06:00Z,147abc6a,8bab4dff,a6177608,0.0
2025-04-04T13:09:00Z,147abc6a,8bab4dff,a6177608,0.0
2025-04-04T13:12:00Z,147abc6a,8bab4dff,a6177608,0.0
2025-04-04T13:15:00Z,147abc6a,8bab4dff,a6177608,0.0
2025-04-04T13:18:00Z,147abc6a,8bab4dff,a6177608,0.0
2025-04-04T13:21:00Z,147abc6a,8bab4dff,a6177608,0.0
2025-04-04T13:24:00Z,147abc6a,8bab4dff,a6177608,0.0
2025-04-04T13:27:00Z,147abc6a,8bab4dff,a6177608,0.0
2025-04-04T13:30:00Z,147abc6a,8bab4dff,a6177608,0.0
2025-04-04T13:33:00Z,147abc6a,8bab4dff,a6177608,0.0
2025-04-04T13:36:00Z,147abc6a,8bab4dff,a6177608,0.0
2025-04-04T13:39:00Z,147abc6a,8bab4dff,a6177608,0.0
2025-04-04T13:42:00Z,147abc6a,8bab4dff,a6177608,0.59
2025-04-04T13:45:00Z,147abc6a,8bab4dff,a6177608,0.09
2025-04-04T13:48:00Z,147abc6a,8bab4dff,a6177608,0.0
2025-04-04T13:51:00Z,147abc6a,8bab4dff,a6177608,0.0
2025-04-04T13:54:00Z,147abc6a,8bab4dff,a6177608,0.0
2025-04-04T13:57:00Z,147abc6a,8bab4dff,a6177608,0.0
2025-04-04T14:00:00Z,147abc6a,8bab4dff,a6177608,0.0
2025-04-04T14:03:00Z,147abc6a,8bab4dff,a6177608,0.0
2025-04-04T14:06:00Z,147abc6a,8bab4dff,a6177608,0.0
2025-04-04T14:09:00Z,147abc6a,8bab4dff,a6177608,0.0
2025-04-04T14:12:00Z,147abc6a,8bab4dff,a6177608,0.0
2025-04-04T14:15:00Z,147abc6a,8bab4dff,a6177608,0.0
2025-04-04T14:18:00Z,147abc6a,8bab4dff,a6177608,0.0
2025-04-04T14:21:00Z,147abc6a,8bab4dff,a6177608,0.0
2025-04-04T14:24:00Z,147abc6a,8bab4dff,a6177608,0.0
2025-04-04T14:27:00Z,147abc6a,8bab4dff,a6177608,0.0
2025-04-04T14:30:00Z,147abc6a,8bab4dff,a6177608,0.0
2025-04-04T14:33:00Z,147abc6a,8bab4dff,a6177608,0.0
2025-04-04T14:36:00Z,147abc6a,8bab4dff,a6177608,0.0
2025-04-04T14:39:00Z,147abc6a,8bab4dff,a6177608,0.0
2025-04-04T14:42:00Z,147abc6a,8bab4dff,a6177608,0.0
2025-04-04T14:45:00Z,147abc6a,8bab4dff,a6177608,0.0
2025-04-04T14:48:00Z,147abc6a,8bab4dff,a6177608,0.0
2025-04-04T14:51:00Z,147abc6a,8bab4dff,a6177608,0.0
2025-04-04T14:54:00Z,147abc6a,8bab4dff,a6177608,0.0
2025-04-04T14:57:00Z,147abc6a,8bab4dff,a6177608,0.0
2025-04-04T15:00:00Z,147abc6a,8bab4dff,a6177608,0.0
2025-04-04T15:03:00Z,147abc6a,8bab4dff,a6177608,0.0
2025-04-04T15:06:00Z,147abc6a,8bab4dff,a6177608,0.0
2025-04-04T15:09:00Z,147abc6a,8bab4dff,a6177608,0.0
2025-04-04T15:12:00Z,147abc6a,8bab4dff,a6177608,0.0
2025-04-04T15:15:00Z,147abc6a,8bab4dff,a6177608,0.0
2025-04-04T15:18:00Z,147abc6a,8bab4dff,a6177608,0.0
2025-04-04T15:21:00Z,147abc6a,8bab4dff,a6177608,0.0
2025-04-04T15:24:00Z,147abc6a,8bab4dff,a6177608,0.0
2025-04-04T15:27:00Z,147abc6a,8bab4dff,a6177608,0.0
2025-04-04T15:30:00Z,147abc6a,8bab4dff,a6177608,0.0
2025-04-04T15:33:00Z,147abc6a,8bab4dff,a6177608,0.0
2025-04-04T15:36:00Z,147abc6a,8bab4dff,a6177608,0.0
2025-04-04T15:39:00Z,147abc6a,8bab4dff,a6177608,0.0
2025-04-04T15:42:00Z,147abc6a,8bab4dff,a6177608,0.0
2025-04-04T15:45:00Z,147abc6a,8bab4dff,a6177608,0.0
2025-04-04T15:48:00Z,147abc6a,8bab4dff,a6177608,0.0
2025-04-04T15:51:00Z,147abc6a,8bab4dff,a6177608,0.0
2025-04-04T15:54:00Z,147abc6a,8bab4dff,a6177608,0.0
2025-04-04T15:57:00Z,147abc6a,8bab4dff,a6177608,0.0
2025-04-04T16:00:00Z,147abc6a,8bab4dff,a6177608,0.0
2025-04-04T16:03:00Z,147abc6a,8bab4dff,a6177608,0.0
2025-04-04T16:06:00Z,147abc6a,8bab4dff,a6177608,0.0
2025-04-04T16:09:00Z,147abc6a,8bab4dff,a6177608,0.0
2025-04-04T16:12:00Z,147abc6a,8bab4dff,a6177608,0.0
2025-04-04T16:15:00Z,147abc6a,8bab4dff,a6177608,0.0
2025-04-04T16:18:00Z,147abc6a,8bab4dff,a6177608,0.0
2025-04-04T16:21:00Z,147abc6a,8bab4dff,a6177608,0.0
2025-04-04T16:24:00Z,147abc6a,8bab4dff,a6177608,0.0
2025-04-04T16:27:00Z,147abc6a,8bab4dff,a6177608,0.0
2025-04-04T16:30:00Z,147abc6a,8bab4dff,a6177608,0.0
2025-04-04T16:33:00Z,147abc6a,8bab4dff,a6177608,0.0
2025-04-04T16:36:00Z,147abc6a,8bab4dff,a6177608,0.0
2025-04-04T16:39:00Z,147abc6a,8bab4dff,a6177608,0.0
2025-04-04T16:42:00Z,147abc6a,8bab4dff,a6177608,0.0
2025-04-04T16:45:00Z,147abc6a,8bab4dff,a6177608,0.0
2025-04-04T16:48:00Z,147abc6a,8bab4dff,a6177608,0.0
2025-04-04T16:51:00Z,147abc6a,8bab4dff,a6177608,0.0
2025-04-04T16:54:00Z,147abc6a,8bab4dff,a6177608,0.0
2025-04-04T16:57:00Z,147abc6a,8bab4dff,a6177608,0.0
2025-04-04T17:00:00Z,147abc6a,8bab4dff,a6177608,0.0
2025-04-04T17:03:00Z,147abc6a,8bab4dff,a6177608,0.0
2025-04-04T17:06:00Z,147abc6a,8bab4dff,a6177608,0.0
2025-04-04T17:09:00Z,147abc6a,8bab4dff,a6177608,0.0
2025-04-04T17:12:00Z,147abc6a,8bab4dff,a6177608,0.0
2025-04-04T17:15:00Z,147abc6a,8bab4dff,a6177608,0.0
2025-04-04T17:18:00Z,147abc6a,8bab4dff,a6177608,0.0
2025-04-04T17:21:00Z,147abc6a,8bab4dff,a6177608,0.0
2025-04-04T17:24:00Z,147abc6a,8bab4dff,a6177608,0.0
2025-04-04T17:27:00Z,147abc6a,8bab4dff,a6177608,0.0
2025-04-04T17:30:00Z,147abc6a,8bab4dff,a6177608,0.0
2025-04-04T17:33:00Z,147abc6a,8bab4dff,a6177608,0.0
2025-04-04T17:36:00Z,147abc6a,8bab4dff,a6177608,0.0
2025-04-04T17:39:00Z,147abc6a,8bab4dff,a6177608,0.0
2025-04-04T17:42:00Z,147abc6a,8bab4dff,a6177608,0.0
2025-04-04T17:45:00Z,147abc6a,8bab4dff,a6177608,0.0
2025-04-04T17:48:00Z,147abc6a,8bab4dff,a6177608,0.0
2025-04-04T17:51:00Z,147abc6a,8bab4dff,a6177608,0.0
2025-04-04T17:54:00Z,147abc6a,8bab4dff,a6177608,0.0
2025-04-04T17:57:00Z,147abc6a,8bab4dff,a6177608,0.0
2025-04-04T18:00:00Z,147abc6a,8bab4dff,a6177608,0.0
2025-04-04T18:03:00Z,147abc6a,8bab4dff,a6177608,0.0
2025-04-04T18:06:00Z,147abc6a,8bab4dff,a6177608,0.0
2025-04-04T18:09:00Z,147abc6a,8bab4dff,a6177608,0.0
2025-04-04T18:12:00Z,147abc6a,8bab4dff,a6177608,0.0
2025-04-04T18:15:00Z,147abc6a,8bab4dff,a6177608,0.0
2025-04-04T18:18:00Z,147abc6a,8bab4dff,a6177608,0.0
2025-04-04T18:21:00Z,147abc6a,8bab4dff,a6177608,0.0
2025-04-04T18:24:00Z,147abc6a,8bab4dff,a6177608,0.0
2025-04-04T18:27:00Z,147abc6a,8bab4dff,a6177608,0.0
2025-04-04T18:30:00Z,147abc6a,8bab4dff,a6177608,0.0
2025-04-04T18:33:00Z,147abc6a,8bab4dff,a6177608,0.0
2025-04-04T18:36:00Z,147abc6a,8bab4dff,a6177608,0.0
2025-04-04T18:39:00Z,147abc6a,8bab4dff,a6177608,0.0
2025-04-04T18:42:00Z,147abc6a,8bab4dff,a6177608,0.0
2025-04-04T18:45:00Z,147abc6a,8bab4dff,a6177608,0.0
2025-04-04T18:48:00Z,147abc6a,8bab4dff,a6177608,0.0
2025-04-04T18:51:00Z,147abc6a,8bab4dff,a6177608,0.0
2025-04-04T18:54:00Z,147abc6a,8bab4dff,a6177608,0.0
2025-04-04T18:57:00Z,147abc6a,8bab4dff,a6177608,0.0
2025-04-04T19:00:00Z,147abc6a,8bab4dff,a6177608,0.0
2025-04-04T19:03:00Z,147abc6a,8bab4dff,a6177608,0.0
2025-04-04T19:06:00Z,147abc6a,8bab4dff,a6177608,0.0
2025-04-04T19:09:00Z,147abc6a,8bab4dff,a6177608,0.0
2025-04-04T19:12:00Z,147abc6a,8bab4dff,a6177608,0.0
2025-04-04T19:15:00Z,147abc6a,8bab4dff,a6177608,0.0
2025-04-04T19:18:00Z,147abc6a,8bab4dff,a6177608,0.0
2025-04-04T19:21:00Z,147abc6a,8bab4dff,a6177608,0.0
2025-04-04T19:24:00Z,147abc6a,8bab4dff,a6177608,0.0
2025-04-04T19:27:00Z,147abc6a,8bab4dff,a6177608,0.0
2025-04-04T19:30:00Z,147abc6a,8bab4dff,a6177608,0.0
2025-04-04T19:33:00Z,147abc6a,8bab4dff,a6177608,0.0
2025-04-04T19:36:00Z,147abc6a,8bab4dff,a6177608,0.0
2025-04-04T19:39:00Z,147abc6a,8bab4dff,a6177608,0.0
2025-04-04T19:42:00Z,147abc6a,8bab4dff,a6177608,0.0
2025-04-04T19:45:00Z,147abc6a,8bab4dff,a6177608,0.0
2025-04-04T19:48:00Z,147abc6a,8bab4dff,a6177608,0.0
2025-04-04T19:51:00Z,147abc6a,8bab4dff,a6177608,0.0
2025-04-04T19:54:00Z,147abc6a,8bab4dff,a6177608,0.0
2025-04-04T19:57:00Z,147abc6a,8bab4dff,a6177608,0.0
2025-04-04T20:00:00Z,147abc6a,8bab4dff,a6177608,0.0
2025-04-04T20:03:00Z,147abc6a,8bab4dff,a6177608,0.0
2025-04-04T20:06:00Z,147abc6a,8bab4dff,a6177608,0.0
2025-04-04T20:09:00Z,147abc6a,8bab4dff,a6177608,0.0
2025-04-04T20:12:00Z,147abc6a,8bab4dff,a6177608,0.0
2025-04-04T20:15:00Z,147abc6a,8bab4dff,a6177608,0.0
2025-04-04T20:18:00Z,147abc6a,8bab4dff,a6177608,0.0
2025-04-04T20:21:00Z,147abc6a,8bab4dff,a6177608,0.0
2025-04-04T20:24:00Z,147abc6a,8bab4dff,a6177608,0.0
2025-04-04T20:27:00Z,147abc6a,8bab4dff,a6177608,0.0
2025-04-04T20:30:00Z,147abc6a,8bab4dff,a6177608,0.0
2025-04-04T20:33:00Z,147abc6a,8bab4dff,a6177608,0.0
2025-04-04T20:36:00Z,147abc6a,8bab4dff,a6177608,0.0
2025-04-04T20:39:00Z,147abc6a,8bab4dff,a6177608,0.0
2025-04-04T20:42:00Z,147abc6a,8bab4dff,a6177608,0.0
2025-04-04T20:45:00Z,147abc6a,8bab4dff,a6177608,0.0
2025-04-04T20:48:00Z,147abc6a,8bab4dff,a6177608,0.0
2025-04-04T20:51:00Z,147abc6a,8bab4dff,a6177608,0.0
2025-04-04T20:54:00Z,147abc6a,8bab4dff,a6177608,0.0
2025-04-04T20:57:00Z,147abc6a,8bab4dff,a6177608,0.0
2025-04-04T21:00:00Z,147abc6a,8bab4dff,a6177608,0.0
2025-04-04T21:03:00Z,147abc6a,8bab4dff,a6177608,0.0
2025-04-04T21:06:00Z,147abc6a,8bab4dff,a6177608,0.0
2025-04-04T21:09:00Z,147abc6a,8bab4dff,a6177608,0.0
2025-04-04T21:12:00Z,147abc6a,8bab4dff,a6177608,0.0
2025-04-04T21:15:00Z,147abc6a,8bab4dff,a6177608,0.0
2025-04-04T21:18:00Z,147abc6a,8bab4dff,a6177608,0.0
2025-04-04T21:21:00Z,147abc6a,8bab4dff,a6177608,0.0
2025-04-04T21:24:00Z,147abc6a,8bab4dff,a6177608,0.0
2025-04-04T21:27:00Z,147abc6a,8bab4dff,a6177608,0.0
2025-04-04T21:30:00Z,147abc6a,8bab4dff,a6177608,0.0
2025-04-04T21:33:00Z,147abc6a,8bab4dff,a6177608,0.0
2025-04-04T21:36:00Z,147abc6a,8bab4dff,a6177608,0.0
2025-04-04T21:39:00Z,147abc6a,8bab4dff,a6177608,0.0
2025-04-04T21:42:00Z,147abc6a,8bab4dff,a6177608,0.0
2025-04-04T21:45:00Z,147abc6a,8bab4dff,a6177608,0.0
2025-04-04T21:48:00Z,147abc6a,8bab4dff,a6177608,0.0
2025-04-04T21:51:00Z,147abc6a,8bab4dff,a6177608,0.02
2025-04-04T21:54:00Z,147abc6a,8bab4dff,a6177608,0.0
2025-04-04T21:57:00Z,147abc6a,8bab4dff,a6177608,0.0
2025-04-04T22:00:00Z,147abc6a,8bab4dff,a6177608,0.0
2025-04-04T22:03:00Z,147abc6a,8bab4dff,a6177608,0.0
2025-04-04T22:06:00Z,147abc6a,8bab4dff,a6177608,0.0
2025-04-04T22:09:00Z,147abc6a,8bab4dff,a6177608,0.0
2025-04-04T22:12:00Z,147abc6a,8bab4dff,a6177608,0.0
2025-04-04T22:15:00Z,147abc6a,8bab4dff,a6177608,0.0
2025-04-04T22:18:00Z,147abc6a,8bab4dff,a6177608,0.0
2025-04-04T22:21:00Z,147abc6a,8bab4dff,a6177608,0.0
2025-04-04T22:24:00Z,147abc6a,8bab4dff,a6177608,0.0
2025-04-04T22:27:00Z,147abc6a,8bab4dff,a6177608,0.0
2025-04-04T22:30:00Z,147abc6a,8bab4dff,a6177608,0.0
2025-04-04T22:33:00Z,147abc6a,8bab4dff,a6177608,0.0
2025-04-04T22:36:00Z,147abc6a,8bab4dff,a6177608,0.0
2025-04-04T22:39:00Z,147abc6a,8bab4dff,a6177608,0.0
2025-04-04T22:42:00Z,147abc6a,8bab4dff,a6177608,0.0
2025-04-04T22:45:00Z,147abc6a,8bab4dff,a6177608,0.0
2025-04-04T22:48:00Z,147abc6a,8bab4dff,a6177608,0.0
2025-04-04T22:51:00Z,147abc6a,8bab4dff,a6177608,0.0
2025-04-04T22:54:00Z,147abc6a,8bab4dff,a6177608,0.0
2025-04-04T22:57:00Z,147abc6a,8bab4dff,a6177608,0.0
2025-04-04T23:00:00Z,147abc6a,8bab4dff,a6177608,0.0
2025-04-04T23:03:00Z,147abc6a,8bab4dff,a6177608,0.0
2025-04-04T23:06:00Z,147abc6a,8bab4dff,a6177608,0.0
2025-04-04T23:09:00Z,147abc6a,8bab4dff,a6177608,0.0
2025-04-04T23:12:00Z,147abc6a,8bab4dff,a6177608,0.0
2025-04-04T23:15:00Z,147abc6a,8bab4dff,a6177608,0.0
2025-04-04T23:18:00Z,147abc6a,8bab4dff,a6177608,0.0
2025-04-04T23:21:00Z,147abc6a,8bab4dff,a6177608,0.0
2025-04-04T23:24:00Z,147abc6a,8bab4dff,a6177608,0.0
2025-04-04T23:27:00Z,147abc6a,8bab4dff,a6177608,0.0
2025-04-04T23:30:00Z,147abc6a,8bab4dff,a6177608,0.0
2025-04-04T23:33:00Z,147abc6a,8bab4dff,a6177608,0.0
2025-04-04T23:36:00Z,147abc6a,8bab4dff,a6177608,0.0
2025-04-04T23:39:00Z,147abc6a,8bab4dff,a6177608,0.0
2025-04-04T23:42:00Z,147abc6a,8bab4dff,a6177608,0.0
2025-04-04T23:45:00Z,147abc6a,8bab4dff,a6177608,0.0
2025-04-04T23:48:00Z,147abc6a,8bab4dff,a6177608,0.0
2025-04-04T23:51:00Z,147abc6a,8bab4dff,a6177608,0.0
2025-04-04T23:54:00Z,147abc6a,8bab4dff,a6177608,0.0
2025-04-04T23:57:00Z,147abc6a,8bab4dff,a6177608,0.0
2025-04-05T00:00:00Z,147abc6a,8bab4dff,a6177608,0.0
2025-04-05T00:03:00Z,147abc6a,8bab4dff,a6177608,0.0
2025-04-05T00:06:00Z,147abc6a,8bab4dff,a6177608,0.0
2025-04-05T00:09:00Z,147abc6a,8bab4dff,a6177608,0.0
2025-04-05T00:12:00Z,147abc6a,8bab4dff,a6177608,0.0
2025-04-05T00:15:00Z,147abc6a,8bab4dff,a6177608,0.0
2025-04-05T00:18:00Z,147abc6a,8bab4dff,a6177608,0.0
2025-04-05T00:21:00Z,147abc6a,8bab4dff,a6177608,0.0
2025-04-05T00:24:00Z,147abc6a,8bab4dff,a6177608,0.0
2025-04-05T00:27:00Z,147abc6a,8bab4dff,a6177608,0.0
2025-04-05T00:30:00Z,147abc6a,8bab4dff,a6177608,0.0
2025-04-05T00:33:00Z,147abc6a,8bab4dff,a6177608,0.0
2025-04-05T00:36:00Z,147abc6a,8bab4dff,a6177608,0.0
2025-04-05T00:39:00Z,147abc6a,8bab4dff,a6177608,0.0
2025-04-05T00:42:00Z,147abc6a,8bab4dff,a6177608,0.0
2025-04-05T00:45:00Z,147abc6a,8bab4dff,a6177608,0.0
2025-04-05T00:48:00Z,147abc6a,8bab4dff,a6177608,0.0
2025-04-05T00:51:00Z,147abc6a,8bab4dff,a6177608,0.0
2025-04-05T00:54:00Z,147abc6a,8bab4dff,a6177608,0.0
2025-04-05T00:57:00Z,147abc6a,8bab4dff,a6177608,0.0
2025-04-05T01:00:00Z,147abc6a,8bab4dff,a6177608,0.0
2025-04-05T01:03:00Z,147abc6a,8bab4dff,a6177608,0.0
2025-04-05T01:06:00Z,147abc6a,8bab4dff,a6177608,0.0
2025-04-05T01:09:00Z,147abc6a,8bab4dff,a6177608,0.0
2025-04-05T01:12:00Z,147abc6a,8bab4dff,a6177608,0.0
2025-04-05T01:15:00Z,147abc6a,8bab4dff,a6177608,0.0
2025-04-05T01:18:00Z,147abc6a,8bab4dff,a6177608,0.0
2025-04-05T01:21:00Z,147abc6a,8bab4dff,a6177608,0.0
2025-04-05T01:24:00Z,147abc6a,8bab4dff,a6177608,0.0
2025-04-05T01:27:00Z,147abc6a,8bab4dff,a6177608,0.0
2025-04-05T01:30:00Z,147abc6a,8bab4dff,a6177608,0.0
2025-04-05T01:33:00Z,147abc6a,8bab4dff,a6177608,0.0
2025-04-05T01:36:00Z,147abc6a,8bab4dff,a6177608,0.0
2025-04-05T01:39:00Z,147abc6a,8bab4dff,a6177608,0.0
2025-04-05T01:42:00Z,147abc6a,8bab4dff,a6177608,0.0
2025-04-05T01:45:00Z,147abc6a,8bab4dff,a6177608,0.0
2025-04-05T01:48:00Z,147abc6a,8bab4dff,a6177608,0.0
2025-04-05T01:51:00Z,147abc6a,8bab4dff,a6177608,0.0
2025-04-05T01:54:00Z,147abc6a,8bab4dff,a6177608,0.0
2025-04-05T01:57:00Z,147abc6a,8bab4dff,a6177608,0.0
2025-04-05T02:00:00Z,147abc6a,8bab4dff,a6177608,0.0
2025-04-05T02:03:00Z,147abc6a,8bab4dff,a6177608,0.0
2025-04-05T02:06:00Z,147abc6a,8bab4dff,a6177608,0.0
2025-04-05T02:09:00Z,147abc6a,8bab4dff,a6177608,0.0
2025-04-05T02:12:00Z,147abc6a,8bab4dff,a6177608,0.0
2025-04-05T02:15:00Z,147abc6a,8bab4dff,a6177608,0.0
2025-04-05T02:18:00Z,147abc6a,8bab4dff,a6177608,0.0
2025-04-05T02:21:00Z,147abc6a,8bab4dff,a6177608,0.0
2025-04-05T02:24:00Z,147abc6a,8bab4dff,a6177608,0.0
2025-04-05T02:27:00Z,147abc6a,8bab4dff,a6177608,0.0
2025-04-05T02:30:00Z,147abc6a,8bab4dff,a6177608,0.0
2025-04-05T02:33:00Z,147abc6a,8bab4dff,a6177608,0.0
2025-04-05T02:36:00Z,147abc6a,8bab4dff,a6177608,0.0
2025-04-05T02:39:00Z,147abc6a,8bab4dff,a6177608,0.0
2025-04-05T02:42:00Z,147abc6a,8bab4dff,a6177608,0.0
2025-04-05T02:45:00Z,147abc6a,8bab4dff,a6177608,0.23
2025-04-05T02:48:00Z,147abc6a,8bab4dff,a6177608,0.0
2025-04-05T02:51:00Z,147abc6a,8bab4dff,a6177608,0.0
2025-04-05T02:54:00Z,147abc6a,8bab4dff,a6177608,0.0
2025-04-05T02:57:00Z,147abc6a,8bab4dff,a6177608,0.0
2025-04-05T03:00:00Z,147abc6a,8bab4dff,a6177608,0.0
2025-04-05T03:03:00Z,147abc6a,8bab4dff,a6177608,0.0
2025-04-05T03:06:00Z,147abc6a,8bab4dff,a6177608,0.0
2025-04-05T03:09:00Z,147abc6a,8bab4dff,a6177608,0.0
2025-04-05T03:12:00Z,147abc6a,8bab4dff,a6177608,0.0
2025-04-05T03:15:00Z,147abc6a,8bab4dff,a6177608,0.0
2025-04-05T03:18:00Z,147abc6a,8bab4dff,a6177608,0.0
2025-04-05T03:21:00Z,147abc6a,8bab4dff,a6177608,0.0
2025-04-05T03:24:00Z,147abc6a,8bab4dff,a6177608,0.0
2025-04-05T03:27:00Z,147abc6a,8bab4dff,a6177608,0.0
2025-04-05T03:30:00Z,147abc6a,8bab4dff,a6177608,0.0
2025-04-05T03:33:00Z,147abc6a,8bab4dff,a6177608,0.0
2025-04-05T03:36:00Z,147abc6a,8bab4dff,a6177608,0.0
2025-04-05T03:39:00Z,147abc6a,8bab4dff,a6177608,0.0
2025-04-05T03:42:00Z,147abc6a,8bab4dff,a6177608,0.0
2025-04-05T03:45:00Z,147abc6a,8bab4dff,a6177608,0.0
2025-04-05T03:48:00Z,147abc6a,8bab4dff,a6177608,0.0
2025-04-05T03:51:00Z,147abc6a,8bab4dff,a6177608,0.0
2025-04-05T03:54:00Z,147abc6a,8bab4dff,a6177608,0.0
2025-04-05T03:57:00Z,147abc6a,8bab4dff,a6177608,0.0
2025-04-05T04:00:00Z,147abc6a,8bab4dff,a6177608,0.0
2025-04-05T04:03:00Z,147abc6a,8bab4dff,a6177608,0.0
2025-04-05T04:06:00Z,147abc6a,8bab4dff,a6177608,0.0
2025-04-05T04:09:00Z,147abc6a,8bab4dff,a6177608,0.0
2025-04-05T04:12:00Z,147abc6a,8bab4dff,a6177608,0.0
2025-04-05T04:15:00Z,147abc6a,8bab4dff,a6177608,0.0
2025-04-05T04:18:00Z,147abc6a,8bab4dff,a6177608,0.0
2025-04-05T04:21:00Z,147abc6a,8bab4dff,a6177608,0.0
2025-04-05T04:24:00Z,147abc6a,8bab4dff,a6177608,0.0
2025-04-05T04:27:00Z,147abc6a,8bab4dff,a6177608,0.0
2025-04-05T04:30:00Z,147abc6a,8bab4dff,a6177608,0.0
2025-04-05T04:33:00Z,147abc6a,8bab4dff,a6177608,0.0
2025-04-05T04:36:00Z,147abc6a,8bab4dff,a6177608,0.0
2025-04-05T04:39:00Z,147abc6a,8bab4dff,a6177608,0.0
2025-04-05T04:42:00Z,147abc6a,8bab4dff,a6177608,0.0
2025-04-05T04:45:00Z,147abc6a,8bab4dff,a6177608,0.0
2025-04-05T04:48:00Z,147abc6a,8bab4dff,a6177608,0.0
2025-04-05T04:51:00Z,147abc6a,8bab4dff,a6177608,0.0
2025-04-05T04:54:00Z,147abc6a,8bab4dff,a6177608,0.0
2025-04-05T04:57:00Z,147abc6a,8bab4dff,a6177608,0.0
2025-04-05T05:00:00Z,147abc6a,8bab4dff,a6177608,0.0
2025-04-05T05:03:00Z,147abc6a,8bab4dff,a6177608,0.0
2025-04-05T05:06:00Z,147abc6a,8bab4dff,a6177608,0.0
2025-04-05T05:09:00Z,147abc6a,8bab4dff,a6177608,0.0
2025-04-05T05:12:00Z,147abc6a,8bab4dff,a6177608,0.0
2025-04-05T05:15:00Z,147abc6a,8bab4dff,a6177608,0.0
2025-04-05T05:18:00Z,147abc6a,8bab4dff,a6177608,0.0
2025-04-05T05:21:00Z,147abc6a,8bab4dff,a6177608,0.0
2025-04-05T05:24:00Z,147abc6a,8bab4dff,a6177608,0.0
2025-04-05T05:27:00Z,147abc6a,8bab4dff,a6177608,0.0
2025-04-05T05:30:00Z,147abc6a,8bab4dff,a6177608,0.0
2025-04-05T05:33:00Z,147abc6a,8bab4dff,a6177608,0.0
2025-04-05T05:36:00Z,147abc6a,8bab4dff,a6177608,0.0
2025-04-05T05:39:00Z,147abc6a,8bab4dff,a6177608,0.0
2025-04-05T05:42:00Z,147abc6a,8bab4dff,a6177608,0.0
2025-04-05T05:45:00Z,147abc6a,8bab4dff,a6177608,0.0
2025-04-05T05:48:00Z,147abc6a,8bab4dff,a6177608,0.0
2025-04-05T05:51:00Z,147abc6a,8bab4dff,a6177608,0.0
2025-04-05T05:54:00Z,147abc6a,8bab4dff,a6177608,0.0
2025-04-05T05:57:00Z,147abc6a,8bab4dff,a6177608,0.0
2025-04-05T06:00:00Z,147abc6a,8bab4dff,a6177608,0.0
2025-04-05T06:03:00Z,147abc6a,8bab4dff,a6177608,0.0
2025-04-05T06:06:00Z,147abc6a,8bab4dff,a6177608,0.0
2025-04-05T06:09:00Z,147abc6a,8bab4dff,a6177608,0.0
2025-04-05T06:12:00Z,147abc6a,8bab4dff,a6177608,0.0
2025-04-05T06:15:00Z,147abc6a,8bab4dff,a6177608,0.0
2025-04-05T06:18:00Z,147abc6a,8bab4dff,a6177608,0.0
2025-04-05T06:21:00Z,147abc6a,8bab4dff,a6177608,0.0
2025-04-05T06:24:00Z,147abc6a,8bab4dff,a6177608,0.0
2025-04-05T06:27:00Z,147abc6a,8bab4dff,a6177608,0.0
2025-04-05T06:30:00Z,147abc6a,8bab4dff,a6177608,0.0
2025-04-05T06:33:00Z,147abc6a,8bab4dff,a6177608,0.0
2025-04-05T06:36:00Z,147abc6a,8bab4dff,a6177608,0.0
2025-04-05T06:39:00Z,147abc6a,8bab4dff,a6177608,0.0
2025-04-05T06:42:00Z,147abc6a,8bab4dff,a6177608,0.0
2025-04-05T06:45:00Z,147abc6a,8bab4dff,a6177608,0.0
2025-04-05T06:48:00Z,147abc6a,8bab4dff,a6177608,0.0
2025-04-05T06:51:00Z,147abc6a,8bab4dff,a6177608,0.0
2025-04-05T06:54:00Z,147abc6a,8bab4dff,a6177608,0.03
2025-04-05T06:57:00Z,147abc6a,8bab4dff,a6177608,0.0
2025-04-05T07:00:00Z,147abc6a,8bab4dff,a6177608,0.0
2025-04-05T07:03:00Z,147abc6a,8bab4dff,a6177608,0.0
2025-04-05T07:06:00Z,147abc6a,8bab4dff,a6177608,0.0
2025-04-05T07:09:00Z,147abc6a,8bab4dff,a6177608,0.0
2025-04-05T07:12:00Z,147abc6a,8bab4dff,a6177608,0.0
2025-04-05T07:15:00Z,147abc6a,8bab4dff,a6177608,0.0
2025-04-05T07:18:00Z,147abc6a,8bab4dff,a6177608,0.0
2025-04-05T07:21:00Z,147abc6a,8bab4dff,a6177608,0.0
2025-04-05T07:24:00Z,147abc6a,8bab4dff,a6177608,0.0
2025-04-05T07:27:00Z,147abc6a,8bab4dff,a6177608,0.0
2025-04-05T07:30:00Z,147abc6a,8bab4dff,a6177608,0.0
2025-04-05T07:33:00Z,147abc6a,8bab4dff,a6177608,0.0
2025-04-05T07:36:00Z,147abc6a,8bab4dff,a6177608,0.0
2025-04-05T07:39:00Z,147abc6a,8bab4dff,a6177608,0.0
2025-04-05T07:42:00Z,147abc6a,8bab4dff,a6177608,0.0
2025-04-05T07:45:00Z,147abc6a,8bab4dff,a6177608,0.0
2025-04-05T07:48:00Z,147abc6a,8bab4dff,a6177608,0.0
2025-04-05T07:51:00Z,147abc6a,8bab4dff,a6177608,0.0
2025-04-05T07:54:00Z,147abc6a,8bab4dff,a6177608,0.0
2025-04-05T07:57:00Z,147abc6a,8bab4dff,a6177608,0.0
2025-04-05T08:00:00Z,147abc6a,8bab4dff,a6177608,0.0
2025-04-05T08:03:00Z,147abc6a,8bab4dff,a6177608,0.0
2025-04-05T08:06:00Z,147abc6a,8bab4dff,a6177608,0.0
2025-04-05T08:09:00Z,147abc6a,8bab4dff,a6177608,0.0
2025-04-05T08:12:00Z,147abc6a,8bab4dff,a6177608,0.0
2025-04-05T08:15:00Z,147abc6a,8bab4dff,a6177608,0.0
2025-04-05T08:18:00Z,147abc6a,8bab4dff,a6177608,0.0
2025-04-05T08:21:00Z,147abc6a,8bab4dff,a6177608,0.0
2025-04-05T08:24:00Z,147abc6a,8bab4dff,a6177608,0.0
2025-04-05T08:27:00Z,147abc6a,8bab4dff,a6177608,0.0
2025-04-05T08:30:00Z,147abc6a,8bab4dff,a6177608,0.0
2025-04-05T08:33:00Z,147abc6a,8bab4dff,a6177608,0.0
2025-04-05T08:36:00Z,147abc6a,8bab4dff,a6177608,0.0
2025-04-05T08:39:00Z,147abc6a,8bab4dff,a6177608,0.0
2025-04-05T08:42:00Z,147abc6a,8bab4dff,a6177608,0.0
2025-04-05T08:45:00Z,147abc6a,8bab4dff,a6177608,0.0
2025-04-05T08:48:00Z,147abc6a,8bab4dff,a6177608,0.0
2025-04-05T08:51:00Z,147abc6a,8bab4dff,a6177608,0.0
2025-04-05T08:54:00Z,147abc6a,8bab4dff,a6177608,0.0
2025-04-05T08:57:00Z,147abc6a,8bab4dff,a6177608,0.0
2025-04-05T09:00:00Z,147abc6a,8bab4dff,a6177608,0.0
2025-04-05T09:03:00Z,147abc6a,8bab4dff,a6177608,0.0
2025-04-05T09:06:00Z,147abc6a,8bab4dff,a6177608,0.0
2025-04-05T09:09:00Z,147abc6a,8bab4dff,a6177608,0.0
2025-04-05T09:12:00Z,147abc6a,8bab4dff,a6177608,0.0
2025-04-05T09:15:00Z,147abc6a,8bab4dff,a6177608,0.0
2025-04-05T09:18:00Z,147abc6a,8bab4dff,a6177608,0.0
2025-04-05T09:21:00Z,147abc6a,8bab4dff,a6177608,0.0
2025-04-05T09:24:00Z,147abc6a,8bab4dff,a6177608,0.0
2025-04-05T09:27:00Z,147abc6a,8bab4dff,a6177608,0.0
2025-04-05T09:30:00Z,147abc6a,8bab4dff,a6177608,0.0
2025-04-05T09:33:00Z,147abc6a,8bab4dff,a6177608,0.0
2025-04-05T09:36:00Z,147abc6a,8bab4dff,a6177608,0.0
2025-04-05T09:39:00Z,147abc6a,8bab4dff,a6177608,0.0
2025-04-05T09:42:00Z,147abc6a,8bab4dff,a6177608,0.0
2025-04-05T09:45:00Z,147abc6a,8bab4dff,a6177608,0.0
2025-04-05T09:48:00Z,147abc6a,8bab4dff,a6177608,0.0
2025-04-05T09:51:00Z,147abc6a,8bab4dff,a6177608,0.0
2025-04-05T09:54:00Z,147abc6a,8bab4dff,a6177608,0.0
2025-04-05T09:57:00Z,147abc6a,8bab4dff,a6177608,0.0
2025-04-05T10:00:00Z,147abc6a,8bab4dff,a6177608,0.0
2025-04-05T10:03:00Z,147abc6a,8bab4dff,a6177608,0.0
2025-04-05T10:06:00Z,147abc6a,8bab4dff,a6177608,0.0
2025-04-05T10:09:00Z,147abc6a,8bab4dff,a6177608,0.0
2025-04-05T10:12:00Z,147abc6a,8bab4dff,a6177608,0.0
2025-04-05T10:15:00Z,147abc6a,8bab4dff,a6177608,0.0
2025-04-05T10:18:00Z,147abc6a,8bab4dff,a6177608,0.0
2025-04-05T10:21:00Z,147abc6a,8bab4dff,a6177608,0.0
2025-04-05T10:24:00Z,147abc6a,8bab4dff,a6177608,0.0
2025-04-05T10:27:00Z,147abc6a,8bab4dff,a6177608,0.0
2025-04-05T10:30:00Z,147abc6a,8bab4dff,a6177608,0.0
2025-04-05T10:33:00Z,147abc6a,8bab4dff,a6177608,0.0
2025-04-05T10:36:00Z,147abc6a,8bab4dff,a6177608,0.0
2025-04-05T10:39:00Z,147abc6a,8bab4dff,a6177608,0.0
2025-04-05T10:42:00Z,147abc6a,8bab4dff,a6177608,0.0
2025-04-05T10:45:00Z,147abc6a,8bab4dff,a6177608,0.0
2025-04-05T10:48:00Z,147abc6a,8bab4dff,a6177608,0.0
2025-04-05T10:51:00Z,147abc6a,8bab4dff,a6177608,0.0
2025-04-05T10:54:00Z,147abc6a,8bab4dff,a6177608,0.0
2025-04-05T10:57:00Z,147abc6a,8bab4dff,a6177608,0.0
2025-04-05T11:00:00Z,147abc6a,8bab4dff,a6177608,0.0
2025-04-05T11:03:00Z,147abc6a,8bab4dff,a6177608,0.0
2025-04-05T11:06:00Z,147abc6a,8bab4dff,a6177608,0.0
2025-04-05T11:09:00Z,147abc6a,8bab4dff,a6177608,0.0
2025-04-05T11:12:00Z,147abc6a,8bab4dff,a6177608,0.0
2025-04-05T11:15:00Z,147abc6a,8bab4dff,a6177608,0.0
2025-04-05T11:18:00Z,147abc6a,8bab4dff,a6177608,0.0
2025-04-05T11:21:00Z,147abc6a,8bab4dff,a6177608,0.0
2025-04-05T11:24:00Z,147abc6a,8bab4dff,a6177608,0.0
2025-04-05T11:27:00Z,147abc6a,8bab4dff,a6177608,0.0
2025-04-05T11:30:00Z,147abc6a,8bab4dff,a6177608,0.0
2025-04-05T11:33:00Z,147abc6a,8bab4dff,a6177608,0.0
2025-04-05T11:36:00Z,147abc6a,8bab4dff,a6177608,0.0
2025-04-05T11:39:00Z,147abc6a,8bab4dff,a6177608,0.0
2025-04-05T11:42:00Z,147abc6a,8bab4dff,a6177608,0.0
2025-04-05T11:45:00Z,147abc6a,8bab4dff,a6177608,0.0
2025-04-05T11:48:00Z,147abc6a,8bab4dff,a6177608,0.0
2025-04-05T11:51:00Z,147abc6a,8bab4dff,a6177608,0.0
2025-04-05T11:54:00Z,147abc6a,8bab4dff,a6177608,0.0
2025-04-05T11:57:00Z,147abc6a,8bab4dff,a6177608,0.0
2025-04-05T12:00:00Z,147abc6a,8bab4dff,a6177608,0.0
2025-04-05T12:03:00Z,147abc6a,8bab4dff,a6177608,0.0
2025-04-05T12:06:00Z,147abc6a,8bab4dff,a6177608,0.0
2025-04-05T12:09:00Z,147abc6a,8bab4dff,a6177608,0.0
2025-04-05T12:12:00Z,147abc6a,8bab4dff,a6177608,0.0
2025-04-05T12:15:00Z,147abc6a,8bab4dff,a6177608,0.0
2025-04-05T12:18:00Z,147abc6a,8bab4dff,a6177608,0.0
2025-04-05T12:21:00Z,147abc6a,8bab4dff,a6177608,0.0
2025-04-05T12:24:00Z,147abc6a,8bab4dff,a6177608,0.0
2025-04-05T12:27:00Z,147abc6a,8bab4dff,a6177608,0.0
2025-04-05T12:30:00Z,147abc6a,8bab4dff,a6177608,0.0
2025-04-05T12:33:00Z,147abc6a,8bab4dff,a6177608,0.0
2025-04-05T12:36:00Z,147abc6a,8bab4dff,a6177608,0.0
2025-04-05T12:39:00Z,147abc6a,8bab4dff,a6177608,0.0
2025-04-05T12:42:00Z,147abc6a,8bab4dff,a6177608,0.0
2025-04-05T12:45:00Z,147abc6a,8bab4dff,a6177608,0.0
2025-04-05T12:48:00Z,147abc6a,8bab4dff,a6177608,0.0
2025-04-05T12:51:00Z,147abc6a,8bab4dff,a6177608,0.0
2025-04-05T12:54:00Z,147abc6a,8bab4dff,a6177608,0.0
2025-04-05T12:57:00Z,147abc6a,8bab4dff,a6177608,0.0
2025-04-05T13:00:00Z,147abc6a,8bab4dff,a6177608,0.0
2025-04-05T13:03:00Z,147abc6a,8bab4dff,a6177608,0.0
2025-04-05T13:06:00Z,147abc6a,8bab4dff,a6177608,0.0
2025-04-05T13:09:00Z,147abc6a,8bab4dff,a6177608,0.0
2025-04-05T13:12:00Z,147abc6a,8bab4dff,a6177608,0.0
2025-04-05T13:15:00Z,147abc6a,8bab4dff,a6177608,0.0
2025-04-05T13:18:00Z,147abc6a,8bab4dff,a6177608,0.0
2025-04-05T13:21:00Z,147abc6a,8bab4dff,a6177608,0.0
2025-04-05T13:24:00Z,147abc6a,8bab4dff,a6177608,0.0
2025-04-05T13:27:00Z,147abc6a,8bab4dff,a6177608,0.0
2025-04-05T13:30:00Z,147abc6a,8bab4dff,a6177608,0.0
2025-04-05T13:33:00Z,147abc6a,8bab4dff,a6177608,0.0
2025-04-05T13:36:00Z,147abc6a,8bab4dff,a6177608,0.0
2025-04-05T13:39:00Z,147abc6a,8bab4dff,a6177608,0.0
2025-04-05T13:42:00Z,147abc6a,8bab4dff,a6177608,0.0
2025-04-05T13:45:00Z,147abc6a,8bab4dff,a6177608,0.0
2025-04-05T13:48:00Z,147abc6a,8bab4dff,a6177608,0.0
2025-04-05T13:51:00Z,147abc6a,8bab4dff,a6177608,0.0
2025-04-05T13:54:00Z,147abc6a,8bab4dff,a6177608,0.0
2025-04-05T13:57:00Z,147abc6a,8bab4dff,a6177608,0.0
2025-04-05T14:00:00Z,147abc6a,8bab4dff,a6177608,0.0
2025-04-05T14:03:00Z,147abc6a,8bab4dff,a6177608,0.0
2025-04-05T14:06:00Z,147abc6a,8bab4dff,a6177608,0.0
2025-04-05T14:09:00Z,147abc6a,8bab4dff,a6177608,0.0
2025-04-05T14:12:00Z,147abc6a,8bab4dff,a6177608,0.0
2025-04-05T14:15:00Z,147abc6a,8bab4dff,a6177608,0.0
2025-04-05T14:18:00Z,147abc6a,8bab4dff,a6177608,0.0
2025-04-05T14:21:00Z,147abc6a,8bab4dff,a6177608,0.0
2025-04-05T14:24:00Z,147abc6a,8bab4dff,a6177608,0.0
2025-04-05T14:27:00Z,147abc6a,8bab4dff,a6177608,0.0
2025-04-05T14:30:00Z,147abc6a,8bab4dff,a6177608,0.0
2025-04-05T14:33:00Z,147abc6a,8bab4dff,a6177608,0.0
2025-04-05T14:36:00Z,147abc6a,8bab4dff,a6177608,0.0
2025-04-05T14:39:00Z,147abc6a,8bab4dff,a6177608,0.0
2025-04-05T14:42:00Z,147abc6a,8bab4dff,a6177608,0.0
2025-04-05T14:45:00Z,147abc6a,8bab4dff,a6177608,0.0
2025-04-05T14:48:00Z,147abc6a,8bab4dff,a6177608,0.0
2025-04-05T14:51:00Z,147abc6a,8bab4dff,a6177608,0.0
2025-04-05T14:54:00Z,147abc6a,8bab4dff,a6177608,0.0
2025-04-05T14:57:00Z,147abc6a,8bab4dff,a6177608,0.0
2025-04-05T15:00:00Z,147abc6a,8bab4dff,a6177608,0.0
2025-04-05T15:03:00Z,147abc6a,8bab4dff,a6177608,0.0
2025-04-05T15:06:00Z,147abc6a,8bab4dff,a6177608,0.0
2025-04-05T15:09:00Z,147abc6a,8bab4dff,a6177608,0.0
2025-04-05T15:12:00Z,147abc6a,8bab4dff,a6177608,0.0
2025-04-05T15:15:00Z,147abc6a,8bab4dff,a6177608,0.0
2025-04-05T15:18:00Z,147abc6a,8bab4dff,a6177608,0.0
2025-04-05T15:21:00Z,147abc6a,8bab4dff,a6177608,0.0
2025-04-05T15:24:00Z,147abc6a,8bab4dff,a6177608,0.0
2025-04-05T15:27:00Z,147abc6a,8bab4dff,a6177608,0.0
2025-04-05T15:30:00Z,147abc6a,8bab4dff,a6177608,0.0
2025-04-05T15:33:00Z,147abc6a,8bab4dff,a6177608,0.0
2025-04-05T15:36:00Z,147abc6a,8bab4dff,a6177608,0.0
2025-04-05T15:39:00Z,147abc6a,8bab4dff,a6177608,0.0
2025-04-05T15:42:00Z,147abc6a,8bab4dff,a6177608,0.0
2025-04-05T15:45:00Z,147abc6a,8bab4dff,a6177608,0.0
2025-04-05T15:48:00Z,147abc6a,8bab4dff,a6177608,0.0
2025-04-05T15:51:00Z,147abc6a,8bab4dff,a6177608,0.0
2025-04-05T15:54:00Z,147abc6a,8bab4dff,a6177608,0.0
2025-04-05T15:57:00Z,147abc6a,8bab4dff,a6177608,0.0
2025-04-05T16:00:00Z,147abc6a,8bab4dff,a6177608,0.0
2025-04-05T16:03:00Z,147abc6a,8bab4dff,a6177608,0.0
2025-04-05T16:06:00Z,147abc6a,8bab4dff,a6177608,0.0
2025-04-05T16:09:00Z,147abc6a,8bab4dff,a6177608,0.0
2025-04-05T16:12:00Z,147abc6a,8bab4dff,a6177608,0.0
2025-04-05T16:15:00Z,147abc6a,8bab4dff,a6177608,0.0
2025-04-05T16:18:00Z,147abc6a,8bab4dff,a6177608,0.0
2025-04-05T16:21:00Z,147abc6a,8bab4dff,a6177608,0.0
2025-04-05T16:24:00Z,147abc6a,8bab4dff,a6177608,0.0
2025-04-05T16:27:00Z,147abc6a,8bab4dff,a6177608,0.0
2025-04-05T16:30:00Z,147abc6a,8bab4dff,a6177608,0.0
2025-04-05T16:33:00Z,147abc6a,8bab4dff,a6177608,0.0
2025-04-05T16:36:00Z,147abc6a,8bab4dff,a6177608,0.0
2025-04-05T16:39:00Z,147abc6a,8bab4dff,a6177608,0.0
2025-04-05T16:42:00Z,147abc6a,8bab4dff,a6177608,0.0
2025-04-05T16:45:00Z,147abc6a,8bab4dff,a6177608,0.0
2025-04-05T16:48:00Z,147abc6a,8bab4dff,a6177608,0.0
2025-04-05T16:51:00Z,147abc6a,8bab4dff,a6177608,0.0
2025-04-05T16:54:00Z,147abc6a,8bab4dff,a6177608,0.0
2025-04-05T16:57:00Z,147abc6a,8bab4dff,a6177608,0.0
2025-04-05T17:00:00Z,147abc6a,8bab4dff,a6177608,0.0
2025-04-05T17:03:00Z,147abc6a,8bab4dff,a6177608,0.0
2025-04-05T17:06:00Z,147abc6a,8bab4dff,a6177608,0.0
2025-04-05T17:09:00Z,147abc6a,8bab4dff,a6177608,0.0
2025-04-05T17:12:00Z,147abc6a,8bab4dff,a6177608,0.0
2025-04-05T17:15:00Z,147abc6a,8bab4dff,a6177608,0.0
2025-04-05T17:18:00Z,147abc6a,8bab4dff,a6177608,0.0
2025-04-05T17:21:00Z,147abc6a,8bab4dff,a6177608,0.01
2025-04-05T17:24:00Z,147abc6a,8bab4dff,a6177608,0.0
2025-04-05T17:27:00Z,147abc6a,8bab4dff,a6177608,0.0
2025-04-05T17:30:00Z,147abc6a,8bab4dff,a6177608,0.0
2025-04-05T17:33:00Z,147abc6a,8bab4dff,a6177608,0.0
2025-04-05T17:36:00Z,147abc6a,8bab4dff,a6177608,0.0
2025-04-05T17:39:00Z,147abc6a,8bab4dff,a6177608,0.0
2025-04-05T17:42:00Z,147abc6a,8bab4dff,a6177608,0.0
2025-04-05T17:45:00Z,147abc6a,8bab4dff,a6177608,0.0
2025-04-05T17:48:00Z,147abc6a,8bab4dff,a6177608,0.0
2025-04-05T17:51:00Z,147abc6a,8bab4dff,a6177608,0.0
2025-04-05T17:54:00Z,147abc6a,8bab4dff,a6177608,0.0
2025-04-05T17:57:00Z,147abc6a,8bab4dff,a6177608,0.0
2025-04-05T18:00:00Z,147abc6a,8bab4dff,a6177608,0.0
2025-04-05T18:03:00Z,147abc6a,8bab4dff,a6177608,0.0
2025-04-05T18:06:00Z,147abc6a,8bab4dff,a6177608,0.0
2025-04-05T18:09:00Z,147abc6a,8bab4dff,a6177608,0.0
2025-04-05T18:12:00Z,147abc6a,8bab4dff,a6177608,0.0
2025-04-05T18:15:00Z,147abc6a,8bab4dff,a6177608,0.0
2025-04-05T18:18:00Z,147abc6a,8bab4dff,a6177608,0.0
2025-04-05T18:21:00Z,147abc6a,8bab4dff,a6177608,0.0
2025-04-05T18:24:00Z,147abc6a,8bab4dff,a6177608,0.0
2025-04-05T18:27:00Z,147abc6a,8bab4dff,a6177608,0.0
2025-04-05T18:30:00Z,147abc6a,8bab4dff,a6177608,0.0
2025-04-05T18:33:00Z,147abc6a,8bab4dff,a6177608,0.0
2025-04-05T18:36:00Z,147abc6a,8bab4dff,a6177608,0.0
2025-04-05T18:39:00Z,147abc6a,8bab4dff,a6177608,0.0
2025-04-05T18:42:00Z,147abc6a,8bab4dff,a6177608,0.0
2025-04-05T18:45:00Z,147abc6a,8bab4dff,a6177608,0.0
2025-04-05T18:48:00Z,147abc6a,8bab4dff,a6177608,0.0
2025-04-05T18:51:00Z,147abc6a,8bab4dff,a6177608,0.0
2025-04-05T18:54:00Z,147abc6a,8bab4dff,a6177608,0.0
2025-04-05T18:57:00Z,147abc6a,8bab4dff,a6177608,0.0
2025-04-05T19:00:00Z,147abc6a,8bab4dff,a6177608,0.0
2025-04-05T19:03:00Z,147abc6a,8bab4dff,a6177608,0.0
2025-04-05T19:06:00Z,147abc6a,8bab4dff,a6177608,0.0
2025-04-05T19:09:00Z,147abc6a,8bab4dff,a6177608,0.0
2025-04-05T19:12:00Z,147abc6a,8bab4dff,a6177608,0.0
2025-04-05T19:15:00Z,147abc6a,8bab4dff,a6177608,0.0
2025-04-05T19:18:00Z,147abc6a,8bab4dff,a6177608,0.0
2025-04-05T19:21:00Z,147abc6a,8bab4dff,a6177608,0.0
2025-04-05T19:24:00Z,147abc6a,8bab4dff,a6177608,0.0
2025-04-05T19:27:00Z,147abc6a,8bab4dff,a6177608,0.0
2025-04-05T19:30:00Z,147abc6a,8bab4dff,a6177608,0.0
2025-04-05T19:33:00Z,147abc6a,8bab4dff,a6177608,0.0
2025-04-05T19:36:00Z,147abc6a,8bab4dff,a6177608,0.0
2025-04-05T19:39:00Z,147abc6a,8bab4dff,a6177608,0.0
2025-04-05T19:42:00Z,147abc6a,8bab4dff,a6177608,0.0
2025-04-05T19:45:00Z,147abc6a,8bab4dff,a6177608,0.0
2025-04-05T19:48:00Z,147abc6a,8bab4dff,a6177608,0.0
2025-04-05T19:51:00Z,147abc6a,8bab4dff,a6177608,0.0
2025-04-05T19:54:00Z,147abc6a,8bab4dff,a6177608,0.0
2025-04-05T19:57:00Z,147abc6a,8bab4dff,a6177608,0.0
2025-04-05T20:00:00Z,147abc6a,8bab4dff,a6177608,0.0
2025-04-05T20:03:00Z,147abc6a,8bab4dff,a6177608,0.0
2025-04-05T20:06:00Z,147abc6a,8bab4dff,a6177608,0.0
2025-04-05T20:09:00Z,147abc6a,8bab4dff,a6177608,0.0
2025-04-05T20:12:00Z,147abc6a,8bab4dff,a6177608,0.0
2025-04-05T20:15:00Z,147abc6a,8bab4dff,a6177608,0.0
2025-04-05T20:18:00Z,147abc6a,8bab4dff,a6177608,0.0
2025-04-05T20:21:00Z,147abc6a,8bab4dff,a6177608,0.0
2025-04-05T20:24:00Z,147abc6a,8bab4dff,a6177608,0.0
2025-04-05T20:27:00Z,147abc6a,8bab4dff,a6177608,0.0
2025-04-05T20:30:00Z,147abc6a,8bab4dff,a6177608,0.0
2025-04-05T20:33:00Z,147abc6a,8bab4dff,a6177608,0.0
2025-04-05T20:36:00Z,147abc6a,8bab4dff,a6177608,0.0
2025-04-05T20:39:00Z,147abc6a,8bab4dff,a6177608,0.0
2025-04-05T20:42:00Z,147abc6a,8bab4dff,a6177608,0.0
2025-04-05T20:45:00Z,147abc6a,8bab4dff,a6177608,0.0
2025-04-05T20:48:00Z,147abc6a,8bab4dff,a6177608,0.0
2025-04-05T20:51:00Z,147abc6a,8bab4dff,a6177608,0.0
2025-04-05T20:54:00Z,147abc6a,8bab4dff,a6177608,0.0
2025-04-05T20:57:00Z,147abc6a,8bab4dff,a6177608,0.0
2025-04-05T21:00:00Z,147abc6a,8bab4dff,a6177608,0.0
2025-04-05T21:03:00Z,147abc6a,8bab4dff,a6177608,0.0
2025-04-05T21:06:00Z,147abc6a,8bab4dff,a6177608,0.0
2025-04-05T21:09:00Z,147abc6a,8bab4dff,a6177608,0.0
2025-04-05T21:12:00Z,147abc6a,8bab4dff,a6177608,0.0
2025-04-05T21:15:00Z,147abc6a,8bab4dff,a6177608,0.0
2025-04-05T21:18:00Z,147abc6a,8bab4dff,a6177608,0.0
2025-04-05T21:21:00Z,147abc6a,8bab4dff,a6177608,0.0
2025-04-05T21:24:00Z,147abc6a,8bab4dff,a6177608,0.0
2025-04-05T21:27:00Z,147abc6a,8bab4dff,a6177608,0.0
2025-04-05T21:30:00Z,147abc6a,8bab4dff,a6177608,0.0
2025-04-05T21:33:00Z,147abc6a,8bab4dff,a6177608,0.0
2025-04-05T21:36:00Z,147abc6a,8bab4dff,a6177608,0.0
2025-04-05T21:39:00Z,147abc6a,8bab4dff,a6177608,0.0
2025-04-05T21:42:00Z,147abc6a,8bab4dff,a6177608,0.0
2025-04-05T21:45:00Z,147abc6a,8bab4dff,a6177608,0.0
2025-04-05T21:48:00Z,147abc6a,8bab4dff,a6177608,0.0
2025-04-05T21:51:00Z,147abc6a,8bab4dff,a6177608,0.01
2025-04-05T21:54:00Z,147abc6a,8bab4dff,a6177608,0.0
2025-04-05T21:57:00Z,147abc6a,8bab4dff,a6177608,0.0
2025-04-05T22:00:00Z,147abc6a,8bab4dff,a6177608,0.0
2025-04-05T22:03:00Z,147abc6a,8bab4dff,a6177608,0.0
2025-04-05T22:06:00Z,147abc6a,8bab4dff,a6177608,0.0
2025-04-05T22:09:00Z,147abc6a,8bab4dff,a6177608,0.0
2025-04-05T22:12:00Z,147abc6a,8bab4dff,a6177608,0.0
2025-04-05T22:15:00Z,147abc6a,8bab4dff,a6177608,0.0
2025-04-05T22:18:00Z,147abc6a,8bab4dff,a6177608,0.0
2025-04-05T22:21:00Z,147abc6a,8bab4dff,a6177608,0.0
2025-04-05T22:24:00Z,147abc6a,8bab4dff,a6177608,0.0
2025-04-05T22:27:00Z,147abc6a,8bab4dff,a6177608,0.0
2025-04-05T22:30:00Z,147abc6a,8bab4dff,a6177608,0.0
2025-04-05T22:33:00Z,147abc6a,8bab4dff,a6177608,0.0
2025-04-05T22:36:00Z,147abc6a,8bab4dff,a6177608,0.0
2025-04-05T22:39:00Z,147abc6a,8bab4dff,a6177608,0.0
2025-04-05T22:42:00Z,147abc6a,8bab4dff,a6177608,0.0
2025-04-05T22:45:00Z,147abc6a,8bab4dff,a6177608,0.0
2025-04-05T22:48:00Z,147abc6a,8bab4dff,a6177608,0.0
2025-04-05T22:51:00Z,147abc6a,8bab4dff,a6177608,0.0
2025-04-05T22:54:00Z,147abc6a,8bab4dff,a6177608,0.0
2025-04-05T22:57:00Z,147abc6a,8bab4dff,a6177608,0.0
2025-04-05T23:00:00Z,147abc6a,8bab4dff,a6177608,0.0
2025-04-05T23:03:00Z,147abc6a,8bab4dff,a6177608,0.0
2025-04-05T23:06:00Z,147abc6a,8bab4dff,a6177608,0.0
2025-04-05T23:09:00Z,147abc6a,8bab4dff,a6177608,0.0
2025-04-05T23:12:00Z,147abc6a,8bab4dff,a6177608,0.0
2025-04-05T23:15:00Z,147abc6a,8bab4dff,a6177608,0.0
2025-04-05T23:18:00Z,147abc6a,8bab4dff,a6177608,0.0
2025-04-05T23:21:00Z,147abc6a,8bab4dff,a6177608,0.0
2025-04-05T23:24:00Z,147abc6a,8bab4dff,a6177608,0.0
2025-04-05T23:27:00Z,147abc6a,8bab4dff,a6177608,0.0
2025-04-05T23:30:00Z,147abc6a,8bab4dff,a6177608,0.0
2025-04-05T23:33:00Z,147abc6a,8bab4dff,a6177608,0.0
2025-04-05T23:36:00Z,147abc6a,8bab4dff,a6177608,0.0
2025-04-05T23:39:00Z,147abc6a,8bab4dff,a6177608,0.0
2025-04-05T23:42:00Z,147abc6a,8bab4dff,a6177608,0.0
2025-04-05T23:45:00Z,147abc6a,8bab4dff,a6177608,0.0
2025-04-05T23:48:00Z,147abc6a,8bab4dff,a6177608,0.0
2025-04-05T23:51:00Z,147abc6a,8bab4dff,a6177608,0.0
2025-04-05T23:54:00Z,147abc6a,8bab4dff,a6177608,0.0
2025-04-05T23:57:00Z,147abc6a,8bab4dff,a6177608,0.0
2025-04-06T00:00:00Z,147abc6a,8bab4dff,a6177608,0.0
2025-04-06T00:03:00Z,147abc6a,8bab4dff,a6177608,0.0
2025-04-06T00:06:00Z,147abc6a,8bab4dff,a6177608,0.0
2025-04-06T00:09:00Z,147abc6a,8bab4dff,a6177608,0.0
2025-04-06T00:12:00Z,147abc6a,8bab4dff,a6177608,0.0
2025-04-06T00:15:00Z,147abc6a,8bab4dff,a6177608,0.0
2025-04-06T00:18:00Z,147abc6a,8bab4dff,a6177608,0.0
2025-04-06T00:21:00Z,147abc6a,8bab4dff,a6177608,0.0
2025-04-06T00:24:00Z,147abc6a,8bab4dff,a6177608,0.0
2025-04-06T00:27:00Z,147abc6a,8bab4dff,a6177608,0.0
2025-04-06T00:30:00Z,147abc6a,8bab4dff,a6177608,0.0
2025-04-06T00:33:00Z,147abc6a,8bab4dff,a6177608,0.0
2025-04-06T00:36:00Z,147abc6a,8bab4dff,a6177608,0.0
2025-04-06T00:39:00Z,147abc6a,8bab4dff,a6177608,0.0
2025-04-06T00:42:00Z,147abc6a,8bab4dff,a6177608,0.0
2025-04-06T00:45:00Z,147abc6a,8bab4dff,a6177608,0.0
2025-04-06T00:48:00Z,147abc6a,8bab4dff,a6177608,0.0
2025-04-06T00:51:00Z,147abc6a,8bab4dff,a6177608,0.0
2025-04-06T00:54:00Z,147abc6a,8bab4dff,a6177608,0.0
2025-04-06T00:57:00Z,147abc6a,8bab4dff,a6177608,0.0
2025-04-06T01:00:00Z,147abc6a,8bab4dff,a6177608,0.0
2025-04-06T01:03:00Z,147abc6a,8bab4dff,a6177608,0.0
2025-04-06T01:06:00Z,147abc6a,8bab4dff,a6177608,0.0
2025-04-06T01:09:00Z,147abc6a,8bab4dff,a6177608,0.0
2025-04-06T01:12:00Z,147abc6a,8bab4dff,a6177608,0.0
2025-04-06T01:15:00Z,147abc6a,8bab4dff,a6177608,0.0
2025-04-06T01:18:00Z,147abc6a,8bab4dff,a6177608,0.0
2025-04-06T01:21:00Z,147abc6a,8bab4dff,a6177608,0.0
2025-04-06T01:24:00Z,147abc6a,8bab4dff,a6177608,0.0
2025-04-06T01:27:00Z,147abc6a,8bab4dff,a6177608,0.0
2025-04-06T01:30:00Z,147abc6a,8bab4dff,a6177608,0.0
2025-04-06T01:33:00Z,147abc6a,8bab4dff,a6177608,0.0
2025-04-06T01:36:00Z,147abc6a,8bab4dff,a6177608,0.0
2025-04-06T01:39:00Z,147abc6a,8bab4dff,a6177608,0.0
2025-04-06T01:42:00Z,147abc6a,8bab4dff,a6177608,0.0
2025-04-06T01:45:00Z,147abc6a,8bab4dff,a6177608,0.0
2025-04-06T01:48:00Z,147abc6a,8bab4dff,a6177608,0.0
2025-04-06T01:51:00Z,147abc6a,8bab4dff,a6177608,0.0
2025-04-06T01:54:00Z,147abc6a,8bab4dff,a6177608,0.0
2025-04-06T01:57:00Z,147abc6a,8bab4dff,a6177608,0.0
2025-04-06T02:00:00Z,147abc6a,8bab4dff,a6177608,0.0
2025-04-06T02:03:00Z,147abc6a,8bab4dff,a6177608,0.0
2025-04-06T02:06:00Z,147abc6a,8bab4dff,a6177608,0.0
2025-04-06T02:09:00Z,147abc6a,8bab4dff,a6177608,0.0
2025-04-06T02:12:00Z,147abc6a,8bab4dff,a6177608,0.0
2025-04-06T02:15:00Z,147abc6a,8bab4dff,a6177608,0.0
2025-04-06T02:18:00Z,147abc6a,8bab4dff,a6177608,0.0
2025-04-06T02:21:00Z,147abc6a,8bab4dff,a6177608,0.0
2025-04-06T02:24:00Z,147abc6a,8bab4dff,a6177608,0.0
2025-04-06T02:27:00Z,147abc6a,8bab4dff,a6177608,0.0
2025-04-06T02:30:00Z,147abc6a,8bab4dff,a6177608,0.0
2025-04-06T02:33:00Z,147abc6a,8bab4dff,a6177608,0.0
2025-04-06T02:36:00Z,147abc6a,8bab4dff,a6177608,0.0
2025-04-06T02:39:00Z,147abc6a,8bab4dff,a6177608,0.0
2025-04-06T02:42:00Z,147abc6a,8bab4dff,a6177608,0.0
2025-04-06T02:45:00Z,147abc6a,8bab4dff,a6177608,0.0
2025-04-06T02:48:00Z,147abc6a,8bab4dff,a6177608,0.0
2025-04-06T02:51:00Z,147abc6a,8bab4dff,a6177608,0.0
2025-04-06T02:54:00Z,147abc6a,8bab4dff,a6177608,0.0
2025-04-06T02:57:00Z,147abc6a,8bab4dff,a6177608,0.0
2025-04-06T03:00:00Z,147abc6a,8bab4dff,a6177608,0.0
2025-04-06T03:03:00Z,147abc6a,8bab4dff,a6177608,0.0
2025-04-06T03:06:00Z,147abc6a,8bab4dff,a6177608,0.0
2025-04-06T03:09:00Z,147abc6a,8bab4dff,a6177608,0.0
2025-04-06T03:12:00Z,147abc6a,8bab4dff,a6177608,0.0
2025-04-06T03:15:00Z,147abc6a,8bab4dff,a6177608,0.0
2025-04-06T03:18:00Z,147abc6a,8bab4dff,a6177608,0.0
2025-04-06T03:21:00Z,147abc6a,8bab4dff,a6177608,0.0
2025-04-06T03:24:00Z,147abc6a,8bab4dff,a6177608,0.0
2025-04-06T03:27:00Z,147abc6a,8bab4dff,a6177608,0.0
2025-04-06T03:30:00Z,147abc6a,8bab4dff,a6177608,0.0
2025-04-06T03:33:00Z,147abc6a,8bab4dff,a6177608,0.0
2025-04-06T03:36:00Z,147abc6a,8bab4dff,a6177608,0.0
2025-04-06T03:39:00Z,147abc6a,8bab4dff,a6177608,0.0
2025-04-06T03:42:00Z,147abc6a,8bab4dff,a6177608,0.0
2025-04-06T03:45:00Z,147abc6a,8bab4dff,a6177608,0.0
2025-04-06T03:48:00Z,147abc6a,8bab4dff,a6177608,0.0
2025-04-06T03:51:00Z,147abc6a,8bab4dff,a6177608,0.0
2025-04-06T03:54:00Z,147abc6a,8bab4dff,a6177608,0.0
2025-04-06T03:57:00Z,147abc6a,8bab4dff,a6177608,0.0
2025-04-06T04:00:00Z,147abc6a,8bab4dff,a6177608,0.0
2025-04-06T04:03:00Z,147abc6a,8bab4dff,a6177608,0.0
2025-04-06T04:06:00Z,147abc6a,8bab4dff,a6177608,0.0
2025-04-06T04:09:00Z,147abc6a,8bab4dff,a6177608,0.0
2025-04-06T04:12:00Z,147abc6a,8bab4dff,a6177608,0.0
2025-04-06T04:15:00Z,147abc6a,8bab4dff,a6177608,0.0
2025-04-06T04:18:00Z,147abc6a,8bab4dff,a6177608,0.0
2025-04-06T04:21:00Z,147abc6a,8bab4dff,a6177608,0.0
2025-04-06T04:24:00Z,147abc6a,8bab4dff,a6177608,0.0
2025-04-06T04:27:00Z,147abc6a,8bab4dff,a6177608,0.0
2025-04-06T04:30:00Z,147abc6a,8bab4dff,a6177608,0.0
2025-04-06T04:33:00Z,147abc6a,8bab4dff,a6177608,0.0
2025-04-06T04:36:00Z,147abc6a,8bab4dff,a6177608,0.0
2025-04-06T04:39:00Z,147abc6a,8bab4dff,a6177608,0.0
2025-04-06T04:42:00Z,147abc6a,8bab4dff,a6177608,0.0
2025-04-06T04:45:00Z,147abc6a,8bab4dff,a6177608,0.0
2025-04-06T04:48:00Z,147abc6a,8bab4dff,a6177608,0.0
2025-04-06T04:51:00Z,147abc6a,8bab4dff,a6177608,0.0
2025-04-06T04:54:00Z,147abc6a,8bab4dff,a6177608,0.0
2025-04-06T04:57:00Z,147abc6a,8bab4dff,a6177608,0.0
2025-04-06T05:00:00Z,147abc6a,8bab4dff,a6177608,0.0
2025-04-06T05:03:00Z,147abc6a,8bab4dff,a6177608,0.0
2025-04-06T05:06:00Z,147abc6a,8bab4dff,a6177608,0.0
2025-04-06T05:09:00Z,147abc6a,8bab4dff,a6177608,0.0
2025-04-06T05:12:00Z,147abc6a,8bab4dff,a6177608,0.0
2025-04-06T05:15:00Z,147abc6a,8bab4dff,a6177608,0.0
2025-04-06T05:18:00Z,147abc6a,8bab4dff,a6177608,0.0
2025-04-06T05:21:00Z,147abc6a,8bab4dff,a6177608,0.0
2025-04-06T05:24:00Z,147abc6a,8bab4dff,a6177608,0.0
2025-04-06T05:27:00Z,147abc6a,8bab4dff,a6177608,0.0
2025-04-06T05:30:00Z,147abc6a,8bab4dff,a6177608,0.0
2025-04-06T05:33:00Z,147abc6a,8bab4dff,a6177608,0.0
2025-04-06T05:36:00Z,147abc6a,8bab4dff,a6177608,0.0
2025-04-06T05:39:00Z,147abc6a,8bab4dff,a6177608,0.0
2025-04-06T05:42:00Z,147abc6a,8bab4dff,a6177608,0.0
2025-04-06T05:45:00Z,147abc6a,8bab4dff,a6177608,0.0
2025-04-06T05:48:00Z,147abc6a,8bab4dff,a6177608,0.0
2025-04-06T05:51:00Z,147abc6a,8bab4dff,a6177608,0.0
2025-04-06T05:54:00Z,147abc6a,8bab4dff,a6177608,0.0
2025-04-06T05:57:00Z,147abc6a,8bab4dff,a6177608,0.0
2025-04-06T06:00:00Z,147abc6a,8bab4dff,a6177608,0.0
2025-04-06T06:03:00Z,147abc6a,8bab4dff,a6177608,0.0
2025-04-06T06:06:00Z,147abc6a,8bab4dff,a6177608,0.0
2025-04-06T06:09:00Z,147abc6a,8bab4dff,a6177608,0.0
2025-04-06T06:12:00Z,147abc6a,8bab4dff,a6177608,0.0
2025-04-06T06:15:00Z,147abc6a,8bab4dff,a6177608,0.0
2025-04-06T06:18:00Z,147abc6a,8bab4dff,a6177608,0.0
2025-04-06T06:21:00Z,147abc6a,8bab4dff,a6177608,0.0
2025-04-06T06:24:00Z,147abc6a,8bab4dff,a6177608,0.0
2025-04-06T06:27:00Z,147abc6a,8bab4dff,a6177608,0.0
2025-04-06T06:30:00Z,147abc6a,8bab4dff,a6177608,0.0
2025-04-06T06:33:00Z,147abc6a,8bab4dff,a6177608,0.0
2025-04-06T06:36:00Z,147abc6a,8bab4dff,a6177608,0.0
2025-04-06T06:39:00Z,147abc6a,8bab4dff,a6177608,0.0
2025-04-06T06:42:00Z,147abc6a,8bab4dff,a6177608,0.0
2025-04-06T06:45:00Z,147abc6a,8bab4dff,a6177608,0.0
2025-04-06T06:48:00Z,147abc6a,8bab4dff,a6177608,0.0
2025-04-06T06:51:00Z,147abc6a,8bab4dff,a6177608,0.0
2025-04-06T06:54:00Z,147abc6a,8bab4dff,a6177608,0.0
2025-04-06T06:57:00Z,147abc6a,8bab4dff,a6177608,0.0
2025-04-06T07:00:00Z,147abc6a,8bab4dff,a6177608,0.0
2025-04-06T07:03:00Z,147abc6a,8bab4dff,a6177608,0.0
2025-04-06T07:06:00Z,147abc6a,8bab4dff,a6177608,0.0
2025-04-06T07:09:00Z,147abc6a,8bab4dff,a6177608,0.0
2025-04-06T07:12:00Z,147abc6a,8bab4dff,a6177608,0.0
2025-04-06T07:15:00Z,147abc6a,8bab4dff,a6177608,0.0
2025-04-06T07:18:00Z,147abc6a,8bab4dff,a6177608,0.0
2025-04-06T07:21:00Z,147abc6a,8bab4dff,a6177608,0.0
2025-04-06T07:24:00Z,147abc6a,8bab4dff,a6177608,0.0
2025-04-06T07:27:00Z,147abc6a,8bab4dff,a6177608,0.0
2025-04-06T07:30:00Z,147abc6a,8bab4dff,a6177608,0.0
2025-04-06T07:33:00Z,147abc6a,8bab4dff,a6177608,0.0
2025-04-06T07:36:00Z,147abc6a,8bab4dff,a6177608,0.0
2025-04-06T07:39:00Z,147abc6a,8bab4dff,a6177608,0.0
2025-04-06T07:42:00Z,147abc6a,8bab4dff,a6177608,0.0
2025-04-06T07:45:00Z,147abc6a,8bab4dff,a6177608,0.0
2025-04-06T07:48:00Z,147abc6a,8bab4dff,a6177608,0.0
2025-04-06T07:51:00Z,147abc6a,8bab4dff,a6177608,0.0
2025-04-06T07:54:00Z,147abc6a,8bab4dff,a6177608,0.0
2025-04-06T07:57:00Z,147abc6a,8bab4dff,a6177608,0.0
2025-04-06T08:00:00Z,147abc6a,8bab4dff,a6177608,0.0
2025-04-06T08:03:00Z,147abc6a,8bab4dff,a6177608,0.0
2025-04-06T08:06:00Z,147abc6a,8bab4dff,a6177608,0.0
2025-04-06T08:09:00Z,147abc6a,8bab4dff,a6177608,0.0
2025-04-06T08:12:00Z,147abc6a,8bab4dff,a6177608,0.0
2025-04-06T08:15:00Z,147abc6a,8bab4dff,a6177608,0.0
2025-04-06T08:18:00Z,147abc6a,8bab4dff,a6177608,0.0
2025-04-06T08:21:00Z,147abc6a,8bab4dff,a6177608,0.0
2025-04-06T08:24:00Z,147abc6a,8bab4dff,a6177608,0.0
2025-04-06T08:27:00Z,147abc6a,8bab4dff,a6177608,0.0
2025-04-06T08:30:00Z,147abc6a,8bab4dff,a6177608,0.0
2025-04-06T08:33:00Z,147abc6a,8bab4dff,a6177608,0.0
2025-04-06T08:36:00Z,147abc6a,8bab4dff,a6177608,0.0
2025-04-06T08:39:00Z,147abc6a,8bab4dff,a6177608,0.0
2025-04-06T08:42:00Z,147abc6a,8bab4dff,a6177608,0.0
2025-04-06T08:45:00Z,147abc6a,8bab4dff,a6177608,0.0
2025-04-06T08:48:00Z,147abc6a,8bab4dff,a6177608,0.0
2025-04-06T08:51:00Z,147abc6a,8bab4dff,a6177608,0.0
2025-04-06T08:54:00Z,147abc6a,8bab4dff,a6177608,0.0
2025-04-06T08:57:00Z,147abc6a,8bab4dff,a6177608,0.0
2025-04-06T09:00:00Z,147abc6a,8bab4dff,a6177608,0.0
2025-04-06T09:03:00Z,147abc6a,8bab4dff,a6177608,0.0
2025-04-06T09:06:00Z,147abc6a,8bab4dff,a6177608,0.0
2025-04-06T09:09:00Z,147abc6a,8bab4dff,a6177608,0.0
2025-04-06T09:12:00Z,147abc6a,8bab4dff,a6177608,0.0
2025-04-06T09:15:00Z,147abc6a,8bab4dff,a6177608,0.0
2025-04-06T09:18:00Z,147abc6a,8bab4dff,a6177608,0.0
2025-04-06T09:21:00Z,147abc6a,8bab4dff,a6177608,0.0
2025-04-06T09:24:00Z,147abc6a,8bab4dff,a6177608,0.0
2025-04-06T09:27:00Z,147abc6a,8bab4dff,a6177608,0.0
2025-04-06T09:30:00Z,147abc6a,8bab4dff,a6177608,0.0
2025-04-06T09:33:00Z,147abc6a,8bab4dff,a6177608,0.0
2025-04-06T09:36:00Z,147abc6a,8bab4dff,a6177608,0.0
2025-04-06T09:39:00Z,147abc6a,8bab4dff,a6177608,0.0
2025-04-06T09:42:00Z,147abc6a,8bab4dff,a6177608,0.0
2025-04-06T09:45:00Z,147abc6a,8bab4dff,a6177608,0.0
2025-04-06T09:48:00Z,147abc6a,8bab4dff,a6177608,0.0
2025-04-06T09:51:00Z,147abc6a,8bab4dff,a6177608,0.0
2025-04-06T09:54:00Z,147abc6a,8bab4dff,a6177608,0.0
2025-04-06T09:57:00Z,147abc6a,8bab4dff,a6177608,0.0
2025-04-06T10:00:00Z,147abc6a,8bab4dff,a6177608,0.0
2025-04-06T10:03:00Z,147abc6a,8bab4dff,a6177608,0.0
2025-04-06T10:06:00Z,147abc6a,8bab4dff,a6177608,0.0
2025-04-06T10:09:00Z,147abc6a,8bab4dff,a6177608,0.0
2025-04-06T10:12:00Z,147abc6a,8bab4dff,a6177608,0.0
2025-04-06T10:15:00Z,147abc6a,8bab4dff,a6177608,0.0
2025-04-06T10:18:00Z,147abc6a,8bab4dff,a6177608,0.0
2025-04-06T10:21:00Z,147abc6a,8bab4dff,a6177608,0.0
2025-04-06T10:24:00Z,147abc6a,8bab4dff,a6177608,0.0
2025-04-06T10:27:00Z,147abc6a,8bab4dff,a6177608,0.0
2025-04-06T10:30:00Z,147abc6a,8bab4dff,a6177608,0.0
2025-04-06T10:33:00Z,147abc6a,8bab4dff,a6177608,0.0
2025-04-06T10:36:00Z,147abc6a,8bab4dff,a6177608,0.0
2025-04-06T10:39:00Z,147abc6a,8bab4dff,a6177608,0.0
2025-04-06T10:42:00Z,147abc6a,8bab4dff,a6177608,0.0
2025-04-06T10:45:00Z,147abc6a,8bab4dff,a6177608,0.0
2025-04-06T10:48:00Z,147abc6a,8bab4dff,a6177608,0.0
2025-04-06T10:51:00Z,147abc6a,8bab4dff,a6177608,0.0
2025-04-06T10:54:00Z,147abc6a,8bab4dff,a6177608,0.0
2025-04-06T10:57:00Z,147abc6a,8bab4dff,a6177608,0.0
2025-04-06T11:00:00Z,147abc6a,8bab4dff,a6177608,0.0
2025-04-06T11:03:00Z,147abc6a,8bab4dff,a6177608,0.0
2025-04-06T11:06:00Z,147abc6a,8bab4dff,a6177608,0.0
2025-04-06T11:09:00Z,147abc6a,8bab4dff,a6177608,0.0
2025-04-06T11:12:00Z,147abc6a,8bab4dff,a6177608,0.0
2025-04-06T11:15:00Z,147abc6a,8bab4dff,a6177608,0.0
2025-04-06T11:18:00Z,147abc6a,8bab4dff,a6177608,0.0
2025-04-06T11:21:00Z,147abc6a,8bab4dff,a6177608,0.0
2025-04-06T11:24:00Z,147abc6a,8bab4dff,a6177608,0.0
2025-04-06T11:27:00Z,147abc6a,8bab4dff,a6177608,0.0
2025-04-06T11:30:00Z,147abc6a,8bab4dff,a6177608,0.0
2025-04-06T11:33:00Z,147abc6a,8bab4dff,a6177608,0.0
2025-04-06T11:36:00Z,147abc6a,8bab4dff,a6177608,0.0
2025-04-06T11:39:00Z,147abc6a,8bab4dff,a6177608,0.0
2025-04-06T11:42:00Z,147abc6a,8bab4dff,a6177608,0.0
2025-04-06T11:45:00Z,147abc6a,8bab4dff,a6177608,0.0
2025-04-06T11:48:00Z,147abc6a,8bab4dff,a6177608,0.0
2025-04-06T11:51:00Z,147abc6a,8bab4dff,a6177608,0.0
2025-04-06T11:54:00Z,147abc6a,8bab4dff,a6177608,0.0
2025-04-06T11:57:00Z,147abc6a,8bab4dff,a6177608,0.0
2025-04-06T12:00:00Z,147abc6a,8bab4dff,a6177608,0.0
2025-04-06T12:03:00Z,147abc6a,8bab4dff,a6177608,0.0
2025-04-06T12:06:00Z,147abc6a,8bab4dff,a6177608,0.0
2025-04-06T12:09:00Z,147abc6a,8bab4dff,a6177608,0.0
2025-04-06T12:12:00Z,147abc6a,8bab4dff,a6177608,0.0
2025-04-06T12:15:00Z,147abc6a,8bab4dff,a6177608,0.0
2025-04-06T12:18:00Z,147abc6a,8bab4dff,a6177608,0.0
2025-04-06T12:21:00Z,147abc6a,8bab4dff,a6177608,0.0
2025-04-06T12:24:00Z,147abc6a,8bab4dff,a6177608,0.0
2025-04-06T12:27:00Z,147abc6a,8bab4dff,a6177608,0.0
2025-04-06T12:30:00Z,147abc6a,8bab4dff,a6177608,0.0
2025-04-06T12:33:00Z,147abc6a,8bab4dff,a6177608,0.0
2025-04-06T12:36:00Z,147abc6a,8bab4dff,a6177608,0.0
2025-04-06T12:39:00Z,147abc6a,8bab4dff,a6177608,0.0
2025-04-06T12:42:00Z,147abc6a,8bab4dff,a6177608,0.0
2025-04-06T12:45:00Z,147abc6a,8bab4dff,a6177608,0.0
2025-04-06T12:48:00Z,147abc6a,8bab4dff,a6177608,0.0
2025-04-06T12:51:00Z,147abc6a,8bab4dff,a6177608,0.0
2025-04-06T12:54:00Z,147abc6a,8bab4dff,a6177608,0.0
2025-04-06T12:57:00Z,147abc6a,8bab4dff,a6177608,0.0
2025-04-06T13:00:00Z,147abc6a,8bab4dff,a6177608,0.0
2025-04-06T13:03:00Z,147abc6a,8bab4dff,a6177608,0.0
2025-04-06T13:06:00Z,147abc6a,8bab4dff,a6177608,0.0
2025-04-06T13:09:00Z,147abc6a,8bab4dff,a6177608,0.0
2025-04-06T13:12:00Z,147abc6a,8bab4dff,a6177608,0.0
2025-04-06T13:15:00Z,147abc6a,8bab4dff,a6177608,0.0
2025-04-06T13:18:00Z,147abc6a,8bab4dff,a6177608,0.0
2025-04-06T13:21:00Z,147abc6a,8bab4dff,a6177608,0.0
2025-04-06T13:24:00Z,147abc6a,8bab4dff,a6177608,0.0
2025-04-06T13:27:00Z,147abc6a,8bab4dff,a6177608,0.0
2025-04-06T13:30:00Z,147abc6a,8bab4dff,a6177608,0.0
2025-04-06T13:33:00Z,147abc6a,8bab4dff,a6177608,0.07
2025-04-06T13:36:00Z,147abc6a,8bab4dff,a6177608,0.0
2025-04-06T13:39:00Z,147abc6a,8bab4dff,a6177608,0.0
2025-04-06T13:42:00Z,147abc6a,8bab4dff,a6177608,0.0
2025-04-06T13:45:00Z,147abc6a,8bab4dff,a6177608,0.0
2025-04-06T13:48:00Z,147abc6a,8bab4dff,a6177608,0.0
2025-04-06T13:51:00Z,147abc6a,8bab4dff,a6177608,0.0
2025-04-06T13:54:00Z,147abc6a,8bab4dff,a6177608,0.0
2025-04-06T13:57:00Z,147abc6a,8bab4dff,a6177608,0.0
2025-04-06T14:00:00Z,147abc6a,8bab4dff,a6177608,0.0
2025-04-06T14:03:00Z,147abc6a,8bab4dff,a6177608,0.0
2025-04-06T14:06:00Z,147abc6a,8bab4dff,a6177608,0.0
2025-04-06T14:09:00Z,147abc6a,8bab4dff,a6177608,0.0
2025-04-06T14:12:00Z,147abc6a,8bab4dff,a6177608,0.0
2025-04-06T14:15:00Z,147abc6a,8bab4dff,a6177608,0.0
2025-04-06T14:18:00Z,147abc6a,8bab4dff,a6177608,0.0
2025-04-06T14:21:00Z,147abc6a,8bab4dff,a6177608,0.0
2025-04-06T14:24:00Z,147abc6a,8bab4dff,a6177608,0.0
2025-04-06T14:27:00Z,147abc6a,8bab4dff,a6177608,0.0
2025-04-06T14:30:00Z,147abc6a,8bab4dff,a6177608,0.0
2025-04-06T14:33:00Z,147abc6a,8bab4dff,a6177608,0.0
2025-04-06T14:36:00Z,147abc6a,8bab4dff,a6177608,0.0
2025-04-06T14:39:00Z,147abc6a,8bab4dff,a6177608,0.0
2025-04-06T14:42:00Z,147abc6a,8bab4dff,a6177608,0.0
2025-04-06T14:45:00Z,147abc6a,8bab4dff,a6177608,0.0
2025-04-06T14:48:00Z,147abc6a,8bab4dff,a6177608,0.0
2025-04-06T14:51:00Z,147abc6a,8bab4dff,a6177608,0.0
2025-04-06T14:54:00Z,147abc6a,8bab4dff,a6177608,0.0
2025-04-06T14:57:00Z,147abc6a,8bab4dff,a6177608,0.0
2025-04-06T15:00:00Z,147abc6a,8bab4dff,a6177608,0.0
2025-04-06T15:03:00Z,147abc6a,8bab4dff,a6177608,0.0
2025-04-06T15:06:00Z,147abc6a,8bab4dff,a6177608,0.0
2025-04-06T15:09:00Z,147abc6a,8bab4dff,a6177608,0.0
2025-04-06T15:12:00Z,147abc6a,8bab4dff,a6177608,0.0
2025-04-06T15:15:00Z,147abc6a,8bab4dff,a6177608,0.0
2025-04-06T15:18:00Z,147abc6a,8bab4dff,a6177608,0.0
2025-04-06T15:21:00Z,147abc6a,8bab4dff,a6177608,0.0
2025-04-06T15:24:00Z,147abc6a,8bab4dff,a6177608,0.0
2025-04-06T15:27:00Z,147abc6a,8bab4dff,a6177608,0.0
2025-04-06T15:30:00Z,147abc6a,8bab4dff,a6177608,0.0
2025-04-06T15:33:00Z,147abc6a,8bab4dff,a6177608,0.0
2025-04-06T15:36:00Z,147abc6a,8bab4dff,a6177608,0.0
2025-04-06T15:39:00Z,147abc6a,8bab4dff,a6177608,0.0
2025-04-06T15:42:00Z,147abc6a,8bab4dff,a6177608,0.0
2025-04-06T15:45:00Z,147abc6a,8bab4dff,a6177608,0.0
2025-04-06T15:48:00Z,147abc6a,8bab4dff,a6177608,0.0
2025-04-06T15:51:00Z,147abc6a,8bab4dff,a6177608,0.0
2025-04-06T15:54:00Z,147abc6a,8bab4dff,a6177608,0.0
2025-04-06T15:57:00Z,147abc6a,8bab4dff,a6177608,0.0
2025-04-06T16:00:00Z,147abc6a,8bab4dff,a6177608,0.0
2025-04-06T16:03:00Z,147abc6a,8bab4dff,a6177608,0.0
2025-04-06T16:06:00Z,147abc6a,8bab4dff,a6177608,0.0
2025-04-06T16:09:00Z,147abc6a,8bab4dff,a6177608,0.0
2025-04-06T16:12:00Z,147abc6a,8bab4dff,a6177608,0.0
2025-04-06T16:15:00Z,147abc6a,8bab4dff,a6177608,0.0
2025-04-06T16:18:00Z,147abc6a,8bab4dff,a6177608,0.0
2025-04-06T16:21:00Z,147abc6a,8bab4dff,a6177608,0.0
2025-04-06T16:24:00Z,147abc6a,8bab4dff,a6177608,0.0
2025-04-06T16:27:00Z,147abc6a,8bab4dff,a6177608,0.0
2025-04-06T16:30:00Z,147abc6a,8bab4dff,a6177608,0.0
2025-04-06T16:33:00Z,147abc6a,8bab4dff,a6177608,0.0
2025-04-06T16:36:00Z,147abc6a,8bab4dff,a6177608,0.0
2025-04-06T16:39:00Z,147abc6a,8bab4dff,a6177608,0.0
2025-04-06T16:42:00Z,147abc6a,8bab4dff,a6177608,0.0
2025-04-06T16:45:00Z,147abc6a,8bab4dff,a6177608,0.0
2025-04-06T16:48:00Z,147abc6a,8bab4dff,a6177608,0.0
2025-04-06T16:51:00Z,147abc6a,8bab4dff,a6177608,0.0
2025-04-06T16:54:00Z,147abc6a,8bab4dff,a6177608,0.0
2025-04-06T16:57:00Z,147abc6a,8bab4dff,a6177608,0.0
2025-04-06T17:00:00Z,147abc6a,8bab4dff,a6177608,0.0
2025-04-06T17:03:00Z,147abc6a,8bab4dff,a6177608,0.0
2025-04-06T17:06:00Z,147abc6a,8bab4dff,a6177608,0.0
2025-04-06T17:09:00Z,147abc6a,8bab4dff,a6177608,0.0
2025-04-06T17:12:00Z,147abc6a,8bab4dff,a6177608,0.0
2025-04-06T17:15:00Z,147abc6a,8bab4dff,a6177608,0.0
2025-04-06T17:18:00Z,147abc6a,8bab4dff,a6177608,0.0
2025-04-06T17:21:00Z,147abc6a,8bab4dff,a6177608,0.0
2025-04-06T17:24:00Z,147abc6a,8bab4dff,a6177608,0.0
2025-04-06T17:27:00Z,147abc6a,8bab4dff,a6177608,0.0
2025-04-06T17:30:00Z,147abc6a,8bab4dff,a6177608,0.0
2025-04-06T17:33:00Z,147abc6a,8bab4dff,a6177608,0.0
2025-04-06T17:36:00Z,147abc6a,8bab4dff,a6177608,0.0
2025-04-06T17:39:00Z,147abc6a,8bab4dff,a6177608,0.0
2025-04-06T17:42:00Z,147abc6a,8bab4dff,a6177608,0.0
2025-04-06T17:45:00Z,147abc6a,8bab4dff,a6177608,0.0
2025-04-06T17:48:00Z,147abc6a,8bab4dff,a6177608,0.0
2025-04-06T17:51:00Z,147abc6a,8bab4dff,a6177608,0.0
2025-04-06T17:54:00Z,147abc6a,8bab4dff,a6177608,0.0
2025-04-06T17:57:00Z,147abc6a,8bab4dff,a6177608,0.0
2025-04-06T18:00:00Z,147abc6a,8bab4dff,a6177608,0.0
2025-04-06T18:03:00Z,147abc6a,8bab4dff,a6177608,0.0
2025-04-06T18:06:00Z,147abc6a,8bab4dff,a6177608,0.0
2025-04-06T18:09:00Z,147abc6a,8bab4dff,a6177608,0.0
2025-04-06T18:12:00Z,147abc6a,8bab4dff,a6177608,0.0
2025-04-06T18:15:00Z,147abc6a,8bab4dff,a6177608,0.0
2025-04-06T18:18:00Z,147abc6a,8bab4dff,a6177608,0.0
2025-04-06T18:21:00Z,147abc6a,8bab4dff,a6177608,0.0
2025-04-06T18:24:00Z,147abc6a,8bab4dff,a6177608,0.0
2025-04-06T18:27:00Z,147abc6a,8bab4dff,a6177608,0.0
2025-04-06T18:30:00Z,147abc6a,8bab4dff,a6177608,0.0
2025-04-06T18:33:00Z,147abc6a,8bab4dff,a6177608,0.0
2025-04-06T18:36:00Z,147abc6a,8bab4dff,a6177608,0.0
2025-04-06T18:39:00Z,147abc6a,8bab4dff,a6177608,0.0
2025-04-06T18:42:00Z,147abc6a,8bab4dff,a6177608,0.0
2025-04-06T18:45:00Z,147abc6a,8bab4dff,a6177608,0.0
2025-04-06T18:48:00Z,147abc6a,8bab4dff,a6177608,0.0
2025-04-06T18:51:00Z,147abc6a,8bab4dff,a6177608,0.0
2025-04-06T18:54:00Z,147abc6a,8bab4dff,a6177608,0.0
2025-04-06T18:57:00Z,147abc6a,8bab4dff,a6177608,0.0
2025-04-06T19:00:00Z,147abc6a,8bab4dff,a6177608,0.0
2025-04-06T19:03:00Z,147abc6a,8bab4dff,a6177608,0.0
2025-04-06T19:06:00Z,147abc6a,8bab4dff,a6177608,0.0
2025-04-06T19:09:00Z,147abc6a,8bab4dff,a6177608,0.0
2025-04-06T19:12:00Z,147abc6a,8bab4dff,a6177608,0.0
2025-04-06T19:15:00Z,147abc6a,8bab4dff,a6177608,0.0
2025-04-06T19:18:00Z,147abc6a,8bab4dff,a6177608,0.0
2025-04-06T19:21:00Z,147abc6a,8bab4dff,a6177608,0.0
2025-04-06T19:24:00Z,147abc6a,8bab4dff,a6177608,0.0
2025-04-06T19:27:00Z,147abc6a,8bab4dff,a6177608,0.0
2025-04-06T19:30:00Z,147abc6a,8bab4dff,a6177608,0.0
2025-04-06T19:33:00Z,147abc6a,8bab4dff,a6177608,0.0
2025-04-06T19:36:00Z,147abc6a,8bab4dff,a6177608,0.0
2025-04-06T19:39:00Z,147abc6a,8bab4dff,a6177608,0.0
2025-04-06T19:42:00Z,147abc6a,8bab4dff,a6177608,0.0
2025-04-06T19:45:00Z,147abc6a,8bab4dff,a6177608,0.0
2025-04-06T19:48:00Z,147abc6a,8bab4dff,a6177608,0.0
2025-04-06T19:51:00Z,147abc6a,8bab4dff,a6177608,0.0
2025-04-06T19:54:00Z,147abc6a,8bab4dff,a6177608,0.0
2025-04-06T19:57:00Z,147abc6a,8bab4dff,a6177608,0.0
2025-04-06T20:00:00Z,147abc6a,8bab4dff,a6177608,0.0
2025-04-06T20:03:00Z,147abc6a,8bab4dff,a6177608,0.0
2025-04-06T20:06:00Z,147abc6a,8bab4dff,a6177608,0.0
2025-04-06T20:09:00Z,147abc6a,8bab4dff,a6177608,0.0
2025-04-06T20:12:00Z,147abc6a,8bab4dff,a6177608,0.0
2025-04-06T20:15:00Z,147abc6a,8bab4dff,a6177608,0.0
2025-04-06T20:18:00Z,147abc6a,8bab4dff,a6177608,0.0
2025-04-06T20:21:00Z,147abc6a,8bab4dff,a6177608,0.0
2025-04-06T20:24:00Z,147abc6a,8bab4dff,a6177608,0.0
2025-04-06T20:27:00Z,147abc6a,8bab4dff,a6177608,0.0
2025-04-06T20:30:00Z,147abc6a,8bab4dff,a6177608,0.0
2025-04-06T20:33:00Z,147abc6a,8bab4dff,a6177608,0.0
2025-04-06T20:36:00Z,147abc6a,8bab4dff,a6177608,0.0
2025-04-06T20:39:00Z,147abc6a,8bab4dff,a6177608,0.0
2025-04-06T20:42:00Z,147abc6a,8bab4dff,a6177608,0.0
2025-04-06T20:45:00Z,147abc6a,8bab4dff,a6177608,0.0
2025-04-06T20:48:00Z,147abc6a,8bab4dff,a6177608,0.0
2025-04-06T20:51:00Z,147abc6a,8bab4dff,a6177608,0.0
2025-04-06T20:54:00Z,147abc6a,8bab4dff,a6177608,0.0
2025-04-06T20:57:00Z,147abc6a,8bab4dff,a6177608,0.0
2025-04-06T21:00:00Z,147abc6a,8bab4dff,a6177608,0.0
2025-04-06T21:03:00Z,147abc6a,8bab4dff,a6177608,0.0
2025-04-06T21:06:00Z,147abc6a,8bab4dff,a6177608,0.0
2025-04-06T21:09:00Z,147abc6a,8bab4dff,a6177608,0.0
2025-04-06T21:12:00Z,147abc6a,8bab4dff,a6177608,0.0
2025-04-06T21:15:00Z,147abc6a,8bab4dff,a6177608,0.0
2025-04-06T21:18:00Z,147abc6a,8bab4dff,a6177608,0.0
2025-04-06T21:21:00Z,147abc6a,8bab4dff,a6177608,0.0
2025-04-06T21:24:00Z,147abc6a,8bab4dff,a6177608,0.0
2025-04-06T21:27:00Z,147abc6a,8bab4dff,a6177608,0.0
2025-04-06T21:30:00Z,147abc6a,8bab4dff,a6177608,0.0
2025-04-06T21:33:00Z,147abc6a,8bab4dff,a6177608,0.0
2025-04-06T21:36:00Z,147abc6a,8bab4dff,a6177608,0.0
2025-04-06T21:39:00Z,147abc6a,8bab4dff,a6177608,0.0
2025-04-06T21:42:00Z,147abc6a,8bab4dff,a6177608,0.0
2025-04-06T21:45:00Z,147abc6a,8bab4dff,a6177608,0.0
2025-04-06T21:48:00Z,147abc6a,8bab4dff,a6177608,0.0
2025-04-06T21:51:00Z,147abc6a,8bab4dff,a6177608,0.02
2025-04-06T21:54:00Z,147abc6a,8bab4dff,a6177608,0.0
2025-04-06T21:57:00Z,147abc6a,8bab4dff,a6177608,0.0
2025-04-06T22:00:00Z,147abc6a,8bab4dff,a6177608,0.0
2025-04-06T22:03:00Z,147abc6a,8bab4dff,a6177608,0.0
2025-04-06T22:06:00Z,147abc6a,8bab4dff,a6177608,0.0
2025-04-06T22:09:00Z,147abc6a,8bab4dff,a6177608,0.0
2025-04-06T22:12:00Z,147abc6a,8bab4dff,a6177608,0.0
2025-04-06T22:15:00Z,147abc6a,8bab4dff,a6177608,0.0
2025-04-06T22:18:00Z,147abc6a,8bab4dff,a6177608,0.0
2025-04-06T22:21:00Z,147abc6a,8bab4dff,a6177608,0.0
2025-04-06T22:24:00Z,147abc6a,8bab4dff,a6177608,0.0
2025-04-06T22:27:00Z,147abc6a,8bab4dff,a6177608,0.0
2025-04-06T22:30:00Z,147abc6a,8bab4dff,a6177608,0.0
2025-04-06T22:33:00Z,147abc6a,8bab4dff,a6177608,0.0
2025-04-06T22:36:00Z,147abc6a,8bab4dff,a6177608,0.01
2025-04-06T22:39:00Z,147abc6a,8bab4dff,a6177608,0.0
2025-04-06T22:42:00Z,147abc6a,8bab4dff,a6177608,0.0
2025-04-06T22:45:00Z,147abc6a,8bab4dff,a6177608,0.0
2025-04-06T22:48:00Z,147abc6a,8bab4dff,a6177608,0.0
2025-04-06T22:51:00Z,147abc6a,8bab4dff,a6177608,0.0
2025-04-06T22:54:00Z,147abc6a,8bab4dff,a6177608,0.0
2025-04-06T22:57:00Z,147abc6a,8bab4dff,a6177608,0.0
2025-04-06T23:00:00Z,147abc6a,8bab4dff,a6177608,0.0
2025-04-06T23:03:00Z,147abc6a,8bab4dff,a6177608,0.0
2025-04-06T23:06:00Z,147abc6a,8bab4dff,a6177608,0.0
2025-04-06T23:09:00Z,147abc6a,8bab4dff,a6177608,0.0
2025-04-06T23:12:00Z,147abc6a,8bab4dff,a6177608,0.0
2025-04-06T23:15:00Z,147abc6a,8bab4dff,a6177608,0.0
2025-04-06T23:18:00Z,147abc6a,8bab4dff,a6177608,0.0
2025-04-06T23:21:00Z,147abc6a,8bab4dff,a6177608,0.0
2025-04-06T23:24:00Z,147abc6a,8bab4dff,a6177608,0.0
2025-04-06T23:27:00Z,147abc6a,8bab4dff,a6177608,0.0
2025-04-06T23:30:00Z,147abc6a,8bab4dff,a6177608,0.0
2025-04-06T23:33:00Z,147abc6a,8bab4dff,a6177608,0.0
2025-04-06T23:36:00Z,147abc6a,8bab4dff,a6177608,0.0
2025-04-06T23:39:00Z,147abc6a,8bab4dff,a6177608,0.0
2025-04-06T23:42:00Z,147abc6a,8bab4dff,a6177608,0.0
2025-04-06T23:45:00Z,147abc6a,8bab4dff,a6177608,0.0
2025-04-06T23:48:00Z,147abc6a,8bab4dff,a6177608,0.0
2025-04-06T23:51:00Z,147abc6a,8bab4dff,a6177608,0.0
2025-04-06T23:54:00Z,147abc6a,8bab4dff,a6177608,0.0
2025-04-06T23:57:00Z,147abc6a,8bab4dff,a6177608,0.0
2025-04-07T00:00:00Z,147abc6a,8bab4dff,a6177608,0.0
2025-04-07T00:03:00Z,147abc6a,8bab4dff,a6177608,0.0
2025-04-07T00:06:00Z,147abc6a,8bab4dff,a6177608,0.0
2025-04-07T00:09:00Z,147abc6a,8bab4dff,a6177608,0.0
2025-04-07T00:12:00Z,147abc6a,8bab4dff,a6177608,0.0
2025-04-07T00:15:00Z,147abc6a,8bab4dff,a6177608,0.0
2025-04-07T00:18:00Z,147abc6a,8bab4dff,a6177608,0.0
2025-04-07T00:21:00Z,147abc6a,8bab4dff,a6177608,0.0
2025-04-07T00:24:00Z,147abc6a,8bab4dff,a6177608,0.0
2025-04-07T00:27:00Z,147abc6a,8bab4dff,a6177608,0.0
2025-04-07T00:30:00Z,147abc6a,8bab4dff,a6177608,0.0
2025-04-07T00:33:00Z,147abc6a,8bab4dff,a6177608,0.0
2025-04-07T00:36:00Z,147abc6a,8bab4dff,a6177608,0.0
2025-04-07T00:39:00Z,147abc6a,8bab4dff,a6177608,0.0
2025-04-07T00:42:00Z,147abc6a,8bab4dff,a6177608,0.0
2025-04-07T00:45:00Z,147abc6a,8bab4dff,a6177608,0.0
2025-04-07T00:48:00Z,147abc6a,8bab4dff,a6177608,0.0
2025-04-07T00:51:00Z,147abc6a,8bab4dff,a6177608,0.0
2025-04-07T00:54:00Z,147abc6a,8bab4dff,a6177608,0.0
2025-04-07T00:57:00Z,147abc6a,8bab4dff,a6177608,0.0
2025-04-07T01:00:00Z,147abc6a,8bab4dff,a6177608,0.0
2025-04-07T01:03:00Z,147abc6a,8bab4dff,a6177608,0.0
2025-04-07T01:06:00Z,147abc6a,8bab4dff,a6177608,0.0
2025-04-07T01:09:00Z,147abc6a,8bab4dff,a6177608,0.0
2025-04-07T01:12:00Z,147abc6a,8bab4dff,a6177608,0.0
2025-04-07T01:15:00Z,147abc6a,8bab4dff,a6177608,0.0
2025-04-07T01:18:00Z,147abc6a,8bab4dff,a6177608,0.0
2025-04-07T01:21:00Z,147abc6a,8bab4dff,a6177608,0.0
2025-04-07T01:24:00Z,147abc6a,8bab4dff,a6177608,0.01
2025-04-07T01:27:00Z,147abc6a,8bab4dff,a6177608,0.01
2025-04-07T01:30:00Z,147abc6a,8bab4dff,a6177608,0.01
2025-04-07T01:33:00Z,147abc6a,8bab4dff,a6177608,0.0
2025-04-07T01:36:00Z,147abc6a,8bab4dff,a6177608,0.0
2025-04-07T01:39:00Z,147abc6a,8bab4dff,a6177608,0.0
2025-04-07T01:42:00Z,147abc6a,8bab4dff,a6177608,0.0
2025-04-07T01:45:00Z,147abc6a,8bab4dff,a6177608,0.0
2025-04-07T01:48:00Z,147abc6a,8bab4dff,a6177608,0.0
2025-04-07T01:51:00Z,147abc6a,8bab4dff,a6177608,0.0
2025-04-07T01:54:00Z,147abc6a,8bab4dff,a6177608,0.0
2025-04-07T01:57:00Z,147abc6a,8bab4dff,a6177608,0.0
2025-04-07T02:00:00Z,147abc6a,8bab4dff,a6177608,0.0
2025-04-07T02:03:00Z,147abc6a,8bab4dff,a6177608,0.0
2025-04-07T02:06:00Z,147abc6a,8bab4dff,a6177608,0.0
2025-04-07T02:09:00Z,147abc6a,8bab4dff,a6177608,0.0
2025-04-07T02:12:00Z,147abc6a,8bab4dff,a6177608,0.0
2025-04-07T02:15:00Z,147abc6a,8bab4dff,a6177608,0.0
2025-04-07T02:18:00Z,147abc6a,8bab4dff,a6177608,0.0
2025-04-07T02:21:00Z,147abc6a,8bab4dff,a6177608,0.0
2025-04-07T02:24:00Z,147abc6a,8bab4dff,a6177608,0.0
2025-04-07T02:27:00Z,147abc6a,8bab4dff,a6177608,0.0
2025-04-07T02:30:00Z,147abc6a,8bab4dff,a6177608,0.0
2025-04-07T02:33:00Z,147abc6a,8bab4dff,a6177608,0.0
2025-04-07T02:36:00Z,147abc6a,8bab4dff,a6177608,0.0
2025-04-07T02:39:00Z,147abc6a,8bab4dff,a6177608,0.0
2025-04-07T02:42:00Z,147abc6a,8bab4dff,a6177608,0.0
2025-04-07T02:45:00Z,147abc6a,8bab4dff,a6177608,0.0
2025-04-07T02:48:00Z,147abc6a,8bab4dff,a6177608,0.0
2025-04-07T02:51:00Z,147abc6a,8bab4dff,a6177608,0.0
2025-04-07T02:54:00Z,147abc6a,8bab4dff,a6177608,0.0
2025-04-07T02:57:00Z,147abc6a,8bab4dff,a6177608,0.0
2025-04-07T03:00:00Z,147abc6a,8bab4dff,a6177608,0.0
2025-04-07T03:03:00Z,147abc6a,8bab4dff,a6177608,0.0
2025-04-07T03:06:00Z,147abc6a,8bab4dff,a6177608,0.0
2025-04-07T03:09:00Z,147abc6a,8bab4dff,a6177608,0.0
2025-04-07T03:12:00Z,147abc6a,8bab4dff,a6177608,0.0
2025-04-07T03:15:00Z,147abc6a,8bab4dff,a6177608,0.0
2025-04-07T03:18:00Z,147abc6a,8bab4dff,a6177608,0.0
2025-04-07T03:21:00Z,147abc6a,8bab4dff,a6177608,0.0
2025-04-07T03:24:00Z,147abc6a,8bab4dff,a6177608,0.0
2025-04-07T03:27:00Z,147abc6a,8bab4dff,a6177608,0.0
2025-04-07T03:30:00Z,147abc6a,8bab4dff,a6177608,0.0
2025-04-07T03:33:00Z,147abc6a,8bab4dff,a6177608,0.0
2025-04-07T03:36:00Z,147abc6a,8bab4dff,a6177608,0.0
2025-04-07T03:39:00Z,147abc6a,8bab4dff,a6177608,0.0
2025-04-07T03:42:00Z,147abc6a,8bab4dff,a6177608,0.0
2025-04-07T03:45:00Z,147abc6a,8bab4dff,a6177608,0.0
2025-04-07T03:48:00Z,147abc6a,8bab4dff,a6177608,0.0
2025-04-07T03:51:00Z,147abc6a,8bab4dff,a6177608,0.0
2025-04-07T03:54:00Z,147abc6a,8bab4dff,a6177608,0.0
2025-04-07T03:57:00Z,147abc6a,8bab4dff,a6177608,0.0
2025-04-07T04:00:00Z,147abc6a,8bab4dff,a6177608,0.0
2025-04-07T04:03:00Z,147abc6a,8bab4dff,a6177608,0.0
2025-04-07T04:06:00Z,147abc6a,8bab4dff,a6177608,0.0
2025-04-07T04:09:00Z,147abc6a,8bab4dff,a6177608,0.0
2025-04-07T04:12:00Z,147abc6a,8bab4dff,a6177608,0.0
2025-04-07T04:15:00Z,147abc6a,8bab4dff,a6177608,0.0
2025-04-07T04:18:00Z,147abc6a,8bab4dff,a6177608,0.0
2025-04-07T04:21:00Z,147abc6a,8bab4dff,a6177608,0.0
2025-04-07T04:24:00Z,147abc6a,8bab4dff,a6177608,0.0
2025-04-07T04:27:00Z,147abc6a,8bab4dff,a6177608,0.0
2025-04-07T04:30:00Z,147abc6a,8bab4dff,a6177608,0.0
2025-04-07T04:33:00Z,147abc6a,8bab4dff,a6177608,0.0
2025-04-07T04:36:00Z,147abc6a,8bab4dff,a6177608,0.0
2025-04-07T04:39:00Z,147abc6a,8bab4dff,a6177608,0.0
2025-04-07T04:42:00Z,147abc6a,8bab4dff,a6177608,0.0
2025-04-07T04:45:00Z,147abc6a,8bab4dff,a6177608,0.0
2025-04-07T04:48:00Z,147abc6a,8bab4dff,a6177608,0.0
2025-04-07T04:51:00Z,147abc6a,8bab4dff,a6177608,0.0
2025-04-07T04:54:00Z,147abc6a,8bab4dff,a6177608,0.0
2025-04-07T04:57:00Z,147abc6a,8bab4dff,a6177608,0.0
2025-04-07T05:00:00Z,147abc6a,8bab4dff,a6177608,0.0
2025-04-07T05:03:00Z,147abc6a,8bab4dff,a6177608,0.0
2025-04-07T05:06:00Z,147abc6a,8bab4dff,a6177608,0.0
2025-04-07T05:09:00Z,147abc6a,8bab4dff,a6177608,0.07
2025-04-07T05:12:00Z,147abc6a,8bab4dff,a6177608,0.0
2025-04-07T05:15:00Z,147abc6a,8bab4dff,a6177608,0.0
2025-04-07T05:18:00Z,147abc6a,8bab4dff,a6177608,0.0
2025-04-07T05:21:00Z,147abc6a,8bab4dff,a6177608,0.0
2025-04-07T05:24:00Z,147abc6a,8bab4dff,a6177608,0.0
2025-04-07T05:27:00Z,147abc6a,8bab4dff,a6177608,0.0
2025-04-07T05:30:00Z,147abc6a,8bab4dff,a6177608,0.0
2025-04-07T05:33:00Z,147abc6a,8bab4dff,a6177608,0.0
2025-04-07T05:36:00Z,147abc6a,8bab4dff,a6177608,0.0
2025-04-07T05:39:00Z,147abc6a,8bab4dff,a6177608,0.0
2025-04-07T05:42:00Z,147abc6a,8bab4dff,a6177608,0.0
2025-04-07T05:45:00Z,147abc6a,8bab4dff,a6177608,0.0
2025-04-07T05:48:00Z,147abc6a,8bab4dff,a6177608,0.0
2025-04-07T05:51:00Z,147abc6a,8bab4dff,a6177608,0.0
2025-04-07T05:54:00Z,147abc6a,8bab4dff,a6177608,0.0
2025-04-07T05:57:00Z,147abc6a,8bab4dff,a6177608,0.0
2025-04-07T06:00:00Z,147abc6a,8bab4dff,a6177608,0.0
2025-04-07T06:03:00Z,147abc6a,8bab4dff,a6177608,0.0
2025-04-07T06:06:00Z,147abc6a,8bab4dff,a6177608,0.0
2025-04-07T06:09:00Z,147abc6a,8bab4dff,a6177608,0.0
2025-04-07T06:12:00Z,147abc6a,8bab4dff,a6177608,0.0
2025-04-07T06:15:00Z,147abc6a,8bab4dff,a6177608,0.0
2025-04-07T06:18:00Z,147abc6a,8bab4dff,a6177608,0.0
2025-04-07T06:21:00Z,147abc6a,8bab4dff,a6177608,0.0
2025-04-07T06:24:00Z,147abc6a,8bab4dff,a6177608,0.0
2025-04-07T06:27:00Z,147abc6a,8bab4dff,a6177608,0.0
2025-04-07T06:30:00Z,147abc6a,8bab4dff,a6177608,0.02
2025-04-07T06:33:00Z,147abc6a,8bab4dff,a6177608,0.0
2025-04-07T06:36:00Z,147abc6a,8bab4dff,a6177608,0.0
2025-04-07T06:39:00Z,147abc6a,8bab4dff,a6177608,0.0
2025-04-07T06:42:00Z,147abc6a,8bab4dff,a6177608,0.0
2025-04-07T06:45:00Z,147abc6a,8bab4dff,a6177608,0.0
2025-04-07T06:48:00Z,147abc6a,8bab4dff,a6177608,0.0
2025-04-07T06:51:00Z,147abc6a,8bab4dff,a6177608,0.0
2025-04-07T06:54:00Z,147abc6a,8bab4dff,a6177608,0.0
2025-04-07T06:57:00Z,147abc6a,8bab4dff,a6177608,0.0
2025-04-07T07:00:00Z,147abc6a,8bab4dff,a6177608,0.0
2025-04-07T07:03:00Z,147abc6a,8bab4dff,a6177608,0.0
2025-04-07T07:06:00Z,147abc6a,8bab4dff,a6177608,0.0
2025-04-07T07:09:00Z,147abc6a,8bab4dff,a6177608,0.0
2025-04-07T07:12:00Z,147abc6a,8bab4dff,a6177608,0.0
2025-04-07T07:15:00Z,147abc6a,8bab4dff,a6177608,0.0
2025-04-07T07:18:00Z,147abc6a,8bab4dff,a6177608,0.0
2025-04-07T07:21:00Z,147abc6a,8bab4dff,a6177608,0.0
2025-04-07T07:24:00Z,147abc6a,8bab4dff,a6177608,0.0
2025-04-07T07:27:00Z,147abc6a,8bab4dff,a6177608,0.0
2025-04-07T07:30:00Z,147abc6a,8bab4dff,a6177608,0.0
2025-04-07T07:33:00Z,147abc6a,8bab4dff,a6177608,0.0
2025-04-07T07:36:00Z,147abc6a,8bab4dff,a6177608,0.0
2025-04-07T07:39:00Z,147abc6a,8bab4dff,a6177608,0.0
2025-04-07T07:42:00Z,147abc6a,8bab4dff,a6177608,0.0
2025-04-07T07:45:00Z,147abc6a,8bab4dff,a6177608,0.0
2025-04-07T07:48:00Z,147abc6a,8bab4dff,a6177608,0.05
2025-04-07T07:51:00Z,147abc6a,8bab4dff,a6177608,0.0
2025-04-07T07:54:00Z,147abc6a,8bab4dff,a6177608,0.0
2025-04-07T07:57:00Z,147abc6a,8bab4dff,a6177608,0.0
2025-04-07T08:00:00Z,147abc6a,8bab4dff,a6177608,0.0
2025-04-07T08:03:00Z,147abc6a,8bab4dff,a6177608,0.0
2025-04-07T08:06:00Z,147abc6a,8bab4dff,a6177608,0.0
2025-04-07T08:09:00Z,147abc6a,8bab4dff,a6177608,0.0
2025-04-07T08:12:00Z,147abc6a,8bab4dff,a6177608,0.0
2025-04-07T08:15:00Z,147abc6a,8bab4dff,a6177608,0.0
2025-04-07T08:18:00Z,147abc6a,8bab4dff,a6177608,0.0
2025-04-07T08:21:00Z,147abc6a,8bab4dff,a6177608,0.0
2025-04-07T08:24:00Z,147abc6a,8bab4dff,a6177608,0.0
2025-04-07T08:27:00Z,147abc6a,8bab4dff,a6177608,0.0
2025-04-07T08:30:00Z,147abc6a,8bab4dff,a6177608,0.0
2025-04-07T08:33:00Z,147abc6a,8bab4dff,a6177608,0.0
2025-04-07T08:36:00Z,147abc6a,8bab4dff,a6177608,0.0
2025-04-07T08:39:00Z,147abc6a,8bab4dff,a6177608,0.0
2025-04-07T08:42:00Z,147abc6a,8bab4dff,a6177608,0.0
2025-04-07T08:45:00Z,147abc6a,8bab4dff,a6177608,0.0
2025-04-07T08:48:00Z,147abc6a,8bab4dff,a6177608,0.0
2025-04-07T08:51:00Z,147abc6a,8bab4dff,a6177608,0.0
2025-04-07T08:54:00Z,147abc6a,8bab4dff,a6177608,0.0
2025-04-07T08:57:00Z,147abc6a,8bab4dff,a6177608,0.0
2025-04-07T09:00:00Z,147abc6a,8bab4dff,a6177608,0.0
2025-04-07T09:03:00Z,147abc6a,8bab4dff,a6177608,0.0
2025-04-07T09:06:00Z,147abc6a,8bab4dff,a6177608,0.0
2025-04-07T09:09:00Z,147abc6a,8bab4dff,a6177608,0.0
2025-04-07T09:12:00Z,147abc6a,8bab4dff,a6177608,0.0
2025-04-07T09:15:00Z,147abc6a,8bab4dff,a6177608,0.0
2025-04-07T09:18:00Z,147abc6a,8bab4dff,a6177608,0.0
2025-04-07T09:21:00Z,147abc6a,8bab4dff,a6177608,0.0
2025-04-07T09:24:00Z,147abc6a,8bab4dff,a6177608,0.0
2025-04-07T09:27:00Z,147abc6a,8bab4dff,a6177608,0.0
2025-04-07T09:30:00Z,147abc6a,8bab4dff,a6177608,0.0
2025-04-07T09:33:00Z,147abc6a,8bab4dff,a6177608,0.0
2025-04-07T09:36:00Z,147abc6a,8bab4dff,a6177608,0.0
2025-04-07T09:39:00Z,147abc6a,8bab4dff,a6177608,0.0
2025-04-07T09:42:00Z,147abc6a,8bab4dff,a6177608,0.0
2025-04-07T09:45:00Z,147abc6a,8bab4dff,a6177608,0.0
2025-04-07T09:48:00Z,147abc6a,8bab4dff,a6177608,0.0
2025-04-07T09:51:00Z,147abc6a,8bab4dff,a6177608,0.0
2025-04-07T09:54:00Z,147abc6a,8bab4dff,a6177608,0.0
2025-04-07T09:57:00Z,147abc6a,8bab4dff,a6177608,0.0
2025-04-07T10:00:00Z,147abc6a,8bab4dff,a6177608,0.0
2025-04-07T10:03:00Z,147abc6a,8bab4dff,a6177608,0.0
2025-04-07T10:06:00Z,147abc6a,8bab4dff,a6177608,0.0
2025-04-07T10:09:00Z,147abc6a,8bab4dff,a6177608,0.0
2025-04-07T10:12:00Z,147abc6a,8bab4dff,a6177608,0.0
2025-04-07T10:15:00Z,147abc6a,8bab4dff,a6177608,0.0
2025-04-07T10:18:00Z,147abc6a,8bab4dff,a6177608,0.0
2025-04-07T10:21:00Z,147abc6a,8bab4dff,a6177608,0.0
2025-04-07T10:24:00Z,147abc6a,8bab4dff,a6177608,0.0
2025-04-07T10:27:00Z,147abc6a,8bab4dff,a6177608,0.0
2025-04-07T10:30:00Z,147abc6a,8bab4dff,a6177608,0.0
2025-04-07T10:33:00Z,147abc6a,8bab4dff,a6177608,0.0
2025-04-07T10:36:00Z,147abc6a,8bab4dff,a6177608,0.0
2025-04-07T10:39:00Z,147abc6a,8bab4dff,a6177608,0.0
2025-04-07T10:42:00Z,147abc6a,8bab4dff,a6177608,0.0
2025-04-07T10:45:00Z,147abc6a,8bab4dff,a6177608,0.0
2025-04-07T10:48:00Z,147abc6a,8bab4dff,a6177608,0.0
2025-04-07T10:51:00Z,147abc6a,8bab4dff,a6177608,0.0
2025-04-07T10:54:00Z,147abc6a,8bab4dff,a6177608,0.0
2025-04-07T10:57:00Z,147abc6a,8bab4dff,a6177608,0.0
2025-04-07T11:00:00Z,147abc6a,8bab4dff,a6177608,0.0
2025-04-07T11:03:00Z,147abc6a,8bab4dff,a6177608,0.0
2025-04-07T11:06:00Z,147abc6a,8bab4dff,a6177608,0.0
2025-04-07T11:09:00Z,147abc6a,8bab4dff,a6177608,0.0
2025-04-07T11:12:00Z,147abc6a,8bab4dff,a6177608,0.0
2025-04-07T11:15:00Z,147abc6a,8bab4dff,a6177608,0.0
2025-04-07T11:18:00Z,147abc6a,8bab4dff,a6177608,0.0
2025-04-07T11:21:00Z,147abc6a,8bab4dff,a6177608,0.0
2025-04-07T11:24:00Z,147abc6a,8bab4dff,a6177608,0.0
2025-04-07T11:27:00Z,147abc6a,8bab4dff,a6177608,0.0
2025-04-07T11:30:00Z,147abc6a,8bab4dff,a6177608,0.0
2025-04-07T11:33:00Z,147abc6a,8bab4dff,a6177608,0.0
2025-04-07T11:36:00Z,147abc6a,8bab4dff,a6177608,0.0
2025-04-07T11:39:00Z,147abc6a,8bab4dff,a6177608,0.0
2025-04-07T11:42:00Z,147abc6a,8bab4dff,a6177608,0.0
2025-04-07T11:45:00Z,147abc6a,8bab4dff,a6177608,0.0
2025-04-07T11:48:00Z,147abc6a,8bab4dff,a6177608,0.0
2025-04-07T11:51:00Z,147abc6a,8bab4dff,a6177608,0.0
2025-04-07T11:54:00Z,147abc6a,8bab4dff,a6177608,0.0
2025-04-07T11:57:00Z,147abc6a,8bab4dff,a6177608,0.0
2025-04-07T12:00:00Z,147abc6a,8bab4dff,a6177608,0.0
2025-04-07T12:03:00Z,147abc6a,8bab4dff,a6177608,0.0
2025-04-07T12:06:00Z,147abc6a,8bab4dff,a6177608,0.0
2025-04-07T12:09:00Z,147abc6a,8bab4dff,a6177608,0.0
2025-04-07T12:12:00Z,147abc6a,8bab4dff,a6177608,0.0
2025-04-07T12:15:00Z,147abc6a,8bab4dff,a6177608,0.0
2025-04-07T12:18:00Z,147abc6a,8bab4dff,a6177608,0.0
2025-04-07T12:21:00Z,147abc6a,8bab4dff,a6177608,0.0
2025-04-07T12:24:00Z,147abc6a,8bab4dff,a6177608,0.0
2025-04-07T12:27:00Z,147abc6a,8bab4dff,a6177608,0.0
2025-04-07T12:30:00Z,147abc6a,8bab4dff,a6177608,0.0
2025-04-07T12:33:00Z,147abc6a,8bab4dff,a6177608,0.0
2025-04-07T12:36:00Z,147abc6a,8bab4dff,a6177608,0.0
2025-04-07T12:39:00Z,147abc6a,8bab4dff,a6177608,0.0
2025-04-07T12:42:00Z,147abc6a,8bab4dff,a6177608,0.0
2025-04-07T12:45:00Z,147abc6a,8bab4dff,a6177608,0.0
2025-04-07T12:48:00Z,147abc6a,8bab4dff,a6177608,0.0
2025-04-07T12:51:00Z,147abc6a,8bab4dff,a6177608,0.0
2025-04-07T12:54:00Z,147abc6a,8bab4dff,a6177608,0.0
2025-04-07T12:57:00Z,147abc6a,8bab4dff,a6177608,0.0
2025-04-07T13:00:00Z,147abc6a,8bab4dff,a6177608,0.0
2025-04-07T13:03:00Z,147abc6a,8bab4dff,a6177608,0.0
2025-04-07T13:06:00Z,147abc6a,8bab4dff,a6177608,0.0
2025-04-07T13:09:00Z,147abc6a,8bab4dff,a6177608,0.0
2025-04-07T13:12:00Z,147abc6a,8bab4dff,a6177608,0.0
2025-04-07T13:15:00Z,147abc6a,8bab4dff,a6177608,0.0
2025-04-07T13:18:00Z,147abc6a,8bab4dff,a6177608,0.0
2025-04-07T13:21:00Z,147abc6a,8bab4dff,a6177608,0.0
2025-04-07T13:24:00Z,147abc6a,8bab4dff,a6177608,0.0
2025-04-07T13:27:00Z,147abc6a,8bab4dff,a6177608,0.0
2025-04-07T13:30:00Z,147abc6a,8bab4dff,a6177608,0.0
2025-04-07T13:33:00Z,147abc6a,8bab4dff,a6177608,0.0
2025-04-07T13:36:00Z,147abc6a,8bab4dff,a6177608,0.0
2025-04-07T13:39:00Z,147abc6a,8bab4dff,a6177608,0.01
2025-04-07T13:42:00Z,147abc6a,8bab4dff,a6177608,0.0
2025-04-07T13:45:00Z,147abc6a,8bab4dff,a6177608,0.0
2025-04-07T13:48:00Z,147abc6a,8bab4dff,a6177608,0.0
2025-04-07T13:51:00Z,147abc6a,8bab4dff,a6177608,0.0
2025-04-07T13:54:00Z,147abc6a,8bab4dff,a6177608,0.0
2025-04-07T13:57:00Z,147abc6a,8bab4dff,a6177608,0.0
2025-04-07T14:00:00Z,147abc6a,8bab4dff,a6177608,0.0
2025-04-07T14:03:00Z,147abc6a,8bab4dff,a6177608,0.0
2025-04-07T14:06:00Z,147abc6a,8bab4dff,a6177608,0.0
2025-04-07T14:09:00Z,147abc6a,8bab4dff,a6177608,0.0
2025-04-07T14:12:00Z,147abc6a,8bab4dff,a6177608,0.0
2025-04-07T14:15:00Z,147abc6a,8bab4dff,a6177608,0.0
2025-04-07T14:18:00Z,147abc6a,8bab4dff,a6177608,0.0
2025-04-07T14:21:00Z,147abc6a,8bab4dff,a6177608,0.0
2025-04-07T14:24:00Z,147abc6a,8bab4dff,a6177608,0.0
2025-04-07T14:27:00Z,147abc6a,8bab4dff,a6177608,0.0
2025-04-07T14:30:00Z,147abc6a,8bab4dff,a6177608,0.0
2025-04-07T14:33:00Z,147abc6a,8bab4dff,a6177608,0.0
2025-04-07T14:36:00Z,147abc6a,8bab4dff,a6177608,0.0
2025-04-07T14:39:00Z,147abc6a,8bab4dff,a6177608,0.0
2025-04-07T14:42:00Z,147abc6a,8bab4dff,a6177608,0.0
2025-04-07T14:45:00Z,147abc6a,8bab4dff,a6177608,0.0
2025-04-07T14:48:00Z,147abc6a,8bab4dff,a6177608,0.0
2025-04-07T14:51:00Z,147abc6a,8bab4dff,a6177608,0.0
2025-04-07T14:54:00Z,147abc6a,8bab4dff,a6177608,0.0
2025-04-07T14:57:00Z,147abc6a,8bab4dff,a6177608,0.0
2025-04-07T15:00:00Z,147abc6a,8bab4dff,a6177608,0.0
2025-04-07T15:03:00Z,147abc6a,8bab4dff,a6177608,0.0
2025-04-07T15:06:00Z,147abc6a,8bab4dff,a6177608,0.0
2025-04-07T15:09:00Z,147abc6a,8bab4dff,a6177608,0.0
2025-04-07T15:12:00Z,147abc6a,8bab4dff,a6177608,0.0
2025-04-07T15:15:00Z,147abc6a,8bab4dff,a6177608,0.0
2025-04-07T15:18:00Z,147abc6a,8bab4dff,a6177608,0.0
2025-04-07T15:21:00Z,147abc6a,8bab4dff,a6177608,0.0
2025-04-07T15:24:00Z,147abc6a,8bab4dff,a6177608,0.0
2025-04-07T15:27:00Z,147abc6a,8bab4dff,a6177608,0.0
2025-04-07T15:30:00Z,147abc6a,8bab4dff,a6177608,0.0
2025-04-07T15:33:00Z,147abc6a,8bab4dff,a6177608,0.0
2025-04-07T15:36:00Z,147abc6a,8bab4dff,a6177608,0.0
2025-04-07T15:39:00Z,147abc6a,8bab4dff,a6177608,0.0
2025-04-07T15:42:00Z,147abc6a,8bab4dff,a6177608,0.0
2025-04-07T15:45:00Z,147abc6a,8bab4dff,a6177608,0.0
2025-04-07T15:48:00Z,147abc6a,8bab4dff,a6177608,0.0
2025-04-07T15:51:00Z,147abc6a,8bab4dff,a6177608,0.0
2025-04-07T15:54:00Z,147abc6a,8bab4dff,a6177608,0.0
2025-04-07T15:57:00Z,147abc6a,8bab4dff,a6177608,0.0
2025-04-07T16:00:00Z,147abc6a,8bab4dff,a6177608,0.0
2025-04-07T16:03:00Z,147abc6a,8bab4dff,a6177608,0.0
2025-04-07T16:06:00Z,147abc6a,8bab4dff,a6177608,0.0
2025-04-07T16:09:00Z,147abc6a,8bab4dff,a6177608,0.0
2025-04-07T16:12:00Z,147abc6a,8bab4dff,a6177608,0.0
2025-04-07T16:15:00Z,147abc6a,8bab4dff,a6177608,0.0
2025-04-07T16:18:00Z,147abc6a,8bab4dff,a6177608,0.0
2025-04-07T16:21:00Z,147abc6a,8bab4dff,a6177608,0.0
2025-04-07T16:24:00Z,147abc6a,8bab4dff,a6177608,0.0
2025-04-07T16:27:00Z,147abc6a,8bab4dff,a6177608,0.0
2025-04-07T16:30:00Z,147abc6a,8bab4dff,a6177608,0.0
2025-04-07T16:33:00Z,147abc6a,8bab4dff,a6177608,0.0
2025-04-07T16:36:00Z,147abc6a,8bab4dff,a6177608,0.0
2025-04-07T16:39:00Z,147abc6a,8bab4dff,a6177608,0.0
2025-04-07T16:42:00Z,147abc6a,8bab4dff,a6177608,0.0
2025-04-07T16:45:00Z,147abc6a,8bab4dff,a6177608,0.0
2025-04-07T16:48:00Z,147abc6a,8bab4dff,a6177608,0.0
2025-04-07T16:51:00Z,147abc6a,8bab4dff,a6177608,0.0
2025-04-07T16:54:00Z,147abc6a,8bab4dff,a6177608,0.0
2025-04-07T16:57:00Z,147abc6a,8bab4dff,a6177608,0.0
2025-04-07T17:00:00Z,147abc6a,8bab4dff,a6177608,0.0
2025-04-07T17:03:00Z,147abc6a,8bab4dff,a6177608,0.0
2025-04-07T17:06:00Z,147abc6a,8bab4dff,a6177608,0.0
2025-04-07T17:09:00Z,147abc6a,8bab4dff,a6177608,0.0
2025-04-07T17:12:00Z,147abc6a,8bab4dff,a6177608,0.0
2025-04-07T17:15:00Z,147abc6a,8bab4dff,a6177608,0.0
2025-04-07T17:18:00Z,147abc6a,8bab4dff,a6177608,0.0
2025-04-07T17:21:00Z,147abc6a,8bab4dff,a6177608,0.0
2025-04-07T17:24:00Z,147abc6a,8bab4dff,a6177608,0.0
2025-04-07T17:27:00Z,147abc6a,8bab4dff,a6177608,0.0
2025-04-07T17:30:00Z,147abc6a,8bab4dff,a6177608,0.0
2025-04-07T17:33:00Z,147abc6a,8bab4dff,a6177608,0.0
2025-04-07T17:36:00Z,147abc6a,8bab4dff,a6177608,0.0
2025-04-07T17:39:00Z,147abc6a,8bab4dff,a6177608,0.0
2025-04-07T17:42:00Z,147abc6a,8bab4dff,a6177608,0.0
2025-04-07T17:45:00Z,147abc6a,8bab4dff,a6177608,0.0
2025-04-07T17:48:00Z,147abc6a,8bab4dff,a6177608,0.0
2025-04-07T17:51:00Z,147abc6a,8bab4dff,a6177608,0.0
2025-04-07T17:54:00Z,147abc6a,8bab4dff,a6177608,0.0
2025-04-07T17:57:00Z,147abc6a,8bab4dff,a6177608,0.0
2025-04-07T18:00:00Z,147abc6a,8bab4dff,a6177608,0.0
2025-04-07T18:03:00Z,147abc6a,8bab4dff,a6177608,0.0
2025-04-07T18:06:00Z,147abc6a,8bab4dff,a6177608,0.0
2025-04-07T18:09:00Z,147abc6a,8bab4dff,a6177608,0.0
2025-04-07T18:12:00Z,147abc6a,8bab4dff,a6177608,0.0
2025-04-07T18:15:00Z,147abc6a,8bab4dff,a6177608,0.0
2025-04-07T18:18:00Z,147abc6a,8bab4dff,a6177608,0.0
2025-04-07T18:21:00Z,147abc6a,8bab4dff,a6177608,0.0
2025-04-07T18:24:00Z,147abc6a,8bab4dff,a6177608,0.0
2025-04-07T18:27:00Z,147abc6a,8bab4dff,a6177608,0.0
2025-04-07T18:30:00Z,147abc6a,8bab4dff,a6177608,0.0
2025-04-07T18:33:00Z,147abc6a,8bab4dff,a6177608,0.0
2025-04-07T18:36:00Z,147abc6a,8bab4dff,a6177608,0.0
2025-04-07T18:39:00Z,147abc6a,8bab4dff,a6177608,0.0
2025-04-07T18:42:00Z,147abc6a,8bab4dff,a6177608,0.0
2025-04-07T18:45:00Z,147abc6a,8bab4dff,a6177608,0.0
2025-04-07T18:48:00Z,147abc6a,8bab4dff,a6177608,0.0
2025-04-07T18:51:00Z,147abc6a,8bab4dff,a6177608,0.0
2025-04-07T18:54:00Z,147abc6a,8bab4dff,a6177608,0.0
2025-04-07T18:57:00Z,147abc6a,8bab4dff,a6177608,0.0
2025-04-07T19:00:00Z,147abc6a,8bab4dff,a6177608,0.0
2025-04-07T19:03:00Z,147abc6a,8bab4dff,a6177608,0.0
2025-04-07T19:06:00Z,147abc6a,8bab4dff,a6177608,0.0
2025-04-07T19:09:00Z,147abc6a,8bab4dff,a6177608,0.0
2025-04-07T19:12:00Z,147abc6a,8bab4dff,a6177608,0.0
2025-04-07T19:15:00Z,147abc6a,8bab4dff,a6177608,0.0
2025-04-07T19:18:00Z,147abc6a,8bab4dff,a6177608,0.0
2025-04-07T19:21:00Z,147abc6a,8bab4dff,a6177608,0.0
2025-04-07T19:24:00Z,147abc6a,8bab4dff,a6177608,0.0
2025-04-07T19:27:00Z,147abc6a,8bab4dff,a6177608,0.0
2025-04-07T19:30:00Z,147abc6a,8bab4dff,a6177608,0.0
2025-04-07T19:33:00Z,147abc6a,8bab4dff,a6177608,0.0
2025-04-07T19:36:00Z,147abc6a,8bab4dff,a6177608,0.0
2025-04-07T19:39:00Z,147abc6a,8bab4dff,a6177608,0.0
2025-04-07T19:42:00Z,147abc6a,8bab4dff,a6177608,0.0
2025-04-07T19:45:00Z,147abc6a,8bab4dff,a6177608,0.0
2025-04-07T19:48:00Z,147abc6a,8bab4dff,a6177608,0.0
2025-04-07T19:51:00Z,147abc6a,8bab4dff,a6177608,0.0
2025-04-07T19:54:00Z,147abc6a,8bab4dff,a6177608,0.0
2025-04-07T19:57:00Z,147abc6a,8bab4dff,a6177608,0.0
2025-04-07T20:00:00Z,147abc6a,8bab4dff,a6177608,0.0
2025-04-07T20:03:00Z,147abc6a,8bab4dff,a6177608,0.0
2025-04-07T20:06:00Z,147abc6a,8bab4dff,a6177608,0.0
2025-04-07T20:09:00Z,147abc6a,8bab4dff,a6177608,0.0
2025-04-07T20:12:00Z,147abc6a,8bab4dff,a6177608,0.0
2025-04-07T20:15:00Z,147abc6a,8bab4dff,a6177608,0.0
2025-04-07T20:18:00Z,147abc6a,8bab4dff,a6177608,0.0
2025-04-07T20:21:00Z,147abc6a,8bab4dff,a6177608,0.0
2025-04-07T20:24:00Z,147abc6a,8bab4dff,a6177608,0.0
2025-04-07T20:27:00Z,147abc6a,8bab4dff,a6177608,0.0
2025-04-07T20:30:00Z,147abc6a,8bab4dff,a6177608,0.0
2025-04-07T20:33:00Z,147abc6a,8bab4dff,a6177608,0.0
2025-04-07T20:36:00Z,147abc6a,8bab4dff,a6177608,0.0
2025-04-07T20:39:00Z,147abc6a,8bab4dff,a6177608,0.0
2025-04-07T20:42:00Z,147abc6a,8bab4dff,a6177608,0.0
2025-04-07T20:45:00Z,147abc6a,8bab4dff,a6177608,0.0
2025-04-07T20:48:00Z,147abc6a,8bab4dff,a6177608,0.0
2025-04-07T20:51:00Z,147abc6a,8bab4dff,a6177608,0.0
2025-04-07T20:54:00Z,147abc6a,8bab4dff,a6177608,0.0
2025-04-07T20:57:00Z,147abc6a,8bab4dff,a6177608,0.0
2025-04-07T21:00:00Z,147abc6a,8bab4dff,a6177608,0.0
2025-04-07T21:03:00Z,147abc6a,8bab4dff,a6177608,0.0
2025-04-07T21:06:00Z,147abc6a,8bab4dff,a6177608,0.0
2025-04-07T21:09:00Z,147abc6a,8bab4dff,a6177608,0.0
2025-04-07T21:12:00Z,147abc6a,8bab4dff,a6177608,0.0
2025-04-07T21:15:00Z,147abc6a,8bab4dff,a6177608,0.0
2025-04-07T21:18:00Z,147abc6a,8bab4dff,a6177608,0.0
2025-04-07T21:21:00Z,147abc6a,8bab4dff,a6177608,0.0
2025-04-07T21:24:00Z,147abc6a,8bab4dff,a6177608,0.0
2025-04-07T21:27:00Z,147abc6a,8bab4dff,a6177608,0.0
2025-04-07T21:30:00Z,147abc6a,8bab4dff,a6177608,0.0
2025-04-07T21:33:00Z,147abc6a,8bab4dff,a6177608,0.0
2025-04-07T21:36:00Z,147abc6a,8bab4dff,a6177608,0.0
2025-04-07T21:39:00Z,147abc6a,8bab4dff,a6177608,0.0
2025-04-07T21:42:00Z,147abc6a,8bab4dff,a6177608,0.0
2025-04-07T21:45:00Z,147abc6a,8bab4dff,a6177608,0.0
2025-04-07T21:48:00Z,147abc6a,8bab4dff,a6177608,0.0
2025-04-07T21:51:00Z,147abc6a,8bab4dff,a6177608,0.01
2025-04-07T21:54:00Z,147abc6a,8bab4dff,a6177608,0.0
2025-04-07T21:57:00Z,147abc6a,8bab4dff,a6177608,0.0
2025-04-07T22:00:00Z,147abc6a,8bab4dff,a6177608,0.0
2025-04-07T22:03:00Z,147abc6a,8bab4dff,a6177608,0.0
2025-04-07T22:06:00Z,147abc6a,8bab4dff,a6177608,0.0
2025-04-07T22:09:00Z,147abc6a,8bab4dff,a6177608,0.0
2025-04-07T22:12:00Z,147abc6a,8bab4dff,a6177608,0.0
2025-04-07T22:15:00Z,147abc6a,8bab4dff,a6177608,0.0
2025-04-07T22:18:00Z,147abc6a,8bab4dff,a6177608,0.0
2025-04-07T22:21:00Z,147abc6a,8bab4dff,a6177608,0.0
2025-04-07T22:24:00Z,147abc6a,8bab4dff,a6177608,0.0
2025-04-07T22:27:00Z,147abc6a,8bab4dff,a6177608,0.0
2025-04-07T22:30:00Z,147abc6a,8bab4dff,a6177608,0.0
2025-04-07T22:33:00Z,147abc6a,8bab4dff,a6177608,0.0
2025-04-07T22:36:00Z,147abc6a,8bab4dff,a6177608,0.0
2025-04-07T22:39:00Z,147abc6a,8bab4dff,a6177608,0.0
2025-04-07T22:42:00Z,147abc6a,8bab4dff,a6177608,0.0
2025-04-07T22:45:00Z,147abc6a,8bab4dff,a6177608,0.0
2025-04-07T22:48:00Z,147abc6a,8bab4dff,a6177608,0.0
2025-04-07T22:51:00Z,147abc6a,8bab4dff,a6177608,0.0
2025-04-07T22:54:00Z,147abc6a,8bab4dff,a6177608,0.0
2025-04-07T22:57:00Z,147abc6a,8bab4dff,a6177608,0.0
2025-04-07T23:00:00Z,147abc6a,8bab4dff,a6177608,0.0
2025-04-07T23:03:00Z,147abc6a,8bab4dff,a6177608,0.0
2025-04-07T23:06:00Z,147abc6a,8bab4dff,a6177608,0.0
2025-04-07T23:09:00Z,147abc6a,8bab4dff,a6177608,0.0
2025-04-07T23:12:00Z,147abc6a,8bab4dff,a6177608,0.0
2025-04-07T23:15:00Z,147abc6a,8bab4dff,a6177608,0.0
2025-04-07T23:18:00Z,147abc6a,8bab4dff,a6177608,0.0
2025-04-07T23:21:00Z,147abc6a,8bab4dff,a6177608,0.0
2025-04-07T23:24:00Z,147abc6a,8bab4dff,a6177608,0.0
2025-04-07T23:27:00Z,147abc6a,8bab4dff,a6177608,0.0
2025-04-07T23:30:00Z,147abc6a,8bab4dff,a6177608,0.0
2025-04-07T23:33:00Z,147abc6a,8bab4dff,a6177608,0.0
2025-04-07T23:36:00Z,147abc6a,8bab4dff,a6177608,0.0
2025-04-07T23:39:00Z,147abc6a,8bab4dff,a6177608,0.0
2025-04-07T23:42:00Z,147abc6a,8bab4dff,a6177608,0.0
2025-04-07T23:45:00Z,147abc6a,8bab4dff,a6177608,0.0
2025-04-07T23:48:00Z,147abc6a,8bab4dff,a6177608,0.0
2025-04-07T23:51:00Z,147abc6a,8bab4dff,a6177608,0.0
2025-04-07T23:54:00Z,147abc6a,8bab4dff,a6177608,0.0
2025-04-07T23:57:00Z,147abc6a,8bab4dff,a6177608,0.0
2025-04-08T00:00:00Z,147abc6a,8bab4dff,a6177608,0.0
2025-04-08T00:03:00Z,147abc6a,8bab4dff,a6177608,0.0
2025-04-08T00:06:00Z,147abc6a,8bab4dff,a6177608,0.0
2025-04-08T00:09:00Z,147abc6a,8bab4dff,a6177608,0.0
2025-04-08T00:12:00Z,147abc6a,8bab4dff,a6177608,0.0
2025-04-08T00:15:00Z,147abc6a,8bab4dff,a6177608,0.0
2025-04-08T00:18:00Z,147abc6a,8bab4dff,a6177608,0.0
2025-04-08T00:21:00Z,147abc6a,8bab4dff,a6177608,0.0
2025-04-08T00:24:00Z,147abc6a,8bab4dff,a6177608,0.0
2025-04-08T00:27:00Z,147abc6a,8bab4dff,a6177608,0.0
2025-04-08T00:30:00Z,147abc6a,8bab4dff,a6177608,0.0
2025-04-08T00:33:00Z,147abc6a,8bab4dff,a6177608,0.01
2025-04-08T00:36:00Z,147abc6a,8bab4dff,a6177608,0.0
2025-04-08T00:39:00Z,147abc6a,8bab4dff,a6177608,0.0
2025-04-08T00:42:00Z,147abc6a,8bab4dff,a6177608,0.0
2025-04-08T00:45:00Z,147abc6a,8bab4dff,a6177608,0.0
2025-04-08T00:48:00Z,147abc6a,8bab4dff,a6177608,0.0
2025-04-08T00:51:00Z,147abc6a,8bab4dff,a6177608,0.0
2025-04-08T00:54:00Z,147abc6a,8bab4dff,a6177608,0.0
2025-04-08T00:57:00Z,147abc6a,8bab4dff,a6177608,0.0
2025-04-08T01:00:00Z,147abc6a,8bab4dff,a6177608,0.0
2025-04-08T01:03:00Z,147abc6a,8bab4dff,a6177608,0.0
2025-04-08T01:06:00Z,147abc6a,8bab4dff,a6177608,0.0
2025-04-08T01:09:00Z,147abc6a,8bab4dff,a6177608,0.0
2025-04-08T01:12:00Z,147abc6a,8bab4dff,a6177608,0.0
2025-04-08T01:15:00Z,147abc6a,8bab4dff,a6177608,0.0
2025-04-08T01:18:00Z,147abc6a,8bab4dff,a6177608,0.0
2025-04-08T01:21:00Z,147abc6a,8bab4dff,a6177608,0.0
2025-04-08T01:24:00Z,147abc6a,8bab4dff,a6177608,0.0
2025-04-08T01:27:00Z,147abc6a,8bab4dff,a6177608,0.0
2025-04-08T01:30:00Z,147abc6a,8bab4dff,a6177608,0.0
2025-04-08T01:33:00Z,147abc6a,8bab4dff,a6177608,0.0
2025-04-08T01:36:00Z,147abc6a,8bab4dff,a6177608,0.0
2025-04-08T01:39:00Z,147abc6a,8bab4dff,a6177608,0.0
2025-04-08T01:42:00Z,147abc6a,8bab4dff,a6177608,0.0
2025-04-08T01:45:00Z,147abc6a,8bab4dff,a6177608,0.0
2025-04-08T01:48:00Z,147abc6a,8bab4dff,a6177608,0.0
2025-04-08T01:51:00Z,147abc6a,8bab4dff,a6177608,0.0
2025-04-08T01:54:00Z,147abc6a,8bab4dff,a6177608,0.0
2025-04-08T01:57:00Z,147abc6a,8bab4dff,a6177608,0.0
2025-04-08T02:00:00Z,147abc6a,8bab4dff,a6177608,0.0
2025-04-08T02:03:00Z,147abc6a,8bab4dff,a6177608,0.0
2025-04-08T02:06:00Z,147abc6a,8bab4dff,a6177608,0.0
2025-04-08T02:09:00Z,147abc6a,8bab4dff,a6177608,0.0
2025-04-08T02:12:00Z,147abc6a,8bab4dff,a6177608,0.0
2025-04-08T02:15:00Z,147abc6a,8bab4dff,a6177608,0.0
2025-04-08T02:18:00Z,147abc6a,8bab4dff,a6177608,0.0
2025-04-08T02:21:00Z,147abc6a,8bab4dff,a6177608,0.0
2025-04-08T02:24:00Z,147abc6a,8bab4dff,a6177608,0.0
2025-04-08T02:27:00Z,147abc6a,8bab4dff,a6177608,0.0
2025-04-08T02:30:00Z,147abc6a,8bab4dff,a6177608,0.0
2025-04-08T02:33:00Z,147abc6a,8bab4dff,a6177608,0.0
2025-04-08T02:36:00Z,147abc6a,8bab4dff,a6177608,0.0
2025-04-08T02:39:00Z,147abc6a,8bab4dff,a6177608,0.0
2025-04-08T02:42:00Z,147abc6a,8bab4dff,a6177608,0.0
2025-04-08T02:45:00Z,147abc6a,8bab4dff,a6177608,0.0
2025-04-08T02:48:00Z,147abc6a,8bab4dff,a6177608,0.0
2025-04-08T02:51:00Z,147abc6a,8bab4dff,a6177608,0.0
2025-04-08T02:54:00Z,147abc6a,8bab4dff,a6177608,0.0
2025-04-08T02:57:00Z,147abc6a,8bab4dff,a6177608,0.0
2025-04-08T03:00:00Z,147abc6a,8bab4dff,a6177608,0.0
2025-04-08T03:03:00Z,147abc6a,8bab4dff,a6177608,0.0
2025-04-08T03:06:00Z,147abc6a,8bab4dff,a6177608,0.0
2025-04-08T03:09:00Z,147abc6a,8bab4dff,a6177608,0.0
2025-04-08T03:12:00Z,147abc6a,8bab4dff,a6177608,0.0
2025-04-08T03:15:00Z,147abc6a,8bab4dff,a6177608,0.0
2025-04-08T03:18:00Z,147abc6a,8bab4dff,a6177608,0.0
2025-04-08T03:21:00Z,147abc6a,8bab4dff,a6177608,0.0
2025-04-08T03:24:00Z,147abc6a,8bab4dff,a6177608,0.0
2025-04-08T03:27:00Z,147abc6a,8bab4dff,a6177608,0.0
2025-04-08T03:30:00Z,147abc6a,8bab4dff,a6177608,0.0
2025-04-08T03:33:00Z,147abc6a,8bab4dff,a6177608,0.0
2025-04-08T03:36:00Z,147abc6a,8bab4dff,a6177608,0.0
2025-04-08T03:39:00Z,147abc6a,8bab4dff,a6177608,0.0
2025-04-08T03:42:00Z,147abc6a,8bab4dff,a6177608,0.0
2025-04-08T03:45:00Z,147abc6a,8bab4dff,a6177608,0.0
2025-04-08T03:48:00Z,147abc6a,8bab4dff,a6177608,0.0
2025-04-08T03:51:00Z,147abc6a,8bab4dff,a6177608,0.0
2025-04-08T03:54:00Z,147abc6a,8bab4dff,a6177608,0.0
2025-04-08T03:57:00Z,147abc6a,8bab4dff,a6177608,0.0
2025-04-08T04:00:00Z,147abc6a,8bab4dff,a6177608,0.0
2025-04-08T04:03:00Z,147abc6a,8bab4dff,a6177608,0.0
2025-04-08T04:06:00Z,147abc6a,8bab4dff,a6177608,0.0
2025-04-08T04:09:00Z,147abc6a,8bab4dff,a6177608,0.0
2025-04-08T04:12:00Z,147abc6a,8bab4dff,a6177608,0.0
2025-04-08T04:15:00Z,147abc6a,8bab4dff,a6177608,0.0
2025-04-08T04:18:00Z,147abc6a,8bab4dff,a6177608,0.0
2025-04-08T04:21:00Z,147abc6a,8bab4dff,a6177608,0.0
2025-04-08T04:24:00Z,147abc6a,8bab4dff,a6177608,0.0
2025-04-08T04:27:00Z,147abc6a,8bab4dff,a6177608,0.0
2025-04-08T04:30:00Z,147abc6a,8bab4dff,a6177608,0.0
2025-04-08T04:33:00Z,147abc6a,8bab4dff,a6177608,0.0
2025-04-08T04:36:00Z,147abc6a,8bab4dff,a6177608,0.0
2025-04-08T04:39:00Z,147abc6a,8bab4dff,a6177608,0.0
2025-04-08T04:42:00Z,147abc6a,8bab4dff,a6177608,0.0
2025-04-08T04:45:00Z,147abc6a,8bab4dff,a6177608,0.09
2025-04-08T04:48:00Z,147abc6a,8bab4dff,a6177608,0.0
2025-04-08T04:51:00Z,147abc6a,8bab4dff,a6177608,0.0
2025-04-08T04:54:00Z,147abc6a,8bab4dff,a6177608,0.0
2025-04-08T04:57:00Z,147abc6a,8bab4dff,a6177608,0.0
2025-04-08T05:00:00Z,147abc6a,8bab4dff,a6177608,0.0
2025-04-08T05:03:00Z,147abc6a,8bab4dff,a6177608,0.0
2025-04-08T05:06:00Z,147abc6a,8bab4dff,a6177608,0.0
2025-04-08T05:09:00Z,147abc6a,8bab4dff,a6177608,0.0
2025-04-08T05:12:00Z,147abc6a,8bab4dff,a6177608,0.0
2025-04-08T05:15:00Z,147abc6a,8bab4dff,a6177608,0.0
2025-04-08T05:18:00Z,147abc6a,8bab4dff,a6177608,0.0
2025-04-08T05:21:00Z,147abc6a,8bab4dff,a6177608,0.0
2025-04-08T05:24:00Z,147abc6a,8bab4dff,a6177608,0.0
2025-04-08T05:27:00Z,147abc6a,8bab4dff,a6177608,0.0
2025-04-08T05:30:00Z,147abc6a,8bab4dff,a6177608,0.0
2025-04-08T05:33:00Z,147abc6a,8bab4dff,a6177608,0.0
2025-04-08T05:36:00Z,147abc6a,8bab4dff,a6177608,0.0
2025-04-08T05:39:00Z,147abc6a,8bab4dff,a6177608,0.0
2025-04-08T05:42:00Z,147abc6a,8bab4dff,a6177608,0.0
2025-04-08T05:45:00Z,147abc6a,8bab4dff,a6177608,0.0
2025-04-08T05:48:00Z,147abc6a,8bab4dff,a6177608,0.0
2025-04-08T05:51:00Z,147abc6a,8bab4dff,a6177608,0.0
2025-04-08T05:54:00Z,147abc6a,8bab4dff,a6177608,0.0
2025-04-08T05:57:00Z,147abc6a,8bab4dff,a6177608,0.0
2025-04-08T06:00:00Z,147abc6a,8bab4dff,a6177608,0.0
2025-04-08T06:03:00Z,147abc6a,8bab4dff,a6177608,0.0
2025-04-08T06:06:00Z,147abc6a,8bab4dff,a6177608,0.0
2025-04-08T06:09:00Z,147abc6a,8bab4dff,a6177608,0.0
2025-04-08T06:12:00Z,147abc6a,8bab4dff,a6177608,0.0
2025-04-08T06:15:00Z,147abc6a,8bab4dff,a6177608,0.0
2025-04-08T06:18:00Z,147abc6a,8bab4dff,a6177608,0.0
2025-04-08T06:21:00Z,147abc6a,8bab4dff,a6177608,0.0
2025-04-08T06:24:00Z,147abc6a,8bab4dff,a6177608,0.0
2025-04-08T06:27:00Z,147abc6a,8bab4dff,a6177608,0.0
2025-04-08T06:30:00Z,147abc6a,8bab4dff,a6177608,0.0
2025-04-08T06:33:00Z,147abc6a,8bab4dff,a6177608,0.0
2025-04-08T06:36:00Z,147abc6a,8bab4dff,a6177608,0.05
2025-04-08T06:39:00Z,147abc6a,8bab4dff,a6177608,0.0
2025-04-08T06:42:00Z,147abc6a,8bab4dff,a6177608,0.0
2025-04-08T06:45:00Z,147abc6a,8bab4dff,a6177608,0.03
2025-04-08T06:48:00Z,147abc6a,8bab4dff,a6177608,0.0
2025-04-08T06:51:00Z,147abc6a,8bab4dff,a6177608,0.0
2025-04-08T06:54:00Z,147abc6a,8bab4dff,a6177608,0.0
2025-04-08T06:57:00Z,147abc6a,8bab4dff,a6177608,0.0
2025-04-08T07:00:00Z,147abc6a,8bab4dff,a6177608,0.0
2025-04-08T07:03:00Z,147abc6a,8bab4dff,a6177608,0.0
2025-04-08T07:06:00Z,147abc6a,8bab4dff,a6177608,0.0
2025-04-08T07:09:00Z,147abc6a,8bab4dff,a6177608,0.0
2025-04-08T07:12:00Z,147abc6a,8bab4dff,a6177608,0.0
2025-04-08T07:15:00Z,147abc6a,8bab4dff,a6177608,0.0
2025-04-08T07:18:00Z,147abc6a,8bab4dff,a6177608,0.0
2025-04-08T07:21:00Z,147abc6a,8bab4dff,a6177608,0.0
2025-04-08T07:24:00Z,147abc6a,8bab4dff,a6177608,0.0
2025-04-08T07:27:00Z,147abc6a,8bab4dff,a6177608,0.0
2025-04-08T07:30:00Z,147abc6a,8bab4dff,a6177608,0.0
2025-04-08T07:33:00Z,147abc6a,8bab4dff,a6177608,0.0
2025-04-08T07:36:00Z,147abc6a,8bab4dff,a6177608,0.0
2025-04-08T07:39:00Z,147abc6a,8bab4dff,a6177608,0.0
2025-04-08T07:42:00Z,147abc6a,8bab4dff,a6177608,0.0
2025-04-08T07:45:00Z,147abc6a,8bab4dff,a6177608,0.0
2025-04-08T07:48:00Z,147abc6a,8bab4dff,a6177608,0.0
2025-04-08T07:51:00Z,147abc6a,8bab4dff,a6177608,0.0
2025-04-08T07:54:00Z,147abc6a,8bab4dff,a6177608,0.0
2025-04-08T07:57:00Z,147abc6a,8bab4dff,a6177608,0.0
2025-04-08T08:00:00Z,147abc6a,8bab4dff,a6177608,0.0
2025-04-08T08:03:00Z,147abc6a,8bab4dff,a6177608,0.0
2025-04-08T08:06:00Z,147abc6a,8bab4dff,a6177608,0.0
2025-04-08T08:09:00Z,147abc6a,8bab4dff,a6177608,0.0
2025-04-08T08:12:00Z,147abc6a,8bab4dff,a6177608,0.0
2025-04-08T08:15:00Z,147abc6a,8bab4dff,a6177608,0.0
2025-04-08T08:18:00Z,147abc6a,8bab4dff,a6177608,0.0
2025-04-08T08:21:00Z,147abc6a,8bab4dff,a6177608,0.0
2025-04-08T08:24:00Z,147abc6a,8bab4dff,a6177608,0.0
2025-04-08T08:27:00Z,147abc6a,8bab4dff,a6177608,0.0
2025-04-08T08:30:00Z,147abc6a,8bab4dff,a6177608,0.0
2025-04-08T08:33:00Z,147abc6a,8bab4dff,a6177608,0.0
2025-04-08T08:36:00Z,147abc6a,8bab4dff,a6177608,0.0
2025-04-08T08:39:00Z,147abc6a,8bab4dff,a6177608,0.0
2025-04-08T08:42:00Z,147abc6a,8bab4dff,a6177608,0.0
2025-04-08T08:45:00Z,147abc6a,8bab4dff,a6177608,0.0
2025-04-08T08:48:00Z,147abc6a,8bab4dff,a6177608,0.0
2025-04-08T08:51:00Z,147abc6a,8bab4dff,a6177608,0.0
2025-04-08T08:54:00Z,147abc6a,8bab4dff,a6177608,0.0
2025-04-08T08:57:00Z,147abc6a,8bab4dff,a6177608,0.0
2025-04-08T09:00:00Z,147abc6a,8bab4dff,a6177608,0.0
2025-04-08T09:03:00Z,147abc6a,8bab4dff,a6177608,0.0
2025-04-08T09:06:00Z,147abc6a,8bab4dff,a6177608,0.0
2025-04-08T09:09:00Z,147abc6a,8bab4dff,a6177608,0.0
2025-04-08T09:12:00Z,147abc6a,8bab4dff,a6177608,0.0
2025-04-08T09:15:00Z,147abc6a,8bab4dff,a6177608,0.0
2025-04-08T09:18:00Z,147abc6a,8bab4dff,a6177608,0.0
2025-04-08T09:21:00Z,147abc6a,8bab4dff,a6177608,0.0
2025-04-08T09:24:00Z,147abc6a,8bab4dff,a6177608,0.0
2025-04-08T09:27:00Z,147abc6a,8bab4dff,a6177608,0.0
2025-04-08T09:30:00Z,147abc6a,8bab4dff,a6177608,0.0
2025-04-08T09:33:00Z,147abc6a,8bab4dff,a6177608,0.0
2025-04-08T09:36:00Z,147abc6a,8bab4dff,a6177608,0.0
2025-04-08T09:39:00Z,147abc6a,8bab4dff,a6177608,0.0
2025-04-08T09:42:00Z,147abc6a,8bab4dff,a6177608,0.0
2025-04-08T09:45:00Z,147abc6a,8bab4dff,a6177608,0.0
2025-04-08T09:48:00Z,147abc6a,8bab4dff,a6177608,0.0
2025-04-08T09:51:00Z,147abc6a,8bab4dff,a6177608,0.0
2025-04-08T09:54:00Z,147abc6a,8bab4dff,a6177608,0.0
2025-04-08T09:57:00Z,147abc6a,8bab4dff,a6177608,0.0
2025-04-08T10:00:00Z,147abc6a,8bab4dff,a6177608,0.0
2025-04-08T10:03:00Z,147abc6a,8bab4dff,a6177608,0.0
2025-04-08T10:06:00Z,147abc6a,8bab4dff,a6177608,0.0
2025-04-08T10:09:00Z,147abc6a,8bab4dff,a6177608,0.0
2025-04-08T10:12:00Z,147abc6a,8bab4dff,a6177608,0.0
2025-04-08T10:15:00Z,147abc6a,8bab4dff,a6177608,0.0
2025-04-08T10:18:00Z,147abc6a,8bab4dff,a6177608,0.0
2025-04-08T10:21:00Z,147abc6a,8bab4dff,a6177608,0.0
2025-04-08T10:24:00Z,147abc6a,8bab4dff,a6177608,0.0
2025-04-08T10:27:00Z,147abc6a,8bab4dff,a6177608,0.0
2025-04-08T10:30:00Z,147abc6a,8bab4dff,a6177608,0.0
2025-04-08T10:33:00Z,147abc6a,8bab4dff,a6177608,0.0
2025-04-08T10:36:00Z,147abc6a,8bab4dff,a6177608,0.0
2025-04-08T10:39:00Z,147abc6a,8bab4dff,a6177608,0.0
2025-04-08T10:42:00Z,147abc6a,8bab4dff,a6177608,0.0
2025-04-08T10:45:00Z,147abc6a,8bab4dff,a6177608,0.0
2025-04-08T10:48:00Z,147abc6a,8bab4dff,a6177608,0.0
2025-04-08T10:51:00Z,147abc6a,8bab4dff,a6177608,0.0
2025-04-08T10:54:00Z,147abc6a,8bab4dff,a6177608,0.0
2025-04-08T10:57:00Z,147abc6a,8bab4dff,a6177608,0.0
2025-04-08T11:00:00Z,147abc6a,8bab4dff,a6177608,0.0
2025-04-08T11:03:00Z,147abc6a,8bab4dff,a6177608,0.0
2025-04-08T11:06:00Z,147abc6a,8bab4dff,a6177608,0.0
2025-04-08T11:09:00Z,147abc6a,8bab4dff,a6177608,0.01
2025-04-08T11:12:00Z,147abc6a,8bab4dff,a6177608,0.0
2025-04-08T11:15:00Z,147abc6a,8bab4dff,a6177608,0.0
2025-04-08T11:18:00Z,147abc6a,8bab4dff,a6177608,0.0
2025-04-08T11:21:00Z,147abc6a,8bab4dff,a6177608,0.0
2025-04-08T11:24:00Z,147abc6a,8bab4dff,a6177608,0.0
2025-04-08T11:27:00Z,147abc6a,8bab4dff,a6177608,0.0
2025-04-08T11:30:00Z,147abc6a,8bab4dff,a6177608,0.0
2025-04-08T11:33:00Z,147abc6a,8bab4dff,a6177608,0.0
2025-04-08T11:36:00Z,147abc6a,8bab4dff,a6177608,0.0
2025-04-08T11:39:00Z,147abc6a,8bab4dff,a6177608,0.0
2025-04-08T11:42:00Z,147abc6a,8bab4dff,a6177608,0.0
2025-04-08T11:45:00Z,147abc6a,8bab4dff,a6177608,0.0
2025-04-08T11:48:00Z,147abc6a,8bab4dff,a6177608,0.0
2025-04-08T11:51:00Z,147abc6a,8bab4dff,a6177608,0.0
2025-04-08T11:54:00Z,147abc6a,8bab4dff,a6177608,0.0
2025-04-08T11:57:00Z,147abc6a,8bab4dff,a6177608,0.0
2025-04-08T12:00:00Z,147abc6a,8bab4dff,a6177608,0.0
2025-04-08T12:03:00Z,147abc6a,8bab4dff,a6177608,0.0
2025-04-08T12:06:00Z,147abc6a,8bab4dff,a6177608,0.0
2025-04-08T12:09:00Z,147abc6a,8bab4dff,a6177608,0.0
2025-04-08T12:12:00Z,147abc6a,8bab4dff,a6177608,0.0
2025-04-08T12:15:00Z,147abc6a,8bab4dff,a6177608,0.0
2025-04-08T12:18:00Z,147abc6a,8bab4dff,a6177608,0.0
2025-04-08T12:21:00Z,147abc6a,8bab4dff,a6177608,0.0
2025-04-08T12:24:00Z,147abc6a,8bab4dff,a6177608,0.0
2025-04-08T12:27:00Z,147abc6a,8bab4dff,a6177608,0.0
2025-04-08T12:30:00Z,147abc6a,8bab4dff,a6177608,0.0
2025-04-08T12:33:00Z,147abc6a,8bab4dff,a6177608,0.0
2025-04-08T12:36:00Z,147abc6a,8bab4dff,a6177608,0.0
2025-04-08T12:39:00Z,147abc6a,8bab4dff,a6177608,0.0
2025-04-08T12:42:00Z,147abc6a,8bab4dff,a6177608,0.0
2025-04-08T12:45:00Z,147abc6a,8bab4dff,a6177608,0.0
2025-04-08T12:48:00Z,147abc6a,8bab4dff,a6177608,0.0
2025-04-08T12:51:00Z,147abc6a,8bab4dff,a6177608,0.0
2025-04-08T12:54:00Z,147abc6a,8bab4dff,a6177608,0.0
2025-04-08T12:57:00Z,147abc6a,8bab4dff,a6177608,0.0
2025-04-08T13:00:00Z,147abc6a,8bab4dff,a6177608,0.0
2025-04-08T13:03:00Z,147abc6a,8bab4dff,a6177608,0.0
2025-04-08T13:06:00Z,147abc6a,8bab4dff,a6177608,0.0
2025-04-08T13:09:00Z,147abc6a,8bab4dff,a6177608,0.0
2025-04-08T13:12:00Z,147abc6a,8bab4dff,a6177608,0.0
2025-04-08T13:15:00Z,147abc6a,8bab4dff,a6177608,0.0
2025-04-08T13:18:00Z,147abc6a,8bab4dff,a6177608,0.0
2025-04-08T13:21:00Z,147abc6a,8bab4dff,a6177608,0.0
2025-04-08T13:24:00Z,147abc6a,8bab4dff,a6177608,0.0
2025-04-08T13:27:00Z,147abc6a,8bab4dff,a6177608,0.0
2025-04-08T13:30:00Z,147abc6a,8bab4dff,a6177608,0.0
2025-04-08T13:33:00Z,147abc6a,8bab4dff,a6177608,0.0
2025-04-08T13:36:00Z,147abc6a,8bab4dff,a6177608,0.0
2025-04-08T13:39:00Z,147abc6a,8bab4dff,a6177608,0.0
2025-04-08T13:42:00Z,147abc6a,8bab4dff,a6177608,0.0
2025-04-08T13:45:00Z,147abc6a,8bab4dff,a6177608,0.0
2025-04-08T13:48:00Z,147abc6a,8bab4dff,a6177608,0.0
2025-04-08T13:51:00Z,147abc6a,8bab4dff,a6177608,0.0
2025-04-08T13:54:00Z,147abc6a,8bab4dff,a6177608,0.0
2025-04-08T13:57:00Z,147abc6a,8bab4dff,a6177608,0.0
2025-04-08T14:00:00Z,147abc6a,8bab4dff,a6177608,0.0
2025-04-08T14:03:00Z,147abc6a,8bab4dff,a6177608,0.0
2025-04-08T14:06:00Z,147abc6a,8bab4dff,a6177608,0.0
2025-04-08T14:09:00Z,147abc6a,8bab4dff,a6177608,0.0
2025-04-08T14:12:00Z,147abc6a,8bab4dff,a6177608,0.0
2025-04-08T14:15:00Z,147abc6a,8bab4dff,a6177608,0.0
2025-04-08T14:18:00Z,147abc6a,8bab4dff,a6177608,0.0
2025-04-08T14:21:00Z,147abc6a,8bab4dff,a6177608,0.0
2025-04-08T14:24:00Z,147abc6a,8bab4dff,a6177608,0.0
2025-04-08T14:27:00Z,147abc6a,8bab4dff,a6177608,0.0
2025-04-08T14:30:00Z,147abc6a,8bab4dff,a6177608,0.0
2025-04-08T14:33:00Z,147abc6a,8bab4dff,a6177608,0.0
2025-04-08T14:36:00Z,147abc6a,8bab4dff,a6177608,0.0
2025-04-08T14:39:00Z,147abc6a,8bab4dff,a6177608,0.0
2025-04-08T14:42:00Z,147abc6a,8bab4dff,a6177608,0.0
2025-04-08T14:45:00Z,147abc6a,8bab4dff,a6177608,0.0
2025-04-08T14:48:00Z,147abc6a,8bab4dff,a6177608,0.0
2025-04-08T14:51:00Z,147abc6a,8bab4dff,a6177608,0.0
2025-04-08T14:54:00Z,147abc6a,8bab4dff,a6177608,0.0
2025-04-08T14:57:00Z,147abc6a,8bab4dff,a6177608,0.0
2025-04-08T15:00:00Z,147abc6a,8bab4dff,a6177608,0.0
2025-04-08T15:03:00Z,147abc6a,8bab4dff,a6177608,0.0
2025-04-08T15:06:00Z,147abc6a,8bab4dff,a6177608,0.0
2025-04-08T15:09:00Z,147abc6a,8bab4dff,a6177608,0.0
2025-04-08T15:12:00Z,147abc6a,8bab4dff,a6177608,0.0
2025-04-08T15:15:00Z,147abc6a,8bab4dff,a6177608,0.0
2025-04-08T15:18:00Z,147abc6a,8bab4dff,a6177608,0.0
2025-04-08T15:21:00Z,147abc6a,8bab4dff,a6177608,0.0
2025-04-08T15:24:00Z,147abc6a,8bab4dff,a6177608,0.0
2025-04-08T15:27:00Z,147abc6a,8bab4dff,a6177608,0.0
2025-04-08T15:30:00Z,147abc6a,8bab4dff,a6177608,0.0
2025-04-08T15:33:00Z,147abc6a,8bab4dff,a6177608,0.0
2025-04-08T15:36:00Z,147abc6a,8bab4dff,a6177608,0.0
2025-04-08T15:39:00Z,147abc6a,8bab4dff,a6177608,0.0
2025-04-08T15:42:00Z,147abc6a,8bab4dff,a6177608,0.0
2025-04-08T15:45:00Z,147abc6a,8bab4dff,a6177608,0.0
2025-04-08T15:48:00Z,147abc6a,8bab4dff,a6177608,0.0
2025-04-08T15:51:00Z,147abc6a,8bab4dff,a6177608,0.0
2025-04-08T15:54:00Z,147abc6a,8bab4dff,a6177608,0.0
2025-04-08T15:57:00Z,147abc6a,8bab4dff,a6177608,0.01
2025-04-08T16:00:00Z,147abc6a,8bab4dff,a6177608,0.0
2025-04-08T16:03:00Z,147abc6a,8bab4dff,a6177608,0.0
2025-04-08T16:06:00Z,147abc6a,8bab4dff,a6177608,0.0
2025-04-08T16:09:00Z,147abc6a,8bab4dff,a6177608,0.0
2025-04-08T16:12:00Z,147abc6a,8bab4dff,a6177608,0.0
2025-04-08T16:15:00Z,147abc6a,8bab4dff,a6177608,0.0
2025-04-08T16:18:00Z,147abc6a,8bab4dff,a6177608,0.0
2025-04-08T16:21:00Z,147abc6a,8bab4dff,a6177608,0.0
2025-04-08T16:24:00Z,147abc6a,8bab4dff,a6177608,0.0
2025-04-08T16:27:00Z,147abc6a,8bab4dff,a6177608,0.0
2025-04-08T16:30:00Z,147abc6a,8bab4dff,a6177608,0.0
2025-04-08T16:33:00Z,147abc6a,8bab4dff,a6177608,0.0
2025-04-08T16:36:00Z,147abc6a,8bab4dff,a6177608,0.0
2025-04-08T16:39:00Z,147abc6a,8bab4dff,a6177608,0.0
2025-04-08T16:42:00Z,147abc6a,8bab4dff,a6177608,0.0
2025-04-08T16:45:00Z,147abc6a,8bab4dff,a6177608,0.0
2025-04-08T16:48:00Z,147abc6a,8bab4dff,a6177608,0.0
2025-04-08T16:51:00Z,147abc6a,8bab4dff,a6177608,0.0
2025-04-08T16:54:00Z,147abc6a,8bab4dff,a6177608,0.0
2025-04-08T16:57:00Z,147abc6a,8bab4dff,a6177608,0.0
2025-04-08T17:00:00Z,147abc6a,8bab4dff,a6177608,0.0
2025-04-08T17:03:00Z,147abc6a,8bab4dff,a6177608,0.0
2025-04-08T17:06:00Z,147abc6a,8bab4dff,a6177608,0.0
2025-04-08T17:09:00Z,147abc6a,8bab4dff,a6177608,0.0
2025-04-08T17:12:00Z,147abc6a,8bab4dff,a6177608,0.0
2025-04-08T17:15:00Z,147abc6a,8bab4dff,a6177608,0.0
2025-04-08T17:18:00Z,147abc6a,8bab4dff,a6177608,0.0
2025-04-08T17:21:00Z,147abc6a,8bab4dff,a6177608,0.0
2025-04-08T17:24:00Z,147abc6a,8bab4dff,a6177608,0.0
2025-04-08T17:27:00Z,147abc6a,8bab4dff,a6177608,0.0
2025-04-08T17:30:00Z,147abc6a,8bab4dff,a6177608,0.0
2025-04-08T17:33:00Z,147abc6a,8bab4dff,a6177608,0.0
2025-04-08T17:36:00Z,147abc6a,8bab4dff,a6177608,0.0
2025-04-08T17:39:00Z,147abc6a,8bab4dff,a6177608,0.0
2025-04-08T17:42:00Z,147abc6a,8bab4dff,a6177608,0.0
2025-04-08T17:45:00Z,147abc6a,8bab4dff,a6177608,0.0
2025-04-08T17:48:00Z,147abc6a,8bab4dff,a6177608,0.0
2025-04-08T17:51:00Z,147abc6a,8bab4dff,a6177608,0.0
2025-04-08T17:54:00Z,147abc6a,8bab4dff,a6177608,0.0
2025-04-08T17:57:00Z,147abc6a,8bab4dff,a6177608,0.0
2025-04-08T18:00:00Z,147abc6a,8bab4dff,a6177608,0.0
2025-04-08T18:03:00Z,147abc6a,8bab4dff,a6177608,0.0
2025-04-08T18:06:00Z,147abc6a,8bab4dff,a6177608,0.0
2025-04-08T18:09:00Z,147abc6a,8bab4dff,a6177608,0.0
2025-04-08T18:12:00Z,147abc6a,8bab4dff,a6177608,0.0
2025-04-08T18:15:00Z,147abc6a,8bab4dff,a6177608,0.0
2025-04-08T18:18:00Z,147abc6a,8bab4dff,a6177608,0.0
2025-04-08T18:21:00Z,147abc6a,8bab4dff,a6177608,0.0
2025-04-08T18:24:00Z,147abc6a,8bab4dff,a6177608,0.0
2025-04-08T18:27:00Z,147abc6a,8bab4dff,a6177608,0.0
2025-04-08T18:30:00Z,147abc6a,8bab4dff,a6177608,0.0
2025-04-08T18:33:00Z,147abc6a,8bab4dff,a6177608,0.0
2025-04-08T18:36:00Z,147abc6a,8bab4dff,a6177608,0.0
2025-04-08T18:39:00Z,147abc6a,8bab4dff,a6177608,0.0
2025-04-08T18:42:00Z,147abc6a,8bab4dff,a6177608,0.0
2025-04-08T18:45:00Z,147abc6a,8bab4dff,a6177608,0.0
2025-04-08T18:48:00Z,147abc6a,8bab4dff,a6177608,0.0
2025-04-08T18:51:00Z,147abc6a,8bab4dff,a6177608,0.0
2025-04-08T18:54:00Z,147abc6a,8bab4dff,a6177608,0.0
2025-04-08T18:57:00Z,147abc6a,8bab4dff,a6177608,0.01
2025-04-08T19:00:00Z,147abc6a,8bab4dff,a6177608,0.0
2025-04-08T19:03:00Z,147abc6a,8bab4dff,a6177608,0.0
2025-04-08T19:06:00Z,147abc6a,8bab4dff,a6177608,0.0
2025-04-08T19:09:00Z,147abc6a,8bab4dff,a6177608,0.0
2025-04-08T19:12:00Z,147abc6a,8bab4dff,a6177608,0.0
2025-04-08T19:15:00Z,147abc6a,8bab4dff,a6177608,0.0
2025-04-08T19:18:00Z,147abc6a,8bab4dff,a6177608,0.0
2025-04-08T19:21:00Z,147abc6a,8bab4dff,a6177608,0.0
2025-04-08T19:24:00Z,147abc6a,8bab4dff,a6177608,0.0
2025-04-08T19:27:00Z,147abc6a,8bab4dff,a6177608,0.0
2025-04-08T19:30:00Z,147abc6a,8bab4dff,a6177608,0.0
2025-04-08T19:33:00Z,147abc6a,8bab4dff,a6177608,0.0
2025-04-08T19:36:00Z,147abc6a,8bab4dff,a6177608,0.0
2025-04-08T19:39:00Z,147abc6a,8bab4dff,a6177608,0.0
2025-04-08T19:42:00Z,147abc6a,8bab4dff,a6177608,0.0
2025-04-08T19:45:00Z,147abc6a,8bab4dff,a6177608,0.0
2025-04-08T19:48:00Z,147abc6a,8bab4dff,a6177608,0.0
2025-04-08T19:51:00Z,147abc6a,8bab4dff,a6177608,0.0
2025-04-08T19:54:00Z,147abc6a,8bab4dff,a6177608,0.0
2025-04-08T19:57:00Z,147abc6a,8bab4dff,a6177608,0.0
2025-04-08T20:00:00Z,147abc6a,8bab4dff,a6177608,0.0
2025-04-08T20:03:00Z,147abc6a,8bab4dff,a6177608,0.0
2025-04-08T20:06:00Z,147abc6a,8bab4dff,a6177608,0.0
2025-04-08T20:09:00Z,147abc6a,8bab4dff,a6177608,0.0
2025-04-08T20:12:00Z,147abc6a,8bab4dff,a6177608,0.0
2025-04-08T20:15:00Z,147abc6a,8bab4dff,a6177608,0.0
2025-04-08T20:18:00Z,147abc6a,8bab4dff,a6177608,0.0
2025-04-08T20:21:00Z,147abc6a,8bab4dff,a6177608,0.0
2025-04-08T20:24:00Z,147abc6a,8bab4dff,a6177608,0.0
2025-04-08T20:27:00Z,147abc6a,8bab4dff,a6177608,0.0
2025-04-08T20:30:00Z,147abc6a,8bab4dff,a6177608,0.0
2025-04-08T20:33:00Z,147abc6a,8bab4dff,a6177608,0.0
2025-04-08T20:36:00Z,147abc6a,8bab4dff,a6177608,0.0
2025-04-08T20:39:00Z,147abc6a,8bab4dff,a6177608,0.0
2025-04-08T20:42:00Z,147abc6a,8bab4dff,a6177608,0.0
2025-04-08T20:45:00Z,147abc6a,8bab4dff,a6177608,0.0
2025-04-08T20:48:00Z,147abc6a,8bab4dff,a6177608,0.0
2025-04-08T20:51:00Z,147abc6a,8bab4dff,a6177608,0.0
2025-04-08T20:54:00Z,147abc6a,8bab4dff,a6177608,0.0
2025-04-08T20:57:00Z,147abc6a,8bab4dff,a6177608,0.0
2025-04-08T21:00:00Z,147abc6a,8bab4dff,a6177608,0.0
2025-04-08T21:03:00Z,147abc6a,8bab4dff,a6177608,0.0
2025-04-08T21:06:00Z,147abc6a,8bab4dff,a6177608,0.0
2025-04-08T21:09:00Z,147abc6a,8bab4dff,a6177608,0.0
2025-04-08T21:12:00Z,147abc6a,8bab4dff,a6177608,0.0
2025-04-08T21:15:00Z,147abc6a,8bab4dff,a6177608,0.0
2025-04-08T21:18:00Z,147abc6a,8bab4dff,a6177608,0.0
2025-04-08T21:21:00Z,147abc6a,8bab4dff,a6177608,0.0
2025-04-08T21:24:00Z,147abc6a,8bab4dff,a6177608,0.0
2025-04-08T21:27:00Z,147abc6a,8bab4dff,a6177608,0.0
2025-04-08T21:30:00Z,147abc6a,8bab4dff,a6177608,0.0
2025-04-08T21:33:00Z,147abc6a,8bab4dff,a6177608,0.0
2025-04-08T21:36:00Z,147abc6a,8bab4dff,a6177608,0.0
2025-04-08T21:39:00Z,147abc6a,8bab4dff,a6177608,0.0
2025-04-08T21:42:00Z,147abc6a,8bab4dff,a6177608,0.0
2025-04-08T21:45:00Z,147abc6a,8bab4dff,a6177608,0.0
2025-04-08T21:48:00Z,147abc6a,8bab4dff,a6177608,0.0
2025-04-08T21:51:00Z,147abc6a,8bab4dff,a6177608,0.01
2025-04-08T21:54:00Z,147abc6a,8bab4dff,a6177608,0.0
2025-04-08T21:57:00Z,147abc6a,8bab4dff,a6177608,0.0
2025-04-08T22:00:00Z,147abc6a,8bab4dff,a6177608,0.0
2025-04-08T22:03:00Z,147abc6a,8bab4dff,a6177608,0.0
2025-04-08T22:06:00Z,147abc6a,8bab4dff,a6177608,0.0
2025-04-08T22:09:00Z,147abc6a,8bab4dff,a6177608,0.0
2025-04-08T22:12:00Z,147abc6a,8bab4dff,a6177608,0.0
2025-04-08T22:15:00Z,147abc6a,8bab4dff,a6177608,0.0
2025-04-08T22:18:00Z,147abc6a,8bab4dff,a6177608,0.0
2025-04-08T22:21:00Z,147abc6a,8bab4dff,a6177608,0.0
2025-04-08T22:24:00Z,147abc6a,8bab4dff,a6177608,0.0
2025-04-08T22:27:00Z,147abc6a,8bab4dff,a6177608,0.0
2025-04-08T22:30:00Z,147abc6a,8bab4dff,a6177608,0.0
2025-04-08T22:33:00Z,147abc6a,8bab4dff,a6177608,0.0
2025-04-08T22:36:00Z,147abc6a,8bab4dff,a6177608,0.0
2025-04-08T22:39:00Z,147abc6a,8bab4dff,a6177608,0.0
2025-04-08T22:42:00Z,147abc6a,8bab4dff,a6177608,0.0
2025-04-08T22:45:00Z,147abc6a,8bab4dff,a6177608,0.0
2025-04-08T22:48:00Z,147abc6a,8bab4dff,a6177608,0.0
2025-04-08T22:51:00Z,147abc6a,8bab4dff,a6177608,0.0
2025-04-08T22:54:00Z,147abc6a,8bab4dff,a6177608,0.0
2025-04-08T22:57:00Z,147abc6a,8bab4dff,a6177608,0.0
2025-04-08T23:00:00Z,147abc6a,8bab4dff,a6177608,0.0
2025-04-08T23:03:00Z,147abc6a,8bab4dff,a6177608,0.0
2025-04-08T23:06:00Z,147abc6a,8bab4dff,a6177608,0.0
2025-04-08T23:09:00Z,147abc6a,8bab4dff,a6177608,0.0
2025-04-08T23:12:00Z,147abc6a,8bab4dff,a6177608,0.0
2025-04-08T23:15:00Z,147abc6a,8bab4dff,a6177608,0.0
2025-04-08T23:18:00Z,147abc6a,8bab4dff,a6177608,0.0
2025-04-08T23:21:00Z,147abc6a,8bab4dff,a6177608,0.0
2025-04-08T23:24:00Z,147abc6a,8bab4dff,a6177608,0.0
2025-04-08T23:27:00Z,147abc6a,8bab4dff,a6177608,0.0
2025-04-08T23:30:00Z,147abc6a,8bab4dff,a6177608,0.0
2025-04-08T23:33:00Z,147abc6a,8bab4dff,a6177608,0.0
2025-04-08T23:36:00Z,147abc6a,8bab4dff,a6177608,0.0
2025-04-08T23:39:00Z,147abc6a,8bab4dff,a6177608,0.0
2025-04-08T23:42:00Z,147abc6a,8bab4dff,a6177608,0.0
2025-04-08T23:45:00Z,147abc6a,8bab4dff,a6177608,0.0
2025-04-08T23:48:00Z,147abc6a,8bab4dff,a6177608,0.0
2025-04-08T23:51:00Z,147abc6a,8bab4dff,a6177608,0.0
2025-04-08T23:54:00Z,147abc6a,8bab4dff,a6177608,0.0
2025-04-08T23:57:00Z,147abc6a,8bab4dff,a6177608,0.0
2025-04-09T00:00:00Z,147abc6a,8bab4dff,a6177608,0.0
2025-04-09T00:03:00Z,147abc6a,8bab4dff,a6177608,0.0
2025-04-09T00:06:00Z,147abc6a,8bab4dff,a6177608,0.0
2025-04-09T00:09:00Z,147abc6a,8bab4dff,a6177608,0.0
2025-04-09T00:12:00Z,147abc6a,8bab4dff,a6177608,0.0
2025-04-09T00:15:00Z,147abc6a,8bab4dff,a6177608,0.0
2025-04-09T00:18:00Z,147abc6a,8bab4dff,a6177608,0.0
2025-04-09T00:21:00Z,147abc6a,8bab4dff,a6177608,0.0
2025-04-09T00:24:00Z,147abc6a,8bab4dff,a6177608,0.0
2025-04-09T00:27:00Z,147abc6a,8bab4dff,a6177608,0.0
2025-04-09T00:30:00Z,147abc6a,8bab4dff,a6177608,0.0
2025-04-09T00:33:00Z,147abc6a,8bab4dff,a6177608,0.0
2025-04-09T00:36:00Z,147abc6a,8bab4dff,a6177608,0.0
2025-04-09T00:39:00Z,147abc6a,8bab4dff,a6177608,0.0
2025-04-09T00:42:00Z,147abc6a,8bab4dff,a6177608,0.0
2025-04-09T00:45:00Z,147abc6a,8bab4dff,a6177608,0.0
2025-04-09T00:48:00Z,147abc6a,8bab4dff,a6177608,0.0
2025-04-09T00:51:00Z,147abc6a,8bab4dff,a6177608,0.0
2025-04-09T00:54:00Z,147abc6a,8bab4dff,a6177608,0.0
2025-04-09T00:57:00Z,147abc6a,8bab4dff,a6177608,0.0
2025-04-09T01:00:00Z,147abc6a,8bab4dff,a6177608,0.0
2025-04-09T01:03:00Z,147abc6a,8bab4dff,a6177608,0.0
2025-04-09T01:06:00Z,147abc6a,8bab4dff,a6177608,0.0
2025-04-09T01:09:00Z,147abc6a,8bab4dff,a6177608,0.0
2025-04-09T01:12:00Z,147abc6a,8bab4dff,a6177608,0.0
2025-04-09T01:15:00Z,147abc6a,8bab4dff,a6177608,0.0
2025-04-09T01:18:00Z,147abc6a,8bab4dff,a6177608,0.0
2025-04-09T01:21:00Z,147abc6a,8bab4dff,a6177608,0.0
2025-04-09T01:24:00Z,147abc6a,8bab4dff,a6177608,0.0
2025-04-09T01:27:00Z,147abc6a,8bab4dff,a6177608,0.0
2025-04-09T01:30:00Z,147abc6a,8bab4dff,a6177608,0.0
2025-04-09T01:33:00Z,147abc6a,8bab4dff,a6177608,0.0
2025-04-09T01:36:00Z,147abc6a,8bab4dff,a6177608,0.0
2025-04-09T01:39:00Z,147abc6a,8bab4dff,a6177608,0.0
2025-04-09T01:42:00Z,147abc6a,8bab4dff,a6177608,0.0
2025-04-09T01:45:00Z,147abc6a,8bab4dff,a6177608,0.0
2025-04-09T01:48:00Z,147abc6a,8bab4dff,a6177608,0.0
2025-04-09T01:51:00Z,147abc6a,8bab4dff,a6177608,0.0
2025-04-09T01:54:00Z,147abc6a,8bab4dff,a6177608,0.0
2025-04-09T01:57:00Z,147abc6a,8bab4dff,a6177608,0.0
2025-04-09T02:00:00Z,147abc6a,8bab4dff,a6177608,0.0
2025-04-09T02:03:00Z,147abc6a,8bab4dff,a6177608,0.0
2025-04-09T02:06:00Z,147abc6a,8bab4dff,a6177608,0.0
2025-04-09T02:09:00Z,147abc6a,8bab4dff,a6177608,0.0
2025-04-09T02:12:00Z,147abc6a,8bab4dff,a6177608,0.0
2025-04-09T02:15:00Z,147abc6a,8bab4dff,a6177608,0.01
2025-04-09T02:18:00Z,147abc6a,8bab4dff,a6177608,0.0
2025-04-09T02:21:00Z,147abc6a,8bab4dff,a6177608,0.0
2025-04-09T02:24:00Z,147abc6a,8bab4dff,a6177608,0.0
2025-04-09T02:27:00Z,147abc6a,8bab4dff,a6177608,0.0
2025-04-09T02:30:00Z,147abc6a,8bab4dff,a6177608,0.0
2025-04-09T02:33:00Z,147abc6a,8bab4dff,a6177608,0.0
2025-04-09T02:36:00Z,147abc6a,8bab4dff,a6177608,0.0
2025-04-09T02:39:00Z,147abc6a,8bab4dff,a6177608,0.0
2025-04-09T02:42:00Z,147abc6a,8bab4dff,a6177608,0.0
2025-04-09T02:45:00Z,147abc6a,8bab4dff,a6177608,0.0
2025-04-09T02:48:00Z,147abc6a,8bab4dff,a6177608,0.0
2025-04-09T02:51:00Z,147abc6a,8bab4dff,a6177608,0.0
2025-04-09T02:54:00Z,147abc6a,8bab4dff,a6177608,0.0
2025-04-09T02:57:00Z,147abc6a,8bab4dff,a6177608,0.0
2025-04-09T03:00:00Z,147abc6a,8bab4dff,a6177608,0.0
2025-04-09T03:03:00Z,147abc6a,8bab4dff,a6177608,0.0
2025-04-09T03:06:00Z,147abc6a,8bab4dff,a6177608,0.0
2025-04-09T03:09:00Z,147abc6a,8bab4dff,a6177608,0.0
2025-04-09T03:12:00Z,147abc6a,8bab4dff,a6177608,0.0
2025-04-09T03:15:00Z,147abc6a,8bab4dff,a6177608,0.0
2025-04-09T03:18:00Z,147abc6a,8bab4dff,a6177608,0.0
2025-04-09T03:21:00Z,147abc6a,8bab4dff,a6177608,0.0
2025-04-09T03:24:00Z,147abc6a,8bab4dff,a6177608,0.0
2025-04-09T03:27:00Z,147abc6a,8bab4dff,a6177608,0.0
2025-04-09T03:30:00Z,147abc6a,8bab4dff,a6177608,0.0
2025-04-09T03:33:00Z,147abc6a,8bab4dff,a6177608,0.0
2025-04-09T03:36:00Z,147abc6a,8bab4dff,a6177608,0.0
2025-04-09T03:39:00Z,147abc6a,8bab4dff,a6177608,0.0
2025-04-09T03:42:00Z,147abc6a,8bab4dff,a6177608,0.0
2025-04-09T03:45:00Z,147abc6a,8bab4dff,a6177608,0.0
2025-04-09T03:48:00Z,147abc6a,8bab4dff,a6177608,0.0
2025-04-09T03:51:00Z,147abc6a,8bab4dff,a6177608,0.0
2025-04-09T03:54:00Z,147abc6a,8bab4dff,a6177608,0.0
2025-04-09T03:57:00Z,147abc6a,8bab4dff,a6177608,0.0
2025-04-09T04:00:00Z,147abc6a,8bab4dff,a6177608,0.0
2025-04-09T04:03:00Z,147abc6a,8bab4dff,a6177608,0.0
2025-04-09T04:06:00Z,147abc6a,8bab4dff,a6177608,0.0
2025-04-09T04:09:00Z,147abc6a,8bab4dff,a6177608,0.0
2025-04-09T04:12:00Z,147abc6a,8bab4dff,a6177608,0.0
2025-04-09T04:15:00Z,147abc6a,8bab4dff,a6177608,0.0
2025-04-09T04:18:00Z,147abc6a,8bab4dff,a6177608,0.0
2025-04-09T04:21:00Z,147abc6a,8bab4dff,a6177608,0.0
2025-04-09T04:24:00Z,147abc6a,8bab4dff,a6177608,0.0
2025-04-09T04:27:00Z,147abc6a,8bab4dff,a6177608,0.0
2025-04-09T04:30:00Z,147abc6a,8bab4dff,a6177608,0.0
2025-04-09T04:33:00Z,147abc6a,8bab4dff,a6177608,0.0
2025-04-09T04:36:00Z,147abc6a,8bab4dff,a6177608,0.0
2025-04-09T04:39:00Z,147abc6a,8bab4dff,a6177608,0.0
2025-04-09T04:42:00Z,147abc6a,8bab4dff,a6177608,0.0
2025-04-09T04:45:00Z,147abc6a,8bab4dff,a6177608,0.0
2025-04-09T04:48:00Z,147abc6a,8bab4dff,a6177608,0.0
2025-04-09T04:51:00Z,147abc6a,8bab4dff,a6177608,0.0
2025-04-09T04:54:00Z,147abc6a,8bab4dff,a6177608,0.0
2025-04-09T04:57:00Z,147abc6a,8bab4dff,a6177608,0.0
2025-04-09T05:00:00Z,147abc6a,8bab4dff,a6177608,0.0
2025-04-09T05:03:00Z,147abc6a,8bab4dff,a6177608,0.0
2025-04-09T05:06:00Z,147abc6a,8bab4dff,a6177608,0.0
2025-04-09T05:09:00Z,147abc6a,8bab4dff,a6177608,0.0
2025-04-09T05:12:00Z,147abc6a,8bab4dff,a6177608,0.0
2025-04-09T05:15:00Z,147abc6a,8bab4dff,a6177608,0.0
2025-04-09T05:18:00Z,147abc6a,8bab4dff,a6177608,0.0
2025-04-09T05:21:00Z,147abc6a,8bab4dff,a6177608,0.0
2025-04-09T05:24:00Z,147abc6a,8bab4dff,a6177608,0.0
2025-04-09T05:27:00Z,147abc6a,8bab4dff,a6177608,0.0
2025-04-09T05:30:00Z,147abc6a,8bab4dff,a6177608,0.0
2025-04-09T05:33:00Z,147abc6a,8bab4dff,a6177608,0.0
2025-04-09T05:36:00Z,147abc6a,8bab4dff,a6177608,0.0
2025-04-09T05:39:00Z,147abc6a,8bab4dff,a6177608,0.0
2025-04-09T05:42:00Z,147abc6a,8bab4dff,a6177608,0.0
2025-04-09T05:45:00Z,147abc6a,8bab4dff,a6177608,0.0
2025-04-09T05:48:00Z,147abc6a,8bab4dff,a6177608,0.0
2025-04-09T05:51:00Z,147abc6a,8bab4dff,a6177608,0.0
2025-04-09T05:54:00Z,147abc6a,8bab4dff,a6177608,0.0
2025-04-09T05:57:00Z,147abc6a,8bab4dff,a6177608,0.0
2025-04-09T06:00:00Z,147abc6a,8bab4dff,a6177608,0.0
2025-04-09T06:03:00Z,147abc6a,8bab4dff,a6177608,0.0
2025-04-09T06:06:00Z,147abc6a,8bab4dff,a6177608,0.0
2025-04-09T06:09:00Z,147abc6a,8bab4dff,a6177608,0.0
2025-04-09T06:12:00Z,147abc6a,8bab4dff,a6177608,0.0
2025-04-09T06:15:00Z,147abc6a,8bab4dff,a6177608,0.0
2025-04-09T06:18:00Z,147abc6a,8bab4dff,a6177608,0.0
2025-04-09T06:21:00Z,147abc6a,8bab4dff,a6177608,0.0
2025-04-09T06:24:00Z,147abc6a,8bab4dff,a6177608,0.0
2025-04-09T06:27:00Z,147abc6a,8bab4dff,a6177608,0.0
2025-04-09T06:30:00Z,147abc6a,8bab4dff,a6177608,0.0
2025-04-09T06:33:00Z,147abc6a,8bab4dff,a6177608,0.0
2025-04-09T06:36:00Z,147abc6a,8bab4dff,a6177608,0.0
2025-04-09T06:39:00Z,147abc6a,8bab4dff,a6177608,0.0
2025-04-09T06:42:00Z,147abc6a,8bab4dff,a6177608,0.0
2025-04-09T06:45:00Z,147abc6a,8bab4dff,a6177608,0.0
2025-04-09T06:48:00Z,147abc6a,8bab4dff,a6177608,0.0
2025-04-09T06:51:00Z,147abc6a,8bab4dff,a6177608,0.0
2025-04-09T06:54:00Z,147abc6a,8bab4dff,a6177608,0.0
2025-04-09T06:57:00Z,147abc6a,8bab4dff,a6177608,0.02
2025-04-09T07:00:00Z,147abc6a,8bab4dff,a6177608,0.0
2025-04-09T07:03:00Z,147abc6a,8bab4dff,a6177608,0.0
2025-04-09T07:06:00Z,147abc6a,8bab4dff,a6177608,0.0
2025-04-09T07:09:00Z,147abc6a,8bab4dff,a6177608,0.0
2025-04-09T07:12:00Z,147abc6a,8bab4dff,a6177608,0.0
2025-04-09T07:15:00Z,147abc6a,8bab4dff,a6177608,0.0
2025-04-09T07:18:00Z,147abc6a,8bab4dff,a6177608,0.0
2025-04-09T07:21:00Z,147abc6a,8bab4dff,a6177608,0.0
2025-04-09T07:24:00Z,147abc6a,8bab4dff,a6177608,0.0
2025-04-09T07:27:00Z,147abc6a,8bab4dff,a6177608,0.0
2025-04-09T07:30:00Z,147abc6a,8bab4dff,a6177608,0.0
2025-04-09T07:33:00Z,147abc6a,8bab4dff,a6177608,0.0
2025-04-09T07:36:00Z,147abc6a,8bab4dff,a6177608,0.0
2025-04-09T07:39:00Z,147abc6a,8bab4dff,a6177608,0.0
2025-04-09T07:42:00Z,147abc6a,8bab4dff,a6177608,0.0
2025-04-09T07:45:00Z,147abc6a,8bab4dff,a6177608,0.0
2025-04-09T07:48:00Z,147abc6a,8bab4dff,a6177608,0.0
2025-04-09T07:51:00Z,147abc6a,8bab4dff,a6177608,0.0
2025-04-09T07:54:00Z,147abc6a,8bab4dff,a6177608,0.0
2025-04-09T07:57:00Z,147abc6a,8bab4dff,a6177608,0.0
2025-04-09T08:00:00Z,147abc6a,8bab4dff,a6177608,0.0
2025-04-09T08:03:00Z,147abc6a,8bab4dff,a6177608,0.0
2025-04-09T08:06:00Z,147abc6a,8bab4dff,a6177608,0.0
2025-04-09T08:09:00Z,147abc6a,8bab4dff,a6177608,0.0
2025-04-09T08:12:00Z,147abc6a,8bab4dff,a6177608,0.0
2025-04-09T08:15:00Z,147abc6a,8bab4dff,a6177608,0.0
2025-04-09T08:18:00Z,147abc6a,8bab4dff,a6177608,0.0
2025-04-09T08:21:00Z,147abc6a,8bab4dff,a6177608,0.0
2025-04-09T08:24:00Z,147abc6a,8bab4dff,a6177608,0.0
2025-04-09T08:27:00Z,147abc6a,8bab4dff,a6177608,0.0
2025-04-09T08:30:00Z,147abc6a,8bab4dff,a6177608,0.0
2025-04-09T08:33:00Z,147abc6a,8bab4dff,a6177608,0.0
2025-04-09T08:36:00Z,147abc6a,8bab4dff,a6177608,0.0
2025-04-09T08:39:00Z,147abc6a,8bab4dff,a6177608,0.0
2025-04-09T08:42:00Z,147abc6a,8bab4dff,a6177608,0.0
2025-04-09T08:45:00Z,147abc6a,8bab4dff,a6177608,0.0
2025-04-09T08:48:00Z,147abc6a,8bab4dff,a6177608,0.0
2025-04-09T08:51:00Z,147abc6a,8bab4dff,a6177608,0.0
2025-04-09T08:54:00Z,147abc6a,8bab4dff,a6177608,0.0
2025-04-09T08:57:00Z,147abc6a,8bab4dff,a6177608,0.0
2025-04-09T09:00:00Z,147abc6a,8bab4dff,a6177608,0.0
2025-04-09T09:03:00Z,147abc6a,8bab4dff,a6177608,0.0
2025-04-09T09:06:00Z,147abc6a,8bab4dff,a6177608,0.0
2025-04-09T09:09:00Z,147abc6a,8bab4dff,a6177608,0.0
2025-04-09T09:12:00Z,147abc6a,8bab4dff,a6177608,0.0
2025-04-09T09:15:00Z,147abc6a,8bab4dff,a6177608,0.0
2025-04-09T09:18:00Z,147abc6a,8bab4dff,a6177608,0.0
2025-04-09T09:21:00Z,147abc6a,8bab4dff,a6177608,0.0
2025-04-09T09:24:00Z,147abc6a,8bab4dff,a6177608,0.0
2025-04-09T09:27:00Z,147abc6a,8bab4dff,a6177608,0.0
2025-04-09T09:30:00Z,147abc6a,8bab4dff,a6177608,0.0
2025-04-09T09:33:00Z,147abc6a,8bab4dff,a6177608,0.0
2025-04-09T09:36:00Z,147abc6a,8bab4dff,a6177608,0.0
2025-04-09T09:39:00Z,147abc6a,8bab4dff,a6177608,0.0
2025-04-09T09:42:00Z,147abc6a,8bab4dff,a6177608,0.0
2025-04-09T09:45:00Z,147abc6a,8bab4dff,a6177608,0.0
2025-04-09T09:48:00Z,147abc6a,8bab4dff,a6177608,0.0
2025-04-09T09:51:00Z,147abc6a,8bab4dff,a6177608,0.0
2025-04-09T09:54:00Z,147abc6a,8bab4dff,a6177608,0.0
2025-04-09T09:57:00Z,147abc6a,8bab4dff,a6177608,0.0
2025-04-09T10:00:00Z,147abc6a,8bab4dff,a6177608,0.0
2025-04-09T10:03:00Z,147abc6a,8bab4dff,a6177608,0.0
2025-04-09T10:06:00Z,147abc6a,8bab4dff,a6177608,0.0
2025-04-09T10:09:00Z,147abc6a,8bab4dff,a6177608,0.0
2025-04-09T10:12:00Z,147abc6a,8bab4dff,a6177608,0.0
2025-04-09T10:15:00Z,147abc6a,8bab4dff,a6177608,0.0
2025-04-09T10:18:00Z,147abc6a,8bab4dff,a6177608,0.14
2025-04-09T10:21:00Z,147abc6a,8bab4dff,a6177608,0.0
2025-04-09T10:24:00Z,147abc6a,8bab4dff,a6177608,0.0
2025-04-09T10:27:00Z,147abc6a,8bab4dff,a6177608,0.0
2025-04-09T10:30:00Z,147abc6a,8bab4dff,a6177608,0.0
2025-04-09T10:33:00Z,147abc6a,8bab4dff,a6177608,0.0
2025-04-09T10:36:00Z,147abc6a,8bab4dff,a6177608,0.0
2025-04-09T10:39:00Z,147abc6a,8bab4dff,a6177608,0.0
2025-04-09T10:42:00Z,147abc6a,8bab4dff,a6177608,0.0
2025-04-09T10:45:00Z,147abc6a,8bab4dff,a6177608,0.0
2025-04-09T10:48:00Z,147abc6a,8bab4dff,a6177608,0.0
2025-04-09T10:51:00Z,147abc6a,8bab4dff,a6177608,0.0
2025-04-09T10:54:00Z,147abc6a,8bab4dff,a6177608,0.0
2025-04-09T10:57:00Z,147abc6a,8bab4dff,a6177608,0.0
2025-04-09T11:00:00Z,147abc6a,8bab4dff,a6177608,0.0
2025-04-09T11:03:00Z,147abc6a,8bab4dff,a6177608,0.0
2025-04-09T11:06:00Z,147abc6a,8bab4dff,a6177608,0.0
2025-04-09T11:09:00Z,147abc6a,8bab4dff,a6177608,0.0
2025-04-09T11:12:00Z,147abc6a,8bab4dff,a6177608,0.0
2025-04-09T11:15:00Z,147abc6a,8bab4dff,a6177608,0.0
2025-04-09T11:18:00Z,147abc6a,8bab4dff,a6177608,0.0
2025-04-09T11:21:00Z,147abc6a,8bab4dff,a6177608,0.0
2025-04-09T11:24:00Z,147abc6a,8bab4dff,a6177608,0.0
2025-04-09T11:27:00Z,147abc6a,8bab4dff,a6177608,0.0
2025-04-09T11:30:00Z,147abc6a,8bab4dff,a6177608,0.0
2025-04-09T11:33:00Z,147abc6a,8bab4dff,a6177608,0.0
2025-04-09T11:36:00Z,147abc6a,8bab4dff,a6177608,0.0
2025-04-09T11:39:00Z,147abc6a,8bab4dff,a6177608,0.0
2025-04-09T11:42:00Z,147abc6a,8bab4dff,a6177608,0.0
2025-04-09T11:45:00Z,147abc6a,8bab4dff,a6177608,0.0
2025-04-09T11:48:00Z,147abc6a,8bab4dff,a6177608,0.0
2025-04-09T11:51:00Z,147abc6a,8bab4dff,a6177608,0.0
2025-04-09T11:54:00Z,147abc6a,8bab4dff,a6177608,0.0
2025-04-09T11:57:00Z,147abc6a,8bab4dff,a6177608,0.0
2025-04-09T12:00:00Z,147abc6a,8bab4dff,a6177608,0.0
2025-04-09T12:03:00Z,147abc6a,8bab4dff,a6177608,0.0
2025-04-09T12:06:00Z,147abc6a,8bab4dff,a6177608,0.0
2025-04-09T12:09:00Z,147abc6a,8bab4dff,a6177608,0.0
2025-04-09T12:12:00Z,147abc6a,8bab4dff,a6177608,0.0
2025-04-09T12:15:00Z,147abc6a,8bab4dff,a6177608,0.0
2025-04-09T12:18:00Z,147abc6a,8bab4dff,a6177608,0.0
2025-04-09T12:21:00Z,147abc6a,8bab4dff,a6177608,0.0
2025-04-09T12:24:00Z,147abc6a,8bab4dff,a6177608,0.0
2025-04-09T12:27:00Z,147abc6a,8bab4dff,a6177608,0.0
2025-04-09T12:30:00Z,147abc6a,8bab4dff,a6177608,0.0
2025-04-09T12:33:00Z,147abc6a,8bab4dff,a6177608,0.0
2025-04-09T12:36:00Z,147abc6a,8bab4dff,a6177608,0.0
2025-04-09T12:39:00Z,147abc6a,8bab4dff,a6177608,0.0
2025-04-09T12:42:00Z,147abc6a,8bab4dff,a6177608,0.0
2025-04-09T12:45:00Z,147abc6a,8bab4dff,a6177608,0.0
2025-04-09T12:48:00Z,147abc6a,8bab4dff,a6177608,0.0
2025-04-09T12:51:00Z,147abc6a,8bab4dff,a6177608,0.0
2025-04-09T12:54:00Z,147abc6a,8bab4dff,a6177608,0.0
2025-04-09T12:57:00Z,147abc6a,8bab4dff,a6177608,0.0
2025-04-09T13:00:00Z,147abc6a,8bab4dff,a6177608,0.0
2025-04-09T13:03:00Z,147abc6a,8bab4dff,a6177608,0.0
2025-04-09T13:06:00Z,147abc6a,8bab4dff,a6177608,0.0
2025-04-09T13:09:00Z,147abc6a,8bab4dff,a6177608,0.0
2025-04-09T13:12:00Z,147abc6a,8bab4dff,a6177608,0.0
2025-04-09T13:15:00Z,147abc6a,8bab4dff,a6177608,0.0
2025-04-09T13:18:00Z,147abc6a,8bab4dff,a6177608,0.0
2025-04-09T13:21:00Z,147abc6a,8bab4dff,a6177608,0.0
2025-04-09T13:24:00Z,147abc6a,8bab4dff,a6177608,0.0
2025-04-09T13:27:00Z,147abc6a,8bab4dff,a6177608,0.0
2025-04-09T13:30:00Z,147abc6a,8bab4dff,a6177608,0.0
2025-04-09T13:33:00Z,147abc6a,8bab4dff,a6177608,0.0
2025-04-09T13:36:00Z,147abc6a,8bab4dff,a6177608,0.0
2025-04-09T13:39:00Z,147abc6a,8bab4dff,a6177608,0.0
2025-04-09T13:42:00Z,147abc6a,8bab4dff,a6177608,0.0
2025-04-09T13:45:00Z,147abc6a,8bab4dff,a6177608,0.0
2025-04-09T13:48:00Z,147abc6a,8bab4dff,a6177608,0.0
2025-04-09T13:51:00Z,147abc6a,8bab4dff,a6177608,0.0
2025-04-09T13:54:00Z,147abc6a,8bab4dff,a6177608,0.0
2025-04-09T13:57:00Z,147abc6a,8bab4dff,a6177608,0.0
2025-04-09T14:00:00Z,147abc6a,8bab4dff,a6177608,0.0
2025-04-09T14:03:00Z,147abc6a,8bab4dff,a6177608,0.0
2025-04-09T14:06:00Z,147abc6a,8bab4dff,a6177608,0.0
2025-04-09T14:09:00Z,147abc6a,8bab4dff,a6177608,0.0
2025-04-09T14:12:00Z,147abc6a,8bab4dff,a6177608,0.0
2025-04-09T14:15:00Z,147abc6a,8bab4dff,a6177608,0.0
2025-04-09T14:18:00Z,147abc6a,8bab4dff,a6177608,0.0
2025-04-09T14:21:00Z,147abc6a,8bab4dff,a6177608,0.0
2025-04-09T14:24:00Z,147abc6a,8bab4dff,a6177608,0.0
2025-04-09T14:27:00Z,147abc6a,8bab4dff,a6177608,0.0
2025-04-09T14:30:00Z,147abc6a,8bab4dff,a6177608,0.0
2025-04-09T14:33:00Z,147abc6a,8bab4dff,a6177608,0.0
2025-04-09T14:36:00Z,147abc6a,8bab4dff,a6177608,0.0
2025-04-09T14:39:00Z,147abc6a,8bab4dff,a6177608,0.0
2025-04-09T14:42:00Z,147abc6a,8bab4dff,a6177608,0.0
2025-04-09T14:45:00Z,147abc6a,8bab4dff,a6177608,0.0
2025-04-09T14:48:00Z,147abc6a,8bab4dff,a6177608,0.0
2025-04-09T14:51:00Z,147abc6a,8bab4dff,a6177608,0.0
2025-04-09T14:54:00Z,147abc6a,8bab4dff,a6177608,0.0
2025-04-09T14:57:00Z,147abc6a,8bab4dff,a6177608,0.0
2025-04-09T15:00:00Z,147abc6a,8bab4dff,a6177608,0.0
2025-04-09T15:03:00Z,147abc6a,8bab4dff,a6177608,0.0
2025-04-09T15:06:00Z,147abc6a,8bab4dff,a6177608,0.0
2025-04-09T15:09:00Z,147abc6a,8bab4dff,a6177608,0.0
2025-04-09T15:12:00Z,147abc6a,8bab4dff,a6177608,0.0
2025-04-09T15:15:00Z,147abc6a,8bab4dff,a6177608,0.0
2025-04-09T15:18:00Z,147abc6a,8bab4dff,a6177608,0.0
2025-04-09T15:21:00Z,147abc6a,8bab4dff,a6177608,0.0
2025-04-09T15:24:00Z,147abc6a,8bab4dff,a6177608,0.0
2025-04-09T15:27:00Z,147abc6a,8bab4dff,a6177608,0.0
2025-04-09T15:30:00Z,147abc6a,8bab4dff,a6177608,0.0
2025-04-09T15:33:00Z,147abc6a,8bab4dff,a6177608,0.0
2025-04-09T15:36:00Z,147abc6a,8bab4dff,a6177608,0.0
2025-04-09T15:39:00Z,147abc6a,8bab4dff,a6177608,0.0
2025-04-09T15:42:00Z,147abc6a,8bab4dff,a6177608,0.0
2025-04-09T15:45:00Z,147abc6a,8bab4dff,a6177608,0.0
2025-04-09T15:48:00Z,147abc6a,8bab4dff,a6177608,0.0
2025-04-09T15:51:00Z,147abc6a,8bab4dff,a6177608,0.0
2025-04-09T15:54:00Z,147abc6a,8bab4dff,a6177608,0.0
2025-04-09T15:57:00Z,147abc6a,8bab4dff,a6177608,0.0
2025-04-09T16:00:00Z,147abc6a,8bab4dff,a6177608,0.0
2025-04-09T16:03:00Z,147abc6a,8bab4dff,a6177608,0.0
2025-04-09T16:06:00Z,147abc6a,8bab4dff,a6177608,0.0
2025-04-09T16:09:00Z,147abc6a,8bab4dff,a6177608,0.0
2025-04-09T16:12:00Z,147abc6a,8bab4dff,a6177608,0.0
2025-04-09T16:15:00Z,147abc6a,8bab4dff,a6177608,0.0
2025-04-09T16:18:00Z,147abc6a,8bab4dff,a6177608,0.0
2025-04-09T16:21:00Z,147abc6a,8bab4dff,a6177608,0.0
2025-04-09T16:24:00Z,147abc6a,8bab4dff,a6177608,0.0
2025-04-09T16:27:00Z,147abc6a,8bab4dff,a6177608,0.0
2025-04-09T16:30:00Z,147abc6a,8bab4dff,a6177608,0.0
2025-04-09T16:33:00Z,147abc6a,8bab4dff,a6177608,0.0
2025-04-09T16:36:00Z,147abc6a,8bab4dff,a6177608,0.0
2025-04-09T16:39:00Z,147abc6a,8bab4dff,a6177608,0.0
2025-04-09T16:42:00Z,147abc6a,8bab4dff,a6177608,0.0
2025-04-09T16:45:00Z,147abc6a,8bab4dff,a6177608,0.0
2025-04-09T16:48:00Z,147abc6a,8bab4dff,a6177608,0.0
2025-04-09T16:51:00Z,147abc6a,8bab4dff,a6177608,0.0
2025-04-09T16:54:00Z,147abc6a,8bab4dff,a6177608,0.0
2025-04-09T16:57:00Z,147abc6a,8bab4dff,a6177608,0.0
2025-04-09T17:00:00Z,147abc6a,8bab4dff,a6177608,0.0
2025-04-09T17:03:00Z,147abc6a,8bab4dff,a6177608,0.0
2025-04-09T17:06:00Z,147abc6a,8bab4dff,a6177608,0.0
2025-04-09T17:09:00Z,147abc6a,8bab4dff,a6177608,0.0
2025-04-09T17:12:00Z,147abc6a,8bab4dff,a6177608,0.0
2025-04-09T17:15:00Z,147abc6a,8bab4dff,a6177608,0.0
2025-04-09T17:18:00Z,147abc6a,8bab4dff,a6177608,0.0
2025-04-09T17:21:00Z,147abc6a,8bab4dff,a6177608,0.0
2025-04-09T17:24:00Z,147abc6a,8bab4dff,a6177608,0.0
2025-04-09T17:27:00Z,147abc6a,8bab4dff,a6177608,0.0
2025-04-09T17:30:00Z,147abc6a,8bab4dff,a6177608,0.0
2025-04-09T17:33:00Z,147abc6a,8bab4dff,a6177608,0.0
2025-04-09T17:36:00Z,147abc6a,8bab4dff,a6177608,0.0
2025-04-09T17:39:00Z,147abc6a,8bab4dff,a6177608,0.0
2025-04-09T17:42:00Z,147abc6a,8bab4dff,a6177608,0.0
2025-04-09T17:45:00Z,147abc6a,8bab4dff,a6177608,0.0
2025-04-09T17:48:00Z,147abc6a,8bab4dff,a6177608,0.0
2025-04-09T17:51:00Z,147abc6a,8bab4dff,a6177608,0.0
2025-04-09T17:54:00Z,147abc6a,8bab4dff,a6177608,0.0
2025-04-09T17:57:00Z,147abc6a,8bab4dff,a6177608,0.0
2025-04-09T18:00:00Z,147abc6a,8bab4dff,a6177608,0.0
2025-04-09T18:03:00Z,147abc6a,8bab4dff,a6177608,0.0
2025-04-09T18:06:00Z,147abc6a,8bab4dff,a6177608,0.0
2025-04-09T18:09:00Z,147abc6a,8bab4dff,a6177608,0.0
2025-04-09T18:12:00Z,147abc6a,8bab4dff,a6177608,0.0
2025-04-09T18:15:00Z,147abc6a,8bab4dff,a6177608,0.0
2025-04-09T18:18:00Z,147abc6a,8bab4dff,a6177608,0.0
2025-04-09T18:21:00Z,147abc6a,8bab4dff,a6177608,0.0
2025-04-09T18:24:00Z,147abc6a,8bab4dff,a6177608,0.0
2025-04-09T18:27:00Z,147abc6a,8bab4dff,a6177608,0.0
2025-04-09T18:30:00Z,147abc6a,8bab4dff,a6177608,0.0
2025-04-09T18:33:00Z,147abc6a,8bab4dff,a6177608,0.0
2025-04-09T18:36:00Z,147abc6a,8bab4dff,a6177608,0.0
2025-04-09T18:39:00Z,147abc6a,8bab4dff,a6177608,0.0
2025-04-09T18:42:00Z,147abc6a,8bab4dff,a6177608,0.0
2025-04-09T18:45:00Z,147abc6a,8bab4dff,a6177608,0.0
2025-04-09T18:48:00Z,147abc6a,8bab4dff,a6177608,0.0
2025-04-09T18:51:00Z,147abc6a,8bab4dff,a6177608,0.0
2025-04-09T18:54:00Z,147abc6a,8bab4dff,a6177608,0.0
2025-04-09T18:57:00Z,147abc6a,8bab4dff,a6177608,0.0
2025-04-09T19:00:00Z,147abc6a,8bab4dff,a6177608,0.0
2025-04-09T19:03:00Z,147abc6a,8bab4dff,a6177608,0.0
2025-04-09T19:06:00Z,147abc6a,8bab4dff,a6177608,0.0
2025-04-09T19:09:00Z,147abc6a,8bab4dff,a6177608,0.0
2025-04-09T19:12:00Z,147abc6a,8bab4dff,a6177608,0.0
2025-04-09T19:15:00Z,147abc6a,8bab4dff,a6177608,0.0
2025-04-09T19:18:00Z,147abc6a,8bab4dff,a6177608,0.0
2025-04-09T19:21:00Z,147abc6a,8bab4dff,a6177608,0.0
2025-04-09T19:24:00Z,147abc6a,8bab4dff,a6177608,0.0
2025-04-09T19:27:00Z,147abc6a,8bab4dff,a6177608,0.0
2025-04-09T19:30:00Z,147abc6a,8bab4dff,a6177608,0.0
2025-04-09T19:33:00Z,147abc6a,8bab4dff,a6177608,0.0
2025-04-09T19:36:00Z,147abc6a,8bab4dff,a6177608,0.0
2025-04-09T19:39:00Z,147abc6a,8bab4dff,a6177608,0.0
2025-04-09T19:42:00Z,147abc6a,8bab4dff,a6177608,0.0
2025-04-09T19:45:00Z,147abc6a,8bab4dff,a6177608,0.0
2025-04-09T19:48:00Z,147abc6a,8bab4dff,a6177608,0.0
2025-04-09T19:51:00Z,147abc6a,8bab4dff,a6177608,0.0
2025-04-09T19:54:00Z,147abc6a,8bab4dff,a6177608,0.0
2025-04-09T19:57:00Z,147abc6a,8bab4dff,a6177608,0.0
2025-04-09T20:00:00Z,147abc6a,8bab4dff,a6177608,0.0
2025-04-09T20:03:00Z,147abc6a,8bab4dff,a6177608,0.0
2025-04-09T20:06:00Z,147abc6a,8bab4dff,a6177608,0.0
2025-04-09T20:09:00Z,147abc6a,8bab4dff,a6177608,0.0
2025-04-09T20:12:00Z,147abc6a,8bab4dff,a6177608,0.0
2025-04-09T20:15:00Z,147abc6a,8bab4dff,a6177608,0.0
2025-04-09T20:18:00Z,147abc6a,8bab4dff,a6177608,0.0
2025-04-09T20:21:00Z,147abc6a,8bab4dff,a6177608,0.0
2025-04-09T20:24:00Z,147abc6a,8bab4dff,a6177608,0.0
2025-04-09T20:27:00Z,147abc6a,8bab4dff,a6177608,0.0
2025-04-09T20:30:00Z,147abc6a,8bab4dff,a6177608,0.0
2025-04-09T20:33:00Z,147abc6a,8bab4dff,a6177608,0.0
2025-04-09T20:36:00Z,147abc6a,8bab4dff,a6177608,0.0
2025-04-09T20:39:00Z,147abc6a,8bab4dff,a6177608,0.0
2025-04-09T20:42:00Z,147abc6a,8bab4dff,a6177608,0.0
2025-04-09T20:45:00Z,147abc6a,8bab4dff,a6177608,0.0
2025-04-09T20:48:00Z,147abc6a,8bab4dff,a6177608,0.0
2025-04-09T20:51:00Z,147abc6a,8bab4dff,a6177608,0.0
2025-04-09T20:54:00Z,147abc6a,8bab4dff,a6177608,0.0
2025-04-09T20:57:00Z,147abc6a,8bab4dff,a6177608,0.0
2025-04-09T21:00:00Z,147abc6a,8bab4dff,a6177608,0.0
2025-04-09T21:03:00Z,147abc6a,8bab4dff,a6177608,0.0
2025-04-09T21:06:00Z,147abc6a,8bab4dff,a6177608,0.0
2025-04-09T21:09:00Z,147abc6a,8bab4dff,a6177608,0.0
2025-04-09T21:12:00Z,147abc6a,8bab4dff,a6177608,0.0
2025-04-09T21:15:00Z,147abc6a,8bab4dff,a6177608,0.0
2025-04-09T21:18:00Z,147abc6a,8bab4dff,a6177608,0.0
2025-04-09T21:21:00Z,147abc6a,8bab4dff,a6177608,0.0
2025-04-09T21:24:00Z,147abc6a,8bab4dff,a6177608,0.0
2025-04-09T21:27:00Z,147abc6a,8bab4dff,a6177608,0.0
2025-04-09T21:30:00Z,147abc6a,8bab4dff,a6177608,0.0
2025-04-09T21:33:00Z,147abc6a,8bab4dff,a6177608,0.0
2025-04-09T21:36:00Z,147abc6a,8bab4dff,a6177608,0.0
2025-04-09T21:39:00Z,147abc6a,8bab4dff,a6177608,0.0
2025-04-09T21:42:00Z,147abc6a,8bab4dff,a6177608,0.0
2025-04-09T21:45:00Z,147abc6a,8bab4dff,a6177608,0.0
2025-04-09T21:48:00Z,147abc6a,8bab4dff,a6177608,0.0
2025-04-09T21:51:00Z,147abc6a,8bab4dff,a6177608,0.02
2025-04-09T21:54:00Z,147abc6a,8bab4dff,a6177608,0.0
2025-04-09T21:57:00Z,147abc6a,8bab4dff,a6177608,0.0
2025-04-09T22:00:00Z,147abc6a,8bab4dff,a6177608,0.0
2025-04-09T22:03:00Z,147abc6a,8bab4dff,a6177608,0.0
2025-04-09T22:06:00Z,147abc6a,8bab4dff,a6177608,0.0
2025-04-09T22:09:00Z,147abc6a,8bab4dff,a6177608,0.0
2025-04-09T22:12:00Z,147abc6a,8bab4dff,a6177608,0.0
2025-04-09T22:15:00Z,147abc6a,8bab4dff,a6177608,0.0
2025-04-09T22:18:00Z,147abc6a,8bab4dff,a6177608,0.0
2025-04-09T22:21:00Z,147abc6a,8bab4dff,a6177608,0.0
2025-04-09T22:24:00Z,147abc6a,8bab4dff,a6177608,0.0
2025-04-09T22:27:00Z,147abc6a,8bab4dff,a6177608,0.0
2025-04-09T22:30:00Z,147abc6a,8bab4dff,a6177608,0.0
2025-04-09T22:33:00Z,147abc6a,8bab4dff,a6177608,0.0
2025-04-09T22:36:00Z,147abc6a,8bab4dff,a6177608,0.0
2025-04-09T22:39:00Z,147abc6a,8bab4dff,a6177608,0.0
2025-04-09T22:42:00Z,147abc6a,8bab4dff,a6177608,0.0
2025-04-09T22:45:00Z,147abc6a,8bab4dff,a6177608,0.0
2025-04-09T22:48:00Z,147abc6a,8bab4dff,a6177608,0.0
2025-04-09T22:51:00Z,147abc6a,8bab4dff,a6177608,0.0
2025-04-09T22:54:00Z,147abc6a,8bab4dff,a6177608,0.0
2025-04-09T22:57:00Z,147abc6a,8bab4dff,a6177608,0.0
2025-04-09T23:00:00Z,147abc6a,8bab4dff,a6177608,0.0
2025-04-09T23:03:00Z,147abc6a,8bab4dff,a6177608,0.0
2025-04-09T23:06:00Z,147abc6a,8bab4dff,a6177608,0.0
2025-04-09T23:09:00Z,147abc6a,8bab4dff,a6177608,0.0
2025-04-09T23:12:00Z,147abc6a,8bab4dff,a6177608,0.0
2025-04-09T23:15:00Z,147abc6a,8bab4dff,a6177608,0.0
2025-04-09T23:18:00Z,147abc6a,8bab4dff,a6177608,0.0
2025-04-09T23:21:00Z,147abc6a,8bab4dff,a6177608,0.0
2025-04-09T23:24:00Z,147abc6a,8bab4dff,a6177608,0.0
2025-04-09T23:27:00Z,147abc6a,8bab4dff,a6177608,0.0
2025-04-09T23:30:00Z,147abc6a,8bab4dff,a6177608,0.0
2025-04-09T23:33:00Z,147abc6a,8bab4dff,a6177608,0.0
2025-04-09T23:36:00Z,147abc6a,8bab4dff,a6177608,0.0
2025-04-09T23:39:00Z,147abc6a,8bab4dff,a6177608,0.0
2025-04-09T23:42:00Z,147abc6a,8bab4dff,a6177608,0.0
2025-04-09T23:45:00Z,147abc6a,8bab4dff,a6177608,0.0
2025-04-09T23:48:00Z,147abc6a,8bab4dff,a6177608,0.0
2025-04-09T23:51:00Z,147abc6a,8bab4dff,a6177608,0.0
2025-04-09T23:54:00Z,147abc6a,8bab4dff,a6177608,0.0
2025-04-09T23:57:00Z,147abc6a,8bab4dff,a6177608,0.0
2025-04-10T00:00:00Z,147abc6a,8bab4dff,a6177608,0.0
2025-04-10T00:03:00Z,147abc6a,8bab4dff,a6177608,0.0
2025-04-10T00:06:00Z,147abc6a,8bab4dff,a6177608,0.0
2025-04-10T00:09:00Z,147abc6a,8bab4dff,a6177608,0.0
2025-04-10T00:12:00Z,147abc6a,8bab4dff,a6177608,0.0
2025-04-10T00:15:00Z,147abc6a,8bab4dff,a6177608,0.0
2025-04-10T00:18:00Z,147abc6a,8bab4dff,a6177608,0.0
2025-04-10T00:21:00Z,147abc6a,8bab4dff,a6177608,0.0
2025-04-10T00:24:00Z,147abc6a,8bab4dff,a6177608,0.0
2025-04-10T00:27:00Z,147abc6a,8bab4dff,a6177608,0.0
2025-04-10T00:30:00Z,147abc6a,8bab4dff,a6177608,0.0
2025-04-10T00:33:00Z,147abc6a,8bab4dff,a6177608,0.0
2025-04-10T00:36:00Z,147abc6a,8bab4dff,a6177608,0.0
2025-04-10T00:39:00Z,147abc6a,8bab4dff,a6177608,0.0
2025-04-10T00:42:00Z,147abc6a,8bab4dff,a6177608,0.0
2025-04-10T00:45:00Z,147abc6a,8bab4dff,a6177608,0.0
2025-04-10T00:48:00Z,147abc6a,8bab4dff,a6177608,0.0
2025-04-10T00:51:00Z,147abc6a,8bab4dff,a6177608,0.0
2025-04-10T00:54:00Z,147abc6a,8bab4dff,a6177608,0.0
2025-04-10T00:57:00Z,147abc6a,8bab4dff,a6177608,0.0
2025-04-10T01:00:00Z,147abc6a,8bab4dff,a6177608,0.0
2025-04-10T01:03:00Z,147abc6a,8bab4dff,a6177608,0.0
2025-04-10T01:06:00Z,147abc6a,8bab4dff,a6177608,0.0
2025-04-10T01:09:00Z,147abc6a,8bab4dff,a6177608,0.0
2025-04-10T01:12:00Z,147abc6a,8bab4dff,a6177608,0.0
2025-04-10T01:15:00Z,147abc6a,8bab4dff,a6177608,0.0
2025-04-10T01:18:00Z,147abc6a,8bab4dff,a6177608,0.0
2025-04-10T01:21:00Z,147abc6a,8bab4dff,a6177608,0.0
2025-04-10T01:24:00Z,147abc6a,8bab4dff,a6177608,0.0
2025-04-10T01:27:00Z,147abc6a,8bab4dff,a6177608,0.0
2025-04-10T01:30:00Z,147abc6a,8bab4dff,a6177608,0.0
2025-04-10T01:33:00Z,147abc6a,8bab4dff,a6177608,0.0
2025-04-10T01:36:00Z,147abc6a,8bab4dff,a6177608,0.0
2025-04-10T01:39:00Z,147abc6a,8bab4dff,a6177608,0.0
2025-04-10T01:42:00Z,147abc6a,8bab4dff,a6177608,0.0
2025-04-10T01:45:00Z,147abc6a,8bab4dff,a6177608,0.0
2025-04-10T01:48:00Z,147abc6a,8bab4dff,a6177608,0.0
2025-04-10T01:51:00Z,147abc6a,8bab4dff,a6177608,0.0
2025-04-10T01:54:00Z,147abc6a,8bab4dff,a6177608,0.0
2025-04-10T01:57:00Z,147abc6a,8bab4dff,a6177608,0.0
2025-04-10T02:00:00Z,147abc6a,8bab4dff,a6177608,0.0
2025-04-10T02:03:00Z,147abc6a,8bab4dff,a6177608,0.0
2025-04-10T02:06:00Z,147abc6a,8bab4dff,a6177608,0.0
2025-04-10T02:09:00Z,147abc6a,8bab4dff,a6177608,0.0
2025-04-10T02:12:00Z,147abc6a,8bab4dff,a6177608,0.0
2025-04-10T02:15:00Z,147abc6a,8bab4dff,a6177608,0.0
2025-04-10T02:18:00Z,147abc6a,8bab4dff,a6177608,0.0
2025-04-10T02:21:00Z,147abc6a,8bab4dff,a6177608,0.0
2025-04-10T02:24:00Z,147abc6a,8bab4dff,a6177608,0.0
2025-04-10T02:27:00Z,147abc6a,8bab4dff,a6177608,0.0
2025-04-10T02:30:00Z,147abc6a,8bab4dff,a6177608,0.0
2025-04-10T02:33:00Z,147abc6a,8bab4dff,a6177608,0.0
2025-04-10T02:36:00Z,147abc6a,8bab4dff,a6177608,0.0
2025-04-10T02:39:00Z,147abc6a,8bab4dff,a6177608,0.0
2025-04-10T02:42:00Z,147abc6a,8bab4dff,a6177608,0.0
2025-04-10T02:45:00Z,147abc6a,8bab4dff,a6177608,0.0
2025-04-10T02:48:00Z,147abc6a,8bab4dff,a6177608,0.0
2025-04-10T02:51:00Z,147abc6a,8bab4dff,a6177608,0.0
2025-04-10T02:54:00Z,147abc6a,8bab4dff,a6177608,0.0
2025-04-10T02:57:00Z,147abc6a,8bab4dff,a6177608,0.0
2025-04-10T03:00:00Z,147abc6a,8bab4dff,a6177608,0.0
2025-04-10T03:03:00Z,147abc6a,8bab4dff,a6177608,0.0
2025-04-10T03:06:00Z,147abc6a,8bab4dff,a6177608,0.0
2025-04-10T03:09:00Z,147abc6a,8bab4dff,a6177608,0.0
2025-04-10T03:12:00Z,147abc6a,8bab4dff,a6177608,0.0
2025-04-10T03:15:00Z,147abc6a,8bab4dff,a6177608,0.0
2025-04-10T03:18:00Z,147abc6a,8bab4dff,a6177608,0.0
2025-04-10T03:21:00Z,147abc6a,8bab4dff,a6177608,0.0
2025-04-10T03:24:00Z,147abc6a,8bab4dff,a6177608,0.0
2025-04-10T03:27:00Z,147abc6a,8bab4dff,a6177608,0.0
2025-04-10T03:30:00Z,147abc6a,8bab4dff,a6177608,0.0
2025-04-10T03:33:00Z,147abc6a,8bab4dff,a6177608,0.0
2025-04-10T03:36:00Z,147abc6a,8bab4dff,a6177608,0.0
2025-04-10T03:39:00Z,147abc6a,8bab4dff,a6177608,0.0
2025-04-10T03:42:00Z,147abc6a,8bab4dff,a6177608,0.0
2025-04-10T03:45:00Z,147abc6a,8bab4dff,a6177608,0.0
2025-04-10T03:48:00Z,147abc6a,8bab4dff,a6177608,0.0
2025-04-10T03:51:00Z,147abc6a,8bab4dff,a6177608,0.0
2025-04-10T03:54:00Z,147abc6a,8bab4dff,a6177608,0.0
2025-04-10T03:57:00Z,147abc6a,8bab4dff,a6177608,0.0
2025-04-10T04:00:00Z,147abc6a,8bab4dff,a6177608,0.0
2025-04-10T04:03:00Z,147abc6a,8bab4dff,a6177608,0.0
2025-04-10T04:06:00Z,147abc6a,8bab4dff,a6177608,0.0
2025-04-10T04:09:00Z,147abc6a,8bab4dff,a6177608,0.0
2025-04-10T04:12:00Z,147abc6a,8bab4dff,a6177608,0.0
2025-04-10T04:15:00Z,147abc6a,8bab4dff,a6177608,0.0
2025-04-10T04:18:00Z,147abc6a,8bab4dff,a6177608,0.0
2025-04-10T04:21:00Z,147abc6a,8bab4dff,a6177608,0.0
2025-04-10T04:24:00Z,147abc6a,8bab4dff,a6177608,0.0
2025-04-10T04:27:00Z,147abc6a,8bab4dff,a6177608,0.0
2025-04-10T04:30:00Z,147abc6a,8bab4dff,a6177608,0.0
2025-04-10T04:33:00Z,147abc6a,8bab4dff,a6177608,0.0
2025-04-10T04:36:00Z,147abc6a,8bab4dff,a6177608,0.0
2025-04-10T04:39:00Z,147abc6a,8bab4dff,a6177608,0.0
2025-04-10T04:42:00Z,147abc6a,8bab4dff,a6177608,0.0
2025-04-10T04:45:00Z,147abc6a,8bab4dff,a6177608,0.0
2025-04-10T04:48:00Z,147abc6a,8bab4dff,a6177608,0.0
2025-04-10T04:51:00Z,147abc6a,8bab4dff,a6177608,0.0
2025-04-10T04:54:00Z,147abc6a,8bab4dff,a6177608,0.0
2025-04-10T04:57:00Z,147abc6a,8bab4dff,a6177608,0.0
2025-04-10T05:00:00Z,147abc6a,8bab4dff,a6177608,0.0
2025-04-10T05:03:00Z,147abc6a,8bab4dff,a6177608,0.04
2025-04-10T05:06:00Z,147abc6a,8bab4dff,a6177608,0.0
2025-04-10T05:09:00Z,147abc6a,8bab4dff,a6177608,0.0
2025-04-10T05:12:00Z,147abc6a,8bab4dff,a6177608,0.0
2025-04-10T05:15:00Z,147abc6a,8bab4dff,a6177608,0.0
2025-04-10T05:18:00Z,147abc6a,8bab4dff,a6177608,0.0
2025-04-10T05:21:00Z,147abc6a,8bab4dff,a6177608,0.0
2025-04-10T05:24:00Z,147abc6a,8bab4dff,a6177608,0.0
2025-04-10T05:27:00Z,147abc6a,8bab4dff,a6177608,0.0
2025-04-10T05:30:00Z,147abc6a,8bab4dff,a6177608,0.0
2025-04-10T05:33:00Z,147abc6a,8bab4dff,a6177608,0.0
2025-04-10T05:36:00Z,147abc6a,8bab4dff,a6177608,0.0
2025-04-10T05:39:00Z,147abc6a,8bab4dff,a6177608,0.0
2025-04-10T05:42:00Z,147abc6a,8bab4dff,a6177608,0.0
2025-04-10T05:45:00Z,147abc6a,8bab4dff,a6177608,0.0
2025-04-10T05:48:00Z,147abc6a,8bab4dff,a6177608,0.0
2025-04-10T05:51:00Z,147abc6a,8bab4dff,a6177608,0.0
2025-04-10T05:54:00Z,147abc6a,8bab4dff,a6177608,0.0
2025-04-10T05:57:00Z,147abc6a,8bab4dff,a6177608,0.0
2025-04-10T06:00:00Z,147abc6a,8bab4dff,a6177608,0.0
2025-04-10T06:03:00Z,147abc6a,8bab4dff,a6177608,0.0
2025-04-10T06:06:00Z,147abc6a,8bab4dff,a6177608,0.0
2025-04-10T06:09:00Z,147abc6a,8bab4dff,a6177608,0.0
2025-04-10T06:12:00Z,147abc6a,8bab4dff,a6177608,0.0
2025-04-10T06:15:00Z,147abc6a,8bab4dff,a6177608,0.0
2025-04-10T06:18:00Z,147abc6a,8bab4dff,a6177608,0.0
2025-04-10T06:21:00Z,147abc6a,8bab4dff,a6177608,0.0
2025-04-10T06:24:00Z,147abc6a,8bab4dff,a6177608,0.0
2025-04-10T06:27:00Z,147abc6a,8bab4dff,a6177608,0.0
2025-04-10T06:30:00Z,147abc6a,8bab4dff,a6177608,0.0
2025-04-10T06:33:00Z,147abc6a,8bab4dff,a6177608,0.0
2025-04-10T06:36:00Z,147abc6a,8bab4dff,a6177608,0.0
2025-04-10T06:39:00Z,147abc6a,8bab4dff,a6177608,0.0
2025-04-10T06:42:00Z,147abc6a,8bab4dff,a6177608,0.0
2025-04-10T06:45:00Z,147abc6a,8bab4dff,a6177608,0.0
2025-04-10T06:48:00Z,147abc6a,8bab4dff,a6177608,0.0
2025-04-10T06:51:00Z,147abc6a,8bab4dff,a6177608,0.0
2025-04-10T06:54:00Z,147abc6a,8bab4dff,a6177608,0.15
2025-04-10T06:57:00Z,147abc6a,8bab4dff,a6177608,0.0
2025-04-10T07:00:00Z,147abc6a,8bab4dff,a6177608,0.0
2025-04-10T07:03:00Z,147abc6a,8bab4dff,a6177608,0.0
2025-04-10T07:06:00Z,147abc6a,8bab4dff,a6177608,0.0
2025-04-10T07:09:00Z,147abc6a,8bab4dff,a6177608,0.0
2025-04-10T07:12:00Z,147abc6a,8bab4dff,a6177608,0.0
2025-04-10T07:15:00Z,147abc6a,8bab4dff,a6177608,0.0
2025-04-10T07:18:00Z,147abc6a,8bab4dff,a6177608,0.0
2025-04-10T07:21:00Z,147abc6a,8bab4dff,a6177608,0.0
2025-04-10T07:24:00Z,147abc6a,8bab4dff,a6177608,0.0
2025-04-10T07:27:00Z,147abc6a,8bab4dff,a6177608,0.0
2025-04-10T07:30:00Z,147abc6a,8bab4dff,a6177608,0.0
2025-04-10T07:33:00Z,147abc6a,8bab4dff,a6177608,0.0
2025-04-10T07:36:00Z,147abc6a,8bab4dff,a6177608,0.0
2025-04-10T07:39:00Z,147abc6a,8bab4dff,a6177608,0.0
2025-04-10T07:42:00Z,147abc6a,8bab4dff,a6177608,0.0
2025-04-10T07:45:00Z,147abc6a,8bab4dff,a6177608,0.0
2025-04-10T07:48:00Z,147abc6a,8bab4dff,a6177608,0.0
2025-04-10T07:51:00Z,147abc6a,8bab4dff,a6177608,0.0
2025-04-10T07:54:00Z,147abc6a,8bab4dff,a6177608,0.0
2025-04-10T07:57:00Z,147abc6a,8bab4dff,a6177608,0.0
2025-04-10T08:00:00Z,147abc6a,8bab4dff,a6177608,0.0
2025-04-10T08:03:00Z,147abc6a,8bab4dff,a6177608,0.0
2025-04-10T08:06:00Z,147abc6a,8bab4dff,a6177608,0.0
2025-04-10T08:09:00Z,147abc6a,8bab4dff,a6177608,0.0
2025-04-10T08:12:00Z,147abc6a,8bab4dff,a6177608,0.0
2025-04-10T08:15:00Z,147abc6a,8bab4dff,a6177608,0.0
2025-04-10T08:18:00Z,147abc6a,8bab4dff,a6177608,0.0
2025-04-10T08:21:00Z,147abc6a,8bab4dff,a6177608,0.0
2025-04-10T08:24:00Z,147abc6a,8bab4dff,a6177608,0.0
2025-04-10T08:27:00Z,147abc6a,8bab4dff,a6177608,0.0
2025-04-10T08:30:00Z,147abc6a,8bab4dff,a6177608,0.0
2025-04-10T08:33:00Z,147abc6a,8bab4dff,a6177608,0.0
2025-04-10T08:36:00Z,147abc6a,8bab4dff,a6177608,0.0
2025-04-10T08:39:00Z,147abc6a,8bab4dff,a6177608,0.0
2025-04-10T08:42:00Z,147abc6a,8bab4dff,a6177608,0.0
2025-04-10T08:45:00Z,147abc6a,8bab4dff,a6177608,0.0
2025-04-10T08:48:00Z,147abc6a,8bab4dff,a6177608,0.0
2025-04-10T08:51:00Z,147abc6a,8bab4dff,a6177608,0.0
2025-04-10T08:54:00Z,147abc6a,8bab4dff,a6177608,0.0
2025-04-10T08:57:00Z,147abc6a,8bab4dff,a6177608,0.0
2025-04-10T09:00:00Z,147abc6a,8bab4dff,a6177608,0.0
2025-04-10T09:03:00Z,147abc6a,8bab4dff,a6177608,0.0
2025-04-10T09:06:00Z,147abc6a,8bab4dff,a6177608,0.0
2025-04-10T09:09:00Z,147abc6a,8bab4dff,a6177608,0.0
2025-04-10T09:12:00Z,147abc6a,8bab4dff,a6177608,0.0
2025-04-10T09:15:00Z,147abc6a,8bab4dff,a6177608,0.0
2025-04-10T09:18:00Z,147abc6a,8bab4dff,a6177608,0.0
2025-04-10T09:21:00Z,147abc6a,8bab4dff,a6177608,0.0
2025-04-10T09:24:00Z,147abc6a,8bab4dff,a6177608,0.0
2025-04-10T09:27:00Z,147abc6a,8bab4dff,a6177608,0.0
2025-04-10T09:30:00Z,147abc6a,8bab4dff,a6177608,0.0
2025-04-10T09:33:00Z,147abc6a,8bab4dff,a6177608,0.0
2025-04-10T09:36:00Z,147abc6a,8bab4dff,a6177608,0.0
2025-04-10T09:39:00Z,147abc6a,8bab4dff,a6177608,0.0
2025-04-10T09:42:00Z,147abc6a,8bab4dff,a6177608,0.0
2025-04-10T09:45:00Z,147abc6a,8bab4dff,a6177608,0.0
2025-04-10T09:48:00Z,147abc6a,8bab4dff,a6177608,0.0
2025-04-10T09:51:00Z,147abc6a,8bab4dff,a6177608,0.0
2025-04-10T09:54:00Z,147abc6a,8bab4dff,a6177608,0.0
2025-04-10T09:57:00Z,147abc6a,8bab4dff,a6177608,0.0
2025-04-10T10:00:00Z,147abc6a,8bab4dff,a6177608,0.0
2025-04-10T10:03:00Z,147abc6a,8bab4dff,a6177608,0.0
2025-04-10T10:06:00Z,147abc6a,8bab4dff,a6177608,0.0
2025-04-10T10:09:00Z,147abc6a,8bab4dff,a6177608,0.0
2025-04-10T10:12:00Z,147abc6a,8bab4dff,a6177608,0.0
2025-04-10T10:15:00Z,147abc6a,8bab4dff,a6177608,0.0
2025-04-10T10:18:00Z,147abc6a,8bab4dff,a6177608,0.0
2025-04-10T10:21:00Z,147abc6a,8bab4dff,a6177608,0.0
2025-04-10T10:24:00Z,147abc6a,8bab4dff,a6177608,0.0
2025-04-10T10:27:00Z,147abc6a,8bab4dff,a6177608,0.0
2025-04-10T10:30:00Z,147abc6a,8bab4dff,a6177608,0.0
2025-04-10T10:33:00Z,147abc6a,8bab4dff,a6177608,0.0
2025-04-10T10:36:00Z,147abc6a,8bab4dff,a6177608,0.0
2025-04-10T10:39:00Z,147abc6a,8bab4dff,a6177608,0.0
2025-04-10T10:42:00Z,147abc6a,8bab4dff,a6177608,0.0
2025-04-10T10:45:00Z,147abc6a,8bab4dff,a6177608,0.0
2025-04-10T10:48:00Z,147abc6a,8bab4dff,a6177608,0.0
2025-04-10T10:51:00Z,147abc6a,8bab4dff,a6177608,0.0
2025-04-10T10:54:00Z,147abc6a,8bab4dff,a6177608,0.0
2025-04-10T10:57:00Z,147abc6a,8bab4dff,a6177608,0.0
2025-04-10T11:00:00Z,147abc6a,8bab4dff,a6177608,0.0
2025-04-10T11:03:00Z,147abc6a,8bab4dff,a6177608,0.0
2025-04-10T11:06:00Z,147abc6a,8bab4dff,a6177608,0.0
2025-04-10T11:09:00Z,147abc6a,8bab4dff,a6177608,0.0
2025-04-10T11:12:00Z,147abc6a,8bab4dff,a6177608,0.0
2025-04-10T11:15:00Z,147abc6a,8bab4dff,a6177608,0.0
2025-04-10T11:18:00Z,147abc6a,8bab4dff,a6177608,0.0
2025-04-10T11:21:00Z,147abc6a,8bab4dff,a6177608,0.0
2025-04-10T11:24:00Z,147abc6a,8bab4dff,a6177608,0.0
2025-04-10T11:27:00Z,147abc6a,8bab4dff,a6177608,0.0
2025-04-10T11:30:00Z,147abc6a,8bab4dff,a6177608,0.0
2025-04-10T11:33:00Z,147abc6a,8bab4dff,a6177608,0.0
2025-04-10T11:36:00Z,147abc6a,8bab4dff,a6177608,0.0
2025-04-10T11:39:00Z,147abc6a,8bab4dff,a6177608,0.0
2025-04-10T11:42:00Z,147abc6a,8bab4dff,a6177608,0.0
2025-04-10T11:45:00Z,147abc6a,8bab4dff,a6177608,0.0
2025-04-10T11:48:00Z,147abc6a,8bab4dff,a6177608,0.0
2025-04-10T11:51:00Z,147abc6a,8bab4dff,a6177608,0.0
2025-04-10T11:54:00Z,147abc6a,8bab4dff,a6177608,0.0
2025-04-10T11:57:00Z,147abc6a,8bab4dff,a6177608,0.0
2025-04-10T12:00:00Z,147abc6a,8bab4dff,a6177608,0.0
2025-04-10T12:03:00Z,147abc6a,8bab4dff,a6177608,0.0
2025-04-10T12:06:00Z,147abc6a,8bab4dff,a6177608,0.0
2025-04-10T12:09:00Z,147abc6a,8bab4dff,a6177608,0.0
2025-04-10T12:12:00Z,147abc6a,8bab4dff,a6177608,0.0
2025-04-10T12:15:00Z,147abc6a,8bab4dff,a6177608,0.0
2025-04-10T12:18:00Z,147abc6a,8bab4dff,a6177608,0.0
2025-04-10T12:21:00Z,147abc6a,8bab4dff,a6177608,0.0
2025-04-10T12:24:00Z,147abc6a,8bab4dff,a6177608,0.0
2025-04-10T12:27:00Z,147abc6a,8bab4dff,a6177608,0.0
2025-04-10T12:30:00Z,147abc6a,8bab4dff,a6177608,0.0
2025-04-10T12:33:00Z,147abc6a,8bab4dff,a6177608,0.0
2025-04-10T12:36:00Z,147abc6a,8bab4dff,a6177608,0.0
2025-04-10T12:39:00Z,147abc6a,8bab4dff,a6177608,0.0
2025-04-10T12:42:00Z,147abc6a,8bab4dff,a6177608,0.0
2025-04-10T12:45:00Z,147abc6a,8bab4dff,a6177608,0.0
2025-04-10T12:48:00Z,147abc6a,8bab4dff,a6177608,0.0
2025-04-10T12:51:00Z,147abc6a,8bab4dff,a6177608,0.0
2025-04-10T12:54:00Z,147abc6a,8bab4dff,a6177608,0.0
2025-04-10T12:57:00Z,147abc6a,8bab4dff,a6177608,0.0
2025-04-10T13:00:00Z,147abc6a,8bab4dff,a6177608,0.0
2025-04-10T13:03:00Z,147abc6a,8bab4dff,a6177608,0.0
2025-04-10T13:06:00Z,147abc6a,8bab4dff,a6177608,0.0
2025-04-10T13:09:00Z,147abc6a,8bab4dff,a6177608,0.0
2025-04-10T13:12:00Z,147abc6a,8bab4dff,a6177608,0.0
2025-04-10T13:15:00Z,147abc6a,8bab4dff,a6177608,0.0
2025-04-10T13:18:00Z,147abc6a,8bab4dff,a6177608,0.0
2025-04-10T13:21:00Z,147abc6a,8bab4dff,a6177608,0.0
2025-04-10T13:24:00Z,147abc6a,8bab4dff,a6177608,0.0
2025-04-10T13:27:00Z,147abc6a,8bab4dff,a6177608,0.0
2025-04-10T13:30:00Z,147abc6a,8bab4dff,a6177608,0.0
2025-04-10T13:33:00Z,147abc6a,8bab4dff,a6177608,0.0
2025-04-10T13:36:00Z,147abc6a,8bab4dff,a6177608,0.0
2025-04-10T13:39:00Z,147abc6a,8bab4dff,a6177608,0.0
2025-04-10T13:42:00Z,147abc6a,8bab4dff,a6177608,0.0
2025-04-10T13:45:00Z,147abc6a,8bab4dff,a6177608,0.0
2025-04-10T13:48:00Z,147abc6a,8bab4dff,a6177608,0.0
2025-04-10T13:51:00Z,147abc6a,8bab4dff,a6177608,0.0
2025-04-10T13:54:00Z,147abc6a,8bab4dff,a6177608,0.0
2025-04-10T13:57:00Z,147abc6a,8bab4dff,a6177608,0.0
2025-04-10T14:00:00Z,147abc6a,8bab4dff,a6177608,0.0
2025-04-10T14:03:00Z,147abc6a,8bab4dff,a6177608,0.0
2025-04-10T14:06:00Z,147abc6a,8bab4dff,a6177608,0.0
2025-04-10T14:09:00Z,147abc6a,8bab4dff,a6177608,0.0
2025-04-10T14:12:00Z,147abc6a,8bab4dff,a6177608,0.0
2025-04-10T14:15:00Z,147abc6a,8bab4dff,a6177608,0.0
2025-04-10T14:18:00Z,147abc6a,8bab4dff,a6177608,0.0
2025-04-10T14:21:00Z,147abc6a,8bab4dff,a6177608,0.0
2025-04-10T14:24:00Z,147abc6a,8bab4dff,a6177608,0.0
2025-04-10T14:27:00Z,147abc6a,8bab4dff,a6177608,0.0
2025-04-10T14:30:00Z,147abc6a,8bab4dff,a6177608,0.0
2025-04-10T14:33:00Z,147abc6a,8bab4dff,a6177608,0.0
2025-04-10T14:36:00Z,147abc6a,8bab4dff,a6177608,0.0
2025-04-10T14:39:00Z,147abc6a,8bab4dff,a6177608,0.0
2025-04-10T14:42:00Z,147abc6a,8bab4dff,a6177608,0.0
2025-04-10T14:45:00Z,147abc6a,8bab4dff,a6177608,0.0
2025-04-10T14:48:00Z,147abc6a,8bab4dff,a6177608,0.0
2025-04-10T14:51:00Z,147abc6a,8bab4dff,a6177608,0.0
2025-04-10T14:54:00Z,147abc6a,8bab4dff,a6177608,0.0
2025-04-10T14:57:00Z,147abc6a,8bab4dff,a6177608,0.0
2025-04-10T15:00:00Z,147abc6a,8bab4dff,a6177608,0.0
2025-04-10T15:03:00Z,147abc6a,8bab4dff,a6177608,0.0
2025-04-10T15:06:00Z,147abc6a,8bab4dff,a6177608,0.0
2025-04-10T15:09:00Z,147abc6a,8bab4dff,a6177608,0.0
2025-04-10T15:12:00Z,147abc6a,8bab4dff,a6177608,0.0
2025-04-10T15:15:00Z,147abc6a,8bab4dff,a6177608,0.0
2025-04-10T15:18:00Z,147abc6a,8bab4dff,a6177608,0.0
2025-04-10T15:21:00Z,147abc6a,8bab4dff,a6177608,0.0
2025-04-10T15:24:00Z,147abc6a,8bab4dff,a6177608,0.0
2025-04-10T15:27:00Z,147abc6a,8bab4dff,a6177608,0.0
2025-04-10T15:30:00Z,147abc6a,8bab4dff,a6177608,0.0
2025-04-10T15:33:00Z,147abc6a,8bab4dff,a6177608,0.0
2025-04-10T15:36:00Z,147abc6a,8bab4dff,a6177608,0.0
2025-04-10T15:39:00Z,147abc6a,8bab4dff,a6177608,0.0
2025-04-10T15:42:00Z,147abc6a,8bab4dff,a6177608,0.0
2025-04-10T15:45:00Z,147abc6a,8bab4dff,a6177608,0.0
2025-04-10T15:48:00Z,147abc6a,8bab4dff,a6177608,0.0
2025-04-10T15:51:00Z,147abc6a,8bab4dff,a6177608,0.0
2025-04-10T15:54:00Z,147abc6a,8bab4dff,a6177608,0.0
2025-04-10T15:57:00Z,147abc6a,8bab4dff,a6177608,0.0
2025-04-10T16:00:00Z,147abc6a,8bab4dff,a6177608,0.0
2025-04-10T16:03:00Z,147abc6a,8bab4dff,a6177608,0.0
2025-04-10T16:06:00Z,147abc6a,8bab4dff,a6177608,0.0
2025-04-10T16:09:00Z,147abc6a,8bab4dff,a6177608,0.0
2025-04-10T16:12:00Z,147abc6a,8bab4dff,a6177608,0.0
2025-04-10T16:15:00Z,147abc6a,8bab4dff,a6177608,0.0
2025-04-10T16:18:00Z,147abc6a,8bab4dff,a6177608,0.01
2025-04-10T16:21:00Z,147abc6a,8bab4dff,a6177608,0.0
2025-04-10T16:24:00Z,147abc6a,8bab4dff,a6177608,0.0
2025-04-10T16:27:00Z,147abc6a,8bab4dff,a6177608,0.0
2025-04-10T16:30:00Z,147abc6a,8bab4dff,a6177608,0.0
2025-04-10T16:33:00Z,147abc6a,8bab4dff,a6177608,0.0
2025-04-10T16:36:00Z,147abc6a,8bab4dff,a6177608,0.0
2025-04-10T16:39:00Z,147abc6a,8bab4dff,a6177608,0.0
2025-04-10T16:42:00Z,147abc6a,8bab4dff,a6177608,0.0
2025-04-10T16:45:00Z,147abc6a,8bab4dff,a6177608,0.0
2025-04-10T16:48:00Z,147abc6a,8bab4dff,a6177608,0.0
2025-04-10T16:51:00Z,147abc6a,8bab4dff,a6177608,0.0
2025-04-10T16:54:00Z,147abc6a,8bab4dff,a6177608,0.0
2025-04-10T16:57:00Z,147abc6a,8bab4dff,a6177608,0.0
2025-04-10T17:00:00Z,147abc6a,8bab4dff,a6177608,0.0
2025-04-10T17:03:00Z,147abc6a,8bab4dff,a6177608,0.0
2025-04-10T17:06:00Z,147abc6a,8bab4dff,a6177608,0.0
2025-04-10T17:09:00Z,147abc6a,8bab4dff,a6177608,0.0
2025-04-10T17:12:00Z,147abc6a,8bab4dff,a6177608,0.0
2025-04-10T17:15:00Z,147abc6a,8bab4dff,a6177608,0.0
2025-04-10T17:18:00Z,147abc6a,8bab4dff,a6177608,0.0
2025-04-10T17:21:00Z,147abc6a,8bab4dff,a6177608,0.0
2025-04-10T17:24:00Z,147abc6a,8bab4dff,a6177608,0.0
2025-04-10T17:27:00Z,147abc6a,8bab4dff,a6177608,0.0
2025-04-10T17:30:00Z,147abc6a,8bab4dff,a6177608,0.0
2025-04-10T17:33:00Z,147abc6a,8bab4dff,a6177608,0.0
2025-04-10T17:36:00Z,147abc6a,8bab4dff,a6177608,0.0
2025-04-10T17:39:00Z,147abc6a,8bab4dff,a6177608,0.0
2025-04-10T17:42:00Z,147abc6a,8bab4dff,a6177608,0.0
2025-04-10T17:45:00Z,147abc6a,8bab4dff,a6177608,0.0
2025-04-10T17:48:00Z,147abc6a,8bab4dff,a6177608,0.0
2025-04-10T17:51:00Z,147abc6a,8bab4dff,a6177608,0.0
2025-04-10T17:54:00Z,147abc6a,8bab4dff,a6177608,0.0
2025-04-10T17:57:00Z,147abc6a,8bab4dff,a6177608,0.0
2025-04-10T18:00:00Z,147abc6a,8bab4dff,a6177608,0.0
2025-04-10T18:03:00Z,147abc6a,8bab4dff,a6177608,0.0
2025-04-10T18:06:00Z,147abc6a,8bab4dff,a6177608,0.0
2025-04-10T18:09:00Z,147abc6a,8bab4dff,a6177608,0.0
2025-04-10T18:12:00Z,147abc6a,8bab4dff,a6177608,0.0
2025-04-10T18:15:00Z,147abc6a,8bab4dff,a6177608,0.0
2025-04-10T18:18:00Z,147abc6a,8bab4dff,a6177608,0.0
2025-04-10T18:21:00Z,147abc6a,8bab4dff,a6177608,0.0
2025-04-10T18:24:00Z,147abc6a,8bab4dff,a6177608,0.0
2025-04-10T18:27:00Z,147abc6a,8bab4dff,a6177608,0.0
2025-04-10T18:30:00Z,147abc6a,8bab4dff,a6177608,0.0
2025-04-10T18:33:00Z,147abc6a,8bab4dff,a6177608,0.0
2025-04-10T18:36:00Z,147abc6a,8bab4dff,a6177608,0.0
2025-04-10T18:39:00Z,147abc6a,8bab4dff,a6177608,0.0
2025-04-10T18:42:00Z,147abc6a,8bab4dff,a6177608,0.0
2025-04-10T18:45:00Z,147abc6a,8bab4dff,a6177608,0.0
2025-04-10T18:48:00Z,147abc6a,8bab4dff,a6177608,0.0
2025-04-10T18:51:00Z,147abc6a,8bab4dff,a6177608,0.0
2025-04-10T18:54:00Z,147abc6a,8bab4dff,a6177608,0.0
2025-04-10T18:57:00Z,147abc6a,8bab4dff,a6177608,0.0
2025-04-10T19:00:00Z,147abc6a,8bab4dff,a6177608,0.0
2025-04-10T19:03:00Z,147abc6a,8bab4dff,a6177608,0.0
2025-04-10T19:06:00Z,147abc6a,8bab4dff,a6177608,0.0
2025-04-10T19:09:00Z,147abc6a,8bab4dff,a6177608,0.0
2025-04-10T19:12:00Z,147abc6a,8bab4dff,a6177608,0.0
2025-04-10T19:15:00Z,147abc6a,8bab4dff,a6177608,0.0
2025-04-10T19:18:00Z,147abc6a,8bab4dff,a6177608,0.0
2025-04-10T19:21:00Z,147abc6a,8bab4dff,a6177608,0.0
2025-04-10T19:24:00Z,147abc6a,8bab4dff,a6177608,0.0
2025-04-10T19:27:00Z,147abc6a,8bab4dff,a6177608,0.0
2025-04-10T19:30:00Z,147abc6a,8bab4dff,a6177608,0.0
2025-04-10T19:33:00Z,147abc6a,8bab4dff,a6177608,0.0
2025-04-10T19:36:00Z,147abc6a,8bab4dff,a6177608,0.0
2025-04-10T19:39:00Z,147abc6a,8bab4dff,a6177608,0.0
2025-04-10T19:42:00Z,147abc6a,8bab4dff,a6177608,0.0
2025-04-10T19:45:00Z,147abc6a,8bab4dff,a6177608,0.0
2025-04-10T19:48:00Z,147abc6a,8bab4dff,a6177608,0.0
2025-04-10T19:51:00Z,147abc6a,8bab4dff,a6177608,0.0
2025-04-10T19:54:00Z,147abc6a,8bab4dff,a6177608,0.0
2025-04-10T19:57:00Z,147abc6a,8bab4dff,a6177608,0.0
2025-04-10T20:00:00Z,147abc6a,8bab4dff,a6177608,0.0
2025-04-10T20:03:00Z,147abc6a,8bab4dff,a6177608,0.0
2025-04-10T20:06:00Z,147abc6a,8bab4dff,a6177608,0.0
2025-04-10T20:09:00Z,147abc6a,8bab4dff,a6177608,0.0
2025-04-10T20:12:00Z,147abc6a,8bab4dff,a6177608,0.0
2025-04-10T20:15:00Z,147abc6a,8bab4dff,a6177608,0.0
2025-04-10T20:18:00Z,147abc6a,8bab4dff,a6177608,0.0
2025-04-10T20:21:00Z,147abc6a,8bab4dff,a6177608,0.0
2025-04-10T20:24:00Z,147abc6a,8bab4dff,a6177608,0.0
2025-04-10T20:27:00Z,147abc6a,8bab4dff,a6177608,0.0
2025-04-10T20:30:00Z,147abc6a,8bab4dff,a6177608,0.0
2025-04-10T20:33:00Z,147abc6a,8bab4dff,a6177608,0.0
2025-04-10T20:36:00Z,147abc6a,8bab4dff,a6177608,0.0
2025-04-10T20:39:00Z,147abc6a,8bab4dff,a6177608,0.0
2025-04-10T20:42:00Z,147abc6a,8bab4dff,a6177608,0.0
2025-04-10T20:45:00Z,147abc6a,8bab4dff,a6177608,0.0
2025-04-10T20:48:00Z,147abc6a,8bab4dff,a6177608,0.0
2025-04-10T20:51:00Z,147abc6a,8bab4dff,a6177608,0.0
2025-04-10T20:54:00Z,147abc6a,8bab4dff,a6177608,0.0
2025-04-10T20:57:00Z,147abc6a,8bab4dff,a6177608,0.0
2025-04-10T21:00:00Z,147abc6a,8bab4dff,a6177608,0.0
2025-04-10T21:03:00Z,147abc6a,8bab4dff,a6177608,0.0
2025-04-10T21:06:00Z,147abc6a,8bab4dff,a6177608,0.0
2025-04-10T21:09:00Z,147abc6a,8bab4dff,a6177608,0.0
2025-04-10T21:12:00Z,147abc6a,8bab4dff,a6177608,0.0
2025-04-10T21:15:00Z,147abc6a,8bab4dff,a6177608,0.0
2025-04-10T21:18:00Z,147abc6a,8bab4dff,a6177608,0.01
2025-04-10T21:21:00Z,147abc6a,8bab4dff,a6177608,0.0
2025-04-10T21:24:00Z,147abc6a,8bab4dff,a6177608,0.0
2025-04-10T21:27:00Z,147abc6a,8bab4dff,a6177608,0.0
2025-04-10T21:30:00Z,147abc6a,8bab4dff,a6177608,0.0
2025-04-10T21:33:00Z,147abc6a,8bab4dff,a6177608,0.0
2025-04-10T21:36:00Z,147abc6a,8bab4dff,a6177608,0.0
2025-04-10T21:39:00Z,147abc6a,8bab4dff,a6177608,0.0
2025-04-10T21:42:00Z,147abc6a,8bab4dff,a6177608,0.0
2025-04-10T21:45:00Z,147abc6a,8bab4dff,a6177608,0.0
2025-04-10T21:48:00Z,147abc6a,8bab4dff,a6177608,0.0
2025-04-10T21:51:00Z,147abc6a,8bab4dff,a6177608,0.01
2025-04-10T21:54:00Z,147abc6a,8bab4dff,a6177608,0.0
2025-04-10T21:57:00Z,147abc6a,8bab4dff,a6177608,0.0
2025-04-10T22:00:00Z,147abc6a,8bab4dff,a6177608,0.0
2025-04-10T22:03:00Z,147abc6a,8bab4dff,a6177608,0.0
2025-04-10T22:06:00Z,147abc6a,8bab4dff,a6177608,0.0
2025-04-10T22:09:00Z,147abc6a,8bab4dff,a6177608,0.0
2025-04-10T22:12:00Z,147abc6a,8bab4dff,a6177608,0.0
2025-04-10T22:15:00Z,147abc6a,8bab4dff,a6177608,0.0
2025-04-10T22:18:00Z,147abc6a,8bab4dff,a6177608,0.0
2025-04-10T22:21:00Z,147abc6a,8bab4dff,a6177608,0.0
2025-04-10T22:24:00Z,147abc6a,8bab4dff,a6177608,0.0
2025-04-10T22:27:00Z,147abc6a,8bab4dff,a6177608,0.0
2025-04-10T22:30:00Z,147abc6a,8bab4dff,a6177608,0.0
2025-04-10T22:33:00Z,147abc6a,8bab4dff,a6177608,0.0
2025-04-10T22:36:00Z,147abc6a,8bab4dff,a6177608,0.0
2025-04-10T22:39:00Z,147abc6a,8bab4dff,a6177608,0.0
2025-04-10T22:42:00Z,147abc6a,8bab4dff,a6177608,0.0
2025-04-10T22:45:00Z,147abc6a,8bab4dff,a6177608,0.0
2025-04-10T22:48:00Z,147abc6a,8bab4dff,a6177608,0.0
2025-04-10T22:51:00Z,147abc6a,8bab4dff,a6177608,0.0
2025-04-10T22:54:00Z,147abc6a,8bab4dff,a6177608,0.0
2025-04-10T22:57:00Z,147abc6a,8bab4dff,a6177608,0.0
2025-04-10T23:00:00Z,147abc6a,8bab4dff,a6177608,0.0
2025-04-10T23:03:00Z,147abc6a,8bab4dff,a6177608,0.0
2025-04-10T23:06:00Z,147abc6a,8bab4dff,a6177608,0.0
2025-04-10T23:09:00Z,147abc6a,8bab4dff,a6177608,0.0
2025-04-10T23:12:00Z,147abc6a,8bab4dff,a6177608,0.0
2025-04-10T23:15:00Z,147abc6a,8bab4dff,a6177608,0.0
2025-04-10T23:18:00Z,147abc6a,8bab4dff,a6177608,0.0
2025-04-10T23:21:00Z,147abc6a,8bab4dff,a6177608,0.0
2025-04-10T23:24:00Z,147abc6a,8bab4dff,a6177608,0.0
2025-04-10T23:27:00Z,147abc6a,8bab4dff,a6177608,0.0
2025-04-10T23:30:00Z,147abc6a,8bab4dff,a6177608,0.0
2025-04-10T23:33:00Z,147abc6a,8bab4dff,a6177608,0.0
2025-04-10T23:36:00Z,147abc6a,8bab4dff,a6177608,0.0
2025-04-10T23:39:00Z,147abc6a,8bab4dff,a6177608,0.0
2025-04-10T23:42:00Z,147abc6a,8bab4dff,a6177608,0.0
2025-04-10T23:45:00Z,147abc6a,8bab4dff,a6177608,0.0
2025-04-10T23:48:00Z,147abc6a,8bab4dff,a6177608,0.0
2025-04-10T23:51:00Z,147abc6a,8bab4dff,a6177608,0.0
2025-04-10T23:54:00Z,147abc6a,8bab4dff,a6177608,0.0
2025-04-10T23:57:00Z,147abc6a,8bab4dff,a6177608,0.0
2025-04-11T00:00:00Z,147abc6a,8bab4dff,a6177608,0.0
2025-04-11T00:03:00Z,147abc6a,8bab4dff,a6177608,0.0
2025-04-11T00:06:00Z,147abc6a,8bab4dff,a6177608,0.0
2025-04-11T00:09:00Z,147abc6a,8bab4dff,a6177608,0.0
2025-04-11T00:12:00Z,147abc6a,8bab4dff,a6177608,0.0
2025-04-11T00:15:00Z,147abc6a,8bab4dff,a6177608,0.0
2025-04-11T00:18:00Z,147abc6a,8bab4dff,a6177608,0.0
2025-04-11T00:21:00Z,147abc6a,8bab4dff,a6177608,0.0
2025-04-11T00:24:00Z,147abc6a,8bab4dff,a6177608,0.0
2025-04-11T00:27:00Z,147abc6a,8bab4dff,a6177608,0.0
2025-04-11T00:30:00Z,147abc6a,8bab4dff,a6177608,0.0
2025-04-11T00:33:00Z,147abc6a,8bab4dff,a6177608,0.0
2025-04-11T00:36:00Z,147abc6a,8bab4dff,a6177608,0.0
2025-04-11T00:39:00Z,147abc6a,8bab4dff,a6177608,0.0
2025-04-11T00:42:00Z,147abc6a,8bab4dff,a6177608,0.0
2025-04-11T00:45:00Z,147abc6a,8bab4dff,a6177608,0.0
2025-04-11T00:48:00Z,147abc6a,8bab4dff,a6177608,0.0
2025-04-11T00:51:00Z,147abc6a,8bab4dff,a6177608,0.0
2025-04-11T00:54:00Z,147abc6a,8bab4dff,a6177608,0.0
2025-04-11T00:57:00Z,147abc6a,8bab4dff,a6177608,0.0
2025-04-11T01:00:00Z,147abc6a,8bab4dff,a6177608,0.0
2025-04-11T01:03:00Z,147abc6a,8bab4dff,a6177608,0.0
2025-04-11T01:06:00Z,147abc6a,8bab4dff,a6177608,0.0
2025-04-11T01:09:00Z,147abc6a,8bab4dff,a6177608,0.0
2025-04-11T01:12:00Z,147abc6a,8bab4dff,a6177608,0.0
2025-04-11T01:15:00Z,147abc6a,8bab4dff,a6177608,0.0
2025-04-11T01:18:00Z,147abc6a,8bab4dff,a6177608,0.0
2025-04-11T01:21:00Z,147abc6a,8bab4dff,a6177608,0.0
2025-04-11T01:24:00Z,147abc6a,8bab4dff,a6177608,0.0
2025-04-11T01:27:00Z,147abc6a,8bab4dff,a6177608,0.0
2025-04-11T01:30:00Z,147abc6a,8bab4dff,a6177608,0.0
2025-04-11T01:33:00Z,147abc6a,8bab4dff,a6177608,0.0
2025-04-11T01:36:00Z,147abc6a,8bab4dff,a6177608,0.0
2025-04-11T01:39:00Z,147abc6a,8bab4dff,a6177608,0.0
2025-04-11T01:42:00Z,147abc6a,8bab4dff,a6177608,0.0
2025-04-11T01:45:00Z,147abc6a,8bab4dff,a6177608,0.0
2025-04-11T01:48:00Z,147abc6a,8bab4dff,a6177608,0.0
2025-04-11T01:51:00Z,147abc6a,8bab4dff,a6177608,0.0
2025-04-11T01:54:00Z,147abc6a,8bab4dff,a6177608,0.0
2025-04-11T01:57:00Z,147abc6a,8bab4dff,a6177608,0.0
2025-04-11T02:00:00Z,147abc6a,8bab4dff,a6177608,0.0
2025-04-11T02:03:00Z,147abc6a,8bab4dff,a6177608,0.0
2025-04-11T02:06:00Z,147abc6a,8bab4dff,a6177608,0.0
2025-04-11T02:09:00Z,147abc6a,8bab4dff,a6177608,0.0
2025-04-11T02:12:00Z,147abc6a,8bab4dff,a6177608,0.0
2025-04-11T02:15:00Z,147abc6a,8bab4dff,a6177608,0.0
2025-04-11T02:18:00Z,147abc6a,8bab4dff,a6177608,0.0
2025-04-11T02:21:00Z,147abc6a,8bab4dff,a6177608,0.0
2025-04-11T02:24:00Z,147abc6a,8bab4dff,a6177608,0.0
2025-04-11T02:27:00Z,147abc6a,8bab4dff,a6177608,0.0
2025-04-11T02:30:00Z,147abc6a,8bab4dff,a6177608,0.0
2025-04-11T02:33:00Z,147abc6a,8bab4dff,a6177608,0.0
2025-04-11T02:36:00Z,147abc6a,8bab4dff,a6177608,0.03
2025-04-11T02:39:00Z,147abc6a,8bab4dff,a6177608,0.03
2025-04-11T02:42:00Z,147abc6a,8bab4dff,a6177608,0.0
2025-04-11T02:45:00Z,147abc6a,8bab4dff,a6177608,0.0
2025-04-11T02:48:00Z,147abc6a,8bab4dff,a6177608,0.0
2025-04-11T02:51:00Z,147abc6a,8bab4dff,a6177608,0.0
2025-04-11T02:54:00Z,147abc6a,8bab4dff,a6177608,0.0
2025-04-11T02:57:00Z,147abc6a,8bab4dff,a6177608,0.0
2025-04-11T03:00:00Z,147abc6a,8bab4dff,a6177608,0.0
2025-04-11T03:03:00Z,147abc6a,8bab4dff,a6177608,0.0
2025-04-11T03:06:00Z,147abc6a,8bab4dff,a6177608,0.0
2025-04-11T03:09:00Z,147abc6a,8bab4dff,a6177608,0.0
2025-04-11T03:12:00Z,147abc6a,8bab4dff,a6177608,0.0
2025-04-11T03:15:00Z,147abc6a,8bab4dff,a6177608,0.0
2025-04-11T03:18:00Z,147abc6a,8bab4dff,a6177608,0.0
2025-04-11T03:21:00Z,147abc6a,8bab4dff,a6177608,0.0
2025-04-11T03:24:00Z,147abc6a,8bab4dff,a6177608,0.0
2025-04-11T03:27:00Z,147abc6a,8bab4dff,a6177608,0.0
2025-04-11T03:30:00Z,147abc6a,8bab4dff,a6177608,0.0
2025-04-11T03:33:00Z,147abc6a,8bab4dff,a6177608,0.0
2025-04-11T03:36:00Z,147abc6a,8bab4dff,a6177608,0.0
2025-04-11T03:39:00Z,147abc6a,8bab4dff,a6177608,0.0
2025-04-11T03:42:00Z,147abc6a,8bab4dff,a6177608,0.0
2025-04-11T03:45:00Z,147abc6a,8bab4dff,a6177608,0.0
2025-04-11T03:48:00Z,147abc6a,8bab4dff,a6177608,0.0
2025-04-11T03:51:00Z,147abc6a,8bab4dff,a6177608,0.0
2025-04-11T03:54:00Z,147abc6a,8bab4dff,a6177608,0.0
2025-04-11T03:57:00Z,147abc6a,8bab4dff,a6177608,0.0
2025-04-11T04:00:00Z,147abc6a,8bab4dff,a6177608,0.0
2025-04-11T04:03:00Z,147abc6a,8bab4dff,a6177608,0.0
2025-04-11T04:06:00Z,147abc6a,8bab4dff,a6177608,0.0
2025-04-11T04:09:00Z,147abc6a,8bab4dff,a6177608,0.0
2025-04-11T04:12:00Z,147abc6a,8bab4dff,a6177608,0.0
2025-04-11T04:15:00Z,147abc6a,8bab4dff,a6177608,0.0
2025-04-11T04:18:00Z,147abc6a,8bab4dff,a6177608,0.0
2025-04-11T04:21:00Z,147abc6a,8bab4dff,a6177608,0.0
2025-04-11T04:24:00Z,147abc6a,8bab4dff,a6177608,0.0
2025-04-11T04:27:00Z,147abc6a,8bab4dff,a6177608,0.0
2025-04-11T04:30:00Z,147abc6a,8bab4dff,a6177608,0.0
2025-04-11T04:33:00Z,147abc6a,8bab4dff,a6177608,0.0
2025-04-11T04:36:00Z,147abc6a,8bab4dff,a6177608,0.0
2025-04-11T04:39:00Z,147abc6a,8bab4dff,a6177608,0.0
2025-04-11T04:42:00Z,147abc6a,8bab4dff,a6177608,0.0
2025-04-11T04:45:00Z,147abc6a,8bab4dff,a6177608,0.0
2025-04-11T04:48:00Z,147abc6a,8bab4dff,a6177608,0.0
2025-04-11T04:51:00Z,147abc6a,8bab4dff,a6177608,0.0
2025-04-11T04:54:00Z,147abc6a,8bab4dff,a6177608,0.0
2025-04-11T04:57:00Z,147abc6a,8bab4dff,a6177608,0.0
2025-04-11T05:00:00Z,147abc6a,8bab4dff,a6177608,0.0
2025-04-11T05:03:00Z,147abc6a,8bab4dff,a6177608,0.0
2025-04-11T05:06:00Z,147abc6a,8bab4dff,a6177608,0.0
2025-04-11T05:09:00Z,147abc6a,8bab4dff,a6177608,0.0
2025-04-11T05:12:00Z,147abc6a,8bab4dff,a6177608,0.0
2025-04-11T05:15:00Z,147abc6a,8bab4dff,a6177608,0.0
2025-04-11T05:18:00Z,147abc6a,8bab4dff,a6177608,0.0
2025-04-11T05:21:00Z,147abc6a,8bab4dff,a6177608,0.0
2025-04-11T05:24:00Z,147abc6a,8bab4dff,a6177608,0.0
2025-04-11T05:27:00Z,147abc6a,8bab4dff,a6177608,0.0
2025-04-11T05:30:00Z,147abc6a,8bab4dff,a6177608,0.0
2025-04-11T05:33:00Z,147abc6a,8bab4dff,a6177608,0.0
2025-04-11T05:36:00Z,147abc6a,8bab4dff,a6177608,0.0
2025-04-11T05:39:00Z,147abc6a,8bab4dff,a6177608,0.0
2025-04-11T05:42:00Z,147abc6a,8bab4dff,a6177608,0.0
2025-04-11T05:45:00Z,147abc6a,8bab4dff,a6177608,0.0
2025-04-11T05:48:00Z,147abc6a,8bab4dff,a6177608,0.0
2025-04-11T05:51:00Z,147abc6a,8bab4dff,a6177608,0.0
2025-04-11T05:54:00Z,147abc6a,8bab4dff,a6177608,0.0
2025-04-11T05:57:00Z,147abc6a,8bab4dff,a6177608,0.0
2025-04-11T06:00:00Z,147abc6a,8bab4dff,a6177608,0.0
2025-04-11T06:03:00Z,147abc6a,8bab4dff,a6177608,0.0
2025-04-11T06:06:00Z,147abc6a,8bab4dff,a6177608,0.0
2025-04-11T06:09:00Z,147abc6a,8bab4dff,a6177608,0.0
2025-04-11T06:12:00Z,147abc6a,8bab4dff,a6177608,0.0
2025-04-11T06:15:00Z,147abc6a,8bab4dff,a6177608,0.0
2025-04-11T06:18:00Z,147abc6a,8bab4dff,a6177608,0.0
2025-04-11T06:21:00Z,147abc6a,8bab4dff,a6177608,0.0
2025-04-11T06:24:00Z,147abc6a,8bab4dff,a6177608,0.0
2025-04-11T06:27:00Z,147abc6a,8bab4dff,a6177608,0.0
2025-04-11T06:30:00Z,147abc6a,8bab4dff,a6177608,0.0
2025-04-11T06:33:00Z,147abc6a,8bab4dff,a6177608,0.02
2025-04-11T06:36:00Z,147abc6a,8bab4dff,a6177608,0.0
2025-04-11T06:39:00Z,147abc6a,8bab4dff,a6177608,0.0
2025-04-11T06:42:00Z,147abc6a,8bab4dff,a6177608,0.0
2025-04-11T06:45:00Z,147abc6a,8bab4dff,a6177608,0.0
2025-04-11T06:48:00Z,147abc6a,8bab4dff,a6177608,0.0
2025-04-11T06:51:00Z,147abc6a,8bab4dff,a6177608,0.0
2025-04-11T06:54:00Z,147abc6a,8bab4dff,a6177608,0.0
2025-04-11T06:57:00Z,147abc6a,8bab4dff,a6177608,0.0
2025-04-11T07:00:00Z,147abc6a,8bab4dff,a6177608,0.0
2025-04-11T07:03:00Z,147abc6a,8bab4dff,a6177608,0.0
2025-04-11T07:06:00Z,147abc6a,8bab4dff,a6177608,0.0
2025-04-11T07:09:00Z,147abc6a,8bab4dff,a6177608,0.0
2025-04-11T07:12:00Z,147abc6a,8bab4dff,a6177608,0.0
2025-04-11T07:15:00Z,147abc6a,8bab4dff,a6177608,0.0
2025-04-11T07:18:00Z,147abc6a,8bab4dff,a6177608,0.0
2025-04-11T07:21:00Z,147abc6a,8bab4dff,a6177608,0.0
2025-04-11T07:24:00Z,147abc6a,8bab4dff,a6177608,0.0
2025-04-11T07:27:00Z,147abc6a,8bab4dff,a6177608,0.0
2025-04-11T07:30:00Z,147abc6a,8bab4dff,a6177608,0.0
2025-04-11T07:33:00Z,147abc6a,8bab4dff,a6177608,0.0
2025-04-11T07:36:00Z,147abc6a,8bab4dff,a6177608,0.0
2025-04-11T07:39:00Z,147abc6a,8bab4dff,a6177608,0.0
2025-04-11T07:42:00Z,147abc6a,8bab4dff,a6177608,0.0
2025-04-11T07:45:00Z,147abc6a,8bab4dff,a6177608,0.0
2025-04-11T07:48:00Z,147abc6a,8bab4dff,a6177608,0.0
2025-04-11T07:51:00Z,147abc6a,8bab4dff,a6177608,0.0
2025-04-11T07:54:00Z,147abc6a,8bab4dff,a6177608,0.0
2025-04-11T07:57:00Z,147abc6a,8bab4dff,a6177608,0.0
2025-04-11T08:00:00Z,147abc6a,8bab4dff,a6177608,0.0
2025-04-11T08:03:00Z,147abc6a,8bab4dff,a6177608,0.0
2025-04-11T08:06:00Z,147abc6a,8bab4dff,a6177608,0.0
2025-04-11T08:09:00Z,147abc6a,8bab4dff,a6177608,0.0
2025-04-11T08:12:00Z,147abc6a,8bab4dff,a6177608,0.0
2025-04-11T08:15:00Z,147abc6a,8bab4dff,a6177608,0.0
2025-04-11T08:18:00Z,147abc6a,8bab4dff,a6177608,0.0
2025-04-11T08:21:00Z,147abc6a,8bab4dff,a6177608,0.0
2025-04-11T08:24:00Z,147abc6a,8bab4dff,a6177608,0.0
2025-04-11T08:27:00Z,147abc6a,8bab4dff,a6177608,0.0
2025-04-11T08:30:00Z,147abc6a,8bab4dff,a6177608,0.0
2025-04-11T08:33:00Z,147abc6a,8bab4dff,a6177608,0.0
2025-04-11T08:36:00Z,147abc6a,8bab4dff,a6177608,0.0
2025-04-11T08:39:00Z,147abc6a,8bab4dff,a6177608,0.0
2025-04-11T08:42:00Z,147abc6a,8bab4dff,a6177608,0.0
2025-04-11T08:45:00Z,147abc6a,8bab4dff,a6177608,0.0
2025-04-11T08:48:00Z,147abc6a,8bab4dff,a6177608,0.0
2025-04-11T08:51:00Z,147abc6a,8bab4dff,a6177608,0.0
2025-04-11T08:54:00Z,147abc6a,8bab4dff,a6177608,0.0
2025-04-11T08:57:00Z,147abc6a,8bab4dff,a6177608,0.0
2025-04-11T09:00:00Z,147abc6a,8bab4dff,a6177608,0.0
2025-04-11T09:03:00Z,147abc6a,8bab4dff,a6177608,0.0
2025-04-11T09:06:00Z,147abc6a,8bab4dff,a6177608,0.0
2025-04-11T09:09:00Z,147abc6a,8bab4dff,a6177608,0.0
2025-04-11T09:12:00Z,147abc6a,8bab4dff,a6177608,0.0
2025-04-11T09:15:00Z,147abc6a,8bab4dff,a6177608,0.0
2025-04-11T09:18:00Z,147abc6a,8bab4dff,a6177608,0.0
2025-04-11T09:21:00Z,147abc6a,8bab4dff,a6177608,0.0
2025-04-11T09:24:00Z,147abc6a,8bab4dff,a6177608,0.0
2025-04-11T09:27:00Z,147abc6a,8bab4dff,a6177608,0.0
2025-04-11T09:30:00Z,147abc6a,8bab4dff,a6177608,0.0
2025-04-11T09:33:00Z,147abc6a,8bab4dff,a6177608,0.0
2025-04-11T09:36:00Z,147abc6a,8bab4dff,a6177608,0.0
2025-04-11T09:39:00Z,147abc6a,8bab4dff,a6177608,0.0
2025-04-11T09:42:00Z,147abc6a,8bab4dff,a6177608,0.0
2025-04-11T09:45:00Z,147abc6a,8bab4dff,a6177608,0.0
2025-04-11T09:48:00Z,147abc6a,8bab4dff,a6177608,0.0
2025-04-11T09:51:00Z,147abc6a,8bab4dff,a6177608,0.0
2025-04-11T09:54:00Z,147abc6a,8bab4dff,a6177608,0.0
2025-04-11T09:57:00Z,147abc6a,8bab4dff,a6177608,0.0
2025-04-11T10:00:00Z,147abc6a,8bab4dff,a6177608,0.0
2025-04-11T10:03:00Z,147abc6a,8bab4dff,a6177608,0.0
2025-04-11T10:06:00Z,147abc6a,8bab4dff,a6177608,0.0
2025-04-11T10:09:00Z,147abc6a,8bab4dff,a6177608,0.0
2025-04-11T10:12:00Z,147abc6a,8bab4dff,a6177608,0.0
2025-04-11T10:15:00Z,147abc6a,8bab4dff,a6177608,0.0
2025-04-11T10:18:00Z,147abc6a,8bab4dff,a6177608,0.0
2025-04-11T10:21:00Z,147abc6a,8bab4dff,a6177608,0.0
2025-04-11T10:24:00Z,147abc6a,8bab4dff,a6177608,0.0
2025-04-11T10:27:00Z,147abc6a,8bab4dff,a6177608,0.0
2025-04-11T10:30:00Z,147abc6a,8bab4dff,a6177608,0.0
2025-04-11T10:33:00Z,147abc6a,8bab4dff,a6177608,0.0
2025-04-11T10:36:00Z,147abc6a,8bab4dff,a6177608,0.0
2025-04-11T10:39:00Z,147abc6a,8bab4dff,a6177608,0.0
2025-04-11T10:42:00Z,147abc6a,8bab4dff,a6177608,0.0
2025-04-11T10:45:00Z,147abc6a,8bab4dff,a6177608,0.0
2025-04-11T10:48:00Z,147abc6a,8bab4dff,a6177608,0.0
2025-04-11T10:51:00Z,147abc6a,8bab4dff,a6177608,0.0
2025-04-11T10:54:00Z,147abc6a,8bab4dff,a6177608,0.0
2025-04-11T10:57:00Z,147abc6a,8bab4dff,a6177608,0.0
2025-04-11T11:00:00Z,147abc6a,8bab4dff,a6177608,0.0
2025-04-11T11:03:00Z,147abc6a,8bab4dff,a6177608,0.0
2025-04-11T11:06:00Z,147abc6a,8bab4dff,a6177608,0.0
2025-04-11T11:09:00Z,147abc6a,8bab4dff,a6177608,0.0
2025-04-11T11:12:00Z,147abc6a,8bab4dff,a6177608,0.0
2025-04-11T11:15:00Z,147abc6a,8bab4dff,a6177608,0.0
2025-04-11T11:18:00Z,147abc6a,8bab4dff,a6177608,0.0
2025-04-11T11:21:00Z,147abc6a,8bab4dff,a6177608,0.0
2025-04-11T11:24:00Z,147abc6a,8bab4dff,a6177608,0.0
2025-04-11T11:27:00Z,147abc6a,8bab4dff,a6177608,0.0
2025-04-11T11:30:00Z,147abc6a,8bab4dff,a6177608,0.0
2025-04-11T11:33:00Z,147abc6a,8bab4dff,a6177608,0.0
2025-04-11T11:36:00Z,147abc6a,8bab4dff,a6177608,0.0
2025-04-11T11:39:00Z,147abc6a,8bab4dff,a6177608,0.0
2025-04-11T11:42:00Z,147abc6a,8bab4dff,a6177608,0.0
2025-04-11T11:45:00Z,147abc6a,8bab4dff,a6177608,0.0
2025-04-11T11:48:00Z,147abc6a,8bab4dff,a6177608,0.0
2025-04-11T11:51:00Z,147abc6a,8bab4dff,a6177608,0.0
2025-04-11T11:54:00Z,147abc6a,8bab4dff,a6177608,0.0
2025-04-11T11:57:00Z,147abc6a,8bab4dff,a6177608,0.0
2025-04-11T12:00:00Z,147abc6a,8bab4dff,a6177608,0.0
2025-04-11T12:03:00Z,147abc6a,8bab4dff,a6177608,0.0
2025-04-11T12:06:00Z,147abc6a,8bab4dff,a6177608,0.0
2025-04-11T12:09:00Z,147abc6a,8bab4dff,a6177608,0.0
2025-04-11T12:12:00Z,147abc6a,8bab4dff,a6177608,0.0
2025-04-11T12:15:00Z,147abc6a,8bab4dff,a6177608,0.0
2025-04-11T12:18:00Z,147abc6a,8bab4dff,a6177608,0.0
2025-04-11T12:21:00Z,147abc6a,8bab4dff,a6177608,0.0
2025-04-11T12:24:00Z,147abc6a,8bab4dff,a6177608,0.0
2025-04-11T12:27:00Z,147abc6a,8bab4dff,a6177608,0.0
2025-04-11T12:30:00Z,147abc6a,8bab4dff,a6177608,0.0
2025-04-11T12:33:00Z,147abc6a,8bab4dff,a6177608,0.0
2025-04-11T12:36:00Z,147abc6a,8bab4dff,a6177608,0.0
2025-04-11T12:39:00Z,147abc6a,8bab4dff,a6177608,0.0
2025-04-11T12:42:00Z,147abc6a,8bab4dff,a6177608,0.0
2025-04-11T12:45:00Z,147abc6a,8bab4dff,a6177608,0.0
2025-04-11T12:48:00Z,147abc6a,8bab4dff,a6177608,0.0
2025-04-11T12:51:00Z,147abc6a,8bab4dff,a6177608,0.0
2025-04-11T12:54:00Z,147abc6a,8bab4dff,a6177608,0.0
2025-04-11T12:57:00Z,147abc6a,8bab4dff,a6177608,0.0
2025-04-11T13:00:00Z,147abc6a,8bab4dff,a6177608,0.0
2025-04-11T13:03:00Z,147abc6a,8bab4dff,a6177608,0.0
2025-04-11T13:06:00Z,147abc6a,8bab4dff,a6177608,0.0
2025-04-11T13:09:00Z,147abc6a,8bab4dff,a6177608,0.0
2025-04-11T13:12:00Z,147abc6a,8bab4dff,a6177608,0.0
2025-04-11T13:15:00Z,147abc6a,8bab4dff,a6177608,0.0
2025-04-11T13:18:00Z,147abc6a,8bab4dff,a6177608,0.0
2025-04-11T13:21:00Z,147abc6a,8bab4dff,a6177608,0.0
2025-04-11T13:24:00Z,147abc6a,8bab4dff,a6177608,0.0
2025-04-11T13:27:00Z,147abc6a,8bab4dff,a6177608,0.0
2025-04-11T13:30:00Z,147abc6a,8bab4dff,a6177608,0.0
2025-04-11T13:33:00Z,147abc6a,8bab4dff,a6177608,0.0
2025-04-11T13:36:00Z,147abc6a,8bab4dff,a6177608,0.0
2025-04-11T13:39:00Z,147abc6a,8bab4dff,a6177608,0.0
2025-04-11T13:42:00Z,147abc6a,8bab4dff,a6177608,0.0
2025-04-11T13:45:00Z,147abc6a,8bab4dff,a6177608,0.0
2025-04-11T13:48:00Z,147abc6a,8bab4dff,a6177608,0.0
2025-04-11T13:51:00Z,147abc6a,8bab4dff,a6177608,0.0
2025-04-11T13:54:00Z,147abc6a,8bab4dff,a6177608,0.0
2025-04-11T13:57:00Z,147abc6a,8bab4dff,a6177608,0.0
2025-04-11T14:00:00Z,147abc6a,8bab4dff,a6177608,0.0
2025-04-11T14:03:00Z,147abc6a,8bab4dff,a6177608,0.0
2025-04-11T14:06:00Z,147abc6a,8bab4dff,a6177608,0.0
2025-04-11T14:09:00Z,147abc6a,8bab4dff,a6177608,0.0
2025-04-11T14:12:00Z,147abc6a,8bab4dff,a6177608,0.0
2025-04-11T14:15:00Z,147abc6a,8bab4dff,a6177608,0.0
2025-04-11T14:18:00Z,147abc6a,8bab4dff,a6177608,0.0
2025-04-11T14:21:00Z,147abc6a,8bab4dff,a6177608,0.0
2025-04-11T14:24:00Z,147abc6a,8bab4dff,a6177608,0.0
2025-04-11T14:27:00Z,147abc6a,8bab4dff,a6177608,0.0
2025-04-11T14:30:00Z,147abc6a,8bab4dff,a6177608,0.0
2025-04-11T14:33:00Z,147abc6a,8bab4dff,a6177608,0.0
2025-04-11T14:36:00Z,147abc6a,8bab4dff,a6177608,0.0
2025-04-11T14:39:00Z,147abc6a,8bab4dff,a6177608,0.0
2025-04-11T14:42:00Z,147abc6a,8bab4dff,a6177608,0.0
2025-04-11T14:45:00Z,147abc6a,8bab4dff,a6177608,0.0
2025-04-11T14:48:00Z,147abc6a,8bab4dff,a6177608,0.0
2025-04-11T14:51:00Z,147abc6a,8bab4dff,a6177608,0.0
2025-04-11T14:54:00Z,147abc6a,8bab4dff,a6177608,0.0
2025-04-11T14:57:00Z,147abc6a,8bab4dff,a6177608,0.0
2025-04-11T15:00:00Z,147abc6a,8bab4dff,a6177608,0.0
2025-04-11T15:03:00Z,147abc6a,8bab4dff,a6177608,0.0
2025-04-11T15:06:00Z,147abc6a,8bab4dff,a6177608,0.0
2025-04-11T15:09:00Z,147abc6a,8bab4dff,a6177608,0.0
2025-04-11T15:12:00Z,147abc6a,8bab4dff,a6177608,0.0
2025-04-11T15:15:00Z,147abc6a,8bab4dff,a6177608,0.0
2025-04-11T15:18:00Z,147abc6a,8bab4dff,a6177608,0.0
2025-04-11T15:21:00Z,147abc6a,8bab4dff,a6177608,0.0
2025-04-11T15:24:00Z,147abc6a,8bab4dff,a6177608,0.0
2025-04-11T15:27:00Z,147abc6a,8bab4dff,a6177608,0.0
2025-04-11T15:30:00Z,147abc6a,8bab4dff,a6177608,0.0
2025-04-11T15:33:00Z,147abc6a,8bab4dff,a6177608,0.0
2025-04-11T15:36:00Z,147abc6a,8bab4dff,a6177608,0.0
2025-04-11T15:39:00Z,147abc6a,8bab4dff,a6177608,0.0
2025-04-11T15:42:00Z,147abc6a,8bab4dff,a6177608,0.0
2025-04-11T15:45:00Z,147abc6a,8bab4dff,a6177608,0.0
2025-04-11T15:48:00Z,147abc6a,8bab4dff,a6177608,0.0
2025-04-11T15:51:00Z,147abc6a,8bab4dff,a6177608,0.0
2025-04-11T15:54:00Z,147abc6a,8bab4dff,a6177608,0.0
2025-04-11T15:57:00Z,147abc6a,8bab4dff,a6177608,0.0
2025-04-11T16:00:00Z,147abc6a,8bab4dff,a6177608,0.0
2025-04-11T16:03:00Z,147abc6a,8bab4dff,a6177608,0.0
2025-04-11T16:06:00Z,147abc6a,8bab4dff,a6177608,0.0
2025-04-11T16:09:00Z,147abc6a,8bab4dff,a6177608,0.0
2025-04-11T16:12:00Z,147abc6a,8bab4dff,a6177608,0.0
2025-04-11T16:15:00Z,147abc6a,8bab4dff,a6177608,0.0
2025-04-11T16:18:00Z,147abc6a,8bab4dff,a6177608,0.0
2025-04-11T16:21:00Z,147abc6a,8bab4dff,a6177608,0.0
2025-04-11T16:24:00Z,147abc6a,8bab4dff,a6177608,0.0
2025-04-11T16:27:00Z,147abc6a,8bab4dff,a6177608,0.0
2025-04-11T16:30:00Z,147abc6a,8bab4dff,a6177608,0.0
2025-04-11T16:33:00Z,147abc6a,8bab4dff,a6177608,0.0
2025-04-11T16:36:00Z,147abc6a,8bab4dff,a6177608,0.0
2025-04-11T16:39:00Z,147abc6a,8bab4dff,a6177608,0.0
2025-04-11T16:42:00Z,147abc6a,8bab4dff,a6177608,0.0
2025-04-11T16:45:00Z,147abc6a,8bab4dff,a6177608,0.0
2025-04-11T16:48:00Z,147abc6a,8bab4dff,a6177608,0.0
2025-04-11T16:51:00Z,147abc6a,8bab4dff,a6177608,0.0
2025-04-11T16:54:00Z,147abc6a,8bab4dff,a6177608,0.01
2025-04-11T16:57:00Z,147abc6a,8bab4dff,a6177608,0.0
2025-04-11T17:00:00Z,147abc6a,8bab4dff,a6177608,0.0
2025-04-11T17:03:00Z,147abc6a,8bab4dff,a6177608,0.0
2025-04-11T17:06:00Z,147abc6a,8bab4dff,a6177608,0.0
2025-04-11T17:09:00Z,147abc6a,8bab4dff,a6177608,0.0
2025-04-11T17:12:00Z,147abc6a,8bab4dff,a6177608,0.0
2025-04-11T17:15:00Z,147abc6a,8bab4dff,a6177608,0.0
2025-04-11T17:18:00Z,147abc6a,8bab4dff,a6177608,0.0
2025-04-11T17:21:00Z,147abc6a,8bab4dff,a6177608,0.0
2025-04-11T17:24:00Z,147abc6a,8bab4dff,a6177608,0.0
2025-04-11T17:27:00Z,147abc6a,8bab4dff,a6177608,0.0
2025-04-11T17:30:00Z,147abc6a,8bab4dff,a6177608,0.0
2025-04-11T17:33:00Z,147abc6a,8bab4dff,a6177608,0.0
2025-04-11T17:36:00Z,147abc6a,8bab4dff,a6177608,0.0
2025-04-11T17:39:00Z,147abc6a,8bab4dff,a6177608,0.0
2025-04-11T17:42:00Z,147abc6a,8bab4dff,a6177608,0.0
2025-04-11T17:45:00Z,147abc6a,8bab4dff,a6177608,0.0
2025-04-11T17:48:00Z,147abc6a,8bab4dff,a6177608,0.0
2025-04-11T17:51:00Z,147abc6a,8bab4dff,a6177608,0.0
2025-04-11T17:54:00Z,147abc6a,8bab4dff,a6177608,0.0
2025-04-11T17:57:00Z,147abc6a,8bab4dff,a6177608,0.0
2025-04-11T18:00:00Z,147abc6a,8bab4dff,a6177608,0.0
2025-04-11T18:03:00Z,147abc6a,8bab4dff,a6177608,0.0
2025-04-11T18:06:00Z,147abc6a,8bab4dff,a6177608,0.0
2025-04-11T18:09:00Z,147abc6a,8bab4dff,a6177608,0.0
2025-04-11T18:12:00Z,147abc6a,8bab4dff,a6177608,0.0
2025-04-11T18:15:00Z,147abc6a,8bab4dff,a6177608,0.0
2025-04-11T18:18:00Z,147abc6a,8bab4dff,a6177608,0.0
2025-04-11T18:21:00Z,147abc6a,8bab4dff,a6177608,0.0
2025-04-11T18:24:00Z,147abc6a,8bab4dff,a6177608,0.0
2025-04-11T18:27:00Z,147abc6a,8bab4dff,a6177608,0.0
2025-04-11T18:30:00Z,147abc6a,8bab4dff,a6177608,0.0
2025-04-11T18:33:00Z,147abc6a,8bab4dff,a6177608,0.0
2025-04-11T18:36:00Z,147abc6a,8bab4dff,a6177608,0.0
2025-04-11T18:39:00Z,147abc6a,8bab4dff,a6177608,0.0
2025-04-11T18:42:00Z,147abc6a,8bab4dff,a6177608,0.0
2025-04-11T18:45:00Z,147abc6a,8bab4dff,a6177608,0.0
2025-04-11T18:48:00Z,147abc6a,8bab4dff,a6177608,0.0
2025-04-11T18:51:00Z,147abc6a,8bab4dff,a6177608,0.0
2025-04-11T18:54:00Z,147abc6a,8bab4dff,a6177608,0.0
2025-04-11T18:57:00Z,147abc6a,8bab4dff,a6177608,0.0
2025-04-11T19:00:00Z,147abc6a,8bab4dff,a6177608,0.0
2025-04-11T19:03:00Z,147abc6a,8bab4dff,a6177608,0.0
2025-04-11T19:06:00Z,147abc6a,8bab4dff,a6177608,0.0
2025-04-11T19:09:00Z,147abc6a,8bab4dff,a6177608,0.0
2025-04-11T19:12:00Z,147abc6a,8bab4dff,a6177608,0.0
2025-04-11T19:15:00Z,147abc6a,8bab4dff,a6177608,0.0
2025-04-11T19:18:00Z,147abc6a,8bab4dff,a6177608,0.0
2025-04-11T19:21:00Z,147abc6a,8bab4dff,a6177608,0.0
2025-04-11T19:24:00Z,147abc6a,8bab4dff,a6177608,0.0
2025-04-11T19:27:00Z,147abc6a,8bab4dff,a6177608,0.0
2025-04-11T19:30:00Z,147abc6a,8bab4dff,a6177608,0.0
2025-04-11T19:33:00Z,147abc6a,8bab4dff,a6177608,0.0
2025-04-11T19:36:00Z,147abc6a,8bab4dff,a6177608,0.0
2025-04-11T19:39:00Z,147abc6a,8bab4dff,a6177608,0.0
2025-04-11T19:42:00Z,147abc6a,8bab4dff,a6177608,0.0
2025-04-11T19:45:00Z,147abc6a,8bab4dff,a6177608,0.0
2025-04-11T19:48:00Z,147abc6a,8bab4dff,a6177608,0.0
2025-04-11T19:51:00Z,147abc6a,8bab4dff,a6177608,0.0
2025-04-11T19:54:00Z,147abc6a,8bab4dff,a6177608,0.0
2025-04-11T19:57:00Z,147abc6a,8bab4dff,a6177608,0.0
2025-04-11T20:00:00Z,147abc6a,8bab4dff,a6177608,0.0
2025-04-11T20:03:00Z,147abc6a,8bab4dff,a6177608,0.0
2025-04-11T20:06:00Z,147abc6a,8bab4dff,a6177608,0.0
2025-04-11T20:09:00Z,147abc6a,8bab4dff,a6177608,0.0
2025-04-11T20:12:00Z,147abc6a,8bab4dff,a6177608,0.0
2025-04-11T20:15:00Z,147abc6a,8bab4dff,a6177608,0.0
2025-04-11T20:18:00Z,147abc6a,8bab4dff,a6177608,0.0
2025-04-11T20:21:00Z,147abc6a,8bab4dff,a6177608,0.0
2025-04-11T20:24:00Z,147abc6a,8bab4dff,a6177608,0.0
2025-04-11T20:27:00Z,147abc6a,8bab4dff,a6177608,0.0
2025-04-11T20:30:00Z,147abc6a,8bab4dff,a6177608,0.0
2025-04-11T20:33:00Z,147abc6a,8bab4dff,a6177608,0.0
2025-04-11T20:36:00Z,147abc6a,8bab4dff,a6177608,0.0
2025-04-11T20:39:00Z,147abc6a,8bab4dff,a6177608,0.0
2025-04-11T20:42:00Z,147abc6a,8bab4dff,a6177608,0.0
2025-04-11T20:45:00Z,147abc6a,8bab4dff,a6177608,0.0
2025-04-11T20:48:00Z,147abc6a,8bab4dff,a6177608,0.0
2025-04-11T20:51:00Z,147abc6a,8bab4dff,a6177608,0.0
2025-04-11T20:54:00Z,147abc6a,8bab4dff,a6177608,0.0
2025-04-11T20:57:00Z,147abc6a,8bab4dff,a6177608,0.0
2025-04-11T21:00:00Z,147abc6a,8bab4dff,a6177608,0.0
2025-04-11T21:03:00Z,147abc6a,8bab4dff,a6177608,0.0
2025-04-11T21:06:00Z,147abc6a,8bab4dff,a6177608,0.0
2025-04-11T21:09:00Z,147abc6a,8bab4dff,a6177608,0.0
2025-04-11T21:12:00Z,147abc6a,8bab4dff,a6177608,0.0
2025-04-11T21:15:00Z,147abc6a,8bab4dff,a6177608,0.0
2025-04-11T21:18:00Z,147abc6a,8bab4dff,a6177608,0.0
2025-04-11T21:21:00Z,147abc6a,8bab4dff,a6177608,0.0
2025-04-11T21:24:00Z,147abc6a,8bab4dff,a6177608,0.0
2025-04-11T21:27:00Z,147abc6a,8bab4dff,a6177608,0.0
2025-04-11T21:30:00Z,147abc6a,8bab4dff,a6177608,0.0
2025-04-11T21:33:00Z,147abc6a,8bab4dff,a6177608,0.0
2025-04-11T21:36:00Z,147abc6a,8bab4dff,a6177608,0.0
2025-04-11T21:39:00Z,147abc6a,8bab4dff,a6177608,0.0
2025-04-11T21:42:00Z,147abc6a,8bab4dff,a6177608,0.0
2025-04-11T21:45:00Z,147abc6a,8bab4dff,a6177608,0.0
2025-04-11T21:48:00Z,147abc6a,8bab4dff,a6177608,0.0
2025-04-11T21:51:00Z,147abc6a,8bab4dff,a6177608,0.01
2025-04-11T21:54:00Z,147abc6a,8bab4dff,a6177608,0.01
2025-04-11T21:57:00Z,147abc6a,8bab4dff,a6177608,0.0
2025-04-11T22:00:00Z,147abc6a,8bab4dff,a6177608,0.0
2025-04-11T22:03:00Z,147abc6a,8bab4dff,a6177608,0.0
2025-04-11T22:06:00Z,147abc6a,8bab4dff,a6177608,0.0
2025-04-11T22:09:00Z,147abc6a,8bab4dff,a6177608,0.0
2025-04-11T22:12:00Z,147abc6a,8bab4dff,a6177608,0.0
2025-04-11T22:15:00Z,147abc6a,8bab4dff,a6177608,0.0
2025-04-11T22:18:00Z,147abc6a,8bab4dff,a6177608,0.0
2025-04-11T22:21:00Z,147abc6a,8bab4dff,a6177608,0.0
2025-04-11T22:24:00Z,147abc6a,8bab4dff,a6177608,0.0
2025-04-11T22:27:00Z,147abc6a,8bab4dff,a6177608,0.0
2025-04-11T22:30:00Z,147abc6a,8bab4dff,a6177608,0.0
2025-04-11T22:33:00Z,147abc6a,8bab4dff,a6177608,0.0
2025-04-11T22:36:00Z,147abc6a,8bab4dff,a6177608,0.0
2025-04-11T22:39:00Z,147abc6a,8bab4dff,a6177608,0.0
2025-04-11T22:42:00Z,147abc6a,8bab4dff,a6177608,0.0
2025-04-11T22:45:00Z,147abc6a,8bab4dff,a6177608,0.0
2025-04-11T22:48:00Z,147abc6a,8bab4dff,a6177608,0.0
2025-04-11T22:51:00Z,147abc6a,8bab4dff,a6177608,0.0
2025-04-11T22:54:00Z,147abc6a,8bab4dff,a6177608,0.0
2025-04-11T22:57:00Z,147abc6a,8bab4dff,a6177608,0.0
2025-04-11T23:00:00Z,147abc6a,8bab4dff,a6177608,0.0
2025-04-11T23:03:00Z,147abc6a,8bab4dff,a6177608,0.0
2025-04-11T23:06:00Z,147abc6a,8bab4dff,a6177608,0.0
2025-04-11T23:09:00Z,147abc6a,8bab4dff,a6177608,0.0
2025-04-11T23:12:00Z,147abc6a,8bab4dff,a6177608,0.0
2025-04-11T23:15:00Z,147abc6a,8bab4dff,a6177608,0.0
2025-04-11T23:18:00Z,147abc6a,8bab4dff,a6177608,0.0
2025-04-11T23:21:00Z,147abc6a,8bab4dff,a6177608,0.0
2025-04-11T23:24:00Z,147abc6a,8bab4dff,a6177608,0.0
2025-04-11T23:27:00Z,147abc6a,8bab4dff,a6177608,0.0
2025-04-11T23:30:00Z,147abc6a,8bab4dff,a6177608,0.0
2025-04-11T23:33:00Z,147abc6a,8bab4dff,a6177608,0.0
2025-04-11T23:36:00Z,147abc6a,8bab4dff,a6177608,0.0
2025-04-11T23:39:00Z,147abc6a,8bab4dff,a6177608,0.0
2025-04-11T23:42:00Z,147abc6a,8bab4dff,a6177608,0.0
2025-04-11T23:45:00Z,147abc6a,8bab4dff,a6177608,0.0
2025-04-11T23:48:00Z,147abc6a,8bab4dff,a6177608,0.0
2025-04-11T23:51:00Z,147abc6a,8bab4dff,a6177608,0.0
2025-04-11T23:54:00Z,147abc6a,8bab4dff,a6177608,0.0
2025-04-11T23:57:00Z,147abc6a,8bab4dff,a6177608,0.0
2025-04-12T00:00:00Z,147abc6a,8bab4dff,a6177608,0.0
2025-04-12T00:03:00Z,147abc6a,8bab4dff,a6177608,0.0
2025-04-12T00:06:00Z,147abc6a,8bab4dff,a6177608,0.0
2025-04-12T00:09:00Z,147abc6a,8bab4dff,a6177608,0.0
2025-04-12T00:12:00Z,147abc6a,8bab4dff,a6177608,0.0
2025-04-12T00:15:00Z,147abc6a,8bab4dff,a6177608,0.0
2025-04-12T00:18:00Z,147abc6a,8bab4dff,a6177608,0.0
2025-04-12T00:21:00Z,147abc6a,8bab4dff,a6177608,0.0
2025-04-12T00:24:00Z,147abc6a,8bab4dff,a6177608,0.0
2025-04-12T00:27:00Z,147abc6a,8bab4dff,a6177608,0.0
2025-04-12T00:30:00Z,147abc6a,8bab4dff,a6177608,0.0
2025-04-12T00:33:00Z,147abc6a,8bab4dff,a6177608,0.0
2025-04-12T00:36:00Z,147abc6a,8bab4dff,a6177608,0.0
2025-04-12T00:39:00Z,147abc6a,8bab4dff,a6177608,0.0
2025-04-12T00:42:00Z,147abc6a,8bab4dff,a6177608,0.0
2025-04-12T00:45:00Z,147abc6a,8bab4dff,a6177608,0.0
2025-04-12T00:48:00Z,147abc6a,8bab4dff,a6177608,0.0
2025-04-12T00:51:00Z,147abc6a,8bab4dff,a6177608,0.0
2025-04-12T00:54:00Z,147abc6a,8bab4dff,a6177608,0.0
2025-04-12T00:57:00Z,147abc6a,8bab4dff,a6177608,0.0
2025-04-12T01:00:00Z,147abc6a,8bab4dff,a6177608,0.0
2025-04-12T01:03:00Z,147abc6a,8bab4dff,a6177608,0.0
2025-04-12T01:06:00Z,147abc6a,8bab4dff,a6177608,0.0
2025-04-12T01:09:00Z,147abc6a,8bab4dff,a6177608,0.0
2025-04-12T01:12:00Z,147abc6a,8bab4dff,a6177608,0.0
2025-04-12T01:15:00Z,147abc6a,8bab4dff,a6177608,0.0
2025-04-12T01:18:00Z,147abc6a,8bab4dff,a6177608,0.0
2025-04-12T01:21:00Z,147abc6a,8bab4dff,a6177608,0.0
2025-04-12T01:24:00Z,147abc6a,8bab4dff,a6177608,0.0
2025-04-12T01:27:00Z,147abc6a,8bab4dff,a6177608,0.0
2025-04-12T01:30:00Z,147abc6a,8bab4dff,a6177608,0.0
2025-04-12T01:33:00Z,147abc6a,8bab4dff,a6177608,0.0
2025-04-12T01:36:00Z,147abc6a,8bab4dff,a6177608,0.0
2025-04-12T01:39:00Z,147abc6a,8bab4dff,a6177608,0.0
2025-04-12T01:42:00Z,147abc6a,8bab4dff,a6177608,0.0
2025-04-12T01:45:00Z,147abc6a,8bab4dff,a6177608,0.0
2025-04-12T01:48:00Z,147abc6a,8bab4dff,a6177608,0.0
2025-04-12T01:51:00Z,147abc6a,8bab4dff,a6177608,0.0
2025-04-12T01:54:00Z,147abc6a,8bab4dff,a6177608,0.0
2025-04-12T01:57:00Z,147abc6a,8bab4dff,a6177608,0.0
2025-04-12T02:00:00Z,147abc6a,8bab4dff,a6177608,0.0
2025-04-12T02:03:00Z,147abc6a,8bab4dff,a6177608,0.0
2025-04-12T02:06:00Z,147abc6a,8bab4dff,a6177608,0.0
2025-04-12T02:09:00Z,147abc6a,8bab4dff,a6177608,0.0
2025-04-12T02:12:00Z,147abc6a,8bab4dff,a6177608,0.06
2025-04-12T02:15:00Z,147abc6a,8bab4dff,a6177608,0.0
2025-04-12T02:18:00Z,147abc6a,8bab4dff,a6177608,0.0
2025-04-12T02:21:00Z,147abc6a,8bab4dff,a6177608,0.0
2025-04-12T02:24:00Z,147abc6a,8bab4dff,a6177608,0.0
2025-04-12T02:27:00Z,147abc6a,8bab4dff,a6177608,0.0
2025-04-12T02:30:00Z,147abc6a,8bab4dff,a6177608,0.0
2025-04-12T02:33:00Z,147abc6a,8bab4dff,a6177608,0.0
2025-04-12T02:36:00Z,147abc6a,8bab4dff,a6177608,0.0
2025-04-12T02:39:00Z,147abc6a,8bab4dff,a6177608,0.0
2025-04-12T02:42:00Z,147abc6a,8bab4dff,a6177608,0.0
2025-04-12T02:45:00Z,147abc6a,8bab4dff,a6177608,0.0
2025-04-12T02:48:00Z,147abc6a,8bab4dff,a6177608,0.0
2025-04-12T02:51:00Z,147abc6a,8bab4dff,a6177608,0.0
2025-04-12T02:54:00Z,147abc6a,8bab4dff,a6177608,0.0
2025-04-12T02:57:00Z,147abc6a,8bab4dff,a6177608,0.0
2025-04-12T03:00:00Z,147abc6a,8bab4dff,a6177608,0.0
2025-04-12T03:03:00Z,147abc6a,8bab4dff,a6177608,0.0
2025-04-12T03:06:00Z,147abc6a,8bab4dff,a6177608,0.0
2025-04-12T03:09:00Z,147abc6a,8bab4dff,a6177608,0.0
2025-04-12T03:12:00Z,147abc6a,8bab4dff,a6177608,0.0
2025-04-12T03:15:00Z,147abc6a,8bab4dff,a6177608,0.0
2025-04-12T03:18:00Z,147abc6a,8bab4dff,a6177608,0.0
2025-04-12T03:21:00Z,147abc6a,8bab4dff,a6177608,0.0
2025-04-12T03:24:00Z,147abc6a,8bab4dff,a6177608,0.0
2025-04-12T03:27:00Z,147abc6a,8bab4dff,a6177608,0.0
2025-04-12T03:30:00Z,147abc6a,8bab4dff,a6177608,0.0
2025-04-12T03:33:00Z,147abc6a,8bab4dff,a6177608,0.0
2025-04-12T03:36:00Z,147abc6a,8bab4dff,a6177608,0.0
2025-04-12T03:39:00Z,147abc6a,8bab4dff,a6177608,0.0
2025-04-12T03:42:00Z,147abc6a,8bab4dff,a6177608,0.0
2025-04-12T03:45:00Z,147abc6a,8bab4dff,a6177608,0.0
2025-04-12T03:48:00Z,147abc6a,8bab4dff,a6177608,0.0
2025-04-12T03:51:00Z,147abc6a,8bab4dff,a6177608,0.0
2025-04-12T03:54:00Z,147abc6a,8bab4dff,a6177608,0.0
2025-04-12T03:57:00Z,147abc6a,8bab4dff,a6177608,0.0
2025-04-12T04:00:00Z,147abc6a,8bab4dff,a6177608,0.0
2025-04-12T04:03:00Z,147abc6a,8bab4dff,a6177608,0.0
2025-04-12T04:06:00Z,147abc6a,8bab4dff,a6177608,0.0
2025-04-12T04:09:00Z,147abc6a,8bab4dff,a6177608,0.0
2025-04-12T04:12:00Z,147abc6a,8bab4dff,a6177608,0.0
2025-04-12T04:15:00Z,147abc6a,8bab4dff,a6177608,0.0
2025-04-12T04:18:00Z,147abc6a,8bab4dff,a6177608,0.0
2025-04-12T04:21:00Z,147abc6a,8bab4dff,a6177608,0.0
2025-04-12T04:24:00Z,147abc6a,8bab4dff,a6177608,0.0
2025-04-12T04:27:00Z,147abc6a,8bab4dff,a6177608,0.0
2025-04-12T04:30:00Z,147abc6a,8bab4dff,a6177608,0.0
2025-04-12T04:33:00Z,147abc6a,8bab4dff,a6177608,0.0
2025-04-12T04:36:00Z,147abc6a,8bab4dff,a6177608,0.0
2025-04-12T04:39:00Z,147abc6a,8bab4dff,a6177608,0.0
2025-04-12T04:42:00Z,147abc6a,8bab4dff,a6177608,0.0
2025-04-12T04:45:00Z,147abc6a,8bab4dff,a6177608,0.0
2025-04-12T04:48:00Z,147abc6a,8bab4dff,a6177608,0.0
2025-04-12T04:51:00Z,147abc6a,8bab4dff,a6177608,0.0
2025-04-12T04:54:00Z,147abc6a,8bab4dff,a6177608,0.0
2025-04-12T04:57:00Z,147abc6a,8bab4dff,a6177608,0.0
2025-04-12T05:00:00Z,147abc6a,8bab4dff,a6177608,0.0
2025-04-12T05:03:00Z,147abc6a,8bab4dff,a6177608,0.0
2025-04-12T05:06:00Z,147abc6a,8bab4dff,a6177608,0.0
2025-04-12T05:09:00Z,147abc6a,8bab4dff,a6177608,0.0
2025-04-12T05:12:00Z,147abc6a,8bab4dff,a6177608,0.0
2025-04-12T05:15:00Z,147abc6a,8bab4dff,a6177608,0.0
2025-04-12T05:18:00Z,147abc6a,8bab4dff,a6177608,0.0
2025-04-12T05:21:00Z,147abc6a,8bab4dff,a6177608,0.0
2025-04-12T05:24:00Z,147abc6a,8bab4dff,a6177608,0.0
2025-04-12T05:27:00Z,147abc6a,8bab4dff,a6177608,0.0
2025-04-12T05:30:00Z,147abc6a,8bab4dff,a6177608,0.0
2025-04-12T05:33:00Z,147abc6a,8bab4dff,a6177608,0.0
2025-04-12T05:36:00Z,147abc6a,8bab4dff,a6177608,0.0
2025-04-12T05:39:00Z,147abc6a,8bab4dff,a6177608,0.0
2025-04-12T05:42:00Z,147abc6a,8bab4dff,a6177608,0.0
2025-04-12T05:45:00Z,147abc6a,8bab4dff,a6177608,0.0
2025-04-12T05:48:00Z,147abc6a,8bab4dff,a6177608,0.0
2025-04-12T05:51:00Z,147abc6a,8bab4dff,a6177608,0.0
2025-04-12T05:54:00Z,147abc6a,8bab4dff,a6177608,0.0
2025-04-12T05:57:00Z,147abc6a,8bab4dff,a6177608,0.0
2025-04-12T06:00:00Z,147abc6a,8bab4dff,a6177608,0.0
2025-04-12T06:03:00Z,147abc6a,8bab4dff,a6177608,0.0
2025-04-12T06:06:00Z,147abc6a,8bab4dff,a6177608,0.0
2025-04-12T06:09:00Z,147abc6a,8bab4dff,a6177608,0.0
2025-04-12T06:12:00Z,147abc6a,8bab4dff,a6177608,0.0
2025-04-12T06:15:00Z,147abc6a,8bab4dff,a6177608,0.0
2025-04-12T06:18:00Z,147abc6a,8bab4dff,a6177608,0.0
2025-04-12T06:21:00Z,147abc6a,8bab4dff,a6177608,0.0
2025-04-12T06:24:00Z,147abc6a,8bab4dff,a6177608,0.0
2025-04-12T06:27:00Z,147abc6a,8bab4dff,a6177608,0.0
2025-04-12T06:30:00Z,147abc6a,8bab4dff,a6177608,0.0
2025-04-12T06:33:00Z,147abc6a,8bab4dff,a6177608,0.0
2025-04-12T06:36:00Z,147abc6a,8bab4dff,a6177608,0.02
2025-04-12T06:39:00Z,147abc6a,8bab4dff,a6177608,0.0
2025-04-12T06:42:00Z,147abc6a,8bab4dff,a6177608,0.0
2025-04-12T06:45:00Z,147abc6a,8bab4dff,a6177608,0.0
2025-04-12T06:48:00Z,147abc6a,8bab4dff,a6177608,0.0
2025-04-12T06:51:00Z,147abc6a,8bab4dff,a6177608,0.0
2025-04-12T06:54:00Z,147abc6a,8bab4dff,a6177608,0.0
2025-04-12T06:57:00Z,147abc6a,8bab4dff,a6177608,0.0
2025-04-12T07:00:00Z,147abc6a,8bab4dff,a6177608,0.0
2025-04-12T07:03:00Z,147abc6a,8bab4dff,a6177608,0.0
2025-04-12T07:06:00Z,147abc6a,8bab4dff,a6177608,0.0
2025-04-12T07:09:00Z,147abc6a,8bab4dff,a6177608,0.0
2025-04-12T07:12:00Z,147abc6a,8bab4dff,a6177608,0.0
2025-04-12T07:15:00Z,147abc6a,8bab4dff,a6177608,0.0
2025-04-12T07:18:00Z,147abc6a,8bab4dff,a6177608,0.0
2025-04-12T07:21:00Z,147abc6a,8bab4dff,a6177608,0.0
2025-04-12T07:24:00Z,147abc6a,8bab4dff,a6177608,0.0
2025-04-12T07:27:00Z,147abc6a,8bab4dff,a6177608,0.0
2025-04-12T07:30:00Z,147abc6a,8bab4dff,a6177608,0.0
2025-04-12T07:33:00Z,147abc6a,8bab4dff,a6177608,0.0
2025-04-12T07:36:00Z,147abc6a,8bab4dff,a6177608,0.0
2025-04-12T07:39:00Z,147abc6a,8bab4dff,a6177608,0.0
2025-04-12T07:42:00Z,147abc6a,8bab4dff,a6177608,0.0
2025-04-12T07:45:00Z,147abc6a,8bab4dff,a6177608,0.0
2025-04-12T07:48:00Z,147abc6a,8bab4dff,a6177608,0.0
2025-04-12T07:51:00Z,147abc6a,8bab4dff,a6177608,0.0
2025-04-12T07:54:00Z,147abc6a,8bab4dff,a6177608,0.0
2025-04-12T07:57:00Z,147abc6a,8bab4dff,a6177608,0.0
2025-04-12T08:00:00Z,147abc6a,8bab4dff,a6177608,0.0
2025-04-12T08:03:00Z,147abc6a,8bab4dff,a6177608,0.0
2025-04-12T08:06:00Z,147abc6a,8bab4dff,a6177608,0.0
2025-04-12T08:09:00Z,147abc6a,8bab4dff,a6177608,0.0
2025-04-12T08:12:00Z,147abc6a,8bab4dff,a6177608,0.0
2025-04-12T08:15:00Z,147abc6a,8bab4dff,a6177608,0.0
2025-04-12T08:18:00Z,147abc6a,8bab4dff,a6177608,0.0
2025-04-12T08:21:00Z,147abc6a,8bab4dff,a6177608,0.0
2025-04-12T08:24:00Z,147abc6a,8bab4dff,a6177608,0.0
2025-04-12T08:27:00Z,147abc6a,8bab4dff,a6177608,0.0
2025-04-12T08:30:00Z,147abc6a,8bab4dff,a6177608,0.0
2025-04-12T08:33:00Z,147abc6a,8bab4dff,a6177608,0.0
2025-04-12T08:36:00Z,147abc6a,8bab4dff,a6177608,0.0
2025-04-12T08:39:00Z,147abc6a,8bab4dff,a6177608,0.0
2025-04-12T08:42:00Z,147abc6a,8bab4dff,a6177608,0.0
2025-04-12T08:45:00Z,147abc6a,8bab4dff,a6177608,0.0
2025-04-12T08:48:00Z,147abc6a,8bab4dff,a6177608,0.0
2025-04-12T08:51:00Z,147abc6a,8bab4dff,a6177608,0.0
2025-04-12T08:54:00Z,147abc6a,8bab4dff,a6177608,0.0
2025-04-12T08:57:00Z,147abc6a,8bab4dff,a6177608,0.0
2025-04-12T09:00:00Z,147abc6a,8bab4dff,a6177608,0.0
2025-04-12T09:03:00Z,147abc6a,8bab4dff,a6177608,0.0
2025-04-12T09:06:00Z,147abc6a,8bab4dff,a6177608,0.0
2025-04-12T09:09:00Z,147abc6a,8bab4dff,a6177608,0.0
2025-04-12T09:12:00Z,147abc6a,8bab4dff,a6177608,0.0
2025-04-12T09:15:00Z,147abc6a,8bab4dff,a6177608,0.0
2025-04-12T09:18:00Z,147abc6a,8bab4dff,a6177608,0.0
2025-04-12T09:21:00Z,147abc6a,8bab4dff,a6177608,0.0
2025-04-12T09:24:00Z,147abc6a,8bab4dff,a6177608,0.0
2025-04-12T09:27:00Z,147abc6a,8bab4dff,a6177608,0.0
2025-04-12T09:30:00Z,147abc6a,8bab4dff,a6177608,0.0
2025-04-12T09:33:00Z,147abc6a,8bab4dff,a6177608,0.0
2025-04-12T09:36:00Z,147abc6a,8bab4dff,a6177608,0.0
2025-04-12T09:39:00Z,147abc6a,8bab4dff,a6177608,0.0
2025-04-12T09:42:00Z,147abc6a,8bab4dff,a6177608,0.0
2025-04-12T09:45:00Z,147abc6a,8bab4dff,a6177608,0.0
2025-04-12T09:48:00Z,147abc6a,8bab4dff,a6177608,0.0
2025-04-12T09:51:00Z,147abc6a,8bab4dff,a6177608,0.0
2025-04-12T09:54:00Z,147abc6a,8bab4dff,a6177608,0.0
2025-04-12T09:57:00Z,147abc6a,8bab4dff,a6177608,0.0
2025-04-12T10:00:00Z,147abc6a,8bab4dff,a6177608,0.0
2025-04-12T10:03:00Z,147abc6a,8bab4dff,a6177608,0.0
2025-04-12T10:06:00Z,147abc6a,8bab4dff,a6177608,0.0
2025-04-12T10:09:00Z,147abc6a,8bab4dff,a6177608,0.0
2025-04-12T10:12:00Z,147abc6a,8bab4dff,a6177608,0.0
2025-04-12T10:15:00Z,147abc6a,8bab4dff,a6177608,0.0
2025-04-12T10:18:00Z,147abc6a,8bab4dff,a6177608,0.0
2025-04-12T10:21:00Z,147abc6a,8bab4dff,a6177608,0.0
2025-04-12T10:24:00Z,147abc6a,8bab4dff,a6177608,0.0
2025-04-12T10:27:00Z,147abc6a,8bab4dff,a6177608,0.0
2025-04-12T10:30:00Z,147abc6a,8bab4dff,a6177608,0.0
2025-04-12T10:33:00Z,147abc6a,8bab4dff,a6177608,0.0
2025-04-12T10:36:00Z,147abc6a,8bab4dff,a6177608,0.0
2025-04-12T10:39:00Z,147abc6a,8bab4dff,a6177608,0.0
2025-04-12T10:42:00Z,147abc6a,8bab4dff,a6177608,0.0
2025-04-12T10:45:00Z,147abc6a,8bab4dff,a6177608,0.0
2025-04-12T10:48:00Z,147abc6a,8bab4dff,a6177608,0.0
2025-04-12T10:51:00Z,147abc6a,8bab4dff,a6177608,0.0
2025-04-12T10:54:00Z,147abc6a,8bab4dff,a6177608,0.0
2025-04-12T10:57:00Z,147abc6a,8bab4dff,a6177608,0.0
2025-04-12T11:00:00Z,147abc6a,8bab4dff,a6177608,0.0
2025-04-12T11:03:00Z,147abc6a,8bab4dff,a6177608,0.0
2025-04-12T11:06:00Z,147abc6a,8bab4dff,a6177608,0.0
2025-04-12T11:09:00Z,147abc6a,8bab4dff,a6177608,0.0
2025-04-12T11:12:00Z,147abc6a,8bab4dff,a6177608,0.0
2025-04-12T11:15:00Z,147abc6a,8bab4dff,a6177608,0.0
2025-04-12T11:18:00Z,147abc6a,8bab4dff,a6177608,0.0
2025-04-12T11:21:00Z,147abc6a,8bab4dff,a6177608,0.0
2025-04-12T11:24:00Z,147abc6a,8bab4dff,a6177608,0.0
2025-04-12T11:27:00Z,147abc6a,8bab4dff,a6177608,0.0
2025-04-12T11:30:00Z,147abc6a,8bab4dff,a6177608,0.0
2025-04-12T11:33:00Z,147abc6a,8bab4dff,a6177608,0.0
2025-04-12T11:36:00Z,147abc6a,8bab4dff,a6177608,0.0
2025-04-12T11:39:00Z,147abc6a,8bab4dff,a6177608,0.0
2025-04-12T11:42:00Z,147abc6a,8bab4dff,a6177608,0.0
2025-04-12T11:45:00Z,147abc6a,8bab4dff,a6177608,0.0
2025-04-12T11:48:00Z,147abc6a,8bab4dff,a6177608,0.0
2025-04-12T11:51:00Z,147abc6a,8bab4dff,a6177608,0.0
2025-04-12T11:54:00Z,147abc6a,8bab4dff,a6177608,0.0
2025-04-12T11:57:00Z,147abc6a,8bab4dff,a6177608,0.0
2025-04-12T12:00:00Z,147abc6a,8bab4dff,a6177608,0.0
2025-04-12T12:03:00Z,147abc6a,8bab4dff,a6177608,0.0
2025-04-12T12:06:00Z,147abc6a,8bab4dff,a6177608,0.0
2025-04-12T12:09:00Z,147abc6a,8bab4dff,a6177608,0.0
2025-04-12T12:12:00Z,147abc6a,8bab4dff,a6177608,0.0
2025-04-12T12:15:00Z,147abc6a,8bab4dff,a6177608,0.0
2025-04-12T12:18:00Z,147abc6a,8bab4dff,a6177608,0.0
2025-04-12T12:21:00Z,147abc6a,8bab4dff,a6177608,0.0
2025-04-12T12:24:00Z,147abc6a,8bab4dff,a6177608,0.0
2025-04-12T12:27:00Z,147abc6a,8bab4dff,a6177608,0.0
2025-04-12T12:30:00Z,147abc6a,8bab4dff,a6177608,0.0
2025-04-12T12:33:00Z,147abc6a,8bab4dff,a6177608,0.0
2025-04-12T12:36:00Z,147abc6a,8bab4dff,a6177608,0.0
2025-04-12T12:39:00Z,147abc6a,8bab4dff,a6177608,0.0
2025-04-12T12:42:00Z,147abc6a,8bab4dff,a6177608,0.0
2025-04-12T12:45:00Z,147abc6a,8bab4dff,a6177608,0.0
2025-04-12T12:48:00Z,147abc6a,8bab4dff,a6177608,0.0
2025-04-12T12:51:00Z,147abc6a,8bab4dff,a6177608,0.0
2025-04-12T12:54:00Z,147abc6a,8bab4dff,a6177608,0.0
2025-04-12T12:57:00Z,147abc6a,8bab4dff,a6177608,0.0
2025-04-12T13:00:00Z,147abc6a,8bab4dff,a6177608,0.0
2025-04-12T13:03:00Z,147abc6a,8bab4dff,a6177608,0.0
2025-04-12T13:06:00Z,147abc6a,8bab4dff,a6177608,0.0
2025-04-12T13:09:00Z,147abc6a,8bab4dff,a6177608,0.0
2025-04-12T13:12:00Z,147abc6a,8bab4dff,a6177608,0.0
2025-04-12T13:15:00Z,147abc6a,8bab4dff,a6177608,0.0
2025-04-12T13:18:00Z,147abc6a,8bab4dff,a6177608,0.0
2025-04-12T13:21:00Z,147abc6a,8bab4dff,a6177608,0.0
2025-04-12T13:24:00Z,147abc6a,8bab4dff,a6177608,0.0
2025-04-12T13:27:00Z,147abc6a,8bab4dff,a6177608,0.0
2025-04-12T13:30:00Z,147abc6a,8bab4dff,a6177608,0.0
2025-04-12T13:33:00Z,147abc6a,8bab4dff,a6177608,0.0
2025-04-12T13:36:00Z,147abc6a,8bab4dff,a6177608,0.0
2025-04-12T13:39:00Z,147abc6a,8bab4dff,a6177608,0.0
2025-04-12T13:42:00Z,147abc6a,8bab4dff,a6177608,0.0
2025-04-12T13:45:00Z,147abc6a,8bab4dff,a6177608,0.0
2025-04-12T13:48:00Z,147abc6a,8bab4dff,a6177608,0.0
2025-04-12T13:51:00Z,147abc6a,8bab4dff,a6177608,0.0
2025-04-12T13:54:00Z,147abc6a,8bab4dff,a6177608,0.0
2025-04-12T13:57:00Z,147abc6a,8bab4dff,a6177608,0.0
2025-04-12T14:00:00Z,147abc6a,8bab4dff,a6177608,0.0
2025-04-12T14:03:00Z,147abc6a,8bab4dff,a6177608,0.0
2025-04-12T14:06:00Z,147abc6a,8bab4dff,a6177608,0.0
2025-04-12T14:09:00Z,147abc6a,8bab4dff,a6177608,0.0
2025-04-12T14:12:00Z,147abc6a,8bab4dff,a6177608,0.0
2025-04-12T14:15:00Z,147abc6a,8bab4dff,a6177608,0.0
2025-04-12T14:18:00Z,147abc6a,8bab4dff,a6177608,0.0
2025-04-12T14:21:00Z,147abc6a,8bab4dff,a6177608,0.0
2025-04-12T14:24:00Z,147abc6a,8bab4dff,a6177608,0.0
2025-04-12T14:27:00Z,147abc6a,8bab4dff,a6177608,0.0
2025-04-12T14:30:00Z,147abc6a,8bab4dff,a6177608,0.0
2025-04-12T14:33:00Z,147abc6a,8bab4dff,a6177608,0.0
2025-04-12T14:36:00Z,147abc6a,8bab4dff,a6177608,0.0
2025-04-12T14:39:00Z,147abc6a,8bab4dff,a6177608,0.0
2025-04-12T14:42:00Z,147abc6a,8bab4dff,a6177608,0.0
2025-04-12T14:45:00Z,147abc6a,8bab4dff,a6177608,0.0
2025-04-12T14:48:00Z,147abc6a,8bab4dff,a6177608,0.0
2025-04-12T14:51:00Z,147abc6a,8bab4dff,a6177608,0.0
2025-04-12T14:54:00Z,147abc6a,8bab4dff,a6177608,0.0
2025-04-12T14:57:00Z,147abc6a,8bab4dff,a6177608,0.0
2025-04-12T15:00:00Z,147abc6a,8bab4dff,a6177608,0.0
2025-04-12T15:03:00Z,147abc6a,8bab4dff,a6177608,0.0
2025-04-12T15:06:00Z,147abc6a,8bab4dff,a6177608,0.0
2025-04-12T15:09:00Z,147abc6a,8bab4dff,a6177608,0.0
2025-04-12T15:12:00Z,147abc6a,8bab4dff,a6177608,0.0
2025-04-12T15:15:00Z,147abc6a,8bab4dff,a6177608,0.0
2025-04-12T15:18:00Z,147abc6a,8bab4dff,a6177608,0.0
2025-04-12T15:21:00Z,147abc6a,8bab4dff,a6177608,0.0
2025-04-12T15:24:00Z,147abc6a,8bab4dff,a6177608,0.0
2025-04-12T15:27:00Z,147abc6a,8bab4dff,a6177608,0.0
2025-04-12T15:30:00Z,147abc6a,8bab4dff,a6177608,0.0
2025-04-12T15:33:00Z,147abc6a,8bab4dff,a6177608,0.0
2025-04-12T15:36:00Z,147abc6a,8bab4dff,a6177608,0.0
2025-04-12T15:39:00Z,147abc6a,8bab4dff,a6177608,0.0
2025-04-12T15:42:00Z,147abc6a,8bab4dff,a6177608,0.0
2025-04-12T15:45:00Z,147abc6a,8bab4dff,a6177608,0.0
2025-04-12T15:48:00Z,147abc6a,8bab4dff,a6177608,0.0
2025-04-12T15:51:00Z,147abc6a,8bab4dff,a6177608,0.0
2025-04-12T15:54:00Z,147abc6a,8bab4dff,a6177608,0.0
2025-04-12T15:57:00Z,147abc6a,8bab4dff,a6177608,0.0
2025-04-12T16:00:00Z,147abc6a,8bab4dff,a6177608,0.0
2025-04-12T16:03:00Z,147abc6a,8bab4dff,a6177608,0.0
2025-04-12T16:06:00Z,147abc6a,8bab4dff,a6177608,0.0
2025-04-12T16:09:00Z,147abc6a,8bab4dff,a6177608,0.0
2025-04-12T16:12:00Z,147abc6a,8bab4dff,a6177608,0.0
2025-04-12T16:15:00Z,147abc6a,8bab4dff,a6177608,0.0
2025-04-12T16:18:00Z,147abc6a,8bab4dff,a6177608,0.0
2025-04-12T16:21:00Z,147abc6a,8bab4dff,a6177608,0.0
2025-04-12T16:24:00Z,147abc6a,8bab4dff,a6177608,0.0
2025-04-12T16:27:00Z,147abc6a,8bab4dff,a6177608,0.0
2025-04-12T16:30:00Z,147abc6a,8bab4dff,a6177608,0.0
2025-04-12T16:33:00Z,147abc6a,8bab4dff,a6177608,0.0
2025-04-12T16:36:00Z,147abc6a,8bab4dff,a6177608,0.0
2025-04-12T16:39:00Z,147abc6a,8bab4dff,a6177608,0.0
2025-04-12T16:42:00Z,147abc6a,8bab4dff,a6177608,0.0
2025-04-12T16:45:00Z,147abc6a,8bab4dff,a6177608,0.0
2025-04-12T16:48:00Z,147abc6a,8bab4dff,a6177608,0.0
2025-04-12T16:51:00Z,147abc6a,8bab4dff,a6177608,0.0
2025-04-12T16:54:00Z,147abc6a,8bab4dff,a6177608,0.0
2025-04-12T16:57:00Z,147abc6a,8bab4dff,a6177608,0.0
2025-04-12T17:00:00Z,147abc6a,8bab4dff,a6177608,0.0
2025-04-12T17:03:00Z,147abc6a,8bab4dff,a6177608,0.0
2025-04-12T17:06:00Z,147abc6a,8bab4dff,a6177608,0.0
2025-04-12T17:09:00Z,147abc6a,8bab4dff,a6177608,0.0
2025-04-12T17:12:00Z,147abc6a,8bab4dff,a6177608,0.0
2025-04-12T17:15:00Z,147abc6a,8bab4dff,a6177608,0.0
2025-04-12T17:18:00Z,147abc6a,8bab4dff,a6177608,0.0
2025-04-12T17:21:00Z,147abc6a,8bab4dff,a6177608,0.0
2025-04-12T17:24:00Z,147abc6a,8bab4dff,a6177608,0.0
2025-04-12T17:27:00Z,147abc6a,8bab4dff,a6177608,0.0
2025-04-12T17:30:00Z,147abc6a,8bab4dff,a6177608,0.01
2025-04-12T17:33:00Z,147abc6a,8bab4dff,a6177608,0.0
2025-04-12T17:36:00Z,147abc6a,8bab4dff,a6177608,0.0
2025-04-12T17:39:00Z,147abc6a,8bab4dff,a6177608,0.0
2025-04-12T17:42:00Z,147abc6a,8bab4dff,a6177608,0.0
2025-04-12T17:45:00Z,147abc6a,8bab4dff,a6177608,0.0
2025-04-12T17:48:00Z,147abc6a,8bab4dff,a6177608,0.0
2025-04-12T17:51:00Z,147abc6a,8bab4dff,a6177608,0.0
2025-04-12T17:54:00Z,147abc6a,8bab4dff,a6177608,0.0
2025-04-12T17:57:00Z,147abc6a,8bab4dff,a6177608,0.0
2025-04-12T18:00:00Z,147abc6a,8bab4dff,a6177608,0.0
2025-04-12T18:03:00Z,147abc6a,8bab4dff,a6177608,0.0
2025-04-12T18:06:00Z,147abc6a,8bab4dff,a6177608,0.0
2025-04-12T18:09:00Z,147abc6a,8bab4dff,a6177608,0.0
2025-04-12T18:12:00Z,147abc6a,8bab4dff,a6177608,0.0
2025-04-12T18:15:00Z,147abc6a,8bab4dff,a6177608,0.0
2025-04-12T18:18:00Z,147abc6a,8bab4dff,a6177608,0.0
2025-04-12T18:21:00Z,147abc6a,8bab4dff,a6177608,0.0
2025-04-12T18:24:00Z,147abc6a,8bab4dff,a6177608,0.0
2025-04-12T18:27:00Z,147abc6a,8bab4dff,a6177608,0.0
2025-04-12T18:30:00Z,147abc6a,8bab4dff,a6177608,0.0
2025-04-12T18:33:00Z,147abc6a,8bab4dff,a6177608,0.0
2025-04-12T18:36:00Z,147abc6a,8bab4dff,a6177608,0.0
2025-04-12T18:39:00Z,147abc6a,8bab4dff,a6177608,0.0
2025-04-12T18:42:00Z,147abc6a,8bab4dff,a6177608,0.0
2025-04-12T18:45:00Z,147abc6a,8bab4dff,a6177608,0.0
2025-04-12T18:48:00Z,147abc6a,8bab4dff,a6177608,0.0
2025-04-12T18:51:00Z,147abc6a,8bab4dff,a6177608,0.0
2025-04-12T18:54:00Z,147abc6a,8bab4dff,a6177608,0.0
2025-04-12T18:57:00Z,147abc6a,8bab4dff,a6177608,0.0
2025-04-12T19:00:00Z,147abc6a,8bab4dff,a6177608,0.0
2025-04-12T19:03:00Z,147abc6a,8bab4dff,a6177608,0.0
2025-04-12T19:06:00Z,147abc6a,8bab4dff,a6177608,0.0
2025-04-12T19:09:00Z,147abc6a,8bab4dff,a6177608,0.0
2025-04-12T19:12:00Z,147abc6a,8bab4dff,a6177608,0.0
2025-04-12T19:15:00Z,147abc6a,8bab4dff,a6177608,0.0
2025-04-12T19:18:00Z,147abc6a,8bab4dff,a6177608,0.0
2025-04-12T19:21:00Z,147abc6a,8bab4dff,a6177608,0.0
2025-04-12T19:24:00Z,147abc6a,8bab4dff,a6177608,0.0
2025-04-12T19:27:00Z,147abc6a,8bab4dff,a6177608,0.0
2025-04-12T19:30:00Z,147abc6a,8bab4dff,a6177608,0.0
2025-04-12T19:33:00Z,147abc6a,8bab4dff,a6177608,0.0
2025-04-12T19:36:00Z,147abc6a,8bab4dff,a6177608,0.0
2025-04-12T19:39:00Z,147abc6a,8bab4dff,a6177608,0.0
2025-04-12T19:42:00Z,147abc6a,8bab4dff,a6177608,0.0
2025-04-12T19:45:00Z,147abc6a,8bab4dff,a6177608,0.0
2025-04-12T19:48:00Z,147abc6a,8bab4dff,a6177608,0.0
2025-04-12T19:51:00Z,147abc6a,8bab4dff,a6177608,0.0
2025-04-12T19:54:00Z,147abc6a,8bab4dff,a6177608,0.0
2025-04-12T19:57:00Z,147abc6a,8bab4dff,a6177608,0.0
2025-04-12T20:00:00Z,147abc6a,8bab4dff,a6177608,0.0
2025-04-12T20:03:00Z,147abc6a,8bab4dff,a6177608,0.0
2025-04-12T20:06:00Z,147abc6a,8bab4dff,a6177608,0.0
2025-04-12T20:09:00Z,147abc6a,8bab4dff,a6177608,0.0
2025-04-12T20:12:00Z,147abc6a,8bab4dff,a6177608,0.0
2025-04-12T20:15:00Z,147abc6a,8bab4dff,a6177608,0.0
2025-04-12T20:18:00Z,147abc6a,8bab4dff,a6177608,0.0
2025-04-12T20:21:00Z,147abc6a,8bab4dff,a6177608,0.0
2025-04-12T20:24:00Z,147abc6a,8bab4dff,a6177608,0.0
2025-04-12T20:27:00Z,147abc6a,8bab4dff,a6177608,0.0
2025-04-12T20:30:00Z,147abc6a,8bab4dff,a6177608,0.0
2025-04-12T20:33:00Z,147abc6a,8bab4dff,a6177608,0.0
2025-04-12T20:36:00Z,147abc6a,8bab4dff,a6177608,0.0
2025-04-12T20:39:00Z,147abc6a,8bab4dff,a6177608,0.0
2025-04-12T20:42:00Z,147abc6a,8bab4dff,a6177608,0.0
2025-04-12T20:45:00Z,147abc6a,8bab4dff,a6177608,0.0
2025-04-12T20:48:00Z,147abc6a,8bab4dff,a6177608,0.0
2025-04-12T20:51:00Z,147abc6a,8bab4dff,a6177608,0.0
2025-04-12T20:54:00Z,147abc6a,8bab4dff,a6177608,0.0
2025-04-12T20:57:00Z,147abc6a,8bab4dff,a6177608,0.0
2025-04-12T21:00:00Z,147abc6a,8bab4dff,a6177608,0.0
2025-04-12T21:03:00Z,147abc6a,8bab4dff,a6177608,0.0
2025-04-12T21:06:00Z,147abc6a,8bab4dff,a6177608,0.0
2025-04-12T21:09:00Z,147abc6a,8bab4dff,a6177608,0.0
2025-04-12T21:12:00Z,147abc6a,8bab4dff,a6177608,0.0
2025-04-12T21:15:00Z,147abc6a,8bab4dff,a6177608,0.0
2025-04-12T21:18:00Z,147abc6a,8bab4dff,a6177608,0.0
2025-04-12T21:21:00Z,147abc6a,8bab4dff,a6177608,0.0
2025-04-12T21:24:00Z,147abc6a,8bab4dff,a6177608,0.0
2025-04-12T21:27:00Z,147abc6a,8bab4dff,a6177608,0.0
2025-04-12T21:30:00Z,147abc6a,8bab4dff,a6177608,0.0
2025-04-12T21:33:00Z,147abc6a,8bab4dff,a6177608,0.0
2025-04-12T21:36:00Z,147abc6a,8bab4dff,a6177608,0.0
2025-04-12T21:39:00Z,147abc6a,8bab4dff,a6177608,0.0
2025-04-12T21:42:00Z,147abc6a,8bab4dff,a6177608,0.0
2025-04-12T21:45:00Z,147abc6a,8bab4dff,a6177608,0.0
2025-04-12T21:48:00Z,147abc6a,8bab4dff,a6177608,0.0
2025-04-12T21:51:00Z,147abc6a,8bab4dff,a6177608,0.01
2025-04-12T21:54:00Z,147abc6a,8bab4dff,a6177608,0.0
2025-04-12T21:57:00Z,147abc6a,8bab4dff,a6177608,0.0
2025-04-12T22:00:00Z,147abc6a,8bab4dff,a6177608,0.0
2025-04-12T22:03:00Z,147abc6a,8bab4dff,a6177608,0.0
2025-04-12T22:06:00Z,147abc6a,8bab4dff,a6177608,0.0
2025-04-12T22:09:00Z,147abc6a,8bab4dff,a6177608,0.0
2025-04-12T22:12:00Z,147abc6a,8bab4dff,a6177608,0.0
2025-04-12T22:15:00Z,147abc6a,8bab4dff,a6177608,0.0
2025-04-12T22:18:00Z,147abc6a,8bab4dff,a6177608,0.0
2025-04-12T22:21:00Z,147abc6a,8bab4dff,a6177608,0.0
2025-04-12T22:24:00Z,147abc6a,8bab4dff,a6177608,0.0
2025-04-12T22:27:00Z,147abc6a,8bab4dff,a6177608,0.0
2025-04-12T22:30:00Z,147abc6a,8bab4dff,a6177608,0.0
2025-04-12T22:33:00Z,147abc6a,8bab4dff,a6177608,0.0
2025-04-12T22:36:00Z,147abc6a,8bab4dff,a6177608,0.0
2025-04-12T22:39:00Z,147abc6a,8bab4dff,a6177608,0.0
2025-04-12T22:42:00Z,147abc6a,8bab4dff,a6177608,0.0
2025-04-12T22:45:00Z,147abc6a,8bab4dff,a6177608,0.0
2025-04-12T22:48:00Z,147abc6a,8bab4dff,a6177608,0.0
2025-04-12T22:51:00Z,147abc6a,8bab4dff,a6177608,0.0
2025-04-12T22:54:00Z,147abc6a,8bab4dff,a6177608,0.0
2025-04-12T22:57:00Z,147abc6a,8bab4dff,a6177608,0.0
2025-04-12T23:00:00Z,147abc6a,8bab4dff,a6177608,0.0
2025-04-12T23:03:00Z,147abc6a,8bab4dff,a6177608,0.0
2025-04-12T23:06:00Z,147abc6a,8bab4dff,a6177608,0.0
2025-04-12T23:09:00Z,147abc6a,8bab4dff,a6177608,0.0
2025-04-12T23:12:00Z,147abc6a,8bab4dff,a6177608,0.0
2025-04-12T23:15:00Z,147abc6a,8bab4dff,a6177608,0.0
2025-04-12T23:18:00Z,147abc6a,8bab4dff,a6177608,0.0
2025-04-12T23:21:00Z,147abc6a,8bab4dff,a6177608,0.0
2025-04-12T23:24:00Z,147abc6a,8bab4dff,a6177608,0.0
2025-04-12T23:27:00Z,147abc6a,8bab4dff,a6177608,0.0
2025-04-12T23:30:00Z,147abc6a,8bab4dff,a6177608,0.0
2025-04-12T23:33:00Z,147abc6a,8bab4dff,a6177608,0.0
2025-04-12T23:36:00Z,147abc6a,8bab4dff,a6177608,0.0
2025-04-12T23:39:00Z,147abc6a,8bab4dff,a6177608,0.0
2025-04-12T23:42:00Z,147abc6a,8bab4dff,a6177608,0.0
2025-04-12T23:45:00Z,147abc6a,8bab4dff,a6177608,0.0
2025-04-12T23:48:00Z,147abc6a,8bab4dff,a6177608,0.0
2025-04-12T23:51:00Z,147abc6a,8bab4dff,a6177608,0.0
2025-04-12T23:54:00Z,147abc6a,8bab4dff,a6177608,0.0
2025-04-12T23:57:00Z,147abc6a,8bab4dff,a6177608,0.0
2025-04-13T00:00:00Z,147abc6a,8bab4dff,a6177608,0.0
2025-04-13T00:03:00Z,147abc6a,8bab4dff,a6177608,0.0
2025-04-13T00:06:00Z,147abc6a,8bab4dff,a6177608,0.0
2025-04-13T00:09:00Z,147abc6a,8bab4dff,a6177608,0.0
2025-04-13T00:12:00Z,147abc6a,8bab4dff,a6177608,0.0
2025-04-13T00:15:00Z,147abc6a,8bab4dff,a6177608,0.0
2025-04-13T00:18:00Z,147abc6a,8bab4dff,a6177608,0.0
2025-04-13T00:21:00Z,147abc6a,8bab4dff,a6177608,0.0
2025-04-13T00:24:00Z,147abc6a,8bab4dff,a6177608,0.0
2025-04-13T00:27:00Z,147abc6a,8bab4dff,a6177608,0.0
2025-04-13T00:30:00Z,147abc6a,8bab4dff,a6177608,0.0
2025-04-13T00:33:00Z,147abc6a,8bab4dff,a6177608,0.0
2025-04-13T00:36:00Z,147abc6a,8bab4dff,a6177608,0.0
2025-04-13T00:39:00Z,147abc6a,8bab4dff,a6177608,0.0
2025-04-13T00:42:00Z,147abc6a,8bab4dff,a6177608,0.0
2025-04-13T00:45:00Z,147abc6a,8bab4dff,a6177608,0.0
2025-04-13T00:48:00Z,147abc6a,8bab4dff,a6177608,0.0
2025-04-13T00:51:00Z,147abc6a,8bab4dff,a6177608,0.0
2025-04-13T00:54:00Z,147abc6a,8bab4dff,a6177608,0.0
2025-04-13T00:57:00Z,147abc6a,8bab4dff,a6177608,0.0
2025-04-13T01:00:00Z,147abc6a,8bab4dff,a6177608,0.0
2025-04-13T01:03:00Z,147abc6a,8bab4dff,a6177608,0.0
2025-04-13T01:06:00Z,147abc6a,8bab4dff,a6177608,0.0
2025-04-13T01:09:00Z,147abc6a,8bab4dff,a6177608,0.0
2025-04-13T01:12:00Z,147abc6a,8bab4dff,a6177608,0.0
2025-04-13T01:15:00Z,147abc6a,8bab4dff,a6177608,0.0
2025-04-13T01:18:00Z,147abc6a,8bab4dff,a6177608,0.0
2025-04-13T01:21:00Z,147abc6a,8bab4dff,a6177608,0.0
2025-04-13T01:24:00Z,147abc6a,8bab4dff,a6177608,0.0
2025-04-13T01:27:00Z,147abc6a,8bab4dff,a6177608,0.0
2025-04-13T01:30:00Z,147abc6a,8bab4dff,a6177608,0.0
2025-04-13T01:33:00Z,147abc6a,8bab4dff,a6177608,0.0
2025-04-13T01:36:00Z,147abc6a,8bab4dff,a6177608,0.0
2025-04-13T01:39:00Z,147abc6a,8bab4dff,a6177608,0.0
2025-04-13T01:42:00Z,147abc6a,8bab4dff,a6177608,0.0
2025-04-13T01:45:00Z,147abc6a,8bab4dff,a6177608,0.0
2025-04-13T01:48:00Z,147abc6a,8bab4dff,a6177608,0.0
2025-04-13T01:51:00Z,147abc6a,8bab4dff,a6177608,0.0
2025-04-13T01:54:00Z,147abc6a,8bab4dff,a6177608,0.0
2025-04-13T01:57:00Z,147abc6a,8bab4dff,a6177608,0.0
2025-04-13T02:00:00Z,147abc6a,8bab4dff,a6177608,0.0
2025-04-13T02:03:00Z,147abc6a,8bab4dff,a6177608,0.0
2025-04-13T02:06:00Z,147abc6a,8bab4dff,a6177608,0.0
2025-04-13T02:09:00Z,147abc6a,8bab4dff,a6177608,0.0
2025-04-13T02:12:00Z,147abc6a,8bab4dff,a6177608,0.0
2025-04-13T02:15:00Z,147abc6a,8bab4dff,a6177608,0.0
2025-04-13T02:18:00Z,147abc6a,8bab4dff,a6177608,0.0
2025-04-13T02:21:00Z,147abc6a,8bab4dff,a6177608,0.0
2025-04-13T02:24:00Z,147abc6a,8bab4dff,a6177608,0.0
2025-04-13T02:27:00Z,147abc6a,8bab4dff,a6177608,0.0
2025-04-13T02:30:00Z,147abc6a,8bab4dff,a6177608,0.0
2025-04-13T02:33:00Z,147abc6a,8bab4dff,a6177608,0.0
2025-04-13T02:36:00Z,147abc6a,8bab4dff,a6177608,0.0
2025-04-13T02:39:00Z,147abc6a,8bab4dff,a6177608,0.0
2025-04-13T02:42:00Z,147abc6a,8bab4dff,a6177608,0.0
2025-04-13T02:45:00Z,147abc6a,8bab4dff,a6177608,0.0
2025-04-13T02:48:00Z,147abc6a,8bab4dff,a6177608,0.0
2025-04-13T02:51:00Z,147abc6a,8bab4dff,a6177608,0.0
2025-04-13T02:54:00Z,147abc6a,8bab4dff,a6177608,0.0
2025-04-13T02:57:00Z,147abc6a,8bab4dff,a6177608,0.0
2025-04-13T03:00:00Z,147abc6a,8bab4dff,a6177608,0.0
2025-04-13T03:03:00Z,147abc6a,8bab4dff,a6177608,0.0
2025-04-13T03:06:00Z,147abc6a,8bab4dff,a6177608,0.0
2025-04-13T03:09:00Z,147abc6a,8bab4dff,a6177608,0.0
2025-04-13T03:12:00Z,147abc6a,8bab4dff,a6177608,0.0
2025-04-13T03:15:00Z,147abc6a,8bab4dff,a6177608,0.0
2025-04-13T03:18:00Z,147abc6a,8bab4dff,a6177608,0.0
2025-04-13T03:21:00Z,147abc6a,8bab4dff,a6177608,0.0
2025-04-13T03:24:00Z,147abc6a,8bab4dff,a6177608,0.0
2025-04-13T03:27:00Z,147abc6a,8bab4dff,a6177608,0.0
2025-04-13T03:30:00Z,147abc6a,8bab4dff,a6177608,0.0
2025-04-13T03:33:00Z,147abc6a,8bab4dff,a6177608,0.0
2025-04-13T03:36:00Z,147abc6a,8bab4dff,a6177608,0.0
2025-04-13T03:39:00Z,147abc6a,8bab4dff,a6177608,0.04
2025-04-13T03:42:00Z,147abc6a,8bab4dff,a6177608,0.0
2025-04-13T03:45:00Z,147abc6a,8bab4dff,a6177608,0.0
2025-04-13T03:48:00Z,147abc6a,8bab4dff,a6177608,0.0
2025-04-13T03:51:00Z,147abc6a,8bab4dff,a6177608,0.0
2025-04-13T03:54:00Z,147abc6a,8bab4dff,a6177608,0.0
2025-04-13T03:57:00Z,147abc6a,8bab4dff,a6177608,0.0
2025-04-13T04:00:00Z,147abc6a,8bab4dff,a6177608,0.0
2025-04-13T04:03:00Z,147abc6a,8bab4dff,a6177608,0.0
2025-04-13T04:06:00Z,147abc6a,8bab4dff,a6177608,0.0
2025-04-13T04:09:00Z,147abc6a,8bab4dff,a6177608,0.0
2025-04-13T04:12:00Z,147abc6a,8bab4dff,a6177608,0.0
2025-04-13T04:15:00Z,147abc6a,8bab4dff,a6177608,0.0
2025-04-13T04:18:00Z,147abc6a,8bab4dff,a6177608,0.0
2025-04-13T04:21:00Z,147abc6a,8bab4dff,a6177608,0.0
2025-04-13T04:24:00Z,147abc6a,8bab4dff,a6177608,0.0
2025-04-13T04:27:00Z,147abc6a,8bab4dff,a6177608,0.0
2025-04-13T04:30:00Z,147abc6a,8bab4dff,a6177608,0.0
2025-04-13T04:33:00Z,147abc6a,8bab4dff,a6177608,0.0
2025-04-13T04:36:00Z,147abc6a,8bab4dff,a6177608,0.0
2025-04-13T04:39:00Z,147abc6a,8bab4dff,a6177608,0.0
2025-04-13T04:42:00Z,147abc6a,8bab4dff,a6177608,0.0
2025-04-13T04:45:00Z,147abc6a,8bab4dff,a6177608,0.0
2025-04-13T04:48:00Z,147abc6a,8bab4dff,a6177608,0.0
2025-04-13T04:51:00Z,147abc6a,8bab4dff,a6177608,0.0
2025-04-13T04:54:00Z,147abc6a,8bab4dff,a6177608,0.0
2025-04-13T04:57:00Z,147abc6a,8bab4dff,a6177608,0.0
2025-04-13T05:00:00Z,147abc6a,8bab4dff,a6177608,0.0
2025-04-13T05:03:00Z,147abc6a,8bab4dff,a6177608,0.0
2025-04-13T05:06:00Z,147abc6a,8bab4dff,a6177608,0.0
2025-04-13T05:09:00Z,147abc6a,8bab4dff,a6177608,0.0
2025-04-13T05:12:00Z,147abc6a,8bab4dff,a6177608,0.0
2025-04-13T05:15:00Z,147abc6a,8bab4dff,a6177608,0.0
2025-04-13T05:18:00Z,147abc6a,8bab4dff,a6177608,0.0
2025-04-13T05:21:00Z,147abc6a,8bab4dff,a6177608,0.0
2025-04-13T05:24:00Z,147abc6a,8bab4dff,a6177608,0.0
2025-04-13T05:27:00Z,147abc6a,8bab4dff,a6177608,0.0
2025-04-13T05:30:00Z,147abc6a,8bab4dff,a6177608,0.0
2025-04-13T05:33:00Z,147abc6a,8bab4dff,a6177608,0.0
2025-04-13T05:36:00Z,147abc6a,8bab4dff,a6177608,0.0
2025-04-13T05:39:00Z,147abc6a,8bab4dff,a6177608,0.0
2025-04-13T05:42:00Z,147abc6a,8bab4dff,a6177608,0.0
2025-04-13T05:45:00Z,147abc6a,8bab4dff,a6177608,0.0
2025-04-13T05:48:00Z,147abc6a,8bab4dff,a6177608,0.0
2025-04-13T05:51:00Z,147abc6a,8bab4dff,a6177608,0.0
2025-04-13T05:54:00Z,147abc6a,8bab4dff,a6177608,0.0
2025-04-13T05:57:00Z,147abc6a,8bab4dff,a6177608,0.0
2025-04-13T06:00:00Z,147abc6a,8bab4dff,a6177608,0.0
2025-04-13T06:03:00Z,147abc6a,8bab4dff,a6177608,0.0
2025-04-13T06:06:00Z,147abc6a,8bab4dff,a6177608,0.0
2025-04-13T06:09:00Z,147abc6a,8bab4dff,a6177608,0.03
2025-04-13T06:12:00Z,147abc6a,8bab4dff,a6177608,0.0
2025-04-13T06:15:00Z,147abc6a,8bab4dff,a6177608,0.0
2025-04-13T06:18:00Z,147abc6a,8bab4dff,a6177608,0.0
2025-04-13T06:21:00Z,147abc6a,8bab4dff,a6177608,0.0
2025-04-13T06:24:00Z,147abc6a,8bab4dff,a6177608,0.0
2025-04-13T06:27:00Z,147abc6a,8bab4dff,a6177608,0.0
2025-04-13T06:30:00Z,147abc6a,8bab4dff,a6177608,0.0
2025-04-13T06:33:00Z,147abc6a,8bab4dff,a6177608,0.0
2025-04-13T06:36:00Z,147abc6a,8bab4dff,a6177608,0.0
2025-04-13T06:39:00Z,147abc6a,8bab4dff,a6177608,0.0
2025-04-13T06:42:00Z,147abc6a,8bab4dff,a6177608,0.0
2025-04-13T06:45:00Z,147abc6a,8bab4dff,a6177608,0.0
2025-04-13T06:48:00Z,147abc6a,8bab4dff,a6177608,0.0
2025-04-13T06:51:00Z,147abc6a,8bab4dff,a6177608,0.0
2025-04-13T06:54:00Z,147abc6a,8bab4dff,a6177608,0.0
2025-04-13T06:57:00Z,147abc6a,8bab4dff,a6177608,0.0
2025-04-13T07:00:00Z,147abc6a,8bab4dff,a6177608,0.0
2025-04-13T07:03:00Z,147abc6a,8bab4dff,a6177608,0.0
2025-04-13T07:06:00Z,147abc6a,8bab4dff,a6177608,0.0
2025-04-13T07:09:00Z,147abc6a,8bab4dff,a6177608,0.0
2025-04-13T07:12:00Z,147abc6a,8bab4dff,a6177608,0.0
2025-04-13T07:15:00Z,147abc6a,8bab4dff,a6177608,0.0
2025-04-13T07:18:00Z,147abc6a,8bab4dff,a6177608,0.0
2025-04-13T07:21:00Z,147abc6a,8bab4dff,a6177608,0.0
2025-04-13T07:24:00Z,147abc6a,8bab4dff,a6177608,0.0
2025-04-13T07:27:00Z,147abc6a,8bab4dff,a6177608,0.0
2025-04-13T07:30:00Z,147abc6a,8bab4dff,a6177608,0.0
2025-04-13T07:33:00Z,147abc6a,8bab4dff,a6177608,0.0
2025-04-13T07:36:00Z,147abc6a,8bab4dff,a6177608,0.0
2025-04-13T07:39:00Z,147abc6a,8bab4dff,a6177608,0.0
2025-04-13T07:42:00Z,147abc6a,8bab4dff,a6177608,0.0
2025-04-13T07:45:00Z,147abc6a,8bab4dff,a6177608,0.0
2025-04-13T07:48:00Z,147abc6a,8bab4dff,a6177608,0.0
2025-04-13T07:51:00Z,147abc6a,8bab4dff,a6177608,0.0
2025-04-13T07:54:00Z,147abc6a,8bab4dff,a6177608,0.0
2025-04-13T07:57:00Z,147abc6a,8bab4dff,a6177608,0.0
2025-04-13T08:00:00Z,147abc6a,8bab4dff,a6177608,0.0
2025-04-13T08:03:00Z,147abc6a,8bab4dff,a6177608,0.0
2025-04-13T08:06:00Z,147abc6a,8bab4dff,a6177608,0.0
2025-04-13T08:09:00Z,147abc6a,8bab4dff,a6177608,0.0
2025-04-13T08:12:00Z,147abc6a,8bab4dff,a6177608,0.0
2025-04-13T08:15:00Z,147abc6a,8bab4dff,a6177608,0.0
2025-04-13T08:18:00Z,147abc6a,8bab4dff,a6177608,0.0
2025-04-13T08:21:00Z,147abc6a,8bab4dff,a6177608,0.0
2025-04-13T08:24:00Z,147abc6a,8bab4dff,a6177608,0.0
2025-04-13T08:27:00Z,147abc6a,8bab4dff,a6177608,0.0
2025-04-13T08:30:00Z,147abc6a,8bab4dff,a6177608,0.0
2025-04-13T08:33:00Z,147abc6a,8bab4dff,a6177608,0.0
2025-04-13T08:36:00Z,147abc6a,8bab4dff,a6177608,0.0
2025-04-13T08:39:00Z,147abc6a,8bab4dff,a6177608,0.0
2025-04-13T08:42:00Z,147abc6a,8bab4dff,a6177608,0.0
2025-04-13T08:45:00Z,147abc6a,8bab4dff,a6177608,0.0
2025-04-13T08:48:00Z,147abc6a,8bab4dff,a6177608,0.0
2025-04-13T08:51:00Z,147abc6a,8bab4dff,a6177608,0.0
2025-04-13T08:54:00Z,147abc6a,8bab4dff,a6177608,0.0
2025-04-13T08:57:00Z,147abc6a,8bab4dff,a6177608,0.0
2025-04-13T09:00:00Z,147abc6a,8bab4dff,a6177608,0.0
2025-04-13T09:03:00Z,147abc6a,8bab4dff,a6177608,0.0
2025-04-13T09:06:00Z,147abc6a,8bab4dff,a6177608,0.0
2025-04-13T09:09:00Z,147abc6a,8bab4dff,a6177608,0.0
2025-04-13T09:12:00Z,147abc6a,8bab4dff,a6177608,0.0
2025-04-13T09:15:00Z,147abc6a,8bab4dff,a6177608,0.0
2025-04-13T09:18:00Z,147abc6a,8bab4dff,a6177608,0.0
2025-04-13T09:21:00Z,147abc6a,8bab4dff,a6177608,0.0
2025-04-13T09:24:00Z,147abc6a,8bab4dff,a6177608,0.0
2025-04-13T09:27:00Z,147abc6a,8bab4dff,a6177608,0.0
2025-04-13T09:30:00Z,147abc6a,8bab4dff,a6177608,0.0
2025-04-13T09:33:00Z,147abc6a,8bab4dff,a6177608,0.0
2025-04-13T09:36:00Z,147abc6a,8bab4dff,a6177608,0.0
2025-04-13T09:39:00Z,147abc6a,8bab4dff,a6177608,0.0
2025-04-13T09:42:00Z,147abc6a,8bab4dff,a6177608,0.0
2025-04-13T09:45:00Z,147abc6a,8bab4dff,a6177608,0.0
2025-04-13T09:48:00Z,147abc6a,8bab4dff,a6177608,0.0
2025-04-13T09:51:00Z,147abc6a,8bab4dff,a6177608,0.0
2025-04-13T09:54:00Z,147abc6a,8bab4dff,a6177608,0.0
2025-04-13T09:57:00Z,147abc6a,8bab4dff,a6177608,0.0
2025-04-13T10:00:00Z,147abc6a,8bab4dff,a6177608,0.0
2025-04-13T10:03:00Z,147abc6a,8bab4dff,a6177608,0.0
2025-04-13T10:06:00Z,147abc6a,8bab4dff,a6177608,0.0
2025-04-13T10:09:00Z,147abc6a,8bab4dff,a6177608,0.0
2025-04-13T10:12:00Z,147abc6a,8bab4dff,a6177608,0.0
2025-04-13T10:15:00Z,147abc6a,8bab4dff,a6177608,0.0
2025-04-13T10:18:00Z,147abc6a,8bab4dff,a6177608,0.0
2025-04-13T10:21:00Z,147abc6a,8bab4dff,a6177608,0.0
2025-04-13T10:24:00Z,147abc6a,8bab4dff,a6177608,0.0
2025-04-13T10:27:00Z,147abc6a,8bab4dff,a6177608,0.0
2025-04-13T10:30:00Z,147abc6a,8bab4dff,a6177608,0.0
2025-04-13T10:33:00Z,147abc6a,8bab4dff,a6177608,0.0
2025-04-13T10:36:00Z,147abc6a,8bab4dff,a6177608,0.0
2025-04-13T10:39:00Z,147abc6a,8bab4dff,a6177608,0.0
2025-04-13T10:42:00Z,147abc6a,8bab4dff,a6177608,0.0
2025-04-13T10:45:00Z,147abc6a,8bab4dff,a6177608,0.0
2025-04-13T10:48:00Z,147abc6a,8bab4dff,a6177608,0.0
2025-04-13T10:51:00Z,147abc6a,8bab4dff,a6177608,0.0
2025-04-13T10:54:00Z,147abc6a,8bab4dff,a6177608,0.0
2025-04-13T10:57:00Z,147abc6a,8bab4dff,a6177608,0.0
2025-04-13T11:00:00Z,147abc6a,8bab4dff,a6177608,0.0
2025-04-13T11:03:00Z,147abc6a,8bab4dff,a6177608,0.0
2025-04-13T11:06:00Z,147abc6a,8bab4dff,a6177608,0.0
2025-04-13T11:09:00Z,147abc6a,8bab4dff,a6177608,0.0
2025-04-13T11:12:00Z,147abc6a,8bab4dff,a6177608,0.0
2025-04-13T11:15:00Z,147abc6a,8bab4dff,a6177608,0.0
2025-04-13T11:18:00Z,147abc6a,8bab4dff,a6177608,0.0
2025-04-13T11:21:00Z,147abc6a,8bab4dff,a6177608,0.0
2025-04-13T11:24:00Z,147abc6a,8bab4dff,a6177608,0.0
2025-04-13T11:27:00Z,147abc6a,8bab4dff,a6177608,0.0
2025-04-13T11:30:00Z,147abc6a,8bab4dff,a6177608,0.0
2025-04-13T11:33:00Z,147abc6a,8bab4dff,a6177608,0.0
2025-04-13T11:36:00Z,147abc6a,8bab4dff,a6177608,0.0
2025-04-13T11:39:00Z,147abc6a,8bab4dff,a6177608,0.0
2025-04-13T11:42:00Z,147abc6a,8bab4dff,a6177608,0.0
2025-04-13T11:45:00Z,147abc6a,8bab4dff,a6177608,0.0
2025-04-13T11:48:00Z,147abc6a,8bab4dff,a6177608,0.0
2025-04-13T11:51:00Z,147abc6a,8bab4dff,a6177608,0.0
2025-04-13T11:54:00Z,147abc6a,8bab4dff,a6177608,0.0
2025-04-13T11:57:00Z,147abc6a,8bab4dff,a6177608,0.0
2025-04-13T12:00:00Z,147abc6a,8bab4dff,a6177608,0.0
2025-04-13T12:03:00Z,147abc6a,8bab4dff,a6177608,0.0
2025-04-13T12:06:00Z,147abc6a,8bab4dff,a6177608,0.0
2025-04-13T12:09:00Z,147abc6a,8bab4dff,a6177608,0.0
2025-04-13T12:12:00Z,147abc6a,8bab4dff,a6177608,0.0
2025-04-13T12:15:00Z,147abc6a,8bab4dff,a6177608,0.0
2025-04-13T12:18:00Z,147abc6a,8bab4dff,a6177608,0.0
2025-04-13T12:21:00Z,147abc6a,8bab4dff,a6177608,0.0
2025-04-13T12:24:00Z,147abc6a,8bab4dff,a6177608,0.0
2025-04-13T12:27:00Z,147abc6a,8bab4dff,a6177608,0.0
2025-04-13T12:30:00Z,147abc6a,8bab4dff,a6177608,0.0
2025-04-13T12:33:00Z,147abc6a,8bab4dff,a6177608,0.0
2025-04-13T12:36:00Z,147abc6a,8bab4dff,a6177608,0.0
2025-04-13T12:39:00Z,147abc6a,8bab4dff,a6177608,0.0
2025-04-13T12:42:00Z,147abc6a,8bab4dff,a6177608,0.0
2025-04-13T12:45:00Z,147abc6a,8bab4dff,a6177608,0.0
2025-04-13T12:48:00Z,147abc6a,8bab4dff,a6177608,0.0
2025-04-13T12:51:00Z,147abc6a,8bab4dff,a6177608,0.0
2025-04-13T12:54:00Z,147abc6a,8bab4dff,a6177608,0.0
2025-04-13T12:57:00Z,147abc6a,8bab4dff,a6177608,0.0
2025-04-13T13:00:00Z,147abc6a,8bab4dff,a6177608,0.0
2025-04-13T13:03:00Z,147abc6a,8bab4dff,a6177608,0.01
2025-04-13T13:06:00Z,147abc6a,8bab4dff,a6177608,0.0
2025-04-13T13:09:00Z,147abc6a,8bab4dff,a6177608,0.0
2025-04-13T13:12:00Z,147abc6a,8bab4dff,a6177608,0.0
2025-04-13T13:15:00Z,147abc6a,8bab4dff,a6177608,0.0
2025-04-13T13:18:00Z,147abc6a,8bab4dff,a6177608,0.0
2025-04-13T13:21:00Z,147abc6a,8bab4dff,a6177608,0.0
2025-04-13T13:24:00Z,147abc6a,8bab4dff,a6177608,0.0
2025-04-13T13:27:00Z,147abc6a,8bab4dff,a6177608,0.0
2025-04-13T13:30:00Z,147abc6a,8bab4dff,a6177608,0.0
2025-04-13T13:33:00Z,147abc6a,8bab4dff,a6177608,0.0
2025-04-13T13:36:00Z,147abc6a,8bab4dff,a6177608,0.0
2025-04-13T13:39:00Z,147abc6a,8bab4dff,a6177608,0.0
2025-04-13T13:42:00Z,147abc6a,8bab4dff,a6177608,0.0
2025-04-13T13:45:00Z,147abc6a,8bab4dff,a6177608,0.0
2025-04-13T13:48:00Z,147abc6a,8bab4dff,a6177608,0.0
2025-04-13T13:51:00Z,147abc6a,8bab4dff,a6177608,0.0
2025-04-13T13:54:00Z,147abc6a,8bab4dff,a6177608,0.0
2025-04-13T13:57:00Z,147abc6a,8bab4dff,a6177608,0.0
2025-04-13T14:00:00Z,147abc6a,8bab4dff,a6177608,0.0
2025-04-13T14:03:00Z,147abc6a,8bab4dff,a6177608,0.0
2025-04-13T14:06:00Z,147abc6a,8bab4dff,a6177608,0.0
2025-04-13T14:09:00Z,147abc6a,8bab4dff,a6177608,0.0
2025-04-13T14:12:00Z,147abc6a,8bab4dff,a6177608,0.0
2025-04-13T14:15:00Z,147abc6a,8bab4dff,a6177608,0.0
2025-04-13T14:18:00Z,147abc6a,8bab4dff,a6177608,0.0
2025-04-13T14:21:00Z,147abc6a,8bab4dff,a6177608,0.0
2025-04-13T14:24:00Z,147abc6a,8bab4dff,a6177608,0.0
2025-04-13T14:27:00Z,147abc6a,8bab4dff,a6177608,0.0
2025-04-13T14:30:00Z,147abc6a,8bab4dff,a6177608,0.0
2025-04-13T14:33:00Z,147abc6a,8bab4dff,a6177608,0.0
2025-04-13T14:36:00Z,147abc6a,8bab4dff,a6177608,0.0
2025-04-13T14:39:00Z,147abc6a,8bab4dff,a6177608,0.0
2025-04-13T14:42:00Z,147abc6a,8bab4dff,a6177608,0.0
2025-04-13T14:45:00Z,147abc6a,8bab4dff,a6177608,0.0
2025-04-13T14:48:00Z,147abc6a,8bab4dff,a6177608,0.0
2025-04-13T14:51:00Z,147abc6a,8bab4dff,a6177608,0.0
2025-04-13T14:54:00Z,147abc6a,8bab4dff,a6177608,0.0
2025-04-13T14:57:00Z,147abc6a,8bab4dff,a6177608,0.0
2025-04-13T15:00:00Z,147abc6a,8bab4dff,a6177608,0.0
2025-04-13T15:03:00Z,147abc6a,8bab4dff,a6177608,0.0
2025-04-13T15:06:00Z,147abc6a,8bab4dff,a6177608,0.0
2025-04-13T15:09:00Z,147abc6a,8bab4dff,a6177608,0.0
2025-04-13T15:12:00Z,147abc6a,8bab4dff,a6177608,0.0
2025-04-13T15:15:00Z,147abc6a,8bab4dff,a6177608,0.0
2025-04-13T15:18:00Z,147abc6a,8bab4dff,a6177608,0.0
2025-04-13T15:21:00Z,147abc6a,8bab4dff,a6177608,0.0
2025-04-13T15:24:00Z,147abc6a,8bab4dff,a6177608,0.0
2025-04-13T15:27:00Z,147abc6a,8bab4dff,a6177608,0.0
2025-04-13T15:30:00Z,147abc6a,8bab4dff,a6177608,0.0
2025-04-13T15:33:00Z,147abc6a,8bab4dff,a6177608,0.0
2025-04-13T15:36:00Z,147abc6a,8bab4dff,a6177608,0.0
2025-04-13T15:39:00Z,147abc6a,8bab4dff,a6177608,0.0
2025-04-13T15:42:00Z,147abc6a,8bab4dff,a6177608,0.0
2025-04-13T15:45:00Z,147abc6a,8bab4dff,a6177608,0.0
2025-04-13T15:48:00Z,147abc6a,8bab4dff,a6177608,0.0
2025-04-13T15:51:00Z,147abc6a,8bab4dff,a6177608,0.0
2025-04-13T15:54:00Z,147abc6a,8bab4dff,a6177608,0.0
2025-04-13T15:57:00Z,147abc6a,8bab4dff,a6177608,0.0
2025-04-13T16:00:00Z,147abc6a,8bab4dff,a6177608,0.0
2025-04-13T16:03:00Z,147abc6a,8bab4dff,a6177608,0.0
2025-04-13T16:06:00Z,147abc6a,8bab4dff,a6177608,0.0
2025-04-13T16:09:00Z,147abc6a,8bab4dff,a6177608,0.0
2025-04-13T16:12:00Z,147abc6a,8bab4dff,a6177608,0.0
2025-04-13T16:15:00Z,147abc6a,8bab4dff,a6177608,0.0
2025-04-13T16:18:00Z,147abc6a,8bab4dff,a6177608,0.0
2025-04-13T16:21:00Z,147abc6a,8bab4dff,a6177608,0.0
2025-04-13T16:24:00Z,147abc6a,8bab4dff,a6177608,0.0
2025-04-13T16:27:00Z,147abc6a,8bab4dff,a6177608,0.0
2025-04-13T16:30:00Z,147abc6a,8bab4dff,a6177608,0.0
2025-04-13T16:33:00Z,147abc6a,8bab4dff,a6177608,0.0
2025-04-13T16:36:00Z,147abc6a,8bab4dff,a6177608,0.0
2025-04-13T16:39:00Z,147abc6a,8bab4dff,a6177608,0.0
2025-04-13T16:42:00Z,147abc6a,8bab4dff,a6177608,0.0
2025-04-13T16:45:00Z,147abc6a,8bab4dff,a6177608,0.0
2025-04-13T16:48:00Z,147abc6a,8bab4dff,a6177608,0.0
2025-04-13T16:51:00Z,147abc6a,8bab4dff,a6177608,0.0
2025-04-13T16:54:00Z,147abc6a,8bab4dff,a6177608,0.0
2025-04-13T16:57:00Z,147abc6a,8bab4dff,a6177608,0.0
2025-04-13T17:00:00Z,147abc6a,8bab4dff,a6177608,0.0
2025-04-13T17:03:00Z,147abc6a,8bab4dff,a6177608,0.0
2025-04-13T17:06:00Z,147abc6a,8bab4dff,a6177608,0.0
2025-04-13T17:09:00Z,147abc6a,8bab4dff,a6177608,0.0
2025-04-13T17:12:00Z,147abc6a,8bab4dff,a6177608,0.0
2025-04-13T17:15:00Z,147abc6a,8bab4dff,a6177608,0.0
2025-04-13T17:18:00Z,147abc6a,8bab4dff,a6177608,0.0
2025-04-13T17:21:00Z,147abc6a,8bab4dff,a6177608,0.0
2025-04-13T17:24:00Z,147abc6a,8bab4dff,a6177608,0.0
2025-04-13T17:27:00Z,147abc6a,8bab4dff,a6177608,0.0
2025-04-13T17:30:00Z,147abc6a,8bab4dff,a6177608,0.0
2025-04-13T17:33:00Z,147abc6a,8bab4dff,a6177608,0.0
2025-04-13T17:36:00Z,147abc6a,8bab4dff,a6177608,0.0
2025-04-13T17:39:00Z,147abc6a,8bab4dff,a6177608,0.0
2025-04-13T17:42:00Z,147abc6a,8bab4dff,a6177608,0.0
2025-04-13T17:45:00Z,147abc6a,8bab4dff,a6177608,0.0
2025-04-13T17:48:00Z,147abc6a,8bab4dff,a6177608,0.0
2025-04-13T17:51:00Z,147abc6a,8bab4dff,a6177608,0.0
2025-04-13T17:54:00Z,147abc6a,8bab4dff,a6177608,0.0
2025-04-13T17:57:00Z,147abc6a,8bab4dff,a6177608,0.0
2025-04-13T18:00:00Z,147abc6a,8bab4dff,a6177608,0.0
2025-04-13T18:03:00Z,147abc6a,8bab4dff,a6177608,0.0
2025-04-13T18:06:00Z,147abc6a,8bab4dff,a6177608,0.0
2025-04-13T18:09:00Z,147abc6a,8bab4dff,a6177608,0.0
2025-04-13T18:12:00Z,147abc6a,8bab4dff,a6177608,0.0
2025-04-13T18:15:00Z,147abc6a,8bab4dff,a6177608,0.0
2025-04-13T18:18:00Z,147abc6a,8bab4dff,a6177608,0.0
2025-04-13T18:21:00Z,147abc6a,8bab4dff,a6177608,0.0
2025-04-13T18:24:00Z,147abc6a,8bab4dff,a6177608,0.0
2025-04-13T18:27:00Z,147abc6a,8bab4dff,a6177608,0.0
2025-04-13T18:30:00Z,147abc6a,8bab4dff,a6177608,0.0
2025-04-13T18:33:00Z,147abc6a,8bab4dff,a6177608,0.0
2025-04-13T18:36:00Z,147abc6a,8bab4dff,a6177608,0.0
2025-04-13T18:39:00Z,147abc6a,8bab4dff,a6177608,0.0
2025-04-13T18:42:00Z,147abc6a,8bab4dff,a6177608,0.0
2025-04-13T18:45:00Z,147abc6a,8bab4dff,a6177608,0.0
2025-04-13T18:48:00Z,147abc6a,8bab4dff,a6177608,0.0
2025-04-13T18:51:00Z,147abc6a,8bab4dff,a6177608,0.0
2025-04-13T18:54:00Z,147abc6a,8bab4dff,a6177608,0.0
2025-04-13T18:57:00Z,147abc6a,8bab4dff,a6177608,0.0
2025-04-13T19:00:00Z,147abc6a,8bab4dff,a6177608,0.0
2025-04-13T19:03:00Z,147abc6a,8bab4dff,a6177608,0.0
2025-04-13T19:06:00Z,147abc6a,8bab4dff,a6177608,0.0
2025-04-13T19:09:00Z,147abc6a,8bab4dff,a6177608,0.0
2025-04-13T19:12:00Z,147abc6a,8bab4dff,a6177608,0.0
2025-04-13T19:15:00Z,147abc6a,8bab4dff,a6177608,0.0
2025-04-13T19:18:00Z,147abc6a,8bab4dff,a6177608,0.0
2025-04-13T19:21:00Z,147abc6a,8bab4dff,a6177608,0.0
2025-04-13T19:24:00Z,147abc6a,8bab4dff,a6177608,0.0
2025-04-13T19:27:00Z,147abc6a,8bab4dff,a6177608,0.0
2025-04-13T19:30:00Z,147abc6a,8bab4dff,a6177608,0.0
2025-04-13T19:33:00Z,147abc6a,8bab4dff,a6177608,0.0
2025-04-13T19:36:00Z,147abc6a,8bab4dff,a6177608,0.0
2025-04-13T19:39:00Z,147abc6a,8bab4dff,a6177608,0.0
2025-04-13T19:42:00Z,147abc6a,8bab4dff,a6177608,0.0
2025-04-13T19:45:00Z,147abc6a,8bab4dff,a6177608,0.0
2025-04-13T19:48:00Z,147abc6a,8bab4dff,a6177608,0.0
2025-04-13T19:51:00Z,147abc6a,8bab4dff,a6177608,0.0
2025-04-13T19:54:00Z,147abc6a,8bab4dff,a6177608,0.0
2025-04-13T19:57:00Z,147abc6a,8bab4dff,a6177608,0.0
2025-04-13T20:00:00Z,147abc6a,8bab4dff,a6177608,0.0
2025-04-13T20:03:00Z,147abc6a,8bab4dff,a6177608,0.0
2025-04-13T20:06:00Z,147abc6a,8bab4dff,a6177608,0.0
2025-04-13T20:09:00Z,147abc6a,8bab4dff,a6177608,0.0
2025-04-13T20:12:00Z,147abc6a,8bab4dff,a6177608,0.0
2025-04-13T20:15:00Z,147abc6a,8bab4dff,a6177608,0.0
2025-04-13T20:18:00Z,147abc6a,8bab4dff,a6177608,0.0
2025-04-13T20:21:00Z,147abc6a,8bab4dff,a6177608,0.0
2025-04-13T20:24:00Z,147abc6a,8bab4dff,a6177608,0.0
2025-04-13T20:27:00Z,147abc6a,8bab4dff,a6177608,0.0
2025-04-13T20:30:00Z,147abc6a,8bab4dff,a6177608,0.0
2025-04-13T20:33:00Z,147abc6a,8bab4dff,a6177608,0.0
2025-04-13T20:36:00Z,147abc6a,8bab4dff,a6177608,0.0
2025-04-13T20:39:00Z,147abc6a,8bab4dff,a6177608,0.0
2025-04-13T20:42:00Z,147abc6a,8bab4dff,a6177608,0.0
2025-04-13T20:45:00Z,147abc6a,8bab4dff,a6177608,0.0
2025-04-13T20:48:00Z,147abc6a,8bab4dff,a6177608,0.0
2025-04-13T20:51:00Z,147abc6a,8bab4dff,a6177608,0.0
2025-04-13T20:54:00Z,147abc6a,8bab4dff,a6177608,0.0
2025-04-13T20:57:00Z,147abc6a,8bab4dff,a6177608,0.0
2025-04-13T21:00:00Z,147abc6a,8bab4dff,a6177608,0.0
2025-04-13T21:03:00Z,147abc6a,8bab4dff,a6177608,0.0
2025-04-13T21:06:00Z,147abc6a,8bab4dff,a6177608,0.0
2025-04-13T21:09:00Z,147abc6a,8bab4dff,a6177608,0.0
2025-04-13T21:12:00Z,147abc6a,8bab4dff,a6177608,0.0
2025-04-13T21:15:00Z,147abc6a,8bab4dff,a6177608,0.0
2025-04-13T21:18:00Z,147abc6a,8bab4dff,a6177608,0.0
2025-04-13T21:21:00Z,147abc6a,8bab4dff,a6177608,0.0
2025-04-13T21:24:00Z,147abc6a,8bab4dff,a6177608,0.0
2025-04-13T21:27:00Z,147abc6a,8bab4dff,a6177608,0.0
2025-04-13T21:30:00Z,147abc6a,8bab4dff,a6177608,0.0
2025-04-13T21:33:00Z,147abc6a,8bab4dff,a6177608,0.0
2025-04-13T21:36:00Z,147abc6a,8bab4dff,a6177608,0.0
2025-04-13T21:39:00Z,147abc6a,8bab4dff,a6177608,0.0
2025-04-13T21:42:00Z,147abc6a,8bab4dff,a6177608,0.0
2025-04-13T21:45:00Z,147abc6a,8bab4dff,a6177608,0.0
2025-04-13T21:48:00Z,147abc6a,8bab4dff,a6177608,0.0
2025-04-13T21:51:00Z,147abc6a,8bab4dff,a6177608,0.01
2025-04-13T21:54:00Z,147abc6a,8bab4dff,a6177608,0.0
2025-04-13T21:57:00Z,147abc6a,8bab4dff,a6177608,0.0
2025-04-13T22:00:00Z,147abc6a,8bab4dff,a6177608,0.0
2025-04-13T22:03:00Z,147abc6a,8bab4dff,a6177608,0.0
2025-04-13T22:06:00Z,147abc6a,8bab4dff,a6177608,0.0
2025-04-13T22:09:00Z,147abc6a,8bab4dff,a6177608,0.0
2025-04-13T22:12:00Z,147abc6a,8bab4dff,a6177608,0.0
2025-04-13T22:15:00Z,147abc6a,8bab4dff,a6177608,0.0
2025-04-13T22:18:00Z,147abc6a,8bab4dff,a6177608,0.0
2025-04-13T22:21:00Z,147abc6a,8bab4dff,a6177608,0.0
2025-04-13T22:24:00Z,147abc6a,8bab4dff,a6177608,0.0
2025-04-13T22:27:00Z,147abc6a,8bab4dff,a6177608,0.0
2025-04-13T22:30:00Z,147abc6a,8bab4dff,a6177608,0.0
2025-04-13T22:33:00Z,147abc6a,8bab4dff,a6177608,0.0
2025-04-13T22:36:00Z,147abc6a,8bab4dff,a6177608,0.0
2025-04-13T22:39:00Z,147abc6a,8bab4dff,a6177608,0.0
2025-04-13T22:42:00Z,147abc6a,8bab4dff,a6177608,0.0
2025-04-13T22:45:00Z,147abc6a,8bab4dff,a6177608,0.0
2025-04-13T22:48:00Z,147abc6a,8bab4dff,a6177608,0.0
2025-04-13T22:51:00Z,147abc6a,8bab4dff,a6177608,0.0
2025-04-13T22:54:00Z,147abc6a,8bab4dff,a6177608,0.0
2025-04-13T22:57:00Z,147abc6a,8bab4dff,a6177608,0.0
2025-04-13T23:00:00Z,147abc6a,8bab4dff,a6177608,0.0
2025-04-13T23:03:00Z,147abc6a,8bab4dff,a6177608,0.0
2025-04-13T23:06:00Z,147abc6a,8bab4dff,a6177608,0.0
2025-04-13T23:09:00Z,147abc6a,8bab4dff,a6177608,0.0
2025-04-13T23:12:00Z,147abc6a,8bab4dff,a6177608,0.0
2025-04-13T23:15:00Z,147abc6a,8bab4dff,a6177608,0.0
2025-04-13T23:18:00Z,147abc6a,8bab4dff,a6177608,0.0
2025-04-13T23:21:00Z,147abc6a,8bab4dff,a6177608,0.0
2025-04-13T23:24:00Z,147abc6a,8bab4dff,a6177608,0.0
2025-04-13T23:27:00Z,147abc6a,8bab4dff,a6177608,0.0
2025-04-13T23:30:00Z,147abc6a,8bab4dff,a6177608,0.0
2025-04-13T23:33:00Z,147abc6a,8bab4dff,a6177608,0.0
2025-04-13T23:36:00Z,147abc6a,8bab4dff,a6177608,0.0
2025-04-13T23:39:00Z,147abc6a,8bab4dff,a6177608,0.0
2025-04-13T23:42:00Z,147abc6a,8bab4dff,a6177608,0.0
2025-04-13T23:45:00Z,147abc6a,8bab4dff,a6177608,0.0
2025-04-13T23:48:00Z,147abc6a,8bab4dff,a6177608,0.0
2025-04-13T23:51:00Z,147abc6a,8bab4dff,a6177608,0.0
2025-04-13T23:54:00Z,147abc6a,8bab4dff,a6177608,0.0
2025-04-13T23:57:00Z,147abc6a,8bab4dff,a6177608,0.0
